2.220432678028311513e-01
-1.245919547024002655e-04
2.885653287510089733e-08
-6.636514873634830032e-12
1.556969785147654028e-15
-3.716845067740980184e-19
-2.008931951476178038e-22
-5.225179694578516245e-22
6.220288618435001235e-22
-7.390115560376067007e-23
1.793530040145344118e-01
-5.124029092030882304e-02
-6.456340734236133347e-03
2.208393718062956652e-03
-6.865256236131947790e-05
-5.168514878231540390e-05
7.868570009185036341e-06
4.713013036098018424e-07
-2.720066465462006410e-07
1.992127030219091555e-08
5.133873811650693496e-09
-1.188509400717525703e-09
2.776010663246862487e-12
3.321549658148008609e-11
-4.255248606647045352e-12
-4.046996442535667750e-13
1.733562758757996130e-13
-9.917491805886980830e-15
-3.678419555665929166e-15
7.674676498749445630e-02
-4.201050380119818878e-02
4.924782846770879921e-03
-1.359712792865447946e-04
-5.312385075724443731e-05
1.115322772329888837e-05
-1.186491732485166140e-06
5.013990279585409775e-08
8.324736224423507200e-09
-2.281928531666575027e-09
2.986055015630996065e-10
-2.099463785387938687e-11
-6.642178473883570932e-13
4.518100282038495242e-13
-7.491812837031980295e-14
7.064998224978336841e-15
-1.571336775231519630e-16
-8.365345213784999012e-17
1.784686017901151023e-17
7.257237386832523195e-03
-1.297623855924640544e-02
9.347664830513403161e-03
-5.517662362449265480e-03
2.715466042449670662e-03
-1.128486010007553105e-03
3.972236702370645126e-04
-1.163578961630993332e-04
2.619890506056535398e-05
-2.844738670745401634e-06
-1.264332029280931336e-06
1.145932016248621110e-06
-5.951253497949403936e-07
2.546911475291864721e-07
-9.762860868224440893e-08
3.451954452968078502e-08
-1.139175392754135371e-08
3.715363793257965002e-09
-9.667614783257283882e-10
2.569118066478271851e-07
-4.791560116609894589e-07
3.876971495524248216e-07
-2.702173000816587869e-07
1.599478813255515703e-07
-7.834412101901784063e-08
3.017014808427720310e-08
-8.050345649239090904e-09
7.927740226615549119e-10
4.255002919529484850e-10
-1.978826430834430075e-10
4.681975574317335352e-12
2.108482520364611843e-11
-4.125585677469571873e-12
-2.111698326226724824e-12
7.614775060174712468e-13
2.485270833929515124e-13
-1.022968585506558741e-13
-3.609521174220808433e-14
7.316192909496262997e-01
9.384616735359874802e-05
-2.104848872289813239e-08
4.969161681662272556e-12
-1.208978078566688176e-15
3.014078134195515548e-19
-5.837786794495964917e-22
8.410708681687960727e-22
-2.032065284130793306e-22
-2.129396976736020756e-22
7.642689964146723858e-01
3.936323495694352137e-02
5.208322491446911416e-03
-1.589534139595783803e-03
5.163586218284305356e-05
3.675556664223616717e-05
-5.897245509697422223e-06
-2.988058508600859839e-07
2.037322243127688276e-07
-1.705691448936216551e-08
-3.707861563267724045e-09
9.668428638547684277e-10
-1.547192706265416883e-11
-2.641095472430589870e-11
3.872125250063765675e-12
2.802765446240939987e-13
-1.519881271855352955e-13
1.063566409221526874e-14
3.151950591705683098e-15
8.476656070728326720e-01
3.719267817424356387e-02
-3.130699404340889572e-03
5.364544452651841771e-05
3.644784750493717905e-05
-7.499277609521698515e-06
8.331182138841793797e-07
-4.134577165170413363e-08
-4.869916824286370909e-09
1.539089496302784268e-09
-2.156947588479494381e-10
1.718471236234032015e-11
7.541212703407859499e-14
-2.834674807512465048e-13
5.329148202771354579e-14
-5.781345480401781044e-15
2.689563276319768305e-16
4.207655861870054386e-17
-1.211732925417413211e-17
9.451902024309770667e-01
4.044614658409177027e-02
-1.480519129663473293e-02
5.340214594024010782e-03
-1.878633318434797840e-03
6.350189034644247981e-04
-2.017313262183262747e-04
5.801384262608595303e-05
-1.389574986190490830e-05
1.999480204922881208e-06
4.479722549592687611e-07
-5.720985478319342849e-07
3.353478433944264563e-07
-1.560953667736423864e-07
6.381953339780474724e-08
-2.373657644913343323e-08
8.168832543640439195e-09
-2.779008739583450531e-09
7.467217018781753156e-10
9.873460924051770116e-01
1.261375021864663028e-02
4.002993626834889379e-05
1.270353475889098611e-07
4.033704709923917406e-10
1.122767810339494532e-12
1.061777975418668210e-13
-6.084450072532895738e-14
3.288730478298479890e-14
-1.592778846512518700e-14
6.790049903969504668e-15
-2.471678693524485573e-15
7.234899151164795171e-16
-1.446034689136721600e-16
4.532228548759412044e-18
1.009967037163274328e-17
-4.036029137562891653e-18
3.051334434784709788e-19
2.513803332741027579e-19
1.142701605187739000e+00
-4.860260213716683492e-05
1.043626430982082903e-08
-2.401603934577655751e-12
5.840281324667795754e-16
-1.490502801407056592e-19
4.206065270944968780e-22
-4.761574869636118599e-22
-5.931730943464586170e-23
2.235560007334688633e-22
1.125581449056223926e+00
-2.070220375906631563e-02
-2.819936400213734866e-03
8.098589969369899893e-04
-2.170879462533645068e-05
-1.833920159659636876e-05
2.777391610885948322e-06
1.508469196558502505e-07
-9.536175006012494987e-08
8.099044915781558560e-09
1.653735415992033847e-09
-4.570524881045017878e-10
1.343586925202784877e-11
1.185514434203951751e-11
-2.066479191566797364e-12
-7.412147535119394259e-14
7.518678205119791032e-14
-7.889640455485590494e-15
-1.257486879766811353e-15
1.081002168007457076e+00
-2.019388217210606531e-02
1.647924069210868854e-03
-1.353215658807446042e-05
-2.121289332306049619e-05
3.929782754615921661e-06
-3.916450739127788083e-07
1.389391948475868041e-08
3.054355732672264035e-09
-7.495242416148398589e-10
9.316433672015836946e-11
-6.366608082152017409e-12
-1.698278978120580233e-13
1.249044864496316223e-13
-2.104792322452134451e-14
2.146101860136653946e-15
-9.706099329563832945e-17
-1.396825631361670011e-17
4.032638621852931324e-18
1.028388137206687869e+00
-2.148392978229080735e-02
8.042888699676153594e-03
-2.953887554605766786e-03
1.051168194161725871e-03
-3.561030876960736852e-04
1.118322825076306475e-04
-3.104300448774282651e-05
6.752094254292111831e-06
-5.605998963748744656e-07
-5.019394290861868729e-07
4.155284380004786936e-07
-2.175215283689294244e-07
9.418082196490374992e-08
-3.609105895979094001e-08
1.253289189033246795e-08
-3.966082050503275969e-09
1.187531656119094681e-09
-2.806662693157250784e-10
1.006387509040247430e+00
-6.387509040081149753e-03
-3.091476256348119888e-13
2.564549185494518627e-13
-1.969010082217176947e-13
1.395163218454549932e-13
-9.085685698344387476e-14
5.406823336408484756e-14
-2.916317577818996011e-14
1.408853426283873195e-14
-5.984930551344126593e-15
2.167184728249055163e-15
-6.286133683065899209e-16
1.228646855438783596e-16
-2.367151932077065719e-18
-9.249857041654326940e-18
3.551198575845163452e-18
-2.295234198881753409e-19
-2.354448494784485971e-19
8.715147093277736401e-01
