6.972329945501221093e-02
-6.963505167163431739e-06
2.481075153872077200e-10
-8.061835655709480257e-15
2.825315585472663891e-19
1.306708216156021706e-19
-7.631200808788930567e-20
-1.624223757480416436e-20
4.766067397152463712e-20
-2.521537610730848552e-20
6.657685689362775883e-02
-4.025769521146519390e-03
-8.513358474261270396e-04
3.872817397174246776e-05
3.540013553177096719e-06
-2.465952409108451166e-07
-1.152039570162811842e-08
1.316316095041997341e-09
2.619344526603049099e-11
-6.315105562703700901e-12
5.525963649015396375e-15
2.782832032429568456e-14
-5.676088694887904975e-16
-1.093531165695929175e-16
3.258980847504592158e-18
-3.204850963276914619e-19
2.816721795785558947e-18
-1.883260860145677761e-19
-1.016304330617713762e-18
5.323099662138255223e-02
-8.801850275737549065e-03
-2.304528656274798201e-04
5.908347880129706872e-05
-1.742268825819278135e-06
-1.787117816264234201e-07
1.598023131863383887e-08
-2.539320220056356783e-11
-6.491847797364832055e-11
3.304856566787234050e-12
1.035535245238168759e-13
-1.884505311468964146e-14
5.264393202106343964e-16
5.433690894659436898e-17
-5.024236398120820149e-18
-3.362084168490649981e-19
-2.764842856900775000e-18
9.190092897642734203e-20
1.404455205633919969e-18
1.308109062848492217e-02
-1.964241132199122733e-02
9.035799368019591105e-03
-2.517276863164279784e-03
2.486953660597749976e-04
1.425378823584802881e-04
-9.184740851005857465e-05
2.986860807342885167e-05
-5.768765869397235056e-06
1.056651310867059178e-07
4.398431353024724379e-07
-2.136491408430677622e-07
6.290682398988837767e-08
-1.157631850961203179e-08
1.671844369183010062e-10
8.928964689057642090e-10
-4.353052721603276924e-10
1.341354895268208779e-10
-2.652234666371407785e-11
5.609448302831765638e-05
-1.001616896921050411e-04
7.061749586670998922e-05
-3.800968071629102823e-05
1.429882800809313991e-05
-2.722228541850000997e-06
-4.626464342465156102e-07
4.016263242446100225e-07
-1.774059920508440903e-08
-5.005170370592538289e-08
6.075969350756983851e-09
7.414830135138196658e-09
-8.338057342648770037e-10
-1.306781840045159550e-09
2.137449979725571456e-11
2.461060023920901208e-10
4.160334728719038492e-11
-3.756511506532287638e-11
-1.727060779490296557e-11
9.100052976300059271e-01
5.297453574087054698e-06
-1.764260517254657864e-10
5.751434254017538115e-15
-1.755405509089565355e-19
-3.904264223901177344e-21
6.140082610969257910e-22
-2.900311499192181450e-21
-6.103050346759645932e-22
1.744472162189114976e-21
9.124090419175490130e-01
3.078485897225249554e-03
6.551896323718049090e-04
-2.753131228416299734e-05
-2.515790478530255004e-06
1.753022882665555009e-07
8.110043135411856797e-09
-9.477433744039604484e-10
-1.824440513878402365e-11
4.608372806648895619e-12
-7.888437245237953336e-15
-2.055698783530515662e-14
4.399180747329554067e-16
8.597081649587923774e-17
-3.176756049310015605e-18
-1.224789350991288183e-18
-1.132529307793901185e-18
2.623787534619101305e-19
7.151707445928136736e-19
9.227590857635832311e-01
6.907014813459452958e-03
2.175312503489112536e-04
-4.218226559132092591e-05
1.203580815952332669e-06
1.239214050246496664e-07
-1.134177097859628115e-08
3.671898117367099963e-11
4.595524502443804675e-11
-2.451832073308870890e-12
-6.916033237047531767e-14
1.376840540529821157e-14
-4.095420788696493588e-16
-3.684017010631314932e-17
3.293339468590522384e-18
-1.844318146407769912e-19
6.217059188154712586e-20
1.792830078648023429e-19
1.567731647450565278e-20
9.623659563177390242e-01
2.445283589272410213e-02
-6.805270851943307116e-03
1.381075032111368306e-03
-6.753763070966135125e-05
-1.017154526924071175e-04
5.853235864792133989e-05
-1.948049384955396983e-05
4.078382675971773515e-06
-1.933488488347812221e-07
-2.715828729692951548e-07
1.458163690068939503e-07
-4.543442895737820488e-08
8.958782095570771455e-09
-3.652652282875768176e-10
-5.858873172774417036e-10
3.076701310767462700e-10
-9.910031187564815306e-11
2.051223896504646426e-11
9.906119347874368097e-01
9.365947313017729259e-03
2.209063034502396018e-05
1.054093806555148438e-08
2.631105899388684288e-08
-1.420765854202539664e-08
6.400769261339695543e-09
-2.256117911060679076e-09
5.306337239274747280e-10
-2.438942286090426372e-11
-3.980648415431039032e-11
1.497478800760412507e-11
8.918361181981867689e-14
-1.725939848389844600e-12
3.510425554337570618e-13
1.565160525422408249e-13
-7.248156957408639159e-14
-1.198257865563774690e-14
1.154937333668058488e-14
1.045913880048559896e+00
-2.662848170537049148e-06
8.604231450505197581e-11
-2.709191882597230466e-15
7.446194290341781064e-20
-6.775726889384288370e-22
2.659123167092582953e-21
6.356785749194198972e-22
-3.877227094873925606e-22
-2.281760725472690476e-22
1.044703590180537489e+00
-1.550594485190712017e-03
-3.307997820305672585e-04
1.348995572349236841e-05
1.243462586767808529e-06
-8.326228410323712264e-08
-3.941030704280736807e-09
4.364256228960780158e-10
8.987405427854527749e-12
-2.062228046798736989e-12
1.442959912491826709e-16
8.970173961208467511e-15
-1.736224385852327219e-16
-3.523302312349106250e-17
1.626417069331150175e-18
-1.349811726853742883e-19
-1.754544098448144110e-19
5.122423793561224428e-20
7.985996821148793465e-21
1.039468591653397223e+00
-3.504440005634306982e-03
-1.145305629862940070e-04
2.116889287534400843e-05
-5.578680679504914385e-07
-6.290791389766992544e-08
5.353313730376077939e-09
1.744104162452440538e-12
-2.190223023761639518e-11
1.055274828294322888e-12
3.707549164786490120e-14
-6.101310225446139196e-15
1.524422639418155767e-16
1.717957110103519792e-17
-1.422397308206466692e-18
3.880335288414414745e-20
-4.585266576682097854e-20
-2.194030062476865437e-20
6.287138727558759412e-20
1.019163152464822586e+00
-1.257182132064759393e-02
3.504796704795818188e-03
-7.013893464613144609e-04
2.680609980198034016e-05
5.555278756871204817e-05
-3.068293329851480127e-05
9.857217919309680044e-06
-1.927229986658015939e-06
2.834248862080178934e-08
1.565891729294031844e-07
-7.558885797500731731e-08
2.180791826435450891e-08
-3.756120088944465673e-09
-7.765947233209166315e-11
3.475361815778241299e-10
-1.546622679979458807e-10
4.382972299444556668e-11
-7.738477454929772392e-12
1.004727288652750072e+00
-4.727269882474631653e-03
-3.326840434966032940e-08
2.424305330660847451e-08
-1.536265242019395536e-08
8.324405917424271059e-09
-3.743081368939317018e-09
1.314927897366121148e-09
-3.067847816644827550e-10
1.266863317135121274e-11
2.365861307676557224e-11
-8.728296535129881469e-12
-1.091236663117681062e-13
1.023387918977686466e-12
-2.015229761125423833e-13
-9.430287838158358029e-14
4.239924738400165246e-14
7.357106867912134387e-15
-6.811907717394728783e-15
9.545847421268218724e-01
