1.616362623014464261e-01
-5.302842204620110942e-05
6.813054171191360036e-09
-8.461194233492075107e-13
1.057770451939332491e-16
-1.204804505224272996e-20
-7.107717066811551809e-22
-3.713899780406912895e-22
-6.625638471084587107e-23
1.193888345489336528e-22
1.408782327552252633e-01
-2.570603462177141821e-02
-4.293622573997955480e-03
7.436427542031071730e-04
2.243013284282633241e-05
-1.344565414991646284e-05
5.579353142521118132e-07
1.756355314776327118e-07
-2.121633556946291109e-08
-1.331701871553565255e-09
4.381413953488106997e-10
-9.556199925018661617e-12
-6.481040670088775464e-12
6.220912032590990995e-13
6.192670205259012054e-14
-1.474518012561052104e-14
4.451302123703542191e-17
2.379544931937419120e-16
-1.793893590753399282e-17
7.806124579770001848e-02
-3.175281866784604445e-02
2.021249772703465585e-03
1.561396818206498970e-04
-4.349455944945923927e-05
3.793097369950850212e-06
-1.708471987380209035e-08
-3.879868298738892059e-08
5.354405670660484969e-09
-2.957035731814740027e-10
-1.919306959375257797e-11
5.943478810031708962e-12
-6.014730116059442614e-13
1.550930572803315396e-14
4.722827159315652897e-15
-8.315948463769757265e-16
6.093990540033919588e-17
1.267907792653101785e-18
-8.846931408457574106e-19
1.001827070933457471e-02
-1.739903320091221173e-02
1.155898409007923705e-02
-6.009107576535906332e-03
2.478787266430711352e-03
-8.028447824776803465e-04
1.879534189247550281e-04
-1.776955546171554229e-05
-1.131411402684563923e-05
8.940397429306081155e-06
-4.186585672840330779e-06
1.571764047280565744e-06
-5.048377767706979595e-07
1.386356404288503352e-07
-3.018455800253832616e-08
3.340671093827534990e-09
1.400420934948250896e-09
-1.507204268155480626e-09
6.358067769827070592e-10
1.621520310777245946e-06
-2.995924182723015285e-06
2.354266022068504471e-06
-1.556926918477920020e-06
8.476453600946434910e-07
-3.635283149821071724e-07
1.106620407227870987e-07
-1.576375506101854562e-08
-4.305778674767986576e-09
2.739710305594465194e-09
-1.860661771809783230e-10
-2.798751089579652738e-10
6.494016147034007264e-11
2.956362029437507345e-11
-1.130692686187318650e-11
-3.812190334382945081e-12
1.817912375067747459e-12
5.051898162871674565e-13
-2.605305669848987352e-13
8.002094448380183689e-01
3.994840912233700570e-05
-4.902852912206801467e-09
6.193972426630875937e-13
-7.970546251125259150e-17
9.793665538928259230e-21
1.800014819583588289e-22
3.089407497961608172e-22
-7.153309152374009473e-25
-1.219052020680520439e-22
8.160170417377770047e-01
1.963027992960286044e-02
3.356094628303563261e-03
-5.321272038816933980e-04
-1.568884057106129589e-05
9.618325010157167571e-06
-4.289304453509972611e-07
-1.259049579857126664e-07
1.614085107760874617e-08
9.059231923240622144e-10
-3.351856527788452493e-10
9.538734759046095650e-12
4.940779118455713102e-12
-5.289298679027346848e-13
-4.455983417217426294e-14
1.236501887415495496e-14
-1.651004955134142150e-16
-1.973883243175216910e-16
1.759018985694638503e-17
8.658506747134975257e-01
2.636873037464645964e-02
-1.172594958484320018e-03
-1.229009175759793421e-04
2.978809609276968708e-05
-2.646885818047793440e-06
2.522972521522961271e-08
2.600381148544628015e-08
-3.821524029360528398e-09
2.332849115314518006e-10
1.077682331923696605e-11
-4.140281757504852991e-12
4.557565949060866087e-13
-1.648811880129715752e-14
-2.932823018538859255e-15
6.052922187418523639e-16
-5.157374627280149697e-17
1.558023832351598917e-19
5.746101772673172920e-19
9.484120489872766013e-01
3.758920772418560680e-02
-1.337295681709040063e-02
4.560288388148650389e-03
-1.448098233748256521e-03
4.072507795813290758e-04
-9.002783598167517134e-05
8.175018921509924846e-06
6.041714701182449170e-06
-5.006134247028634427e-06
2.514010043482442115e-06
-1.014105503672392871e-06
3.489843327021228518e-07
-1.027430348799974312e-07
2.452199150968195229e-08
-3.632472537575829044e-09
-5.859198772428687367e-10
9.513812614184246076e-10
-4.239155090209366978e-10
9.879983352575752997e-01
1.196554637328852214e-02
3.600968213297183238e-05
1.083527912739432140e-07
3.381937671662551935e-10
-7.131404265118035245e-12
4.938611308138170452e-12
-2.690246536736140097e-12
1.294800663666695920e-12
-5.374597282740703849e-13
1.843354444345492803e-13
-4.739583897573147998e-14
6.264250494953763962e-15
1.394941116334403915e-15
-1.056936903226644174e-15
2.266630773962057321e-16
3.184422909224824650e-17
-3.003082517230695306e-17
5.044153749340393976e-18
1.104485698754326561e+00
-2.034654543386572431e-05
2.380353225041600308e-09
-2.882021635528880408e-13
3.601846384056622719e-17
-4.492215505213403774e-21
-2.698638213239404449e-23
-6.954427468210944123e-23
1.555168418139826812e-24
2.383261895163846522e-23
1.096368206167533055e+00
-1.009950850736549867e-02
-1.752101296587222712e-03
2.637528667185524154e-04
8.760855887931593957e-06
-4.616314947072096342e-06
1.826647523673296037e-07
5.921044850718550408e-08
-7.125337869725140237e-09
-4.285250659181997480e-10
1.473411377445909540e-10
-4.049058699008481230e-12
-2.141232755667405073e-12
2.335527159258251536e-13
1.817544605911749564e-14
-5.450151299405008944e-15
1.189668645732582592e-16
8.496376324210449525e-17
-8.926169630989570409e-18
1.070377253213903090e+00
-1.391793628575535915e-02
5.767483295392748571e-04
7.055393185467453325e-05
-1.543332892948413049e-05
1.241065729631614840e-06
3.352677826495342552e-09
-1.355368714502657541e-08
1.745599296538310797e-09
-8.815964692454217302e-11
-6.780407014117228647e-12
1.866941046133536401e-12
-1.822764461593481388e-13
4.822234578931386368e-15
1.328402212384061947e-15
-2.391884952099338555e-16
1.896943033528619880e-17
1.075527194749229483e-20
-2.134361444160110564e-19
1.026614416107829664e+00
-1.980942814714192410e-02
7.165576200003788594e-03
-2.467053055587555693e-03
7.827393794154586474e-04
-2.160662325395514450e-04
4.472577501546540831e-05
-2.054790159173320080e-06
-4.332003392296287687e-06
3.076350700086351819e-06
-1.447628222053922550e-06
5.518893982858016622e-07
-1.777209153682585486e-07
4.751878946431201470e-08
-9.379396886135150889e-09
4.728228367882495485e-10
7.832179318284797373e-10
-6.254555851547896959e-10
2.449535012650587986e-10
1.006055282598660838e+00
-6.055282590422348538e-03
-1.516203154508277704e-11
1.224147304511332076e-11
-9.036773833000220942e-12
6.072384945989538444e-12
-3.689892233135633753e-12
2.008006502424115836e-12
-9.642980193804627933e-13
3.989828691069619299e-13
-1.361342353043814857e-13
3.464203664287449926e-14
-4.395814200273083889e-15
-1.112593548175684168e-15
7.938506099319777669e-16
-1.638922605846324827e-16
-2.628814104513880702e-17
2.260044491730935960e-17
-3.568609985475040184e-18
9.022478895935551746e-01
