2.590265249793939351e-01
-1.936364768225552226e-04
6.166185903559688179e-08
-1.982695078161275898e-11
6.593521708692316705e-15
3.636003800951367852e-18
-1.029398790514016386e-17
1.577659847974370175e-18
-4.200131077549706203e-19
1.224962664054119096e-18
1.987602067141894802e-01
-7.069036196796842086e-02
-6.837083318505631467e-03
3.606370329488599834e-03
-2.806091727894735621e-04
-8.413487924755831031e-05
2.263487194888034104e-05
-5.256561754850842860e-07
-7.277165729915212170e-07
1.346434307882986187e-07
4.882565241663468811e-09
-5.726699534099162450e-09
7.584422872422544753e-10
8.634312367907934807e-11
-4.268582840972426335e-11
4.034108610506072319e-12
9.031723612910165944e-13
-3.010513602937306764e-13
1.988149728202555324e-14
7.245980985178242240e-02
-4.507397605188000894e-02
6.571479161005628830e-03
-4.354067507652861465e-04
-2.954189886913402606e-05
1.292337548053575406e-05
-2.084834617363496600e-06
2.111995032091806715e-07
-8.980137123395735608e-09
-1.685890842712381555e-09
5.101842227813831993e-10
-7.925957059797807053e-11
7.987171064760178523e-12
-3.108886183792204419e-13
-7.497178333536046822e-14
2.151378651091630563e-14
-3.267805731591716324e-15
3.266399647283211607e-16
-1.570779119379347923e-17
5.844533610366933057e-03
-1.056536893352990128e-02
7.850997472171506938e-03
-4.864943078422212346e-03
2.555365613900783921e-03
-1.154692415636549398e-03
4.536873960872777581e-04
-1.555397057915178162e-04
4.602737072836095175e-05
-1.119998994670938509e-05
1.815232594680413383e-06
1.350702759204519064e-07
-3.021552020734074880e-07
1.840753640797431053e-07
-8.698883332855105906e-08
3.651824402631486673e-08
-1.439857939848517953e-08
5.924861059364143282e-09
-1.863644102550100275e-09
9.522738587820406738e-08
-1.783119211414250878e-07
1.460585195525999273e-07
-1.040405204727799405e-07
6.370208936661961836e-08
-3.284147967265799330e-08
1.372136707606866115e-08
-4.274389225051374040e-09
7.541521462277005011e-10
7.621270634875274836e-11
-9.149316089762286184e-11
1.730062806036351976e-11
5.686201438789732263e-12
-3.073994964969996800e-12
-1.907635033524113473e-13
4.148620760708564873e-13
-1.614021747731328477e-14
-4.811779171231636320e-14
4.271645582514044395e-15
6.904851804987489627e-01
1.461520391270374722e-04
-4.539374278807840180e-08
1.502646148693713613e-11
-5.166646296359845850e-15
-3.704120610461085073e-19
8.411729887361269677e-19
-7.086459957739381901e-19
1.637273869037149089e-18
-8.349403098750196409e-19
7.368055248486663489e-01
5.464500806292323098e-02
5.732502764064074594e-03
-2.606995942988364449e-03
2.071156450870965721e-04
5.908991152799372704e-05
-1.683226614884597436e-05
5.555162724894421764e-07
5.325428115765403429e-07
-1.084081900822965049e-07
-2.164332890903089697e-09
4.497233091535496717e-09
-6.733544084408104081e-10
-5.990739300522708735e-11
3.639552367879843286e-11
-3.899078862311816544e-12
-7.543622442724978543e-13
2.751314044482209058e-13
-1.854931026268056673e-14
8.413247819139969552e-01
4.197372295090796152e-02
-4.316591788698856923e-03
2.396888554084470918e-04
2.152537870123409991e-05
-8.517972140294760439e-06
1.413974837620154350e-06
-1.520057167401242803e-07
7.968590065791236165e-09
9.168413404126832852e-10
-3.340774986311656276e-10
5.587680208153406278e-11
-6.202801135902204959e-12
3.559864633517714728e-13
3.316326233199274349e-14
-1.364197061295471576e-14
2.399805180490461567e-15
-2.727030885765800330e-16
9.482214284286127352e-18
9.442791877273677414e-01
4.123456603733011150e-02
-1.519408168469750867e-02
5.554816684185047773e-03
-2.003212347453912304e-03
7.066575534668060980e-04
-2.410285078473074034e-04
7.819046834919188922e-05
-2.350806188143055486e-05
6.229584156921521186e-06
-1.264486708322981271e-06
6.103932839438022786e-08
1.249027058878189390e-07
-9.558737218640551536e-08
5.046495119672733592e-08
-2.280494469051248517e-08
9.491132497375178539e-09
-4.075636470615564643e-09
1.309996539400560737e-09
9.871571038587936275e-01
1.280152832621220260e-02
4.123456655351577022e-05
1.328192241855558400e-07
4.278448935322455328e-10
1.359688424630504251e-12
1.674009727743015750e-14
-7.581551983290893349e-15
4.292603504165352560e-15
-2.200706219690107540e-15
1.010520229515794276e-15
-4.073698563759306263e-16
1.392794788724763623e-16
-3.758310142915806587e-17
6.413838644530768061e-18
2.574678806573952949e-19
-6.152567052289575997e-19
1.854802132799349870e-19
-1.271986790267793433e-20
1.166356288118374218e+00
-7.683728317415409786e-05
2.307053631279945664e-08
-7.582292706321857018e-12
2.670901026472770460e-15
-3.069632141618603102e-18
1.164112183431402843e-18
1.482921386566385082e-18
-7.158232630897218130e-19
-1.693478719068516092e-19
1.141677823531125124e+00
-2.921228108665061690e-02
-3.192016080524897725e-03
1.357954357351735634e-03
-9.921888821901224073e-05
-3.033966286312504481e-05
8.249812238984370776e-06
-2.739945979763217600e-07
-2.536990337646437347e-07
5.381787754613255583e-08
1.904465870358865327e-10
-2.121771860857848973e-09
3.780633502639424955e-10
1.578873575297211164e-11
-1.842251667433765031e-11
2.808744195256815512e-12
2.424134966473665226e-13
-1.621730831529319690e-13
2.080387538875293553e-14
1.084921198631356942e+00
-2.315190695606312091e-02
2.343658960202254279e-03
-1.134104997300843534e-04
-1.488823975172510247e-05
4.797896129180104704e-06
-7.218369593988576940e-07
6.883424886779318792e-08
-2.470030730566917895e-09
-5.942690311056719319e-10
1.624639775036103452e-10
-2.422104053713344415e-11
2.434778633251071544e-12
-1.171273113198299215e-13
-1.523509006502747722e-14
5.193477186118629858e-15
-8.649840028394067882e-16
1.014578571044228070e-16
-8.487171274605540343e-18
1.028896891408384473e+00
-2.196076274040029142e-02
8.294296186218233155e-03
-3.098114764560716290e-03
1.135919962222223332e-03
-4.045712542255734266e-04
1.379891298688698455e-04
-4.415449051360138691e-05
1.280692917621877771e-05
-3.121755577781580189e-06
4.830690815543375876e-07
7.595649532117002951e-08
-1.159844459385957408e-07
7.022932862430822623e-08
-3.341587544470777826e-08
1.400120024005301342e-08
-5.427826911825859701e-09
2.153150222393350634e-09
-6.562240144232763719e-10
1.006483834267819288e+00
-6.483834267798609628e-03
-3.859149638575268444e-14
3.237766223319609483e-14
-2.526694446591686099e-14
1.829728050052054614e-14
-1.225467409597437107e-14
7.556264356189757894e-15
-4.262389920816218838e-15
2.180050076193507877e-15
-9.978649668512083502e-16
4.004874011008356720e-16
-1.359989186550277178e-16
3.624560267539261606e-17
-5.970758187872365590e-18
-3.631996668376171903e-19
6.256179861285725270e-19
-1.793315464955047374e-19
9.325335069461383473e-21
8.539045363180456372e-01
