2.714500023793314787e-01
-2.223851229934777540e-04
7.845485255450151878e-08
-2.811995375390063126e-11
1.046302833285243213e-14
-1.411881573872547856e-17
3.638927091999677275e-18
5.425633670040337515e-18
-5.260307277381829992e-18
5.376356585280605302e-19
2.045998117251860704e-01
-7.775688177301348647e-02
-6.705206327215845578e-03
4.152167135111218231e-03
-3.955049207063784066e-04
-9.307729529847191721e-05
3.039754044225290104e-05
-1.536079410468282858e-06
-9.190852686845478282e-07
2.191347437217980976e-07
-1.949045526818510902e-09
-8.380558688989753580e-09
1.576368411719617665e-09
5.183010539207387110e-11
-7.325318357957512216e-11
1.154985784519626026e-11
7.979318034217035310e-13
-6.198452603863969450e-13
8.955130231621274811e-14
7.067371042083386845e-02
-4.559378948474163834e-02
7.050139420920780407e-03
-5.439209795136843925e-04
-1.687331418979519241e-05
1.262817927882831274e-05
-2.309470772459068499e-06
2.711164580138909939e-07
-1.830161257923530787e-08
-7.676976635361746448e-10
4.926426524133723155e-10
-9.474792391227312701e-11
1.202308091965250496e-11
-9.348450973918979117e-13
-1.324421034200456640e-14
2.021098958792910124e-14
-4.209803642814080658e-15
5.058574736268033570e-16
-3.044615158235265541e-17
5.425863511721902219e-03
-9.837857772095176187e-03
7.372909218524506189e-03
-4.630001175561877444e-03
2.475432372480396419e-03
-1.143764301319737846e-03
4.621286702814934671e-04
-1.643351957040995641e-04
5.126199245992185102e-05
-1.367195793425684221e-05
2.827058387603990749e-06
-2.379779457720567680e-07
-1.761683909389683200e-07
1.451193347104198054e-07
-7.624413316826489199e-08
3.411899806480876920e-08
-1.417103700968465230e-08
6.151760862221557283e-09
-2.002803160738068616e-09
6.961298011032740090e-08
-1.304973063220813984e-07
1.072672810033530102e-07
-7.688204517818519022e-08
4.752328803720630661e-08
-2.485046736876621687e-08
1.061245122167681147e-08
-3.435849102248730203e-09
6.726035929753350596e-10
2.807061477012831333e-11
-6.832935817429410487e-11
1.629208944297729677e-11
3.234015738809603362e-12
-2.478732049226993915e-12
3.408479693514188152e-14
3.060892336123850889e-13
-3.846540496841757472e-14
-3.344899888809747655e-14
7.116387576981077532e-15
6.767782357348941513e-01
1.680082966501072106e-04
-5.792533449368472745e-08
2.137588848534604919e-11
-8.212367258767520274e-15
7.362854611030007085e-18
2.620977682258574115e-18
-4.701557080218144449e-18
8.058359740065772366e-19
8.408049010024076533e-19
7.282615472474606166e-01
6.025814600807876537e-02
5.733109799558849806e-03
-3.006419224479466457e-03
2.912384662996678566e-04
6.490782974174595383e-05
-2.254007121162500385e-05
1.369658588918465469e-06
6.641680983334697047e-07
-1.744260428585434333e-07
4.117762404846836257e-09
6.488922650558952804e-09
-1.359222378064093626e-09
-2.263652563750861126e-11
6.172872454423734785e-11
-1.056712465375512510e-11
-6.455706641863647173e-13
5.650599066585971968e-13
-8.053439232957378306e-14
8.398148281082244981e-01
4.326785684410560523e-02
-4.681011197399893853e-03
3.076946540440765056e-04
1.356527159843406717e-05
-8.271867685864333529e-06
1.550666428045841649e-06
-1.915905583416071927e-07
1.451408553240086900e-08
2.103472738027117299e-10
-3.065800056671054079e-10
6.449766692701952270e-11
-8.855622539333323886e-12
8.071871932431929539e-13
-1.848273350675190529e-14
-1.083127453096483897e-14
2.809984329325578324e-15
-4.313382671182305088e-16
3.981808702033655159e-17
9.441011801093251998e-01
4.139069693843024089e-02
-1.527288803810853551e-02
5.599681154160416653e-03
-2.030221473349755681e-03
7.228296545595050415e-04
-2.503067922472513619e-04
8.320023911483364926e-05
-2.603521322869667984e-05
7.417612020259547745e-06
-1.784534275225862131e-06
2.727711746485185970e-07
4.498521578511214669e-08
-6.785084885650851400e-08
4.178619321141655802e-08
-2.048379375494997080e-08
9.064045045038755578e-09
-4.128643744184465220e-09
1.375642421633147810e-09
9.871205535513942753e-01
1.283784245322467515e-02
4.146960355593911946e-05
1.339576969599051663e-07
4.327313453205263956e-10
1.388502689506004394e-12
1.079492554606481834e-14
-3.901677405657284035e-15
2.240811010977086702e-15
-1.166813188064544500e-15
5.465460475222529755e-16
-2.262242347457550928e-16
8.030830072267308680e-17
-2.305177834830310006e-17
4.563664201260314438e-18
-1.657121833799223322e-19
-2.970646689029086918e-19
1.180045626562982235e-19
-1.652949238592224734e-20
1.174380752803611871e+00
-8.886166930195553480e-05
2.975081386612189629e-08
-1.098060590752868416e-11
4.358730735626564207e-15
-2.063842080732682221e-18
-1.296747897163298786e-19
-1.131401036467752643e-19
-2.434264577780411655e-19
1.670896717260282322e-19
1.146790238591138600e+00
-3.240391820782955595e-02
-3.226064343577132298e-03
1.578593993694132717e-03
-1.426864355895567701e-04
-3.363431878582176580e-05
1.118136220681766178e-05
-6.959001964674717139e-07
-3.153644045486824534e-07
8.743263289419517394e-08
-3.665554909925544001e-09
-2.993937685537804740e-09
7.527456845063535211e-10
-1.931436275265427605e-11
-2.985508599719075356e-11
7.007233576896937054e-12
-7.247562724073446971e-14
-3.122280039282717726e-13
6.843994904305952397e-14
1.085889419061681460e+00
-2.398256093769332575e-02
2.565801310591629171e-03
-1.517071772806102251e-04
-1.100595138443124141e-05
4.794983144255133619e-06
-8.114677147428252024e-07
9.014223340329182719e-08
-5.579295077465699714e-09
-3.058038638622886720e-10
1.579540772089721141e-10
-2.891506829477385848e-11
3.616374412911398753e-12
-3.003679194337048344e-13
4.480204319216865948e-15
4.131280262762509936e-15
-9.838377265044325341e-16
1.485528452325714775e-16
-1.831925510088782143e-17
1.028997571851392401e+00
-2.205742828803445785e-02
8.347025196774056355e-03
-3.129572472270596931e-03
1.155184138635913585e-03
-4.160783019567619589e-04
1.445002016074684471e-04
-4.759577082998865942e-05
1.449553738648663933e-05
-3.888929271729110852e-06
8.050797018804508131e-07
-4.843544809375979794e-08
-7.213323302488265123e-08
5.639391958302257729e-08
-2.969893307534352964e-08
1.328901425640073300e-08
-5.450393950457346353e-09
2.297388943209675738e-09
-7.295855173717764568e-10
1.006502466887974512e+00
-6.502466887963831953e-03
-2.004535136903550352e-14
1.687183458282675312e-14
-1.322739625913755515e-14
9.637869121996767010e-15
-6.506142395910182991e-15
4.051718758792711219e-15
-2.314051443110581831e-15
1.202146549917121534e-15
-5.613500940693697688e-16
2.313592951678244928e-16
-8.160981123281808519e-17
2.317100155251115424e-17
-4.466293672594797304e-18
9.785120188339410837e-20
3.192520659202223092e-19
-1.199277630182748680e-19
1.536315043512685825e-20
8.481866541558099604e-01
