3.342011740605967951e-01
-4.243075757041377518e-04
2.464251694849691530e-07
-1.511055456262054400e-10
9.914708227477042077e-14
-5.512213917082081385e-17
-7.522901216589415694e-18
2.983232706743592110e-18
-2.381629983003058583e-18
1.254430419528024596e-18
2.292245673788816107e-01
-1.164136403634252054e-01
-3.350445910505759402e-03
7.232674980846109762e-03
-1.442047149792958539e-03
-5.489258536522276076e-05
9.166845542596136496e-05
-1.931002789007445921e-05
-3.446832692220716966e-07
1.182742931554333201e-06
-2.841358589902601422e-07
5.928128814400697384e-09
1.497691339871938336e-08
-4.416376524021364409e-09
3.352314554880579730e-10
1.713663694171321285e-10
-7.037366946503168952e-11
8.926339311165623292e-12
1.574241920465551650e-12
6.034800382979940703e-02
-4.507388680389807362e-02
8.727587130249112035e-03
-1.058990094797618428e-03
6.800793220466174469e-05
4.472096823276176727e-06
-2.314329031629660553e-06
4.667056541076692026e-07
-6.874190239810714909e-08
7.763218905787071432e-09
-5.561066430963104097e-10
-1.855906591158077299e-11
1.617082307758136746e-11
-3.713076948777225938e-12
6.043122888168413284e-13
-7.555170994643836279e-14
6.494833204596421999e-15
-4.789960745671078549e-17
-1.069926011654924020e-16
3.712283880587613494e-03
-6.808874545598193710e-03
5.274237074157142428e-03
-3.488136636696666064e-03
1.996967922456695764e-03
-1.004018487380357394e-03
4.493791120970801753e-04
-1.812224800295915233e-04
6.649449754264589465e-05
-2.234128338908051436e-05
6.877709204693872615e-06
-1.918852254869797147e-06
4.663454693128345909e-07
-8.546007751152798821e-08
2.052030984031411351e-09
9.033654115193146211e-09
-6.711961249619262864e-09
4.099677779912419448e-09
-1.567035406168496738e-09
1.643814595867471660e-08
-3.095773076096141470e-08
2.581082476973689158e-08
-1.896675392315175600e-08
1.217896541373420575e-08
-6.734624503801195844e-09
3.127394266935701654e-09
-1.162840741350027495e-09
3.092528982498151600e-10
-3.591892938775728059e-11
-1.283134519243407166e-11
7.198258199718519724e-12
-6.954967058768420155e-13
-5.922386828785277393e-13
1.974076486572662171e-13
3.672952833471787394e-14
-3.049011455841222132e-14
-1.489283599119549934e-15
4.215923459740972246e-15
6.082885068168722986e-01
3.222213182880852636e-04
-1.836887936985234959e-07
1.147992454514330866e-10
-7.598094795060076154e-14
5.967317815616292554e-17
-6.232469750895134005e-18
-7.615383009215588028e-20
1.464421266389715163e-18
-3.281989023908690699e-19
6.901136698055587715e-01
9.161257866654738680e-02
3.873739637110255787e-03
-5.292663159109811666e-03
1.055192384328754521e-03
3.143754660040155521e-05
-6.685790922044971673e-05
1.502936861544865368e-05
5.755598341420757547e-08
-9.026259653195910409e-07
2.322532685318084196e-07
-6.747062156636268974e-09
-1.235809324923367804e-08
3.738111963686622470e-09
-2.495715128852235573e-10
-1.649654597100391675e-10
6.120933726341102576e-11
-5.419260640081000651e-12
-2.180817530155929219e-12
8.358824900137810099e-01
4.771263471542010193e-02
-6.154881250620448073e-03
6.389914489643576563e-04
-3.918927335468970068e-05
-2.860311887650595826e-06
1.480247733341820429e-06
-3.100545918697979417e-07
4.768174427876734500e-08
-5.711463064337515957e-09
4.721892949419314688e-10
-2.683738763016983567e-12
-9.092973828087948797e-12
2.387508144901381826e-12
-4.232534123452934358e-13
5.876372525335728170e-14
-6.210624014300916986e-15
3.343504044228988708e-16
4.345889525613872020e-17
9.439707725688379902e-01
4.155987211019721711e-02
-1.539581781519728729e-02
5.690367258389130399e-03
-2.094476078212206740e-03
7.655606937984240756e-04
-2.767801883088179368e-04
9.846524033470062712e-05
-3.424157676828621380e-05
1.154190851355402503e-05
-3.727971634159361567e-06
1.133748685042098959e-06
-3.143738289980384784e-07
7.360324258953886711e-08
-1.067420454093101512e-08
-2.237557393595248747e-09
3.166915622490808731e-09
-2.303955702809788867e-09
9.322037366814004546e-10
9.871046363962906467e-01
1.285365653729762976e-02
4.157217456715790347e-05
1.344555679296743130e-07
4.348659179288042567e-10
1.406077047508572906e-12
4.823952051820792189e-15
-1.637409907291683364e-16
1.072797847336963273e-16
-5.932540781572564795e-17
2.998110957996552559e-17
-1.369022751253536130e-17
5.550770708665252988e-18
-1.939882568232828341e-18
5.540034635420247463e-19
-1.105619636990180362e-19
5.617952332533769755e-21
5.937248678718813224e-21
-2.724770491320099221e-21
1.215731876372746489e+00
-1.772169890575616595e-04
1.012792003659298012e-07
-6.611054358791597248e-11
4.724871570011038522e-14
-4.446058444515338053e-17
7.900803341009781703e-19
2.266327389311480984e-19
-2.324573247842575106e-18
2.035966205133206778e-18
1.170395381311635452e+00
-5.089497180995420506e-02
-2.333786137880763251e-03
2.897857851110055474e-03
-5.618489805560711184e-04
-1.544833969188157247e-05
3.465302665946901349e-05
-8.199899155904358917e-06
1.831225298816748512e-07
4.441399773477322518e-07
-1.369684504736760216e-07
1.115366669992279737e-08
5.674593268623389722e-09
-2.422064197209709177e-09
3.378251849324729724e-10
6.558708745903688389e-11
-4.318534423231948037e-11
7.512662056244377146e-12
6.365525053241208285e-13
1.088629055297072101e+00
-2.700180131729033525e-02
3.517318144558326861e-03
-3.514898147778692736e-04
1.790025958319660057e-05
2.341617440111669334e-06
-8.874811655843657481e-07
1.673616732557885629e-07
-2.355128407201505364e-08
2.559687539848260417e-09
-1.808169893485552105e-10
-3.979056171406927776e-12
4.403071354976683395e-12
-1.013240715562585367e-12
1.676746744630284192e-13
-2.244538082960605088e-14
2.411289406353368083e-15
-1.752816462017353794e-16
-1.362355227317523836e-19
1.029084003036201844e+00
-2.218087191062579830e-02
8.440910877483352726e-03
-3.199795271950908043e-03
1.204840506075215579e-03
-4.487658756740359450e-04
1.644402024442018012e-04
-5.886794304946602302e-05
2.041147942834716880e-05
-6.778405561192622417e-06
2.121531163406580476e-06
-6.089012894247024490e-07
1.509859856087938910e-07
-2.654947595880827614e-08
-1.055531777637781078e-09
4.226089658960760437e-09
-2.919122409592256961e-09
1.729862950394862906e-09
-6.515639855281218792e-10
1.006510582545447230e+00
-6.510582545446503937e-03
-9.904092746760753586e-16
8.445030740574960631e-16
-6.745366495689597190e-16
5.038088171345782428e-16
-3.510182870534961932e-16
2.273989983642721032e-16
-1.363819990145014815e-16
7.528098105705309876e-17
-3.793629473936345214e-17
1.725154360049877523e-17
-6.955505566856598909e-18
2.413719629772521773e-18
-6.801598068179487444e-19
1.331121403125784935e-19
-5.101452250122545872e-21
-9.269244899602786765e-21
3.676674192936642947e-21
8.208993517771329129e-01
