6.307749933569807288e-01
-6.347581398140625213e-03
5.086592402270648944e-05
-5.361772180021315526e-07
6.437093996078772828e-09
-8.264903304635196813e-11
1.104000883712541165e-12
-1.513630225165944843e-14
2.114784037798471966e-16
-3.015285002080596038e-18
2.677783398339829701e-01
-2.818481314503848423e-01
8.093338517571242730e-02
-9.000980728922568577e-03
-5.729162673860485090e-03
5.163585201396529711e-03
-2.716292937548834066e-03
1.119306161732693461e-03
-3.642522173440035480e-04
7.283898004991299225e-05
1.505046537347613734e-05
-2.839191088692682251e-05
2.093892864138736806e-05
-1.158230087263575735e-05
5.157176793356711337e-06
-1.708878806382994043e-06
1.719720054679295258e-07
3.954379807264269738e-07
-2.571512903559306732e-07
2.430145159728674606e-02
-2.318328752088343048e-02
6.376147731059476388e-03
-1.291834502888103507e-03
2.176186988656189018e-04
-3.276311042059731226e-05
4.601294698539070752e-06
-6.154129543146294866e-07
7.861762898693216145e-08
-9.466126287101474017e-09
1.035494042260486416e-09
-9.291242296782820771e-11
3.985307196789672570e-12
9.562281466351540704e-13
-3.803420670743135353e-13
9.219329148789964385e-14
-1.889897837240189172e-14
3.650715364369291047e-15
-6.252312747952569425e-16
9.209801649750432376e-04
-1.718830082660075149e-03
1.400249138678260610e-03
-1.002813211660936576e-03
6.376160078854569650e-04
-3.640636089062283093e-04
1.889317780264082570e-04
-9.020526316734350238e-05
4.010423663797297775e-05
-1.679901502221698028e-05
6.705145699661661739e-06
-2.577174543050505773e-06
9.629817553949790053e-07
-3.526714821496892209e-07
1.274401928577246901e-07
-4.572817963759258143e-08
1.654071308904341563e-08
-6.601950886193105100e-09
2.081349098216100819e-09
2.856035272397934573e-10
-5.419873223779299806e-10
4.625468276342307878e-10
-3.539780925364229169e-10
2.415723384463113142e-10
-1.457056320609996254e-10
7.657271461319235160e-11
-3.424455877609707590e-11
1.248075669983808822e-11
-3.361827613288837337e-12
4.616085495972970951e-13
9.717450297474157733e-14
-7.139222043975250929e-14
1.184367301739883971e-14
4.018113154729984303e-15
-2.171548641921088708e-15
-4.498489242021201028e-18
2.272663367085374925e-16
-3.510613747376059209e-17
3.239531763415074983e-01
4.265056851249014562e-03
-2.687478480888424534e-05
2.255105261603778945e-07
-2.221343039441478138e-09
2.414430127963924161e-11
-2.800606902250136594e-13
3.400551560382550328e-15
-4.271566992437158214e-17
5.353205860790418930e-19
6.188386277147402970e-01
2.435303499285830786e-01
-5.630782346192004378e-02
3.363610678404382534e-03
5.638591612922886145e-03
-4.195742994214828221e-03
1.966008674804617558e-03
-6.860778699519917354e-04
1.556834720859045682e-04
7.906941155059192306e-06
-3.486957843283679270e-05
2.535625318422148156e-05
-1.300955303256587541e-05
5.230019838218719231e-06
-1.525584273854090924e-06
1.310482197191208048e-07
2.453169401532658403e-07
-2.843892475029376071e-07
1.327231341417452195e-07
8.636765393554645120e-01
4.332926052864934097e-02
-6.815579327254493031e-03
1.053325446841280261e-03
-1.588176265820108121e-04
2.322776848779911239e-05
-3.278884871015856805e-06
4.440754784285824168e-07
-5.712226940476238658e-08
6.837750490224320422e-09
-7.263026516238064981e-10
5.898146972406982303e-11
-7.270308629705057003e-13
-1.182038528585719950e-12
3.785418182885144624e-13
-8.754110669795034185e-14
1.775550904400446211e-14
-3.449800058938999593e-15
5.979752436514348615e-16
9.548685221712622795e-01
3.369557494157515709e-02
-1.257827363964754766e-02
4.695027858513136504e-03
-1.752245377962151959e-03
6.537954422932401024e-04
-2.438383608089298717e-04
9.087907604242674499e-05
-3.383590673130040517e-05
1.257931213545463018e-05
-4.667496927293590264e-06
1.727525972753049306e-06
-6.374458794789715225e-07
2.343848532969416009e-07
-8.585765966929317563e-08
3.137169786851129137e-08
-1.157495940879317944e-08
4.713129320285934116e-09
-1.501703380407617087e-09
9.896757416905573868e-01
1.029754122245287763e-02
2.664794858619626698e-05
6.895948736805874703e-08
1.784531700176437587e-10
4.618005710595990757e-13
1.195080732030446670e-15
3.068818423932007995e-18
2.333008406784667419e-20
-9.358664511508872995e-21
5.338879360382867084e-21
-2.747813268493068979e-21
1.272718302401517809e-21
-5.841078901876208569e-22
2.747436230319087353e-22
-8.643915228378148726e-23
4.288342646602558042e-24
-1.770108578326033285e-25
4.039965360099278576e-24
1.428428052735310372e+00
-3.517771616776513375e-03
2.820557956991288012e-05
-2.868380699797093586e-07
3.271163174682834016e-09
-3.986550863197171878e-11
5.074404164133935404e-13
-6.661489784981288356e-15
8.952977948746695029e-17
-1.229059368219334021e-18
1.226532339983874564e+00
-1.592235841746217073e-01
4.175397879514480132e-02
-5.215030492790015230e-03
-2.645223523376745954e-03
2.707419407624566017e-03
-1.539449878010341541e-03
6.747742440575018024e-04
-2.287046343141225331e-04
4.549958941448045875e-05
1.131190027601954593e-05
-1.924452484254898942e-05
1.354899702665547159e-05
-7.053687029852972524e-06
2.869428389386042855e-06
-7.948199441609860511e-07
-3.082990069027951465e-08
2.875348569442527095e-07
-1.640705519913366298e-07
1.073243047744477874e+00
-2.475634058313791810e-02
4.091099454644234537e-03
-6.542715030610225238e-04
1.006572115274762078e-04
-1.488005456703672745e-05
2.117697194189577253e-06
-2.908460804088034136e-07
3.856387086523270612e-08
-4.917038076120823543e-09
5.959605398654311603e-10
-6.685608578529173161e-11
6.489323638348611516e-12
-4.220607351258650633e-13
-2.217210579523266235e-14
1.655021004179715410e-14
-4.536156229898924655e-15
1.038978634256795428e-15
-1.996781779241548846e-16
1.023264874495257271e+00
-1.777118922907752405e-02
6.786593664667847289e-03
-2.591113907661321027e-03
9.888558021995839595e-04
-3.770960587540501778e-04
1.436281961771145390e-04
-5.460361966017013237e-05
2.070412504945148320e-05
-7.822740685359582180e-06
2.942555811212150735e-06
-1.100966195776289820e-06
4.094383063960645477e-07
-1.512692627248995051e-07
5.551711182746916531e-08
-2.027186897070594693e-08
7.458304030267119929e-09
-3.025032279657254889e-09
9.619093934271705908e-10
1.005202485563298165e+00
-5.202485563298013017e-03
-2.372612223540583710e-19
2.066413391275693655e-19
-1.701147439187556002e-19
1.322259625692150963e-19
-9.689095511976161124e-20
6.679999207091163462e-20
-4.321922119059610934e-20
2.615415813238196367e-20
-1.473979700041003076e-20
7.692202643100435187e-21
-3.688551445565244375e-21
1.607524890740300498e-21
-6.263510861863492541e-22
2.122618583395751349e-22
-5.908221539326878707e-23
1.142248489398611773e-23
-8.561631432782181118e-25
7.554229149844834401e-01
