8.082376861537166057e-02
-9.771723694852112340e-06
4.267308039525723668e-10
-1.714733623273479436e-14
6.740690045817594647e-19
-3.554333576729992929e-22
5.003316985641441505e-22
1.004370569865987210e-22
-2.878954891039909680e-22
1.545093354628384652e-22
7.646765035530551924e-02
-5.556688653437740280e-03
-1.151855453028398238e-03
6.450084539184831791e-05
5.541638866766731444e-06
-4.956320770324153839e-07
-1.953589763332632352e-08
3.177541535396108343e-09
3.228388210851970743e-11
-1.811963543474827496e-11
2.556933520440749299e-13
9.318877716993731645e-14
-3.651076083086743375e-15
-4.254016611481652227e-16
3.054079431408815867e-17
1.644575738444486962e-18
-2.300125416326307701e-19
-1.542448272559661119e-20
2.964278991248427903e-22
5.867543737362848622e-02
-1.141765922088693909e-02
-1.777012188654087592e-04
8.323878455233053668e-05
-3.773731710824483249e-06
-2.214642485993606756e-07
3.181264169273445742e-08
-7.447615597804788196e-10
-1.134501441493063968e-10
1.040384638632773349e-11
-6.173005917238342611e-14
-4.785428404232716286e-14
3.205820707397691413e-15
4.386507479828941053e-17
-1.871668601879141772e-17
1.005129458094249240e-18
1.948146069433782297e-20
-3.938693530785769622e-20
4.039340277560002564e-21
1.305052679476246570e-02
-2.030231130084024158e-02
1.016118726640595146e-02
-3.306748832241814505e-03
5.651135230573910281e-04
7.597486590138974934e-05
-9.724035935354282377e-05
4.099707313075560229e-05
-1.111419000423145513e-05
1.725698914167407941e-06
1.505826459222706506e-07
-2.293054075707738082e-07
1.006857439572312189e-07
-2.982004755434848462e-08
5.944976105227871920e-09
-3.176415191127625592e-10
-3.778722102195820009e-10
2.422296571784412652e-10
-7.916800564711793508e-11
3.431487855347669014e-05
-6.170840897086535130e-05
4.451395787714133991e-05
-2.506649617613966827e-05
1.030321136520447240e-05
-2.519289609029500953e-06
-3.504461038691978175e-08
2.621770626675880833e-07
-5.104279459029169207e-08
-2.462801775858791694e-08
9.370892719046911134e-09
3.036981779725034059e-09
-1.476991514270503743e-09
-5.337028112867020185e-10
2.172671125114782944e-10
1.156540245566017876e-10
-2.362131072344234263e-11
-2.081740436917989969e-11
-3.423149674037362629e-13
8.962786078817499558e-01
7.421137304920888066e-06
-3.037547622304942465e-10
1.226478890318358589e-14
-4.918758959654974298e-19
2.230090172823336320e-23
-1.650848646407859243e-22
1.143959161696717271e-22
-4.063718706513642668e-23
5.633413786872766022e-24
8.996033231285683884e-01
4.245909826389442088e-03
8.870045122445572574e-04
-4.588729466695184582e-05
-3.939517222744282070e-06
3.528262299520885867e-07
1.369268955368851587e-08
-2.291586998414384741e-09
-2.122568793533920373e-11
1.324444365456521520e-11
-2.032548652101332779e-13
-6.888424616325794326e-14
2.825928087563278575e-15
3.165592330911485000e-16
-2.372167834123865940e-17
-1.182317045162847309e-18
1.663163542779166381e-19
-1.415874896249768889e-21
-9.006554742741761335e-22
9.134267602066853398e-01
9.000741234710289002e-03
1.987430248363820061e-04
-5.957342768734482258e-05
2.614232462117516201e-06
1.518521397463536881e-07
-2.244666982696387747e-08
5.702249512434723332e-10
7.883201892642447828e-11
-7.608024184552565366e-12
6.526455424377368799e-14
3.425718598385748797e-14
-2.427865479114260834e-15
-2.362153127622084054e-17
1.374868968572140543e-17
-7.223391583658903851e-19
-2.211131309527723826e-20
-2.239365629442276659e-21
3.004424719882830446e-21
9.596337012090423446e-01
2.704502746992933429e-02
-8.040717307147187201e-03
1.902420092791000513e-03
-2.396479143403694272e-04
-6.724365228711054866e-05
6.170608810150195959e-05
-2.605615726550757175e-05
7.484613498622126146e-06
-1.319413224878686280e-06
-4.205828875847819137e-08
1.453218811178208546e-07
-6.947165581456195992e-08
2.168491521336780587e-08
-4.603654979542546555e-09
3.571805266192196593e-10
2.390083078424606762e-10
-1.700004456382577558e-10
5.737828981321808259e-11
9.901132359215701895e-01
9.862256130849610461e-03
2.445536102938388430e-05
4.681843808569463768e-08
9.152061836670469676e-09
-5.124362594015423413e-09
2.478478798065755945e-09
-9.780770265227814813e-10
2.880225708961950067e-10
-4.617265457812428599e-11
-7.091680689796806237e-12
6.755980173417858505e-12
-1.354869338591950588e-12
-3.596191063651133353e-13
2.408321261820885124e-13
-6.407104144112289661e-15
-2.983020709269944075e-14
4.024935817149721151e-15
3.416233977228602238e-15
1.053078976339634210e+00
-3.734418592259002643e-06
1.477808246796322868e-10
-5.745464493054922293e-15
2.222691113076211056e-19
-4.405865723270270169e-23
4.200815285752925632e-24
-1.832928275567733211e-23
-2.210696540921400918e-23
2.050754693810921496e-23
1.051402182970054611e+00
-2.142456043958220792e-03
-4.490442539841157541e-04
2.246459285504059326e-05
1.952570601130779058e-06
-1.670860716849477773e-07
-6.721452974443652697e-09
1.051137238009272666e-09
1.160825369314730224e-11
-5.905820672318064731e-12
7.759209919206562569e-14
3.001185283899051425e-14
-1.146281570483634326e-15
-1.356300302173114988e-16
9.617596047226642586e-18
5.064538968188337092e-19
-6.666607420633135565e-20
-4.339978838567180284e-23
-9.347997726666273083e-22
1.044389508268522615e+00
-4.584744024492845224e-03
-1.080764683230915564e-04
3.010651732624995607e-05
-1.233126783068778819e-06
-8.000376902703263505e-08
1.071666602809214914e-08
-2.262596917260641531e-10
-3.892757863690126991e-11
3.367484749667625280e-12
-9.961645480358579576e-15
-1.573217826878807328e-14
9.910060922311587851e-16
1.698213438421262418e-17
-5.890258935525433855e-18
2.736466308032987704e-19
1.224273593151099578e-20
-3.121877274904903710e-22
-1.004187731555723900e-21
1.020598887938054533e+00
-1.395950931246083340e-02
4.166190848316955915e-03
-9.765019973163088091e-04
1.148200379318031267e-04
3.949460711513327058e-05
-3.327903952572143183e-05
1.354635121352500581e-05
-3.709335305024131820e-06
5.792075266431786746e-07
5.906501636148914257e-08
-8.314012023487532821e-08
3.589031278938510178e-08
-1.028610256701108413e-08
1.888331445966117133e-09
-2.332449752488009194e-11
-1.561885761822824936e-10
8.660999425051907545e-11
-2.650112312736317449e-11
1.004980279527431408e+00
-4.980273294428205245e-03
-1.113476767980561835e-08
8.293228070484574600e-09
-5.432598342566401557e-09
3.089239968244476287e-09
-1.491522393997346931e-09
5.869773288780606801e-10
-1.719240381752975668e-10
2.705719810362207161e-11
4.503989007990010879e-12
-4.092334651103397595e-12
7.985528157548274460e-13
2.254610182964580293e-13
-1.455699123172379724e-13
2.848009904151626958e-15
1.828170953296289401e-14
-2.353647966660161194e-15
-2.111513553981239803e-15
9.478469569541757567e-01
