2.466485672083746361e-01
-1.679358828543080760e-04
4.819238888678858119e-08
-1.388352485948599798e-11
4.108685508887216371e-15
-1.252798231624181318e-18
2.316679209675683753e-21
1.709931958094041846e-22
-7.951832971601474645e-22
4.231073165023012860e-22
1.926063234265594781e-01
-6.390117082890078848e-02
-6.827740526748483918e-03
3.098375509321252708e-03
-1.900244506209586878e-04
-7.359948617918927181e-05
1.640424631178536425e-05
6.281556680076260661e-08
-5.481525305102107862e-07
7.776010558383794637e-08
6.882215516550596192e-09
-3.635674759993018416e-09
3.117497137681679112e-10
7.629725547386769050e-11
-2.228999533519670172e-11
8.370116129507182220e-13
6.342036724149529116e-13
-1.239956889371884351e-13
-1.793787434936504166e-15
7.408954196658235070e-02
-4.431032200721456149e-02
6.053230804590334184e-03
-3.297300521507180184e-04
-3.995059506141775894e-05
1.274910334303741471e-05
-1.810561724303869617e-06
1.521531134058232116e-07
-1.249640176917539793e-09
-2.222722667948573113e-09
4.725615711128448871e-10
-5.957173974851535805e-11
4.269884898901776352e-12
1.325461128800158340e-13
-1.002350811654056342e-13
1.840517289265747392e-14
-2.074419785200811181e-15
1.065124728779821631e-16
1.273160890187601978e-17
6.289629056829023832e-03
-1.133266601814876713e-02
8.342792359950527634e-03
-5.094593730119161001e-03
2.624271874716923095e-03
-1.156825489154589661e-03
4.403628217501222904e-04
-1.446313365600422238e-04
4.006108058178918123e-05
-8.534608700530257235e-06
7.759286821511828051e-07
4.991567245017351543e-07
-4.176053154531338714e-07
2.166318847217151175e-07
-9.455595597205978675e-08
3.749738563395317543e-08
-1.402808481037619878e-08
5.434953214687029685e-09
-1.638465556077667217e-09
1.313956899406990195e-07
-2.457359351721371061e-07
2.005288106951365480e-07
-1.418906597270472266e-07
8.598522808749361173e-08
-4.364801028157947172e-08
1.779971039023226511e-08
-5.305872001441643683e-09
8.190139334217963642e-10
1.504480541567053176e-10
-1.206784442126323571e-10
1.673793220148988517e-11
9.248158727934615192e-12
-3.659629894863763118e-12
-5.733585511691847210e-13
5.399097409492152388e-13
2.974290936251003675e-14
-6.594842214162467093e-14
-2.281433356858207088e-15
7.041944810599987115e-01
1.266490693281581230e-04
-3.537001393952007697e-08
1.048393761596179458e-11
-3.217834165940952605e-15
1.015079325019802928e-18
-2.495731468823736861e-21
8.923498395236104298e-22
6.042576965189817137e-22
-5.949896949242926111e-22
7.456551625635698954e-01
4.928358774255892777e-02
5.636232581557466814e-03
-2.236367187501529883e-03
1.407272006448201179e-04
5.196754893779372496e-05
-1.223187109919169121e-05
6.862578730573711486e-08
4.050315350702182678e-07
-6.348401613079236217e-08
-4.385391028116325417e-09
2.890841429035304207e-09
-2.912641658801401578e-10
-5.722185892941175818e-11
1.929952119217993993e-11
-9.801589420102058527e-13
-5.385069879318042057e-13
1.153739869357976906e-13
9.106285721572135382e-16
8.431208848390484567e-01
4.053148007361203481e-02
-3.934048875331185025e-03
1.737754311468802239e-04
2.809505754390258009e-05
-8.457543511814200990e-06
1.241013719686093892e-06
-1.121867011393427809e-07
2.399395987348193715e-09
1.364867372355244936e-09
-3.210267877413390287e-10
4.354009027527768093e-11
-3.621366122382126975e-12
1.336322442572473936e-14
5.945995960288643654e-14
-1.273877329455840229e-14
1.652235212457117400e-15
-1.240308758817940507e-16
-2.055683406969499531e-18
9.445164140058991409e-01
4.102887521673645455e-02
-1.509207153701555733e-02
5.497925933376530440e-03
-1.969666717241837228e-03
6.869804550330815395e-04
-2.299768911070369912e-04
7.235874775404428541e-05
-2.064062252834611861e-05
4.920366834560889239e-06
-7.106312332946354648e-07
-1.553172267283588797e-07
2.023601051436092520e-07
-1.205628831378856262e-07
5.740542081571655604e-08
-2.423701805054029175e-08
9.510255340596810935e-09
-3.832361068918202233e-09
1.180435074799125176e-09
9.872062675216094485e-01
1.275268128401469553e-02
4.091947362191263656e-05
1.312980727558939081e-07
4.213469494939046977e-10
1.314964449007756493e-12
2.883165897135159462e-14
-1.494834552814613747e-14
8.341808148605770485e-15
-4.204150309540932092e-15
1.888351381314477108e-15
-7.389817177084904309e-16
2.419198214650597798e-16
-6.051072860355390230e-17
8.280208980048860578e-18
1.408059848533512274e-18
-1.210173058913739792e-18
2.705392180666493783e-19
1.053803071433981830e-20
1.158403995262368369e+00
-6.621893310397559225e-05
1.780875615319523497e-08
-5.205547530750629849e-12
1.622379607744966376e-15
-5.332441281749592730e-19
1.070580548394643414e-21
-3.651498525226863618e-22
-1.973351136233242944e-22
1.607787387531167788e-22
1.136437772438427363e+00
-2.619686420289358414e-02
-3.107499556811796435e-03
1.155932763826902692e-03
-6.556479520092730695e-05
-2.642828931267522508e-05
5.919451765417279849e-06
-2.725325629831040408e-08
-1.924410330702194645e-07
3.113707980783702522e-08
1.681384839253307050e-09
-1.375105184264478419e-09
1.674455813955355409e-10
2.223265941082769805e-11
-1.001547974675135912e-11
8.796230970213681680e-13
2.308315666416980528e-13
-7.149637927469125021e-14
3.580123621225330962e-15
1.083791214574306050e+00
-2.224299801660219872e-02
2.114917922962825537e-03
-7.716886101684385904e-05
-1.791228021494848126e-05
4.642399753385109528e-06
-6.176307586141686635e-07
4.830368103165618336e-08
5.440629563718248263e-11
-7.556600716103243584e-10
1.495413497807242411e-10
-1.820717325708569952e-11
1.329015591256841088e-12
1.777446778154370917e-14
-2.481519264388618081e-14
4.831204230885718154e-15
-6.028985801894214328e-16
4.714049439314394015e-17
-3.150541057448276506e-19
1.028763708292784518e+00
-2.183506172504821874e-02
8.227264010225752294e-03
-3.059062078388377365e-03
1.112537642276810760e-03
-3.909053658600429300e-04
1.304277228145573025e-04
-4.025387280835666498e-05
1.094448384563824498e-05
-2.302026602019395238e-06
1.519049691315764067e-07
1.978246864440414174e-07
-1.561678909534575521e-07
8.163348709182863535e-08
-3.587178473229477329e-08
1.414552023077745234e-08
-5.172519280531969301e-09
1.913022886645878495e-09
-5.531944427571158783e-10
1.006458773369926840e+00
-6.458773369886054196e-03
-7.571642680796497491e-14
6.330501017060688443e-14
-4.915618126712570338e-14
3.536050006577398396e-14
-2.348095233512537942e-14
1.432292251712648577e-14
-7.970619256625900179e-15
4.007416791614741210e-15
-1.794131150263293388e-15
6.988531654904267669e-16
-2.271083405412905274e-16
5.599606386351447511e-17
-7.269040485751138136e-18
-1.503206128283478785e-18
1.169461170020916754e-18
-2.478362889896699557e-19
-1.518010289813958988e-20
8.597003868632493440e-01
