3.596200675816820236e-01
-5.412116415481647369e-04
3.834460489680178064e-07
-2.926345393955350391e-10
2.429012730027270068e-13
-2.069766862497441801e-16
4.199585942284120730e-18
-8.211958140357476822e-18
6.765397119693066421e-19
9.706014197237040071e-19
2.370597335073529044e-01
-1.329663111273997889e-01
-4.789962074060781852e-04
8.456596044565977896e-03
-2.122842182951214293e-03
4.410844075091533009e-05
1.194046047728256472e-04
-3.600162173737863193e-05
2.600498847447180959e-06
1.575858929703358382e-06
-6.351997322305765072e-07
8.707474386260045790e-08
1.567916731793541282e-08
-1.083392678914465017e-08
2.416591398025455624e-09
-3.874774291567103475e-11
-1.599362178341320053e-10
5.723131559443219804e-11
-8.515285755081710715e-12
5.596603185152770193e-02
-4.373646815556989087e-02
9.049087311033553876e-03
-1.224187222049221303e-03
1.048207514901291067e-04
-1.045278347089244330e-06
-1.765386350164000722e-06
4.561579983835810077e-07
-7.978079037061566360e-08
1.113687187818730640e-08
-1.227415529265070321e-09
8.542380251693532933e-11
3.792701618154960387e-12
-2.837034660527172567e-12
6.655944628870924008e-13
-1.139026230321681199e-13
1.555303528785870497e-14
-1.589172294582076803e-15
7.585679854295642823e-17
3.186190020386637459e-03
-5.863987255280350870e-03
4.587389513400053249e-03
-3.081331222941352532e-03
1.800436992350597622e-03
-9.279738036040342418e-04
4.276649055776357913e-04
-1.784561512357074023e-04
6.817718935322656087e-05
-2.406453026277126885e-05
7.895706515294737479e-06
-2.410616676814290659e-06
6.789809834646094580e-07
-1.711212134747432190e-07
3.490259172231709682e-08
-3.111656204698819750e-09
-2.318096209233754846e-09
2.407252997353929933e-09
-1.053326408022429174e-09
9.738578179908681172e-09
-1.836720809394983568e-08
1.538201719161631659e-08
-1.139175582153195830e-08
7.401685989291070678e-09
-4.163306969192307467e-09
1.981980498552440100e-09
-7.660366539673226622e-10
2.190823930952041583e-10
-3.318374367873707824e-11
-5.628720808082775896e-12
4.715062482449960707e-12
-7.875271399689166717e-13
-2.910702351099346006e-13
1.482279015154284964e-13
7.113556326699257112e-15
-1.959499555667167427e-14
1.074110123175679276e-15
2.464984753107337704e-15
5.809203775358018351e-01
4.116170839603098684e-04
-2.856555313859874809e-07
2.198580250779213131e-10
-1.807943404769431891e-13
1.565540003132633899e-16
9.122369828912641223e-19
2.299955972991903230e-18
-5.465572618134165386e-19
-9.346248435482331991e-19
6.769786151546239861e-01
1.054087669302406771e-01
2.054736792979156446e-03
-6.227278394762321943e-03
1.551279955214268386e-03
-4.318739152896912241e-05
-8.654321738208812088e-05
2.756582458362082382e-05
-2.260308945004313866e-06
-1.192390783240603659e-06
5.091863790473978090e-07
-7.098099099636683670e-08
-1.389389581278439077e-08
9.266362121065335190e-09
-1.893672575941184434e-09
-6.874670080865611264e-11
1.574189892596868802e-10
-4.274671007869800399e-11
2.815596929571494516e-12
8.357155216569223111e-01
4.867307055472223920e-02
-6.568204469742683349e-03
7.520893157559602801e-04
-6.203517915222143053e-05
6.490522080745397671e-07
1.101684260084694239e-06
-2.969845307362466207e-07
5.405446937348364309e-08
-7.877683819159994047e-09
9.258784058532059274e-10
-7.659953214839461256e-11
4.412636495994315952e-13
1.538003482249775503e-12
-4.202766462268758036e-13
7.888076028007536090e-14
-1.192732310058594078e-14
1.470895663636408063e-15
-1.318991826923573053e-16
9.442287788371755974e-01
4.138715626029427358e-02
-1.534477982541443755e-02
5.680611007079580319e-03
-2.097064775403819758e-03
7.704631603683053179e-04
-2.809274385938218942e-04
1.012794717812691929e-04
-3.593351199194804070e-05
1.247471944108019610e-05
-4.207250715181947319e-06
1.365384311338045591e-06
-4.203407779261473367e-07
1.197056730484468220e-07
-2.982101415174306463e-08
5.383192999324292312e-09
2.230036574329373791e-10
-1.099985855394163231e-09
5.540498891576922090e-10
9.871682820655750534e-01
1.279042220493618529e-02
4.116282933603258420e-05
1.324724461136710802e-07
4.263301643348060903e-10
1.371914511022428171e-12
4.502762434052348671e-15
-4.304744199902940424e-17
3.496736593471098616e-17
-1.967759430809015098e-17
1.017276967401764565e-17
-4.778249692715847421e-18
2.010698300277065745e-18
-7.383100303733098685e-19
2.256672136487062041e-19
-5.363857090650326417e-20
8.138958365211225024e-21
1.307964136764012548e-21
-1.458835783788361031e-21
1.232935209181514447e+00
-2.310304432914615238e-04
1.634692005618211022e-07
-1.339426142621551737e-10
1.207838621798051446e-13
-1.072043277324467960e-16
-1.000410997213409434e-19
-3.761157089016952596e-18
3.429977195243993777e-18
-1.150048948510247533e-18
1.178902154992118589e+00
-5.939668328916226925e-02
-1.312897854853438189e-03
3.464856606455256338e-03
-8.492378341598592157e-04
2.854259460628000053e-05
4.489171435135401071e-05
-1.530899286042272219e-05
1.703898343658188357e-06
5.256213689586352591e-07
-2.924644125512631007e-07
5.766868005826247538e-08
2.814391678463951116e-09
-5.404200454254990756e-09
1.620923130759821752e-09
-1.244746324917428179e-10
-8.700593451258364743e-11
3.910558422679387109e-11
-6.577843342233838402e-12
1.088884713181478947e+00
-2.772230798540019359e-02
3.805583973258363194e-03
-4.253559597651708577e-04
3.169947967734619272e-05
4.313824722328921417e-07
-7.168021122490600834e-07
1.685788264858056299e-07
-2.808902252048711292e-08
3.777868595236799838e-09
-4.079726173683661122e-10
2.990711783018919747e-11
3.572795771293049930e-13
-6.791887056551532545e-13
1.676533096525693700e-13
-2.987339840901436733e-14
4.428788173523759880e-15
-5.657061269966493363e-16
5.811412457966598653e-17
1.028948752466902317e+00
-2.208890440418697157e-02
8.415206853880948315e-03
-3.197118421046060092e-03
1.208761227350878395e-03
-4.533929279498705883e-04
1.680217532390267034e-04
-6.119977998927432169e-05
2.177138692133937808e-05
-7.506822991610947851e-06
2.484491532756993219e-06
-7.784652166317942179e-07
2.256562245144489390e-07
-5.766840022949985053e-08
1.125297632716707198e-08
-4.046015265347353460e-10
-1.249121068089037355e-09
1.106560167536192382e-09
-4.687023542603313643e-10
1.006478137791692706e+00
-6.478137791692314268e-03
-3.339515806423348678e-16
2.859097494083595385e-16
-2.296994451103288699e-16
1.728893330218674627e-16
-1.216415255479863812e-16
7.976545326391253106e-17
-4.855789780105712567e-17
2.729755217520535743e-17
-1.406961594488295043e-17
6.581857070892069744e-18
-2.753039591865519328e-18
1.005053008658334088e-18
-3.063967460411795093e-19
7.039435954011018993e-20
-7.860752335908399761e-21
-2.676681048611320858e-21
1.518178500885684850e-21
8.106864549214255478e-01
