1.855818373219995931e-01
-7.629630670399050873e-05
1.254871148630378769e-08
-2.017228508182095218e-12
3.280619672664994803e-16
-5.478037084940145080e-20
5.752141266504526950e-22
-4.269132833648308675e-22
5.039170026491080230e-22
-1.855878436397641141e-22
1.571492202559333917e-01
-3.480940526022893028e-02
-5.285077954581001054e-03
1.204138970787724510e-03
9.627633644729227197e-06
-2.496499296721025333e-05
1.948792420293212220e-06
3.302063301762711743e-07
-6.840904612744015225e-08
-6.195683808796679959e-10
1.453327327453345071e-09
-1.180604151335864033e-10
-1.932752789227443412e-11
4.202122708797175488e-12
1.843987900122741192e-14
-8.932359385351951211e-14
7.864272896608476897e-15
1.142813087570806934e-15
-2.721147425994631152e-16
7.865951485330122117e-02
-3.658598920131300725e-02
3.140205101178704817e-03
7.937380657858107951e-05
-5.346828421557049552e-05
6.810210164178871818e-06
-3.488147859827733698e-07
-3.161484223498692901e-08
9.216914583128607494e-09
-1.034522249838623219e-09
4.456655130680236875e-11
6.329403759546030820e-12
-1.586597611824246713e-12
1.696454500343138720e-13
-6.136685163809016473e-15
-1.265524512999477220e-15
2.833190305952319529e-16
-2.810778322145115166e-17
7.455838635194446254e-19
8.875369555903600202e-03
-1.562953311762836986e-02
1.078866390168678122e-02
-5.956553230952308341e-03
2.675124837157517432e-03
-9.818899257282131653e-04
2.877312728958964188e-04
-5.987660715716600903e-05
2.846100923306422865e-06
5.259802959147821923e-06
-3.620974818889617170e-06
1.675404967015579476e-06
-6.474616952184416541e-07
2.212499915620076241e-07
-6.761081899648961846e-08
1.803143821070669350e-08
-3.744381697329564410e-09
1.872315318991531786e-10
2.061991964730560853e-10
7.531971944117938886e-07
-1.397605160736721145e-06
1.113075650851973434e-06
-7.541254123639691810e-07
4.268619049369850638e-07
-1.949778013913633743e-07
6.668686358316385339e-08
-1.357945567165465458e-08
-6.196795181491415100e-10
1.435774102059680718e-09
-3.088096087382779522e-10
-9.122834868621437389e-11
5.245227231982443708e-11
4.290173526680873515e-12
-7.448860940560798856e-12
-8.545596298845775067e-14
1.135021923085729019e-12
-6.759626545773639423e-15
-1.766379334709838422e-13
7.727693128750962037e-01
5.743939215054922617e-05
-9.074676022496329335e-09
1.489724375743902486e-12
-2.503134213592921367e-16
4.426171834049393062e-20
-1.033743014139336344e-21
-2.359951659835900825e-22
4.005055831994185546e-22
-8.468481063406548847e-23
7.944451822306104471e-01
2.662738552646585349e-02
4.170546950397507890e-03
-8.635032412987804929e-04
-6.069303585378557069e-06
1.784288963456644330e-05
-1.474744039977854668e-06
-2.326901363949941130e-07
5.181966343983103485e-08
9.096570046367965597e-11
-1.100158184083312587e-09
1.006710302428174340e-10
1.404575924862853666e-11
-3.481765859770713985e-12
2.616431592369423076e-14
7.288086984777802550e-14
-7.510864755883136751e-15
-8.764791829131558851e-16
2.482773820394740883e-16
8.572613004047969776e-01
3.107807564893972502e-02
-1.912955348511758986e-03
-7.804103287202257533e-05
3.650444822535588743e-05
-4.678078205155661546e-06
2.615196900210551370e-07
1.885065894405877277e-08
-6.306704125845823835e-09
7.553659253796210921e-10
-3.865821512173409874e-11
-3.660473643258874371e-12
1.098382289665227162e-12
-1.294150502034282322e-13
6.409896673877546477e-15
6.863936852111342077e-16
-1.980737091084879823e-16
2.299223723230876879e-17
-1.106938779203803867e-18
9.468089799652028571e-01
3.902683692268797688e-02
-1.409972055880178397e-02
4.955016508707767338e-03
-1.662427335861246325e-03
5.172850364270066255e-04
-1.416736459522289452e-04
2.984870789442903852e-05
-1.895464260335563168e-06
-2.587481607461118051e-06
1.985386645220438443e-06
-9.991707715078378199e-07
4.154999989910203171e-07
-1.513132917347963931e-07
4.894109469119012617e-08
-1.383780863539071714e-08
3.152482460364336306e-09
-3.364745099643137820e-10
-8.474410704082265121e-11
9.876775145305882742e-01
1.228440725499842755e-02
3.796054909184288552e-05
1.173003803748692276e-07
3.647716058257057367e-10
-4.565214210457471651e-13
9.939926859690944967e-13
-5.629479526738451413e-13
2.862434821974832792e-13
-1.280093762454564946e-13
4.893799915495421037e-14
-1.513925318044155803e-14
3.289970655274875006e-15
-2.054277504992972363e-16
-1.921028382761834544e-16
8.735875833848935808e-17
-1.155778272251005000e-17
-5.271535514366116615e-18
2.631152984130137863e-18
1.119606739575390808e+00
-2.941972911008832147e-05
4.430880610363770804e-09
-7.003594417885235756e-13
1.153667555034737900e-16
-2.044306268259125223e-20
5.101889458719266579e-22
1.719235004979853103e-22
-1.940430826187019214e-22
2.445825436314432117e-24
1.108391908255222047e+00
-1.380915201875023389e-02
-2.205930716747264014e-03
4.320248285683042275e-04
5.013688239773840157e-06
-8.678826695282251477e-06
6.616867862152856847e-07
1.118098739721727040e-07
-2.346171240173912364e-08
-8.683409216625674623e-11
4.926988626115305340e-10
-4.570366383930772906e-11
-5.996330551826744444e-12
1.578917084677048489e-12
-2.771134016514852075e-14
-3.203342377186668855e-14
3.902246625298177264e-15
3.260984446471581441e-16
-1.229200481970032543e-16
1.075316555015461306e+00
-1.659174071044848195e-02
9.709970026229867079e-04
5.133223806815897963e-05
-1.963742226502986977e-05
2.298566917814824157e-06
-1.044351057625212066e-07
-1.210205060853531545e-08
3.095098975037180401e-09
-3.269299808272250642e-10
1.277606831348956322e-11
2.027513691490783170e-12
-4.782418392721635183e-13
5.070805205238717012e-14
-2.108295987213988909e-15
-3.010983825916721917e-16
7.557894075114577941e-17
-8.443698953292080149e-18
4.236675021296024124e-19
1.027493474553357933e+00
-2.064458349876015925e-02
7.603975587299410289e-03
-2.708292772346753557e-03
9.130032635183011605e-04
-2.817668780655910202e-04
7.472477114560097295e-05
-1.415839630419979133e-05
-1.551961895901110257e-07
1.933109856820706671e-06
-1.266198980524695990e-06
5.928725440005120360e-07
-2.321038958858832396e-07
7.915273058678850048e-08
-2.354022133881553008e-08
5.852179980916939493e-09
-9.920029941181546297e-10
-1.038521017137115045e-10
1.296946764491707870e-10
1.006218654811732449e+00
-6.218654810118885712e-03
-2.983577063124844900e-12
2.439046778730467785e-12
-1.833394347195393053e-12
1.262552748369855698e-12
-7.922940085079149323e-13
4.496095067907054668e-13
-2.281435742983676926e-13
1.017375670640423473e-13
-3.873039194037472615e-14
1.189600515421168725e-14
-2.542960811972670210e-15
1.366064361694780741e-16
1.587721013685731952e-16
-6.945031795349176993e-17
8.569921785978519847e-18
4.397779954877597212e-18
-2.102504706677974458e-18
8.897584821954215295e-01
