4.727309994727677545e-01
4.980286575290075457e-01
5.200471696352312323e-01
5.393044644525842868e-01
5.561960863901551644e-01
5.710337338366411331e-01
5.840691355056982781e-01
5.955095585272801584e-01
6.055282804369682692e-01
6.142718946377883071e-01
6.218655499675652676e-01
6.284168001404561998e-01
6.340184937455235481e-01
6.387509882981343701e-01
6.426838800097154358e-01
6.458773818103500375e-01
6.483834422674366049e-01
6.502466722708629687e-01
6.515051262742520555e-01
6.521909731968449364e-01
6.523310818224467011e-01
6.519475392971141314e-01
6.510581164426920697e-01
6.496766902440597180e-01
6.478136315018552249e-01
6.454761640684129054e-01
6.426687010556784152e-01
6.393931628713966919e-01
6.356492817546915974e-01
6.314348976434145388e-01
6.267462507640786384e-01
6.215782773106264258e-01
6.159249161259107153e-01
6.097794364339861328e-01
6.031347995462991163e-01
5.959840703839156539e-01
5.883208976650745603e-01
5.801400831195102636e-01
5.714382595027348577e-01
5.622146939568203328e-01
5.524722292229284903e-01
5.422183764409718165e-01
5.314665921210355304e-01
5.202378259511442060e-01
