2.581536737282079386e-02
2.922365474986204567e-02
3.247627255394076179e-02
3.561388813364296108e-02
3.864676971538626854e-02
4.155655654018226841e-02
4.434451350522020802e-02
4.703796403385773761e-02
4.958257661901031843e-02
5.216074442639127146e-02
5.462902218227962126e-02
5.708382202745093670e-02
5.966337852539690956e-02
6.201616816211653199e-02
6.463305494520549255e-02
6.713126810580070936e-02
6.967157538641283177e-02
7.222982748372822059e-02
7.477626258439890039e-02
7.727620881294092192e-02
7.997914379492043757e-02
8.274038015321627526e-02
8.545862047275197548e-02
8.818324315417021275e-02
9.093409036353361508e-02
9.369057497238031385e-02
9.648027409473437788e-02
9.923376145786280689e-02
1.019801901699076141e-01
1.047571595402532613e-01
1.074309197895103596e-01
1.100965101607426083e-01
1.127378008687795058e-01
1.152698097568764651e-01
1.178069608479438146e-01
1.201916604412557460e-01
1.224709069557471525e-01
1.246228385143238748e-01
1.266244867690191622e-01
1.284518274613422606e-01
1.300798670000675172e-01
1.314827764464148174e-01
1.326340867307484739e-01
1.335069631188204042e-01
1.340745870769970705e-01
1.343106993566149099e-01
1.340953717955649938e-01
