3.812263807155908957e-01
-6.215940057088961907e-04
3.941260857156782365e-07
-1.954194329105459853e-10
4.826244814344930247e-14
3.262249202313207454e-17
-8.994094029592052654e-18
3.710880259578678872e-19
-1.257350738877523186e-18
3.371859248507328799e-18
2.418721340788464458e-01
-1.496684836796260132e-01
1.825841987453429276e-03
1.028577449165516203e-02
-2.726248042643974849e-03
-2.712309334013973965e-05
1.901243036631846696e-04
-4.138869486965816212e-05
-3.963826664488628969e-06
3.712809209131251250e-06
-4.675660739471904569e-07
-1.848253959533507419e-07
7.376613232287089649e-08
-9.015829734355744214e-11
-6.186303373116514160e-09
1.359870882762881857e-09
2.274047436310319096e-10
-1.581993015336838878e-10
1.787590207979711863e-11
5.025756110649650527e-02
-4.071104486707127074e-02
9.131851632036908778e-03
-1.434276126374350391e-03
1.654076180333491992e-04
-1.114349298398332369e-05
-8.412913026987361091e-07
5.017531080804914774e-07
-1.201702114948368805e-07
2.140594478195115942e-08
-3.027312069194239520e-09
3.127650617151108308e-10
-1.080776799583714426e-11
-5.108593814707503045e-12
1.758955005567499208e-12
-3.722469751934251344e-13
6.065426585871204668e-14
-7.527640299348125706e-15
5.530008825250740934e-16
2.759208894470712315e-03
-5.070644565477880686e-03
3.952351096332701146e-03
-2.644493532648601371e-03
1.542645276569541181e-03
-7.978169338591035650e-04
3.719916927892628704e-04
-1.589321956574483346e-04
6.319051302300992081e-05
-2.371768522105218105e-05
8.510225570836377765e-06
-2.948474126089648454e-06
9.926521214987866826e-07
-3.252566011597155207e-07
1.032443160299410689e-07
-3.130214476945475891e-08
8.768957169297449749e-09
-2.151119839294334311e-09
3.776329215380651090e-10
1.299397842743614343e-08
-2.444551445890950702e-08
2.031542261671146967e-08
-1.484468680163459757e-08
9.451821123219466110e-09
-5.163724658913387947e-09
2.356517418699075401e-09
-8.530611550711651657e-10
2.157217857188750589e-10
-2.007133358646163742e-11
-1.085518058824801254e-11
5.035298058560776752e-12
-2.428895811895741620e-13
-4.761397884252101053e-13
1.178223106230751065e-13
3.811363560744897668e-14
-2.019486275603973726e-14
-2.725161281956598349e-15
2.932307195985563201e-15
6.906768381735302054e-01
3.376187946086979920e-04
-2.361659730509181481e-07
1.619984098608779753e-10
-1.024800766681200083e-13
5.372189267618312734e-17
2.461883937889214664e-19
2.691665084144288567e-18
2.258694591030840427e-19
-2.051502510103981381e-18
7.670090828699734908e-01
8.285410753483661572e-02
4.582271776443032005e-04
-5.075042845288881520e-03
1.389367930503182611e-03
-4.498378759750778030e-05
-8.353742031871090395e-05
2.583767180546349312e-05
-9.952875250995970811e-07
-1.563933782416870769e-06
4.651806121728322921e-07
-3.586559850612465229e-09
-3.209264408315359559e-08
7.664983727207476721e-09
5.822248930613621004e-10
-6.825657149423002132e-10
1.036798677795239894e-10
3.022611198835442130e-11
-1.400385674565711297e-11
8.867351624225072726e-01
3.464784260556739992e-02
-4.889132727744424645e-03
6.051236665706383666e-04
-5.972128741874632767e-05
3.113493592940494956e-06
4.600940024186224738e-07
-1.956340045025720220e-07
4.375225733595211286e-08
-7.695954495764405409e-09
1.133010484492685983e-09
-1.354889998570776722e-10
1.071805870564046556e-11
3.416108053781769853e-13
-3.773115408103853577e-13
1.017064665840316519e-13
-1.992450128484561203e-14
3.194251996976669895e-15
-3.975470340143282213e-16
9.622205112934631988e-01
2.829639711541490771e-02
-1.058859197079477926e-02
3.956264421813143577e-03
-1.474174836706900783e-03
5.468341996942293086e-04
-2.014466265849662130e-04
7.347811930419716740e-05
-2.644389271295554043e-05
9.353035313113227710e-06
-3.236945521589172126e-06
1.090597923018812570e-06
-3.554078690183905972e-07
1.109739743154789928e-07
-3.266653887159315287e-08
8.758112659440503226e-09
-1.928429156404565696e-09
1.710718896588546395e-10
7.198062658423755611e-11
9.913863334172207109e-01
8.595077728975868830e-03
1.854873784583788745e-05
4.002938458153442448e-08
8.638636695801062046e-11
1.861699423642689819e-13
5.799932842742076207e-16
-1.132856179937031870e-16
6.777860940100086070e-17
-3.695714103235291019e-17
1.834820204020810295e-17
-8.190437805815524034e-18
3.224455979659667574e-18
-1.083134669215553672e-18
2.899866902884214110e-19
-5.068718282006326962e-20
-5.776879142922381698e-22
4.460015014272352443e-21
-1.543039898985813559e-21
1.149834646045980291e+00
-1.247525807974349948e-04
6.517620089673898298e-08
-3.807591441648440379e-11
2.771468603093475899e-14
-2.612490534947901140e-17
3.251228792180569314e-18
-3.521600908986882610e-18
8.040900317050952473e-19
8.118683649988670135e-19
1.117293617698094765e+00
-3.659966672732387766e-02
-1.692266270413335600e-03
2.162366517922718369e-03
-3.864231013544452867e-04
-2.866887902920682948e-05
2.586467955952426168e-05
-3.893000101413186147e-06
-4.337378082573772154e-07
2.383369065841999490e-07
-2.401693909503793677e-08
-5.274825858385026051e-10
-1.175989045821063793e-09
2.138894606395586490e-10
3.189072666735344494e-10
-1.580837283389933155e-10
8.543099694946233063e-12
1.672106327867657762e-11
-5.846243594282886262e-12
1.059442339023024093e+00
-1.850888023200366814e-02
2.527114567205061141e-03
-2.762665352791791634e-04
1.815675146709685205e-05
1.182578200540649087e-06
-6.870992462607004056e-07
1.504952044593238890e-07
-2.376032782404643582e-08
2.814712448265214949e-09
-1.956801391160924977e-10
-1.391889419202137798e-11
8.380027354428148915e-12
-1.916567368302507483e-12
3.121353761544880915e-13
-3.694699786444374561e-14
2.154219170229393926e-15
4.039867460357654718e-16
-1.595520313237371247e-16
1.019370062738794713e+00
-1.477904165286053270e-02
5.629601195864275889e-03
-2.138283871658038220e-03
8.081303523480638145e-04
-3.029664263032225396e-04
1.122134426781889506e-04
-4.085542588756306407e-05
1.453430446558217116e-05
-5.015604943177926606e-06
1.663358534085099881e-06
-5.230170562308713719e-07
1.523517360907214988e-07
-3.911814787630353112e-08
7.594414705871910208e-09
-1.606950311929710061e-10
-9.763097250688524747e-10
8.682154818287335378e-10
-3.717654735062579707e-10
1.004334819790714040e+00
-4.334819790713635365e-03
-6.239858495840926774e-16
5.304458498099581116e-16
-4.218198920286694031e-16
3.132170673466698207e-16
-2.166200816201185166e-16
1.390554667128383634e-16
-8.247001422609567249e-17
4.490494788168473113e-17
-2.225295038627241049e-17
9.909679149691690798e-18
-3.888321187214339816e-18
1.299535777350268820e-18
-3.449220585868007883e-19
5.886605169268876078e-20
1.593239476584927814e-21
-5.546522362282761400e-21
1.827135603277538751e-21
8.317112093048000254e-01
