6.256720715913730579e-01
-2.352977740783406425e-03
3.256085755390973616e-06
-6.726809441993986121e-09
3.483974292306574033e-11
-1.999075644894142410e-13
1.031433409442331010e-15
7.132706365462302227e-18
-2.382335821692650105e-17
8.332480568681372412e-18
2.996916703236705559e-01
-3.016702875216289992e-01
5.430761056161465677e-02
1.617333231427701273e-02
-1.372751145918806211e-02
3.499273876036479262e-03
3.867345250756429732e-04
-5.878788157784702864e-04
1.492132239188342490e-04
3.584948097805510861e-05
-3.604928195524930936e-05
6.511801629284291299e-06
4.415354446198648955e-06
-3.201837241220822211e-06
5.512551138444161795e-07
3.905180284669247141e-07
-2.891562300273386361e-07
3.858534124259630818e-08
2.629934443475154834e-08
2.344711349931817915e-02
-2.483327656351581175e-02
7.751933134808509755e-03
-1.789428514371367573e-03
3.414485677070665790e-04
-5.723767509816398401e-05
8.652754556229833374e-06
-1.169654663788269582e-06
1.322386594056523677e-07
-9.172135572953701539e-09
-9.200607624070363352e-10
5.885658456682567427e-10
-1.699315711099531223e-10
3.913378333036930406e-11
-7.939429089544363258e-12
1.463098948590736566e-12
-2.462063834182691922e-13
3.781732790361242908e-14
-4.864728325307844264e-15
6.563058876476963793e-04
-1.235804882991999032e-03
1.033119294259543909e-03
-7.706678161174897223e-04
5.166995306195971104e-04
-3.140820271342242625e-04
1.747461801751447796e-04
-8.986984349139356964e-05
4.314955192191840199e-05
-1.953274842921499095e-05
8.416347840790173426e-06
-3.483419323186383538e-06
1.396558784332210017e-06
-5.464371890725991761e-07
2.100386571041401520e-07
-7.986625181790450913e-08
3.056345854818574166e-08
-1.292913275480172353e-08
4.222856752005548853e-09
-2.250489701451702501e-10
4.292599371458934459e-10
-3.720904378524948901e-10
2.924969848122360845e-10
-2.076809858323619107e-10
1.323517837385466224e-10
-7.497879147104539518e-11
3.720064328923397088e-11
-1.577450457799507327e-11
5.465805195877924917e-12
-1.395768069908621660e-12
1.730882651895668608e-13
4.542546765542159070e-14
-2.993376413025123084e-14
4.974486678728177056e-15
1.546189229509092180e-15
-9.019949330203474335e-16
8.133402335185392383e-18
9.698409588717707365e-17
4.176850156878275100e-01
1.918168677537302131e-03
-4.125111853070457275e-06
1.000435069125920305e-08
-2.957500126374127722e-11
1.042335226903226090e-13
-4.340327970136037127e-16
-2.588185617056703121e-18
5.688552630111329603e-18
4.337115186290404309e-18
6.462177293067074002e-01
2.096597490556172116e-01
-3.464672293206406267e-02
-6.820334528092225276e-03
7.773276275620155142e-03
-2.987522298608223919e-03
4.467821760110097552e-04
1.715476474794447911e-04
-1.344162011114142196e-04
3.830946337233623084e-05
-6.555699551492498346e-07
-3.665798518583759901e-06
1.205538405508462038e-06
1.850079141528527967e-08
-9.077452529492701358e-08
-2.274883560364078381e-08
3.814749994104258732e-08
-6.805006054869569912e-09
-4.249986504156950512e-09
8.694119337243184642e-01
4.179552736964863707e-02
-6.658796459607052749e-03
1.050696194183491821e-03
-1.629701718591372930e-04
2.460564680148997403e-05
-3.569424298639143027e-06
4.876240925258301547e-07
-6.034885618788775023e-08
6.110274591677589087e-09
-2.960258979514554144e-10
-7.884372583130956947e-11
3.512787266946865594e-11
-9.472220262701306147e-12
2.141400735208701388e-12
-4.373910932019305356e-13
8.288905891447980358e-14
-1.507115483864676225e-14
2.424763394694626186e-15
9.568963000215072734e-01
3.221600998172368530e-02
-1.203918169331441232e-02
4.499026031187541852e-03
-1.681250229108211154e-03
6.282478183771225428e-04
-2.347475359756573236e-04
8.770414826618361790e-05
-3.276067557343042723e-05
1.223337189715474579e-05
-4.565885704489307645e-06
1.702898227613799099e-06
-6.344683749911942168e-07
2.360726349331774105e-07
-8.770358811903772568e-08
3.257655540006699008e-08
-1.225392108144653547e-08
5.107365968354568553e-09
-1.652452813752174724e-09
9.901498717449416231e-01
9.825812156052332255e-03
2.425607210529215487e-05
5.987871787419965844e-08
1.478170430276853139e-10
3.649022418449594516e-13
9.007977718165034700e-16
2.226676121168485797e-18
3.646021065403038094e-21
1.554063906065064912e-21
-4.559830268657286927e-22
-4.046635005917018737e-22
-8.166076011639160007e-23
3.568461578338649018e-22
-3.191130843281667979e-22
3.775869174313215056e-23
5.485090945750856724e-23
-3.378732071927494701e-23
8.457451695022426849e-23
1.306902832571161577e+00
-1.012328923912073639e-03
2.908295908839289526e-06
-1.046616067850340642e-08
4.018338242433625921e-11
-1.589004270704887377e-13
6.453562287742894092e-16
2.555122822221159243e-18
-3.993270625853147733e-18
8.577426582564335208e-19
1.190347167305416676e+00
-1.086606544900133864e-01
1.520869901744049957e-02
3.669606807652825865e-03
-3.213894887681463617e-03
1.174669386316884445e-03
-2.813324693743675213e-04
3.511370221509405016e-05
1.592503173912647815e-05
-1.983033416496402890e-05
1.219732776524863965e-05
-4.441756596941033353e-06
3.559546924029606064e-07
6.791037597338198636e-07
-4.694753095152564642e-07
1.421306557174992260e-07
2.338959302812111480e-09
-2.527355998930315896e-08
1.064963400565241980e-08
1.069923559556066772e+00
-2.369713468866667047e-02
3.928057798557505267e-03
-6.262537399468824217e-04
9.415859118328121825e-05
-1.301916995128657471e-05
1.584090747248851082e-06
-1.506507067081974270e-07
5.214223336432761069e-09
2.326677339276115441e-09
-8.541895537449882436e-10
2.020476628248383704e-10
-3.962017383959317265e-11
6.804102802186217415e-12
-1.024770833774653134e-12
1.289694371648427213e-13
-1.097118247761627501e-14
-5.206187310320830903e-16
4.671557732098090100e-16
1.022188766032769758e+00
-1.695005084257644387e-02
6.473750001789625209e-03
-2.472258156355747975e-03
9.439302003959813272e-04
-3.602611430746675771e-04
1.374054428531145343e-04
-5.234998924728837731e-05
1.991132292420691913e-05
-7.554752173106189248e-06
2.856703843421686639e-06
-1.075365527461576523e-06
4.024978559851252171e-07
-1.496000368393428289e-07
5.514994090885799614e-08
-2.016524979991677153e-08
7.388158311480690077e-09
-2.958006980546924369e-09
9.295401852075828096e-10
1.004961681348911506e+00
-4.961681348911651211e-03
-1.249341048975637005e-19
1.102449571897542402e-19
-9.258149459687336434e-20
7.389043858436437302e-20
-5.595408188107454431e-20
4.014981536620535939e-20
-2.725923070573014612e-20
1.747111268421319575e-20
-1.053817620832606239e-20
5.961223024430712074e-21
-3.148766704331878771e-21
1.543340479331879450e-21
-6.958905979293190585e-22
2.853059821312210201e-22
-1.047245958689948206e-22
3.499551496082026250e-23
-8.605851388915198577e-24
6.829286691773978069e-01
