2.667421147321730190e-01
-2.478197644299462974e-04
9.663238253176214650e-08
-3.513206004211355430e-11
1.171768897354932255e-14
-3.385651790331688289e-18
-7.103614892005234900e-22
2.420013734889907135e-22
6.427807039194951824e-22
-1.588170554802782139e-22
1.957530335754765760e-01
-8.149780631001325715e-02
-5.650487058987871923e-03
4.697930413902186297e-03
-5.577154865008411002e-04
-1.073766368137700207e-04
4.173188000511051363e-05
-2.261727349875947564e-06
-1.402460479193704593e-06
3.114686912117330761e-07
1.245490535674326251e-08
-1.488534254050624110e-08
1.530235798529299947e-09
4.342236740512947255e-10
-1.228545166537806701e-10
-4.022106721249484587e-12
6.204683438730494712e-12
-5.150439535814624903e-13
-2.394156627256126275e-13
6.362126469532650153e-02
-4.146505926265953851e-02
6.908296153008512512e-03
-6.779999572351796695e-04
1.574435370989983029e-05
9.493302399286286271e-06
-2.483316918960807017e-06
3.887139922920750853e-07
-4.094943250398185440e-08
1.686050661453153499e-09
4.490043581387905629e-10
-1.414574553355994074e-10
2.409438017281307367e-11
-2.726235616703391585e-12
1.350320670197315634e-13
2.623741608222489244e-14
-9.156742158152541574e-15
1.628501197513290252e-15
-1.879715707425689339e-16
5.007250484513404640e-03
-9.014227221768783549e-03
6.631673612032219431e-03
-4.065251793939381013e-03
2.123596975967358309e-03
-9.662440462174253951e-04
3.906432993591359300e-04
-1.427652567538948575e-04
4.779806943141660849e-05
-1.476175465631802668e-05
4.181869726422071663e-06
-1.049823015308920795e-06
2.048900999304922339e-07
-9.392243527475302529e-09
-2.038474846461795591e-08
1.610382927378314575e-08
-9.192380658458001435e-09
5.146234664174211863e-09
-1.915221900569271194e-09
1.592953122358708212e-07
-2.968417994479732439e-07
2.395544867791543920e-07
-1.662044855423328917e-07
9.770392329881944415e-08
-4.737855920112917636e-08
1.797196966012184336e-08
-4.668179704650653640e-09
4.083274348089179951e-10
2.603036095478477471e-10
-1.100475553497689676e-10
-8.837805966323423847e-13
1.233930470962259250e-11
-1.832341325564539260e-12
-1.331625261822173494e-12
3.614433679239779135e-13
1.701593061703590843e-13
-4.911701977075302925e-14
-2.561006745980351181e-14
7.728399575590152448e-01
1.280452898497153806e-04
-4.784372186075333438e-08
1.865681683752674913e-11
-7.242457053860756553e-15
2.733474378901430366e-18
-9.715915121446944850e-22
2.561839975496612332e-22
5.537284423855741590e-23
-2.705523858090629049e-22
8.109182340331966277e-01
4.424594130861419367e-02
3.812760944647981039e-03
-2.290910878228691761e-03
2.598925200295807152e-04
4.746830250262436322e-05
-1.965914031479014100e-05
1.523555285681122501e-06
5.820382929558803743e-07
-1.705090170332218668e-07
4.350595909804435095e-09
6.755934978534860177e-09
-1.338170484962427111e-09
-7.422419150484127755e-11
7.081021658534132680e-11
-8.027614522957853180e-12
-1.847381368311520294e-12
5.996872619274180244e-13
-8.303344444369313332e-15
8.906204000727816483e-01
3.006219535787699182e-02
-3.346865053762390456e-03
2.450560986777070710e-04
3.133816900237236423e-06
-5.009180590955506040e-06
1.075096656478803827e-06
-1.541895499603021483e-07
1.558537807172382670e-08
-6.971848494528968087e-10
-1.406518053160556067e-10
4.761632014629679287e-11
-8.603866904475156165e-12
1.098875286437687810e-12
-8.708211339166109445e-14
-1.989800431975466298e-15
2.338202735285834195e-15
-5.367880889168819868e-16
7.882733839082634392e-17
9.622616209609274884e-01
2.817957273638695831e-02
-1.047537552130439233e-02
3.863220969232254026e-03
-1.405959874685353038e-03
5.013681890476631318e-04
-1.736186920675754245e-04
5.772372598498713594e-05
-1.814275413932809645e-05
5.258781879375673052e-06
-1.336454231213461754e-06
2.560867037744143411e-07
-7.130893715236017042e-09
-2.774991476035825883e-08
2.024761067614433650e-08
-1.062267478999673855e-08
4.944349072789303882e-09
-2.377573209316179424e-09
8.200617421659172772e-10
9.913787014418814492e-01
8.602676721744721353e-03
1.858161363443413934e-05
4.013580913930411536e-08
8.677901302067845744e-11
1.264461399171793940e-13
3.977925308097491602e-14
-2.326515754906552880e-14
1.243999580081708099e-14
-5.945082461225547787e-15
2.491337144971802257e-15
-8.860376239797266797e-16
2.502872283084283798e-16
-4.638079265717985777e-17
-1.484298426553546824e-19
3.815958493696406441e-18
-1.327009596993885245e-18
4.387417653963311119e-20
1.010601695612463991e-19
1.112324529493994740e+00
-5.209981515514793481e-05
1.486596517267509703e-08
-4.299905990776516637e-12
1.251859572894768944e-15
-3.873670581258059099e-19
-5.731780905146098873e-23
2.334956201198618161e-22
1.230659753406920703e-22
-6.176611363020141402e-23
1.095466959109752780e+00
-1.997179264356523098e-02
-2.193350857241268582e-03
9.383830867224370563e-04
-6.224016123433794728e-05
-2.262364772983622516e-05
5.280312647378660049e-06
3.635508576090909979e-08
-1.821837211358158096e-07
2.262385586421855892e-08
3.031663125479832187e-09
-1.061572827503440986e-09
2.828880406690778447e-11
2.492056209946821434e-11
-2.227559007285197032e-12
-3.683441761213766673e-13
-4.810751720466331822e-14
3.101101079315949014e-14
5.791227989854314353e-15
1.056871325365457137e+00
-1.560071891919073174e-02
1.615757146282611242e-03
-8.589300378802990673e-05
-9.211081351462762476e-06
3.382738387144961900e-06
-5.487499511491263654e-07
5.638655065147752702e-08
-2.202155832460860676e-09
-5.521905255873350389e-10
1.600679338535618178e-10
-2.442506748360411625e-11
2.281393487360871118e-12
-2.719509379140108798e-14
-3.895734334187034570e-14
9.187654201396592389e-15
-1.257191836872074103e-15
8.910384464800064366e-17
5.468411268465787433e-18
1.019332146609924550e+00
-1.468716877933769205e-02
5.543969430558322656e-03
-2.069120741046022102e-03
7.580705333677613183e-04
-2.700371704939339020e-04
9.236407112086397102e-05
-2.982188554743450595e-05
8.847742961456332537e-06
-2.284852397910759406e-06
4.361661400401216159e-07
-5.008971949810322236e-09
-5.356551309910700227e-08
3.803811159059605035e-08
-1.959576522584911307e-08
8.774213693793553001e-09
-3.653555752823829005e-09
1.584452055748084565e-09
-5.143404817762066584e-10
1.004338683592182146e+00
-4.338683592118233213e-03
-1.189608741596501362e-13
9.842451852464739972e-14
-7.528347207603694127e-14
5.307625691103753483e-14
-3.434462576855610735e-14
2.027581679204188163e-14
-1.082857998460658297e-14
5.166927578326623449e-15
-2.160525304161171543e-15
7.658476808309573175e-16
-2.150698122209708223e-16
3.924486471712939686e-17
4.619674495394131690e-19
-3.374341870093908783e-18
1.146518860214434804e-18
-2.968856618220135302e-20
-9.024726864501641372e-20
8.795364042685942518e-01
