5.971544518480274011e-01
-1.952692834120622629e-03
1.995353339615207043e-06
-1.636887035282155077e-09
6.120599650216572880e-12
-3.754196479471844674e-14
1.558151788458510531e-16
-3.882619251590992133e-18
1.133827687916392092e-17
-5.691264802865305345e-18
2.972265396355567857e-01
-2.850679948644840311e-01
4.391884286187996284e-02
1.753965572907481910e-02
-1.213603809085464849e-02
2.448939127507032947e-03
5.900564243858742513e-04
-5.043389178870736483e-04
8.775369211263080909e-05
4.250955952536689824e-05
-2.739341417367964634e-05
2.561914207007341192e-06
3.762157458601589273e-06
-1.905120232235648057e-06
8.665029046110940202e-08
3.123241996524688625e-07
-1.474867358686498044e-07
-5.784588061219852576e-09
2.427385339993704073e-08
2.629079795665730315e-02
-2.726844728523420205e-02
8.293950379295532069e-03
-1.861269818550383755e-03
3.441957102254064203e-04
-5.553686930186148383e-05
7.956217560101529087e-06
-9.809224710415470605e-07
8.896222837380706731e-08
-2.702595616135382693e-10
-2.585680448300597805e-09
8.699061037842134170e-10
-2.114053306753116761e-10
4.392676802035496234e-11
-8.164934112787044978e-12
1.369752512362127542e-12
-2.039190862253742072e-13
2.525532976174795737e-14
-2.065338292660013002e-15
7.862068777304779404e-04
-1.477774463074013438e-03
1.229018330770134280e-03
-9.093241391414974605e-04
6.031919175968360712e-04
-3.620691250789994232e-04
1.986496073056645128e-04
-1.006574459882070944e-04
4.759738120369532414e-05
-2.122031846121791350e-05
9.008709775660194655e-06
-3.676158262139829952e-06
1.454400925342363379e-06
-5.621089354302365122e-07
2.136072215793857784e-07
-8.034499417553415867e-08
3.040870691282544737e-08
-1.270674572578606939e-08
4.118003136880797423e-09
-1.842451429760312571e-10
3.510500316114390008e-10
-3.032947596726221811e-10
2.370697339442873728e-10
-1.669294393651038786e-10
1.051655903576346891e-10
-5.866065778971619913e-11
2.849809615749096349e-11
-1.173091420148848783e-11
3.882554302103357840e-12
-9.072007262105121090e-13
7.480849302669514014e-14
4.559417520198435490e-14
-2.134645291108788796e-14
2.055889966639484463e-15
1.571782394624982858e-15
-5.964330984004275752e-16
-5.675891898979282936e-17
7.766255560745608809e-17
4.584736668193709064e-01
1.521856567160768470e-03
-2.652880672072067494e-06
4.818981330320213371e-09
-1.015701101677408901e-11
2.631930650496964103e-14
-8.555006670735608020e-17
-1.902715754628774934e-18
7.303060512632563634e-18
-4.206346073639004926e-18
6.610416025377375826e-01
1.909783322048753118e-01
-2.699493568727699688e-02
-7.955951004054049799e-03
6.894780909018023707e-03
-2.224163986298099971e-03
1.622335635470216464e-04
1.989768475802595994e-04
-1.034339937976128576e-04
1.863335493900223394e-05
4.493569719225297644e-06
-3.569694479317329333e-06
6.525785915495332264e-07
1.864701270744319207e-07
-1.052588256258767511e-07
-1.072398386281193540e-08
2.216461781894824040e-08
-1.876093996594069264e-09
-3.475994946166584928e-09
8.710324088088965411e-01
4.125450808634639754e-02
-6.551553883594433622e-03
1.025389664946253689e-03
-1.565570830090216793e-04
2.301336705028231384e-05
-3.196611304386551903e-06
4.058654275190333637e-07
-4.348718669395705770e-08
2.823101128648666642e-09
3.109923797031855540e-10
-1.846654328414255095e-10
5.233672249442751867e-11
-1.200937903026399335e-11
2.456464062873608300e-12
-4.619429384998453041e-13
8.053505545553061111e-14
-1.318413882483128702e-14
1.873400494602296111e-15
9.574380115367496780e-01
3.181986169146876209e-02
-1.189433564097048396e-02
4.446036890412323299e-03
-1.661833623189390213e-03
6.211073472565154007e-04
-2.321034401775794143e-04
8.671337866870383680e-05
-3.238252651696230865e-05
1.208527922650354072e-05
-4.506002710789561357e-06
1.677824734062166916e-06
-6.236195674775773847e-07
2.312530199511451572e-07
-8.552306510458844049e-08
3.157650235816634537e-08
-1.178241913053641834e-08
4.857592098336456472e-09
-1.559860793588143887e-09
9.902763013802200476e-01
9.700003440228094007e-03
2.363743799119245891e-05
5.760085326054661018e-08
1.403645478682195130e-10
3.420471242288325486e-13
8.335169552477833199e-16
2.028442334315716622e-18
6.009747391261699902e-21
6.256178882209463164e-23
-2.342989817918054082e-22
2.245624626131300813e-22
4.863780269839006561e-22
-2.463757169960777038e-22
2.000653711744353643e-23
7.202507677598482568e-23
-1.521102165179828887e-22
-6.981115334905665873e-24
9.668150885994027614e-23
1.277892502012619280e+00
-7.262588580217131662e-04
1.583199609638140117e-06
-4.387506293592717642e-09
1.294588841797808012e-11
-3.835006485305329690e-14
1.171562734741674826e-16
-1.109146754428835793e-18
-2.133594196490973990e-18
1.800789701476895009e-18
1.179472205705705434e+00
-9.523113409374370231e-02
1.027968655239771580e-02
4.261737656591149323e-03
-2.715771175551327885e-03
7.755633804347337925e-04
-1.121065132416148305e-04
-1.154114980536628125e-05
1.909010770209048659e-05
-1.283293575130967035e-05
6.093612763746106655e-06
-1.483498923390494974e-06
-3.573621649022625461e-07
5.119558993569891687e-07
-2.162534468962864846e-07
2.232302205990060948e-08
2.428721326719529195e-08
-1.394024629242379836e-08
2.715708703738668518e-09
1.068940909905474301e+00
-2.327342881050854448e-02
3.819313532542724723e-03
-5.967531044207669520e-04
8.656450666591626022e-05
-1.123985099646726939e-05
1.206857132466149092e-06
-7.802250245793086971e-08
-7.489519994064686699e-09
4.323041311854097879e-09
-1.125498569375931654e-09
2.301392757618051372e-10
-4.043965478295613008e-11
6.179069623531543608e-12
-7.869733489415958937e-13
6.880023716089789651e-14
1.637664087656709905e-15
-2.864243519569509071e-15
8.278347696659428599e-16
1.021901620674627864e+00
-1.673036104548605851e-02
6.389548799053648004e-03
-2.439860726905625395e-03
9.313744311990241904e-04
-3.553345157580573119e-04
1.354348400042838004e-04
-5.154047470133566497e-05
1.956781098257816129e-05
-7.403950404914514207e-06
2.788496529650639118e-06
-1.043857299531667626e-06
3.877899217228557317e-07
-1.427306539286099439e-07
5.196252202489846730e-08
-1.869784433327872814e-08
6.706007827673817713e-09
-2.605745374930055051e-09
8.009217805069016869e-10
1.004897536853485596e+00
-4.897536853485608653e-03
-8.683611765942057586e-20
7.631510665910617797e-20
-6.381309157816612757e-20
5.066408809406164897e-20
-3.810147122858112122e-20
2.710594031749110520e-20
-1.821945157905959035e-20
1.154046770379302139e-20
-6.863451799019482538e-21
3.818376500097044432e-21
-1.978055086315071678e-21
9.472270759182277701e-22
-4.150405145609886415e-22
1.641775710121538300e-22
-5.741253447770832978e-23
1.767804877098178790e-23
-3.949894170623754954e-24
7.010821243448238649e-01
