2.062150257510378948e-01
-1.257087321536603814e-04
3.227191919617702940e-08
-7.968361542266890677e-12
1.903442231059949026e-15
-4.346767724847867033e-19
1.845129143180660176e-21
-1.550348817696746302e-22
-2.958962581460604358e-22
6.492822338804623722e-23
1.644969472489088147e-01
-4.968066837813510384e-02
-5.750525331168532955e-03
2.297357576463267617e-03
-1.056523387632873440e-04
-5.611325695924455502e-05
9.990585134000474522e-06
4.652972804121155134e-07
-3.511447729759868368e-07
2.720094067481580049e-08
7.196514722765388383e-09
-1.595407280215008081e-09
-3.605960212748123000e-11
4.997425755374710248e-11
-4.045429670473284667e-12
-1.048084147188326145e-12
2.169590619662484372e-13
1.133740879262569826e-14
-7.464691158001591294e-15
6.901106881838510454e-02
-3.737942268880194846e-02
4.656635971383446884e-03
-2.131922114110056327e-04
-3.686777509075315427e-05
1.045434559996365407e-05
-1.416846227990648876e-06
1.038470653174517104e-07
3.317582070854687627e-09
-2.413015890912360880e-09
4.204199697852954003e-10
-4.172828100156018921e-11
9.974140454803832833e-13
5.266186049578812135e-13
-1.215737616842067090e-13
1.483401321207660695e-14
-7.971972475699777993e-16
-1.098601750777165105e-16
3.494789616993645697e-17
6.873384603067167996e-03
-1.215045204136940178e-02
8.503846217880865060e-03
-4.836127225346002236e-03
2.295279775304840623e-03
-9.299925962072832326e-04
3.268963065945478409e-04
-1.002003515164464264e-04
2.629193645993806698e-05
-5.378017320924266415e-06
4.416332586476331636e-07
3.512519660897576561e-07
-2.938858731514420839e-07
1.587653493129810576e-07
-7.299182924406563297e-08
3.056843774211555187e-08
-1.205643491192265897e-08
4.912992429624483450e-09
-1.525866743962807847e-09
6.759837876965314134e-07
-1.250855945983298658e-06
9.876783203983399093e-07
-6.589760270175367876e-07
3.640861729598693400e-07
-1.601129846566090292e-07
5.125723326180593801e-08
-8.759791600989815999e-09
-1.248810537027890303e-09
1.157313214043616835e-09
-1.449843641587288367e-10
-1.005820113614366277e-10
3.248986457388637505e-11
9.179684117959796616e-12
-5.118512127882581235e-12
-1.075169548202297114e-12
8.007657997961560487e-13
1.398046042810559430e-13
-1.177970277555344973e-13
8.139644994857221372e-01
6.617891336504236029e-05
-1.548377470164899533e-08
3.835651567049986741e-12
-9.678306752545542393e-16
2.432370494747567659e-19
2.198259098279066520e-22
-3.680230834450434820e-22
1.157105423270301786e-22
1.606097600473715948e-22
8.367548710738165196e-01
2.741536298838668714e-02
3.551940810421678942e-03
-1.125658181175110371e-03
4.400122881675293365e-05
2.616832242377469501e-05
-4.625389447746569917e-06
-1.759889979423134509e-07
1.607774151112872460e-07
-1.530784199526112835e-08
-2.925232477336953357e-09
8.351178180936058532e-10
-1.518821324399840947e-11
-2.358031606437057079e-11
3.335697094515108697e-12
3.162113743623588671e-13
-1.386861135529575920e-13
5.850785007861093459e-15
3.524491212747372565e-15
8.944371480739308211e-01
2.562136758737857539e-02
-2.140225256751893557e-03
4.218621797884158654e-05
2.308692528641896919e-05
-4.946856687903260821e-06
5.907060367358959716e-07
-3.774333497634257505e-08
-1.882021147718760397e-09
9.727292807228155535e-10
-1.629531195865786533e-10
1.659689813399391039e-11
-6.154256820327123491e-13
-1.568468738627743038e-13
4.236078007703561259e-14
-5.898966534145782283e-15
4.624091376682038917e-16
1.134793747832173611e-17
-1.008872704085928017e-17
9.620790080411434353e-01
2.814307950721551058e-02
-1.032909685332359870e-02
3.718291255422398380e-03
-1.297445602510779051e-03
4.318801430961034804e-04
-1.340613919055483403e-04
3.735123366175727622e-05
-8.554642352985821532e-06
1.108285503777259957e-06
3.223040762824687952e-07
-3.563038646008279667e-07
2.007375969851509842e-07
-9.162286271622318913e-08
3.725633672393894377e-08
-1.398702938986972837e-08
4.954246831476140687e-09
-1.792759756932459311e-09
5.125289020989688896e-10
9.913019168512853252e-01
8.679127768598840845e-03
1.891407293427347408e-05
4.121599861344821587e-08
9.180491560613514977e-11
-1.145918440366767013e-12
8.255613025775077249e-13
-4.562859961354530532e-13
2.239369026578488984e-13
-9.555319784824204307e-14
3.419531297587999736e-14
-9.515688163286998946e-15
1.623706415108631043e-15
9.410551722497358825e-17
-1.696853837518919302e-16
4.906281114573622498e-17
4.421022533922570265e-19
-4.793712399664603723e-18
1.272087193243030024e-18
1.093098714634764601e+00
-2.880119480243877497e-05
5.476664606994681245e-09
-1.059786837059267489e-12
2.031632577635109361e-16
-3.846745430801070401e-20
-2.250427075361261909e-22
5.816901849075471366e-22
-2.673262824681174110e-22
-2.055218141555035980e-24
1.082679441215676830e+00
-1.267367020972683805e-02
-1.820578190472180342e-03
4.684484693759583462e-04
-5.743304785363615598e-06
-1.053936684055937573e-05
1.212284306343316062e-06
1.318805478571958200e-07
-4.237870010249822825e-08
9.537112674697544703e-10
9.240092640213367994e-10
-1.079858570172864846e-10
-1.195750260188677250e-11
3.489740988445128769e-12
-1.533215992752832548e-14
-7.293383288241278076e-14
4.985906667383919911e-15
1.044619994535620662e-15
-9.366406392045283456e-17
1.054575550493219271e+00
-1.309436884282904646e-02
9.899249983964866773e-04
3.970311790354770131e-06
-1.452861299183240248e-05
2.462601852358163101e-06
-2.208978072640290488e-07
3.046623526725987474e-09
2.713128507546004412e-09
-5.293721860805563912e-10
5.382298955481539639e-11
-1.559980870002040325e-12
-5.566038039231642086e-13
1.256335875588945041e-13
-1.396727344723252096e-14
5.163523575714833886e-16
1.340809211028557557e-16
-3.331437533325692135e-17
3.854137812336939502e-18
1.019409052087317802e+00
-1.463704670911738885e-02
5.441134523407391461e-03
-1.973458956140974104e-03
6.882454768502845001e-04
-2.261818075061328105e-04
6.790784908671510770e-05
-1.753658963436990377e-05
3.245856369690093981e-06
4.160777435152925954e-08
-4.426310141202048404e-07
2.941510444531373734e-07
-1.429087990196133505e-07
5.963081323016128128e-08
-2.244871947213215576e-08
7.757142229332699919e-09
-2.464404730199208323e-09
7.445908048476956576e-10
-1.772993919478142695e-10
1.004377577500728869e+00
-4.377577499367105510e-03
-2.509844242157554499e-12
2.034890872136924463e-12
-1.511429285050133309e-12
1.024228475170481699e-12
-6.294305621659737214e-13
3.477139767862002662e-13
-1.704160923704699743e-13
7.257319951835989358e-14
-2.589251100976285714e-14
7.164868672985280259e-15
-1.202639592917564418e-15
-8.155259673200682204e-17
1.305695388560987634e-16
-3.694925562203223729e-17
-6.309950568246535164e-19
3.698188353043718575e-18
-9.555413393077212789e-19
9.024613953507837349e-01
