7.191947106575835580e-01
-5.683701169474875310e-03
3.629938665463045867e-05
-4.133171008682341951e-07
5.596881995299987086e-09
-7.828598920100771931e-11
1.113729637705872990e-12
-1.609384838312645031e-14
2.357982143854013595e-16
-3.526016651101394495e-18
2.965985377065863404e-01
-3.423247417408025184e-01
9.688663723171049569e-02
-7.454039744785918463e-04
-1.378315774416598825e-02
7.366114982162288993e-03
-1.909439200635024408e-03
3.884213389870900667e-05
1.415191364990750619e-04
-5.025209388323154439e-06
-4.707932845323580868e-05
2.789999766774482637e-05
-1.868680909633756500e-06
-8.395776663279757077e-06
7.399773931539340029e-06
-3.538031392470388098e-06
8.046276748288743664e-07
3.788931824186321394e-07
-3.211706960966818694e-07
1.651943120087404765e-02
-1.807086014486217196e-02
5.879687673933805224e-03
-1.421764003227609643e-03
2.861322633075439313e-04
-5.124753609792808654e-05
8.491666516458763663e-06
-1.324778538108763767e-06
1.945560098307300692e-07
-2.639704395687140061e-08
3.140983953570414749e-09
-2.763374533622336046e-10
-1.127486499173489123e-13
8.247730438501745899e-12
-2.772497787945225608e-12
6.871543067091022209e-13
-1.485916245769666677e-13
3.044788836099487403e-14
-5.457890732275446298e-15
4.154999896187974457e-04
-7.844248252488034666e-04
6.608029406263225391e-04
-4.989499396996760873e-04
3.398811764886973483e-04
-2.105336324717627865e-04
1.196276440933471779e-04
-6.292563948680453192e-05
3.092692448087858425e-05
-1.433400330888758977e-05
6.321776098326429227e-06
-2.676159149743380506e-06
1.096231570048135129e-06
-4.377292362790440699e-07
1.715163627673919466e-07
-6.643767114977452311e-08
2.591065783420659474e-08
-1.119187015410073898e-08
3.703304166794844272e-09
-2.150108635217909618e-10
4.107733237917868007e-10
-3.578126381291676268e-10
2.836451019822431988e-10
-2.038901604576674218e-10
1.321517256740220325e-10
-7.658141397260784699e-11
3.917011217911231856e-11
-1.732450506808144686e-11
6.392255371160169257e-12
-1.825309471510874350e-12
3.198126027360509979e-13
1.601174837773684661e-14
-3.191852017790849880e-14
8.771958653102141179e-15
4.752725284126545479e-16
-1.003863637285629654e-15
1.490311492131822621e-16
7.339287234385896973e-17
2.968035530697840652e-01
4.573850286478644590e-03
-2.610313930646598424e-05
2.077419703962579793e-07
-2.048521319718019880e-09
2.272489568910836644e-11
-2.704260565249387355e-13
3.376444943131883495e-15
-4.368959361805442255e-17
5.860637699616174187e-19
6.203900080933967276e-01
2.636431823099788518e-01
-6.667748872335529930e-02
4.301765010988935385e-03
7.413755740292567002e-03
-5.390317996801924361e-03
2.261476281996566400e-03
-6.003301997933204988e-04
4.316472590429267127e-05
5.544757212565597324e-05
-3.910435203038606003e-05
1.789128718535836155e-05
-7.658061002039455841e-06
3.517817040485229170e-06
-1.533128263327671642e-06
4.394749378214537361e-07
8.266820056740399231e-08
-2.576851475651135402e-07
1.402782376532031620e-07
8.737336284435820444e-01
4.057043887246411518e-02
-6.510512301154196615e-03
1.041817865394403927e-03
-1.657695100950118481e-04
2.612525411259384290e-05
-4.058767933826114238e-06
6.180856720873219711e-07
-9.159766245234713473e-08
1.307107978709279681e-08
-1.764060100856371648e-09
2.171223229200367852e-10
-2.216293116802881647e-11
1.180175453979283123e-12
2.451828973441811727e-13
-1.168009193437999304e-13
3.221710924974873395e-14
-7.745483923620226930e-15
1.553646045638554340e-15
9.583991688555598687e-01
3.111688393180282730e-02
-1.163750765419694841e-02
4.352352733099358433e-03
-1.627753098334185208e-03
6.087701403296333445e-04
-2.276764923468354814e-04
8.514944808785247473e-05
-3.184499127982714573e-05
1.190938952697915418e-05
-4.453637173477205734e-06
1.665318061683288713e-06
-6.225981552477549738e-07
2.327122152979837410e-07
-8.697444734254584334e-08
3.256155577116178197e-08
-1.238004599095574329e-08
5.235986769929834523e-09
-1.711220436169525424e-09
9.905005450310642168e-01
9.476840899075918145e-03
2.256023559707680796e-05
5.370610687844729359e-08
1.278508774088404143e-10
3.043573363517090808e-13
7.245314154833992732e-16
1.732824475447143164e-18
-1.466982975679295543e-21
3.615258828512329791e-21
-2.160760852796849580e-21
1.248781588702148693e-21
-6.817385430821967238e-22
3.644449063624928831e-22
-1.527178426710026832e-22
4.625867964062535832e-23
-4.693783585401257487e-23
1.810716518108751812e-23
6.462499085956126277e-24
1.412540026421038153e+00
-3.525572613575357443e-03
3.014556180758107466e-05
-3.224034239105377115e-07
3.810455471936236228e-09
-4.798989500991395155e-11
6.318037610097355200e-13
-8.585001610206639133e-15
1.194519903756423842e-16
-1.707347975472916832e-18
1.215569347471178396e+00
-1.551671392427532437e-01
4.063369081188230453e-02
-4.832471711257706019e-03
-2.436226180954446843e-03
2.373887341135149515e-03
-1.375312382829007923e-03
6.686064352265652655e-04
-2.739579065969374619e-04
7.883744533204987308e-05
5.117215200165934288e-08
-1.965953848269799245e-05
1.634738714602120561e-05
-8.761820791307011586e-06
3.390667260963427371e-06
-8.096126019987862254e-07
-9.289228551809421089e-08
3.064643611630917965e-07
-1.616578505035032929e-07
1.067541641039631006e+00
-2.303770663328433971e-02
3.885935303289412331e-03
-6.426467431196906466e-04
1.032379251525764562e-04
-1.597019366623878505e-05
2.358193557587023010e-06
-3.286018335900966693e-07
4.235323939265040995e-08
-4.832634580367373059e-09
4.289959927165778582e-10
-1.124873173044225759e-11
-7.209141959899750917e-12
2.470594948857163860e-12
-5.695770584976517732e-13
1.104720425166290142e-13
-1.898831732212611874e-14
2.947787026979841552e-15
-3.831422918742271936e-16
1.021393972320469468e+00
-1.634330459792763743e-02
6.242363200908993340e-03
-2.384182810430049339e-03
9.105277911767673893e-04
-3.476787679684237450e-04
1.327218489560251134e-04
-5.064147134337705365e-05
1.930881130996320685e-05
-7.354212873484706385e-06
2.796750431682288773e-06
-1.061394636745305282e-06
4.017428630490040908e-07
-1.515676868967674630e-07
5.697452540707910091e-08
-2.136472387921223593e-08
8.096192129193523423e-09
-3.395646234438069568e-09
1.102794645848793793e-09
1.004783879528195589e+00
-4.783879528195664720e-03
-1.076896515865146002e-19
9.553895146007982815e-20
-8.073990120022233956e-20
6.495081426023350263e-20
-4.968788562494465811e-20
3.610317313580223109e-20
-2.487632078257529699e-20
1.622250977642920211e-20
-9.987872010557170610e-21
5.787745499816440963e-21
-3.144286959882378385e-21
1.593302832254861452e-21
-7.479621740533299122e-22
3.223169229531937962e-22
-1.264155624050189136e-22
4.689519893350597412e-23
-1.281579911381283612e-23
6.522611487363653149e-01
