6.544455425596693576e-01
-2.951949188350694135e-03
6.237342749116032865e-06
-2.498442779251215725e-08
1.667772381426979743e-10
-1.143995037274874936e-12
7.503967483727356728e-15
-4.851013234523934397e-17
2.819858038337703613e-19
2.230767046760816030e-20
3.003977595289078484e-01
-3.168369968291225858e-01
6.642933857836363920e-02
1.311933050893831013e-02
-1.491155147192674973e-02
4.806124032964166279e-03
-7.115637036463030255e-05
-5.865597870775420908e-04
2.148285199064824461e-04
1.479656082358432462e-05
-4.096696251905804822e-05
1.178789936850798225e-05
4.303422544508620198e-06
-4.954013896925921288e-06
1.639778183810659774e-06
2.085149917000645039e-07
-4.485317562215736256e-07
1.816460119813671293e-07
-2.206305765537941008e-08
2.085894910272180491e-02
-2.245128055258660549e-02
7.151886645588121684e-03
-1.687931347800329706e-03
3.301267465083776594e-04
-5.701338847447380548e-05
8.977134455410861098e-06
-1.294596970601427147e-06
1.660973853855040986e-07
-1.704034108200060307e-08
7.313199041137450477e-10
2.705356663450251464e-10
-1.137763269769506118e-10
3.019698052128547189e-11
-6.720289330056840486e-12
1.343303982558534517e-12
-2.469317974763621897e-13
4.287922861292761532e-14
-6.516705618079627917e-15
5.537949032006715113e-04
-1.044180164494273042e-03
8.763490936616780309e-04
-6.577932972730109445e-04
4.446147336677145484e-04
-2.728737838936893547e-04
1.534524546270454491e-04
-7.982487952352158584e-05
3.878089816465172038e-05
-1.776410608334832455e-05
7.743565099478707861e-06
-3.240846132865099323e-06
1.313027566217515742e-06
-5.188126261234925017e-07
2.012496721882396062e-07
-7.719084514718465331e-08
2.979886391749615934e-08
-1.272637668242417577e-08
4.181402455686121019e-09
-2.363717239452949986e-10
4.512282527237633399e-10
-3.921138970200805568e-10
3.095655053892358150e-10
-2.211910603806471457e-10
1.421899665889962771e-10
-8.149625733730623093e-11
4.107398147607200535e-11
-1.780153789081425795e-11
6.374386388987621928e-12
-1.728016660578879726e-12
2.617717465390709198e-13
3.470695610828325422e-14
-3.376992201246373008e-14
7.419351168960885534e-15
1.143213268954940044e-15
-1.049443743429889776e-15
8.369138000782804736e-17
9.507495764660078106e-17
3.770502009307326596e-01
2.467035888382117237e-03
-6.870385366216328792e-06
2.337118956414746656e-08
-9.886720104397930293e-11
4.843603783363615942e-13
-2.555400131455297743e-15
1.405689009098253889e-17
-6.326929488711811112e-20
4.870890972858241945e-22
6.338847082936656108e-01
2.282194702604682657e-01
-4.365201787595303362e-02
-4.671876659808704355e-03
8.364526547247687002e-03
-3.856763563587478801e-03
8.878128151683062049e-04
6.316245810230771806e-05
-1.475393143066755465e-04
6.325974669722447688e-05
-1.223502229419198377e-05
-9.436001387365911038e-07
1.129732555717538758e-06
-1.503453110724284411e-07
-1.959834207036189305e-08
-6.873643919987565350e-08
7.878684831293884414e-08
-3.149410523842263649e-08
3.407840527475860609e-09
8.690416650325315517e-01
4.194147873823826644e-02
-6.697892168435301725e-03
1.062936616055114693e-03
-1.667194773645369111e-04
2.565807390224783720e-05
-3.838683773238249710e-06
5.511543189379604538e-07
-7.436363902196993439e-08
9.033479028842189233e-09
-8.768097319591933399e-10
3.142771329154443363e-11
1.514368935496114911e-11
-6.037981480621872176e-12
1.590028797837504870e-12
-3.572939388826081463e-13
7.320900395791212566e-14
-1.444739696280611332e-14
2.519812039495054320e-15
9.567783875160256191e-01
3.230224290114923347e-02
-1.207073051919701698e-02
4.510588891067587175e-03
-1.685506116876982294e-03
6.298279918370631222e-04
-2.353437577826109658e-04
8.793519380060427161e-05
-3.285378886003285752e-05
1.227281632929744397e-05
-4.583515148012331668e-06
1.711161994915257863e-06
-6.384766368753523922e-07
2.380532567453502118e-07
-8.868817676312701128e-08
3.306676791886572465e-08
-1.250264096254838123e-08
5.247954228227095399e-09
-1.706217959554453782e-09
9.901223499686891971e-01
9.853197733056243482e-03
2.439176615553588907e-05
6.038225074794787806e-08
1.494773351712584950e-10
3.700338117889293316e-13
9.160167244304552857e-16
2.273669912369788953e-18
1.439089626511491890e-21
2.734474548163422877e-21
-1.573687458416247271e-21
8.794687675074024864e-22
-4.984857254447956023e-22
2.590138807550320449e-22
-9.408446720665550837e-23
4.706165775328266414e-23
-2.236165618344389528e-23
2.340948745228985094e-25
-1.713237226448713305e-24
1.338634155101322998e+00
-1.457130004727518130e-03
5.702407279892752890e-06
-2.776107621076367849e-08
1.458201507308891019e-10
-8.038891074472360050e-13
4.633933012222484841e-15
-2.768848910649787332e-17
1.631951877905634772e-19
-3.029706996959153639e-21
1.200407244308973498e+00
-1.232465535346344843e-01
2.165982936712520374e-02
2.275438702326880534e-03
-3.545619184917729854e-03
1.657420243414845082e-03
-5.535514312205912441e-04
1.418455634046958977e-04
-1.117490271235728954e-05
-2.178124565102917821e-05
2.027881436564545270e-05
-1.039911719498342516e-05
2.961790594525218593e-06
1.536831597975680841e-07
-6.715514710366586236e-07
3.826027185309081391e-07
-1.091784930430697212e-07
-4.842170173673359972e-09
1.391094972619329627e-08
1.070178348813600078e+00
-2.385185227049713141e-02
3.983922268753187224e-03
-6.451907500491971433e-04
9.976192120829257290e-05
-1.447009450751714351e-05
1.919024763259380024e-06
-2.207750433370082448e-07
1.868204869266683420e-08
-5.454351521761034553e-11
-4.692756579726776765e-10
1.465887110267326101e-10
-3.300137310731862601e-11
6.323911678873354824e-12
-1.073707218030936383e-12
1.611024622562806261e-13
-2.033979663398133239e-14
1.703588937014755420e-15
4.226221623386653428e-17
1.022251367857716975e+00
-1.699808322489101617e-02
6.492278994014358436e-03
-2.479486097116883475e-03
9.468078719926899993e-04
-3.614457050424830608e-04
1.379167250521643026e-04
-5.258353677301812488e-05
2.002406538778284497e-05
-7.611540885703130378e-06
2.885999005094063087e-06
-1.090566897219241638e-06
4.103250459001082644e-07
-1.535649700212912147e-07
5.711828016043802486e-08
-2.112542680136130698e-08
7.858656171057333207e-09
-3.213207441324677724e-09
1.025075462117191299e-09
1.004975639632508022e+00
-4.975639632507997817e-03
-1.339418262626442189e-19
1.185746223826580065e-19
-9.990331891668984238e-20
8.004805750347168175e-20
-6.093424141780454354e-20
4.400877443983307498e-20
-3.010643017500035205e-20
1.946753464809035943e-20
-1.186730639461922922e-20
6.797372343457661342e-21
-3.642784011427672352e-21
1.816421415234082923e-21
-8.364174718763188176e-22
3.519598338851502501e-22
-1.337319376070481973e-22
4.724849672486934579e-23
-1.232242194999106026e-23
6.678857344530364504e-01
