4.305977564791566015e-01
-8.376243159057282549e-04
5.922806781289418450e-07
-2.670741887990028107e-10
-5.386843568099492965e-14
2.930985948189866223e-16
-2.187600151600705531e-17
3.912796959607785214e-18
4.682278049275854469e-18
2.300237927387103414e-19
2.581823411482386810e-01
-1.803944627457809147e-01
7.886705433521863304e-03
1.269706460211711581e-02
-4.217807786438179836e-03
1.518267852571106172e-04
2.915766435167716506e-04
-8.472826085727949512e-05
-3.513316765594128425e-06
7.986961103997588789e-06
-1.519174253582354090e-06
-3.929390030611639909e-07
2.414842044340706820e-07
-1.995491976365008723e-08
-1.967306003731494740e-08
7.178875538403889157e-09
1.112458971304826431e-10
-7.431882476881208215e-10
1.901954513706119055e-10
4.453679202336702225e-02
-3.863121412841857838e-02
9.444114008833728868e-03
-1.654312362424017026e-03
2.254377100130411620e-04
-2.289372681298493175e-05
9.666370012777766786e-07
2.999174926761707411e-07
-1.135357622971878907e-07
2.578047802220850250e-08
-4.644898263980403924e-09
6.906217025479205626e-10
-7.992697982065220247e-11
4.923327963927958317e-12
7.542879827396826674e-13
-3.695151513327867365e-13
9.140409087282732564e-14
-1.775047226497912622e-14
2.708153980874175927e-15
2.122673458456989654e-03
-3.925936513949713179e-03
3.116450261481496821e-03
-2.144364021831905807e-03
1.295959382810787583e-03
-6.980849143606144246e-04
3.402239656769249923e-04
-1.522620355976599517e-04
6.347668329564199168e-05
-2.498865252294846733e-05
9.405943686596999291e-06
-3.422057182592740660e-06
1.213586110997381428e-06
-4.218254873724992028e-07
1.440015952839786031e-07
-4.821724506216103112e-08
1.583753816090117519e-08
-5.429186330923229034e-09
1.506931823053899048e-09
4.308088408011572278e-09
-8.132177679189537058e-09
6.828550595975047649e-09
-5.080713271824926915e-09
3.324544691865583640e-09
-1.889289611520806212e-09
9.130464450561479339e-10
-3.612733864728643240e-10
1.078858571456139229e-10
-1.867484583319837138e-11
-1.616714967086083107e-12
2.119467986737765288e-12
-4.519115893852920359e-13
-1.004430237299808361e-13
7.026462687216034628e-14
-1.464633420411714664e-15
-8.361326053639969530e-15
9.828029574298925266e-16
9.769104741778174579e-16
6.496332770248369748e-01
4.803237543717895925e-04
-4.105648214120855621e-07
3.325228626060616544e-10
-2.393127629896509333e-13
1.540630068081153767e-16
1.633023899855307869e-18
1.004398721184896438e-18
5.095898028145110524e-19
-1.666943550694532445e-18
7.468338224563102479e-01
1.024754364073545004e-01
-2.796296236284823503e-03
-6.285167474173704999e-03
2.224541067367676126e-03
-2.097053495539888889e-04
-1.139499446331063858e-04
5.193840929836449804e-05
-6.137620019738330873e-06
-2.485870462083421727e-06
1.200048249963370755e-06
-1.202449344803934402e-07
-6.782179028896318824e-08
2.718020766487295892e-08
-9.157748498781311989e-10
-2.128820038747112404e-09
5.833095461276528995e-10
7.186921786585358101e-11
-6.927409946867105286e-11
8.844503843527607989e-01
3.610228945701749598e-02
-5.352479290636169909e-03
7.280308646017834588e-04
-8.648102649759479578e-05
7.963923046210181965e-06
-2.680604636508994688e-07
-1.113101384472254749e-07
3.891467968127250539e-08
-8.699460279484251720e-09
1.600316856498439191e-09
-2.546697457635067945e-10
3.467323396157121869e-11
-3.692538267274029428e-12
1.806702476134924951e-13
4.706741797292403393e-14
-1.965808793102517236e-14
4.919085289475571667e-15
-9.182904962891682137e-16
9.616941119187464304e-01
2.869290044265586717e-02
-1.074237817005423493e-02
4.019025384021714456e-03
-1.501676877595643908e-03
5.598432716520300532e-04
-2.079793913788296090e-04
7.685828220008483508e-05
-2.819475706779149812e-05
1.024270981411390859e-05
-3.675342533676804111e-06
1.298996773967155367e-06
-4.508519343900863777e-07
1.531297804940476810e-07
-5.066748482811884227e-08
1.622596838773591156e-08
-4.992092620288857635e-09
1.538419194927638219e-09
-3.855675920387960621e-10
9.912659493101287911e-01
8.714938035089329210e-03
1.907083070908900953e-05
4.173254957857307992e-08
9.132304040037608124e-11
1.998197783991270178e-13
4.526471866550059050e-16
-9.182192511066922082e-18
6.232315630690340897e-18
-3.544359176212000548e-18
1.855257449289711058e-18
-8.843317959881198924e-19
3.790612004293811695e-19
-1.429794418831207107e-19
4.616818072511388396e-20
-1.214582415899073344e-20
1.759457490363360793e-21
5.298976876965180785e-22
-3.062522138661319545e-22
1.169170561894463445e+00
-1.758257419462199345e-04
1.192084324767971057e-07
-9.852950475929923036e-11
1.052315633046943813e-13
-1.279762891362793881e-16
-3.010528349087849141e-18
4.264308192741465585e-19
1.444544592644307865e-18
-9.990572031336835027e-19
1.127760729955990637e+00
-4.545328986391936749e-02
-8.246895712604524397e-04
2.787870675339487909e-03
-6.554620078183389601e-04
-1.928418694749476225e-06
3.817472819560340983e-05
-8.912213422450312964e-06
2.005488750171224811e-07
2.750282200604887901e-07
-5.069440523583255818e-08
1.811528165236871609e-08
-1.330162333164673211e-08
3.274273569035396239e-09
1.134813466962953527e-09
-9.786512678188854025e-10
2.010175691873757763e-10
6.781092622841793974e-11
-4.502180008848167025e-11
1.060883412671602022e+00
-1.952779777542818299e-02
2.844848565951870519e-03
-3.537372269929234454e-04
3.286124697724668753e-05
-9.453333219643968118e-07
-4.871919067296887506e-07
1.533103844559633720e-07
-3.038476967094734379e-08
4.698316717382393397e-09
-5.638687046771940673e-10
4.108591768945291987e-11
2.689903833923188912e-12
-1.824080987283460234e-12
4.513972531411362871e-13
-8.135424241492234054e-14
1.133039176756631793e-14
-1.028155114262349005e-15
-6.640566751887006502e-18
1.019650217643268020e+00
-1.500163882029130480e-02
5.721758217283052193e-03
-2.178906529306534352e-03
8.274176381194845494e-04
-3.127368368917067955e-04
1.173516520117027888e-04
-4.357474861654635055e-05
1.594792663193989228e-05
-5.726679783876136773e-06
2.006805333464002286e-06
-6.818199647041016185e-07
2.226248904138667514e-07
-6.891423150302517508e-08
1.972220284530468014e-08
-4.913355941526743993e-09
8.388103622305612528e-10
1.310507446420151134e-10
-1.406665318361317777e-10
1.004395801898246843e+00
-4.395801898246701374e-03
-6.258503307970628577e-17
5.370695031552826041e-17
-4.329108274482951392e-17
3.272719201648309483e-17
-2.315511210048430831e-17
1.528962592003979708e-17
-9.387518755327715434e-18
5.332965603756876463e-18
-2.784577513990990500e-18
1.324040910023350275e-18
-5.656232574538333637e-19
2.125328238524424856e-19
-6.766992255151088634e-20
1.684817114401030580e-20
-2.484074106602454084e-21
-3.490696168946611691e-22
2.953583395512098461e-22
8.072771725558549605e-01
