4.602427023174824328e-01
-9.821314025043074644e-04
7.230672523067444186e-07
-2.716652666663679625e-10
-2.401818610458432991e-13
6.176631899573802906e-16
2.775689635422020875e-18
1.220522727958518955e-18
5.137712783173394062e-19
-2.327769612975952944e-18
2.671319353699859733e-01
-1.990228303901889206e-01
1.231557507804354260e-02
1.408105902623324468e-02
-5.281518516505217739e-03
3.184797755399501693e-04
3.644829200110598594e-04
-1.232633743020638737e-04
-1.824685205319701243e-06
1.211813372378053462e-05
-2.815259014644479571e-06
-5.593139258949465247e-07
4.531195742659322011e-07
-5.975599966725542425e-08
-3.484927286799431006e-08
1.669398342889378123e-08
-8.828250009057459160e-10
-1.638108263020641029e-09
5.724946331102826510e-10
4.118518298390667215e-02
-3.707416101459912183e-02
9.487195912344086046e-03
-1.755117778932364404e-03
2.576358694191080868e-04
-2.995518781297482839e-05
2.213426186725127724e-06
1.219088597129597562e-07
-9.600609303028388897e-08
2.591660146527004121e-08
-5.279195533047837409e-09
8.969890070262473953e-10
-1.272262723781150659e-10
1.372081758970190099e-11
-5.851889563372323720e-13
-2.183990031651275629e-13
8.586693737417203153e-14
-2.122746047263063608e-14
3.935018677207581523e-15
1.804493836678793418e-03
-3.348966827214297157e-03
2.684803134962630844e-03
-1.875694449486482772e-03
1.155732428676895657e-03
-6.365941267507450830e-04
3.178703170235497636e-04
-1.459039169861713644e-04
6.240444860164088170e-05
-2.519723944610736743e-05
9.721942686914357757e-06
-3.623340573688207287e-06
1.316121848052384795e-06
-4.689723337675001427e-07
1.645598806526019082e-07
-5.695887059462165426e-08
1.957457934041390877e-08
-7.207436566482243532e-09
2.129396318000643097e-09
2.113355957376308854e-09
-3.996858081805243847e-09
3.375694170051058260e-09
-2.537159409233392182e-09
1.685543859237778277e-09
-9.788073121893397328e-10
4.878268371403720460e-10
-2.020970344772761427e-10
6.525267486539989818e-11
-1.373567177666906387e-11
2.481021580449347296e-13
1.058392666810806747e-12
-3.388831546365531862e-13
-1.396770618330813773e-14
3.866598652348792407e-14
-6.151881602299680798e-15
-3.510568585689029400e-15
1.051491342847456752e-15
3.118192890832351953e-16
6.222829899708745005e-01
5.875141849271845948e-04
-5.600344749838685221e-07
4.968462041271454164e-10
-3.873916911589045895e-13
2.915302008070538023e-16
6.302900789871824874e-19
-7.208191131165010179e-18
5.937296260623735301e-18
-2.367233157876253751e-18
7.336826870897245056e-01
1.154045360737571690e-01
-5.372366156477213946e-03
-6.963679194766381371e-03
2.840628416473571331e-03
-3.673032034757623657e-04
-1.265749713094445079e-04
7.372558994507632743e-05
-1.207523181334937834e-05
-2.856918676038291504e-06
1.918689867009403473e-06
-2.917496428851754499e-07
-9.216387539404360536e-08
5.082785820033398382e-08
-4.452246018526071949e-09
-3.720907327471503279e-09
1.352713390803210139e-09
9.231223077506509037e-11
-1.588622417757581309e-10
8.826473954377648257e-01
3.698116761338246516e-02
-5.601073519456750867e-03
7.937095498109095551e-04
-1.015198312679639159e-04
1.093065647545204962e-05
-7.735094997720032237e-07
-3.831233677080271546e-08
3.074997008499575048e-08
-8.299670470818468299e-09
1.725709059709418874e-09
-3.089636050602338111e-10
4.872025131990189493e-11
-6.625977198244956197e-12
7.049654130783010821e-13
-3.270407657530614838e-14
-1.010892332083408984e-14
4.388899654224330473e-15
-1.031892165122168221e-15
9.611845579241488080e-01
2.907025873147603065e-02
-1.088357397040397127e-02
4.072944325143061997e-03
-1.522988061020109614e-03
5.686899168233867843e-04
-2.118673858301492658e-04
7.865849049039141732e-05
-2.905833405715191057e-05
1.066293166179739129e-05
-3.878972667055431211e-06
1.396010625809561860e-06
-4.959596822583294449e-07
1.735313183332223737e-07
-5.964053951466237352e-08
2.007741940108374531e-08
-6.635142802663807328e-09
2.305651869130492608e-09
-6.495125507762734878e-10
9.911481283988536894e-01
8.832239236229852061e-03
1.958882274045547193e-05
4.344560490635674290e-08
9.635702569316640506e-11
2.137037718735375852e-13
4.770400118584270726e-16
-1.010968539800199939e-18
1.295267578552907753e-18
-7.491248414441613842e-19
4.032126942439066070e-19
-2.012783985490125749e-19
8.971024265183960302e-20
-3.509292048898195654e-20
1.239991268011047850e-20
-3.704697882824783439e-21
1.050539833843706105e-21
1.126738119645400160e-22
-2.425205309012964219e-22
1.182604103320349598e+00
-2.171235282213097113e-04
1.743742827343902054e-07
-1.784229313054041633e-10
2.309952704536623007e-13
-3.291814639616863760e-16
-3.270336720314424975e-18
1.494296127605867551e-18
6.058143039657263318e-19
1.439606179464151670e-19
1.134846544624948939e+00
-5.158852810333322547e-02
-1.971092459384323590e-05
3.181602992451276063e-03
-8.714418464686617995e-04
3.360264330164347590e-05
4.415495626398214759e-05
-1.325725176082592873e-05
1.243981333467192686e-06
1.015025209130693679e-07
-3.168844617287512534e-08
4.144849606206604234e-08
-3.544618008062888397e-08
1.082595143150990674e-08
1.539599696789927157e-09
-2.380378969941697587e-09
6.984055896620525389e-10
1.090961566226763434e-10
-1.203001176645583230e-10
1.061987870401593037e+00
-2.015587054602629297e-02
3.027333826154612276e-03
-3.991228552303239694e-04
4.211024168166690920e-05
-2.466444132847806932e-06
-2.973251851324518455e-07
1.407126108694924880e-07
-3.219982175136014870e-08
5.632413445856875501e-09
-7.969495908564522152e-10
8.485810404798377391e-11
-3.784695728882091269e-12
-1.152005212833654406e-12
4.414453300267917583e-13
-9.907199245630604715e-14
1.718636437289966363e-14
-2.339233213698642358e-15
2.113824141810388540e-16
1.019919873274116373e+00
-1.521075915724182624e-02
5.804260876475187021e-03
-2.212451764128914918e-03
8.416780293482326123e-04
-3.191339027546898858e-04
1.203710168689625697e-04
-4.505097849489462478e-05
1.667960100353316560e-05
-6.087062405655191442e-06
2.180677099987829915e-06
-7.632738254935046718e-07
2.595139966270625298e-07
-8.504070695127772142e-08
2.653038455902567140e-08
-7.697263098032837641e-09
1.958070487507945475e-09
-3.545124183152355706e-10
1.868896065299245020e-11
1.004455496132359515e+00
-4.455496132359537155e-03
-1.427875050008689964e-17
1.231663392535498899e-17
-1.000326212233031516e-17
7.638436202114069742e-18
-5.473015928123279093e-18
3.670602489463800295e-18
-2.296909409440865098e-18
1.335293164354571909e-18
-7.170306384002776338e-19
3.529074296209131744e-19
-1.574622353150388231e-19
6.264051783959144741e-20
-2.161816220144624124e-20
6.142862230400042793e-21
-1.248319809033092150e-21
4.831907933698612322e-23
6.306147961820350649e-23
7.910208118080345185e-01
