1.865042697858620147e-01
-9.651636899366211825e-05
2.094509082698788164e-08
-4.394543459525894678e-12
9.006737483522030988e-16
-1.788549018773208704e-19
-1.375580225455649726e-21
-1.146001944514222245e-21
1.493234994628532595e-21
-5.503259354837951919e-22
1.528948469703320379e-01
-4.049147542391359073e-02
-5.295072720800523929e-03
1.687999735435684713e-03
-3.968428766762517547e-05
-3.961726543391216513e-05
5.242460936818722520e-06
4.654621037784995568e-07
-1.830580571242107299e-07
6.955109649316111344e-09
3.950740984199826515e-09
-5.682059201718269897e-10
-4.424626769738111036e-11
1.842746814843733160e-11
-5.966584108962305796e-13
-4.047158554604003142e-13
4.990233965485061805e-14
5.868587938728453792e-15
-1.715223598911921822e-15
6.994586533425284358e-02
-3.496054106854774857e-02
3.786543367106431045e-03
-8.293036451697813262e-05
-4.351292031704929357e-05
8.883472902705447059e-06
-9.298391545631623704e-07
3.244540931641752690e-08
8.436191005262681783e-09
-2.041342228713217275e-09
2.401984598105065422e-10
-1.167066396345951026e-11
-1.672416627881486417e-12
4.904103580756245999e-13
-6.268873200362016175e-14
3.564335939243548452e-15
3.587135812148664143e-16
-1.239713586500595302e-16
1.658240437705880491e-17
7.613053070176965635e-03
-1.334675265222904327e-02
9.134282908271130694e-03
-5.022663916073123735e-03
2.281447113133923919e-03
-8.744088573879182794e-04
2.856982859516708447e-04
-7.867761950720143045e-05
1.694630906348543311e-05
-1.781563866614148883e-06
-8.214658925541614960e-07
7.579962414614289346e-07
-4.108183401696791047e-07
1.859151551914893875e-07
-7.586753361672311544e-08
2.861533306336856179e-08
-1.007583089008744744e-08
3.525199896644747147e-09
-9.668636092080370796e-10
1.127875479958340829e-06
-2.081043362099788553e-06
1.628502348706498956e-06
-1.068991654911379562e-06
5.752737484082812949e-07
-2.422982689722070093e-07
7.144515211704177948e-08
-9.167548165332698083e-09
-3.109141259270327962e-09
1.700787421600700945e-09
-4.588241082620690079e-11
-1.864336335603034732e-10
3.061244586395661106e-11
2.156396968368079773e-11
-5.564321295965116982e-12
-2.991828809654569685e-12
8.515580584362642561e-13
4.071955449328695624e-13
-1.041784438675917355e-13
8.276786383805471159e-01
5.150968075728263495e-05
-1.005364157541323598e-08
2.080014268919007762e-12
-4.404430329088106575e-16
9.530281891990340807e-20
5.251804594272523739e-22
-1.233547321867756123e-21
3.438422535556428432e-22
1.363686925794923907e-22
8.462504333488011232e-01
2.257950183900155408e-02
3.234280058494240669e-03
-8.317523879580823818e-04
1.389535859027518820e-05
1.860679471482168504e-05
-2.403253199979376433e-06
-2.024370791267777739e-07
8.416754153614535170e-08
-4.147968793424238517e-09
-1.732360566763529768e-09
2.997570458247623251e-10
1.264286846530259187e-11
-9.246125125908407806e-12
6.602357637907080096e-13
1.725811688516029126e-13
-3.540809502777233385e-14
-9.461742286973320741e-16
1.021420861558551882e-15
8.965648499457335996e-01
2.364415377430763646e-02
-1.699753738806612270e-03
-1.215613230609136399e-05
2.483132350934730151e-05
-4.126788240049826433e-06
3.773975238333070355e-07
-8.647135775481888417e-09
-3.877912324743985758e-09
8.319047382523799645e-10
-9.481441592890568419e-11
4.920222524017772353e-12
5.417607589712522948e-13
-1.774856032068788095e-13
2.469346430807575322e-14
-1.818039513875658979e-15
-5.256012782634851412e-17
3.967907436743471780e-17
-6.499431610313344762e-18
9.621133709076359342e-01
2.801104210879144102e-02
-1.019989444763256224e-02
3.617956213157433841e-03
-1.230558848029946698e-03
3.925696131611820946e-04
-1.134318359469667646e-04
2.761398601517842241e-05
-4.405969306172945576e-06
-4.859738102528940281e-07
8.701661324435951915e-07
-5.203243727317249961e-07
2.402333928425878214e-07
-9.680406349751184390e-08
3.547388568237632364e-08
-1.199803148055131232e-08
3.750458365031778571e-09
-1.122474351550041025e-09
2.668546080972749784e-10
9.912881737032326335e-01
8.692810901086844497e-03
1.897389521307417471e-05
4.140634705857225726e-08
9.637188146460419476e-11
-3.788112952075776817e-12
2.398574598408590710e-12
-1.288824295703253135e-12
6.090613842708297924e-13
-2.467003382929800384e-13
8.166506076867851130e-14
-1.972754460544169687e-14
2.082275397218139235e-15
7.932273738417206139e-16
-4.585361938021693903e-16
7.488677444372117062e-17
2.199142624751267518e-17
-1.225094168434965278e-17
9.817194868236509629e-19
1.086526882830817664e+00
-2.290505442350467222e-05
3.717958324411713837e-09
-6.156902069547104167e-13
1.013655380394469113e-16
-1.612844818828008886e-20
-4.336408546325601652e-22
1.379238114921807760e-22
-9.499687015106196943e-23
7.601635257992106784e-23
1.077938935614177751e+00
-1.053324107559359610e-02
-1.627657943645214071e-03
3.500121233104261831e-04
1.593284565600038431e-06
-7.376197638919125512e-06
6.259228158839713955e-07
9.935989931096350510e-08
-2.188054827878437814e-08
-2.035818225028523110e-10
4.759831936288780408e-10
-3.499252235173308289e-11
-7.028538662699881948e-12
1.256775005829492121e-12
4.773657464318625191e-14
-2.793032150563008406e-14
9.158285383685668202e-16
4.431952813921179710e-16
-3.596898826723043101e-17
1.053365020408845831e+00
-1.202674926717222162e-02
7.728966279622497123e-04
2.560163932830949161e-05
-1.406941819124854737e-05
1.913170222922390857e-06
-1.214886386450341915e-07
-5.883826541529886499e-09
2.602024728731605234e-09
-3.464962597157335713e-10
2.104477351161490040e-11
1.387848570249478088e-12
-5.305720272934187194e-13
6.844021698238719900e-14
-3.699269291843234235e-15
-3.891525227416550764e-16
1.202219528236865678e-16
-1.418181526126570273e-17
5.738923370637674204e-19
1.019382132759111936e+00
-1.455205990514311758e-02
5.360690106869029671e-03
-1.911980785165662061e-03
6.478622001689210690e-04
-2.028658843569991065e-04
5.595108783980660912e-05
-1.206447303408589388e-05
1.011852224583816525e-06
8.481136091112729228e-07
-6.932062882527036302e-07
3.557565176567101188e-07
-1.507310573468657324e-07
5.643412378509401086e-08
-1.907863319267927011e-08
5.806203931820560008e-09
-1.530303821381846404e-09
3.027198470747758719e-10
-2.843155233904002985e-11
1.004384539412559452e+00
-4.384539408516826067e-03
-7.428580020543052967e-12
5.972505659869818374e-12
-4.382283319213410450e-12
2.920819705103514848e-12
-1.756145830421801124e-12
9.427802508024682792e-13
-4.448615368472957436e-13
1.797933716671574789e-13
-5.930128227115843422e-14
1.421640774285554850e-14
-1.444988093984291872e-15
-5.985393876390277327e-16
3.358934560980334309e-16
-5.311469507295575541e-17
-1.674246063905976569e-17
8.973544743003854720e-18
-6.558250859775524846e-19
9.099398487835069771e-01
