1.136433492070867968e-01
-2.696480284858934171e-05
2.571487812853382005e-09
-2.370581323636936647e-13
2.172939820737044721e-17
-8.641355573868531746e-22
8.186333413050345034e-22
-2.662904164006834850e-21
-8.643860455672163845e-22
1.852844154643872975e-21
1.025622632596365630e-01
-1.387739048246941151e-02
-2.527964497558774729e-03
3.159467942159731530e-04
1.593628390645078930e-05
-4.716921648720589844e-06
4.921076675530020014e-08
5.499150898817868180e-08
-3.454935885054269081e-09
-4.913511010123088068e-10
6.740394978556757892e-11
2.521451528135731839e-12
-9.467836118622534371e-13
1.730896634046150964e-14
1.057166630411729930e-14
-7.336832382891538991e-16
-9.082961574793914913e-17
1.298276763762739568e-17
4.522005587620473158e-19
6.533537265835409613e-02
-2.058060335669109620e-02
7.293711209301656550e-04
1.382489417629391394e-04
-2.193752823133838717e-05
1.090737153905995315e-06
8.393348942452879871e-08
-1.953959455119518059e-08
1.403545476998504531e-09
2.649697436464194222e-11
-1.629092541562176197e-11
1.583517854726453750e-12
-2.293471505446991443e-14
-1.255313342950156918e-14
1.628947432831782316e-15
-6.212853084918189806e-17
-8.616500510385185197e-18
1.542993940173385250e-18
-1.248173953702329337e-19
1.073678497451507376e-02
-1.779789111269922119e-02
1.053256120260034033e-02
-4.638764840224638211e-03
1.539868994010042038e-03
-3.625750987130628607e-04
3.675094493711026738e-05
1.848814495008863085e-05
-1.482137960401982418e-05
6.806087213539043332e-06
-2.486988274630775797e-06
7.672828180934916626e-07
-1.949083105274594073e-07
3.412322892565923101e-08
1.008502244497442029e-09
-4.565321328717502823e-09
2.775943613998871479e-09
-1.342417334213984052e-09
4.369904743618209075e-10
1.011968439499881426e-05
-1.837329853684224181e-05
1.366657442646966529e-05
-8.165966237969793075e-06
3.746885041799367353e-06
-1.179511527593944465e-06
1.559047793012458229e-07
5.696619528398740436e-08
-2.946308696293693366e-08
-8.726572625791156065e-10
3.732291275552054277e-09
-2.235989917738745618e-10
-5.187635329590538531e-10
3.862565504690342110e-11
8.357350880086016273e-11
-1.599641174926574301e-12
-1.508057033902770043e-11
-7.350267760627073728e-13
2.496102040761744611e-12
8.825580796728894617e-01
1.570548690565917973e-05
-1.304514704724212862e-09
1.131351398889705813e-13
-1.007958690029634327e-17
2.224384579717405994e-22
3.408577902357099468e-22
-2.583635185655673565e-22
-2.029755204900580597e-22
2.134441431564705377e-22
8.891443423968850013e-01
8.287883665379799231e-03
1.564489400158689892e-03
-1.641327854543484736e-04
-9.005197652063115114e-06
2.303610593163410496e-06
-1.548809271813150212e-08
-2.594152465431113612e-08
1.548441060686243768e-09
2.262553497131080887e-10
-3.063217270839809886e-11
-1.099082269445280338e-12
4.312699776416469515e-13
-9.597615616552625725e-15
-4.777882099558044486e-15
3.719743450722903400e-16
3.908890242803577989e-17
-6.541357839199939885e-18
-1.119099011611195311e-19
9.125771767321118055e-01
1.363323896833186673e-02
-2.181929481265692812e-04
-8.848946828965808110e-05
1.122993374134341272e-05
-4.370283083952908408e-07
-5.002811722600229750e-08
9.260584715308533301e-09
-5.796496914373448323e-10
-1.809669721023980514e-11
7.276434430083036632e-12
-6.591168620376450428e-13
7.900046861991857246e-15
5.237882118349115520e-15
-6.751341377587023308e-16
2.809517679691927106e-17
3.167066397354060797e-18
-6.374557501715536644e-19
5.353062735154006511e-20
9.638321543128781643e-01
2.576349538284918375e-02
-8.689405317360515343e-03
2.669708875742304432e-03
-6.976944517574159860e-04
1.285972791503682013e-04
1.042468974123117801e-06
-1.540520730956520778e-05
9.233691599268715184e-06
-3.843090058090603550e-06
1.287608071318138922e-06
-3.522334708876178022e-07
7.195671339041963222e-08
-5.420408611854343834e-09
-4.397716776032559006e-09
3.212475017368822223e-09
-1.474089733149723303e-09
5.939024162228116811e-10
-1.736284301763499281e-10
9.914812975164083442e-01
8.500520974393714277e-03
1.814328162267131854e-05
3.773202785217181871e-08
7.580104995507698990e-10
-4.085681671700329196e-10
2.156846854224288687e-10
-9.689780480885924219e-11
3.547245298821466232e-11
-9.573279228276641064e-12
1.286997415006354216e-12
3.088432022007464366e-13
-2.202778966424561938e-13
3.746777048728864023e-14
1.241561729165255087e-14
-7.091736173567221360e-15
1.400840202010410699e-16
7.357496143604850034e-16
-1.504514901317059854e-16
1.059443318801126521e+00
-7.489595945096491716e-06
5.634742897894407633e-10
-4.314218411396126120e-14
3.325866854193123354e-18
-5.446421771897677419e-22
-2.030659028358264074e-23
2.058176022407852590e-22
-2.055783504146963814e-22
7.802741704300851852e-23
1.056266196626491682e+00
-4.008148563607838791e-03
-7.703325634900716435e-04
7.362097205389342208e-05
4.499954363270068675e-06
-9.520977561975832149e-07
-3.629660360461028294e-09
9.990776895521965059e-09
-4.105787927921234247e-10
-8.550858887853379092e-11
8.085198350943293039e-12
5.343905124100894467e-13
-1.076475976197543181e-13
-9.120717421445423622e-16
1.156163894161158174e-15
-3.890726162855716628e-17
-1.029798596396727681e-17
8.042476232826029900e-19
7.108300028826103138e-20
1.044701073704582317e+00
-6.838033829935366396e-03
7.760397202067157590e-05
4.647693416282715109e-05
-5.240003149650281704e-06
1.377952984182581392e-07
2.923779242183315780e-08
-4.046028422670779182e-09
1.642420365561722610e-10
1.711984716846268942e-11
-3.114368052936871516e-12
1.719326808872544810e-13
9.016373021242259170e-15
-2.393875272787482039e-15
1.662175406043041022e-16
3.852267792513520565e-18
-1.845180401473945645e-18
1.507522676535682626e-19
1.325267599770816161e-21
1.018436265292350207e+00
-1.328192432151734277e-02
4.501657810141794849e-03
-1.375647358695174715e-03
3.504350499994031247e-04
-5.856788734922749968e-05
-4.688480825178710704e-06
9.613464234768546039e-06
-5.261056800345673624e-06
2.068239518773029738e-06
-6.489512342132234720e-07
1.593149263397245504e-07
-2.437267407634784202e-08
-2.596662166721448916e-09
4.124626039284423209e-09
-2.167229985566750661e-09
8.496586741162383019e-10
-2.910872933264628887e-10
7.406580299118452601e-11
1.004286719770119518e+00
-4.286719318310159947e-03
-8.156010331364387132e-10
6.251377752440202331e-10
-4.275381075043156604e-10
2.585534672162977196e-10
-1.362826578589362531e-10
6.112592996935867368e-11
-2.231733910931075688e-11
5.990628372408167847e-12
-7.883252881160075618e-13
-2.019105551760799662e-13
1.396052593073417480e-13
-2.310760841645567033e-14
-8.088052770653742093e-15
4.487878067920224449e-15
-6.003608032616213515e-17
-4.715670539216289437e-16
9.332517463572620681e-17
9.391785335165468984e-01
