6.959017002151819398e-01
-4.399699044541693221e-03
1.882881832756852611e-05
-1.525931969622000118e-07
1.569158143429502166e-09
-1.654733355098125993e-11
1.754176400003024122e-13
-1.879656687704449932e-15
2.042511787682253869e-17
-2.551704602348665997e-19
2.986483101599556322e-01
-3.346898061638056143e-01
8.580127822505206892e-02
5.281082104115961823e-03
-1.496496296136257988e-02
6.676462559282656840e-03
-1.185511520184696953e-03
-2.915414266152303716e-04
2.260568700007372831e-04
-1.665267738264798882e-05
-4.049023650465030292e-05
1.989996775813278278e-05
2.144324409322816835e-06
-7.821817567825005961e-06
4.952329384937941471e-06
-1.480297474518841121e-06
-1.622090030325365516e-07
5.303833323634290469e-07
-2.634015492375141764e-07
1.782622986143490157e-02
-1.944748483749186505e-02
6.303585572592600508e-03
-1.517039941263189111e-03
3.034250668590293969e-04
-5.387862700365669881e-05
8.814087866690705237e-06
-1.347757569167493316e-06
1.914316305307153200e-07
-2.442936061506711045e-08
2.530899382453574185e-09
-1.230204236854029904e-10
-3.447820946134828999e-11
1.535429152962336334e-11
-4.146839882808805972e-12
9.365612155076742395e-13
-1.908647160787072053e-13
3.714494108523053934e-14
-6.368420765902114621e-15
4.523578202015803387e-04
-8.538448813181292400e-04
7.188782718302377328e-04
-5.423142699296775804e-04
3.689844160966633535e-04
-2.282380561167364399e-04
1.294805040510848746e-04
-6.799030601233364162e-05
3.335494923921858635e-05
-1.543006645279197214e-05
6.792052309992014766e-06
-2.869654323158621566e-06
1.173208928399271887e-06
-4.675568227522286774e-07
1.828454882162417845e-07
-7.068318338344791140e-08
2.750560553646795128e-08
-1.185036102507196629e-08
3.914809016365248268e-09
-2.265403765505788452e-10
4.327493003127048916e-10
-3.768204787630539286e-10
2.985299214470084047e-10
-2.143972523324523614e-10
1.387911884282548296e-10
-8.029706247637734111e-11
4.098070648672614968e-11
-1.807095593012681419e-11
6.638425039122565643e-12
-1.881464347556316245e-12
3.232383990913563135e-13
1.962417541520758653e-14
-3.350334691511504447e-14
8.917750219575054202e-15
5.995776657931036937e-16
-1.052874024132290232e-15
1.451267383913466071e-16
7.987813767791987926e-17
3.233177777247792650e-01
3.640878296440607474e-03
-1.578993014720499679e-05
9.187825998076615890e-08
-6.652783128900798500e-10
5.452173009999963631e-12
-4.794607934775530655e-14
4.421150291617226596e-16
-4.213774944387185641e-18
4.073350909458932826e-20
6.228472031969342071e-01
2.522952834539216038e-01
-5.820608048682064661e-02
4.522027300793791862e-04
8.204930408904513583e-03
-4.997207845149047138e-03
1.750413074920984489e-03
-2.981946372907629656e-04
-7.255858289137877878e-05
7.940119066983892051e-05
-3.475614773451078600e-05
1.059280777843330445e-05
-3.015016010168654623e-06
1.133626241026119998e-06
-4.036389242129283014e-07
-1.773159419187341295e-08
1.728625871511688202e-07
-1.711010865727060135e-07
7.413206279948987955e-08
8.712188319408125103e-01
4.131690518472784512e-02
-6.618235461933481140e-03
1.056325562078464387e-03
-1.674068656758886280e-04
2.621714592853349507e-05
-4.033155333875189437e-06
6.049590831476495366e-07
-8.757762714594692870e-08
1.203709514232304782e-08
-1.521955577411844655e-09
1.638370024081738382e-10
-1.096753498220483024e-11
-1.082867168760084284e-12
6.868412450599699899e-13
-2.000673538769976613e-13
4.736269757999400772e-14
-1.046214136241140559e-14
1.993261380868035836e-15
9.575338994258618674e-01
3.174996538309927258e-02
-1.186899222961482203e-02
4.436949558969773173e-03
-1.658651369312105122e-03
6.200480478506138760e-04
-2.317897023777278781e-04
8.664808552582905512e-05
-3.239026975539831661e-05
1.210740194157576605e-05
-4.525337852221534889e-06
1.691171341991367272e-06
-6.318621666086469761e-07
2.360016481394073210e-07
-8.812705752707804428e-08
3.295783465132508787e-08
-1.251332085786551964e-08
5.282478315979195505e-09
-1.724202561202811943e-09
9.902987211979976667e-01
9.677692705267236864e-03
2.352875337140595863e-05
5.720394851051205511e-08
1.390762898948145405e-10
3.381272758757174810e-13
8.220556164746856221e-16
2.006908511242714058e-18
-9.146901665765967181e-22
3.816845719881747006e-21
-2.271559142975962655e-21
1.265262311944228219e-21
-6.585566180687721915e-22
3.570362276629097762e-22
-2.036955558170314585e-22
7.447996766112304810e-23
-1.691545145127993536e-23
1.007788386120905578e-23
-1.799920716737557246e-24
1.386097614402309608e+00
-2.550453342376842857e-03
1.629931929321714828e-05
-1.297889616686281308e-07
1.134319056250342325e-09
-1.053574195972596138e-11
1.023454141401901055e-13
-1.026922565487965949e-15
1.054718165731885198e-17
-1.092276903535976551e-19
1.211524488156012325e+00
-1.442655853525069698e-01
3.329153622150030772e-02
-1.612848427647925161e-03
-3.240512377320080642e-03
2.262630835717806006e-03
-1.087089142662567374e-03
4.411462200359266613e-04
-1.405458841879623252e-04
1.644902528827773937e-05
2.064095433566313985e-05
-2.086537410669670920e-05
1.164898470774091612e-05
-4.279948066830937593e-06
7.504365865053884470e-07
2.913533981523387328e-07
-3.490959788867226787e-07
2.191840900692878722e-07
-7.902264226672586153e-08
1.068968646780631859e+00
-2.350287818148824592e-02
3.954171963638959675e-03
-6.502625083965662489e-04
1.033798328103204082e-04
-1.571393364726133020e-05
2.254986302748805160e-06
-2.996780058087211277e-07
3.546329433194249007e-08
-3.350617744521147150e-09
1.336129902419712657e-10
4.393963625395436986e-11
-1.690605301215241326e-11
4.066448425858196861e-12
-8.122363065768223404e-13
1.434617638011544818e-13
-2.264876532235415172e-14
3.142670166669251976e-15
-3.424503887447078795e-16
1.021851529729853381e+00
-1.669279812525811812e-02
6.375814335065815852e-03
-2.435120193961119988e-03
9.299553629585870099e-04
-3.550779400098892386e-04
1.355328755071390657e-04
-5.170499179832758633e-05
1.970854600402445879e-05
-7.502961610609714078e-06
2.851291697288684471e-06
-1.080969813665318103e-06
4.085536727346578486e-07
-1.538298473192349876e-07
5.767154255492093134e-08
-2.155049327683827233e-08
8.127886786311206786e-09
-3.386690064564969789e-09
1.094876205014965763e-09
1.004886201819791047e+00
-4.886201819791140093e-03
-1.201476462131178131e-19
1.065572818923823960e-19
-9.001076735351194885e-20
7.236592512759416921e-20
-5.531965858266420419e-20
4.015922842253834427e-20
-2.764156347806464163e-20
1.800314500235111112e-20
-1.106786597813332867e-20
6.402553746466010850e-21
-3.471293100361267930e-21
1.754836767719264946e-21
-8.214617219346740289e-22
3.527587228898618736e-22
-1.377171965766030926e-22
5.073111994051781206e-23
-1.377401544170835283e-23
6.547264353898667455e-01
