5.776172634945928586e-01
-1.748274070434117922e-03
1.566827725264431895e-06
-5.592577014389067122e-10
9.245137263965094747e-13
-1.118194828526278190e-14
2.722128582576247921e-17
2.117259945652121357e-17
1.312589251696586221e-17
-1.196352480329798439e-17
2.945663252334050353e-01
-2.731293166334207156e-01
3.776308437272667823e-02
1.776567845483774041e-02
-1.098631934994169848e-02
1.894489449852895021e-03
6.288271152734843227e-04
-4.317285926951789439e-04
5.662617777402547715e-05
4.070808577653253470e-05
-2.131947005386619227e-05
8.894949621713265547e-07
3.102716954085105894e-06
-1.277024908561012737e-06
-3.863054471922914584e-08
2.322727201200068817e-07
-8.584809733035009883e-08
-1.185959905790185991e-08
1.702356709612195238e-08
2.833788410241700959e-02
-2.890568833811235985e-02
8.613486569823171346e-03
-1.890358730742890646e-03
3.409583583338965016e-04
-5.333459428487303611e-05
7.300277279061595035e-06
-8.258955024205003938e-07
5.676074943110163108e-08
5.752168952340566352e-09
-3.592284973678646656e-09
1.014168710731031275e-09
-2.267689530104531516e-10
4.420279785280268603e-11
-7.702409137740048783e-12
1.192432736969590793e-12
-1.566779779607448100e-13
1.426897051422014978e-14
3.770585472819337232e-17
8.914988214215020064e-04
-1.673272226787143272e-03
1.385789338088624055e-03
-1.018567217024633894e-03
6.698867020242284254e-04
-3.980665574155352045e-04
2.159766854129620847e-04
-1.081522553358405826e-04
5.052695452012419307e-05
-2.225720203516825206e-05
9.339353716884263567e-06
-3.769136990164272908e-06
1.475862988845308727e-06
-5.649766816146176926e-07
2.127948013533359956e-07
-7.935853647194860037e-08
2.977077097680579159e-08
-1.231521392177221275e-08
3.965028154207590812e-09
-1.277682998069191811e-10
2.432304056524718383e-10
-2.095855803616339591e-10
1.630758290441927802e-10
-1.140579489307676744e-10
7.119075382373575777e-11
-3.921167212561816997e-11
1.872330901217243926e-11
-7.519185792217699400e-12
2.392733503813393546e-12
-5.149587552773210721e-13
2.207301587123514066e-14
3.404034471198403133e-14
-1.278619169060702620e-14
4.593360842524172279e-16
1.167863540429183288e-15
-3.224666218671934904e-16
-6.608385462244963205e-17
4.891800702455617308e-17
4.857204986898746579e-01
1.311685640702527425e-03
-2.030257169502772312e-06
3.125672057010835719e-09
-5.302408473963849401e-12
1.114031655947905536e-14
-2.358522102019937246e-17
-7.190893573344620090e-18
2.242084701671967300e-18
7.460704790927600879e-19
6.719646428898630175e-01
1.785006755630753617e-01
-2.251535574740306730e-02
-8.296576890716085909e-03
6.232636543747382789e-03
-1.787397013645942914e-03
3.987209953737589388e-05
1.919293338257968648e-04
-8.176372173983614572e-05
9.710150871752845414e-06
5.509448331749523592e-06
-2.917966483496277791e-06
3.217764883594525451e-07
2.202332325077225653e-07
-8.765614271975106633e-08
-1.036873169274273312e-08
1.608825232619698955e-08
-9.622681026893679075e-10
-2.447999417831034956e-09
8.726132782772539898e-01
4.072647184459880082e-02
-6.448007014979616029e-03
1.001669701530389723e-03
-1.507950961167895038e-04
2.164820099195259400e-05
-2.892090843324740725e-06
3.423661425702177582e-07
-3.108365574590583074e-08
5.497208968780851423e-10
7.004372467611022071e-10
-2.460934220390055447e-10
6.091585485004780639e-11
-1.295349511454126738e-11
2.495008412543172306e-12
-4.423144007497852303e-13
7.200065372470668329e-14
-1.066443208621330282e-14
1.310292636655576423e-15
9.579658141901665758e-01
3.143363607192636161e-02
-1.175300914527481651e-02
4.394283110596204633e-03
-1.642842177642627865e-03
6.141079378828100642e-04
-2.295030371789119280e-04
8.573438671538317533e-05
-3.200657783107658453e-05
1.193702499328425467e-05
-4.445672733664869762e-06
1.652465240270245403e-06
-6.126490670527023640e-07
2.264042221166356476e-07
-8.335119305694036219e-08
3.059474538738972940e-08
-1.132816171638220369e-08
4.622101261848946181e-09
-1.473596477277408833e-09
9.903994128709134870e-01
9.577488862794343236e-03
2.304269365916419355e-05
5.543892962722585085e-08
1.333817549175567639e-10
3.209061320521021877e-13
7.720771056534939945e-16
1.856415216739332636e-18
4.364903624993975440e-21
-5.108157604477632157e-22
5.333757415966558199e-22
-8.789726145657716478e-22
1.760094009148937820e-22
4.403934099179668739e-22
4.578427760293868456e-22
-6.142383124674067663e-23
-2.478235593613534709e-22
-1.022331747226340643e-22
-3.742235227667966901e-23
1.259875866386554799e+00
-5.892757175155007889e-04
1.081427463299025419e-06
-2.555762766857279057e-09
6.482894624101876836e-12
-1.623864897405545571e-14
3.995475517082794750e-17
9.602251510232578192e-19
3.893918759428894091e-19
-1.751966078388358614e-18
1.171987846482894335e+00
-8.690971811160307092e-02
7.669838087993642757e-03
4.362511660712093883e-03
-2.361740691596540646e-03
5.649181204346798895e-04
-4.237483178686278723e-05
-2.371401635657339378e-05
1.627071140330731784e-05
-8.564137134495285690e-06
3.511688292943040816e-06
-5.767056234622234291e-07
-4.003181972143715965e-07
3.476207111791744380e-07
-1.106367662500229219e-07
-5.585333875591802419e-09
2.048823176534714991e-08
-7.156550846223539097e-09
2.560143395867392487e-10
1.067994184399164270e+00
-2.287738750491157685e-02
3.722911829654877540e-03
-5.721169697457842256e-04
8.058205422633095384e-05
-9.917541658766317104e-06
9.435382379396591244e-07
-3.091230238106317183e-08
-1.497870464840075942e-08
5.340778729657125122e-09
-1.228701571708519915e-09
2.323042207530363251e-10
-3.786420347992605739e-11
5.245673996719075432e-12
-5.569947617247366387e-13
2.193723772798821802e-14
9.847795614182022634e-15
-4.083276081307926919e-15
9.625657948145622183e-16
1.021622037065390565e+00
-1.651645342214023635e-02
6.307561908727746421e-03
-2.408315316119037479e-03
9.191504545533762558e-04
-3.505405983354622189e-04
1.335201001281953492e-04
-5.075642157544177168e-05
1.923706453185909659e-05
-7.260106462426488814e-06
2.724277261442045217e-06
-1.014669409244207956e-06
3.744180143602879350e-07
-1.366118524030128485e-07
4.918435528431091958e-08
-1.744783852255876869e-08
6.139235195572776445e-09
-2.320829181919512942e-09
6.984327875991593055e-10
1.004835082198033636e+00
-4.835082198033693705e-03
-4.309025806618583930e-20
3.762734901233479401e-20
-3.134742741102992391e-20
2.480393376702602978e-20
-1.854985324706828925e-20
1.309887860663255310e-20
-8.733960661148748709e-21
5.481631780191367551e-21
-3.222252631180869963e-21
1.767788490651988377e-21
-9.015721135912031686e-22
4.236326922428933838e-22
-1.811063597819598424e-22
6.949277899393833088e-23
-2.334189736359812694e-23
6.664963682871517318e-24
-1.340099711119878105e-24
7.144999218216212533e-01
