9.535087077380113296e-01
9.463605340174897629e-01
9.391785335165468984e-01
9.319542141255575673e-01
9.246787313885086457e-01
9.173433223510053525e-01
9.099398487835069771e-01
9.024613953507837349e-01
8.949028390835305213e-01
8.872612999420208535e-01
8.795364042685942518e-01
8.717303358777174216e-01
8.638476964170453964e-01
8.558952302068331131e-01
8.478814804540610872e-01
8.398164359745130536e-01
8.317112093048000254e-01
8.235777675150237620e-01
8.154287217910208829e-01
8.072771725558549605e-01
7.991366028262740784e-01
7.910208118080345185e-01
7.829438818866379934e-01
7.749201739785988030e-01
7.669643480521350920e-01
7.590914072100609644e-01
7.513167649844193496e-01
7.436563364719357416e-01
7.361266547220606249e-01
7.287450144585391199e-01
7.215296458625301002e-01
7.144999218216212533e-01
7.076766028011512999e-01
7.010821243448238649e-01
6.947409331695038048e-01
6.886798788526807824e-01
6.829286691773978069e-01
6.775203981698142419e-01
6.724921565603414475e-01
6.678857344530364504e-01
6.637484247916286551e-01
6.601339326186741463e-01
6.571033869737535893e-01
6.547264353898667455e-01
6.530823673818558772e-01
6.522611487363653149e-01
6.523641291286121913e-01
