8.412818271441183104e-02
-1.708526932796087326e-05
1.466027063321255360e-09
-1.241869177554845839e-13
1.056904929816820509e-17
5.317389923365609108e-21
-6.857921643714345970e-21
6.435408479786531832e-21
-2.313582372421941409e-21
-4.254903240226940081e-22
7.700127931251747604e-02
-8.956332487980975948e-03
-1.673862880450290936e-03
1.855456233555458241e-04
1.032451965939218076e-05
-2.591493058719812942e-06
9.657795057231060258e-09
2.881161267622184706e-08
-1.524947032228672100e-09
-2.523389921785540350e-10
2.981956763060377239e-11
1.407612505603370670e-12
-4.105502634894471577e-13
4.194386582671195565e-15
4.498966575791396739e-15
-2.703295271555985962e-16
-3.824458013752327523e-17
4.444509044636398516e-18
2.617003518825670775e-19
5.216055376865903759e-02
-1.416731427215951397e-02
3.480729363891750723e-04
9.801566380642355472e-05
-1.309676724575554682e-05
5.025001863653488082e-07
6.172986468374153254e-08
-1.095963456603263335e-08
6.218009307114297864e-10
3.079665377540346805e-11
-8.826725647734917966e-12
6.710411689519610180e-13
6.886418137355739752e-15
-6.743207709379522828e-15
6.628904571617685171e-16
-1.044477372857025472e-17
-4.837192643421428916e-18
6.076603920692452892e-19
-4.284587841187967001e-20
9.911320800029535180e-03
-1.569091020234386971e-02
8.436061483883972728e-03
-3.292514629629349383e-03
9.480449749128376253e-04
-1.804566230322586864e-04
2.284102214882098479e-06
1.767094599229087498e-05
-1.062851229987656285e-05
4.448369518042175690e-06
-1.527568573426988274e-06
4.375574882342355814e-07
-9.665836736809918313e-08
9.941444345947458226e-09
4.838731344037665513e-09
-4.100941489325360928e-09
1.983208921997610953e-09
-8.184986388163709837e-10
2.405650321114421189e-10
2.884689185110112650e-05
-5.145642185546806891e-05
3.617095206589269042e-05
-1.938082602219833844e-05
7.259875634597125260e-06
-1.397731178541622931e-06
-2.009416894059447061e-07
1.812744544850787670e-07
-5.283919014517505492e-09
-2.215929291716008597e-08
1.716856537484174729e-09
3.277530124801118888e-09
-1.217977942635258766e-10
-5.593515709045168309e-10
-4.745983421634490608e-11
9.655509311329558587e-11
2.963905545610035011e-11
-1.299058862899650525e-11
-9.029553204036486960e-12
9.284691698589754294e-01
7.630871128027346830e-06
-5.262697566060142015e-10
3.919655804146104693e-14
-3.071141709298963307e-18
-1.674548257701795163e-21
3.417975391673086799e-22
7.601423869385599081e-22
-2.266779052968327786e-22
-1.391497941640953160e-22
9.317405403168290690e-01
4.137201538130897555e-03
8.091969349163568789e-04
-6.951641705494643493e-05
-4.402319648263330145e-06
8.622952916513331349e-07
3.471211139440776856e-09
-8.904412708054051550e-09
3.948096412635342608e-10
7.485210916281990659e-11
-7.965313961179255882e-12
-4.186215324742125773e-13
1.091142508355703503e-13
-8.459244443126225360e-16
-1.185990139669897352e-15
7.000486120626936352e-17
9.984430344589334495e-18
-1.334318710715978383e-18
-6.169311380054010353e-20
9.440089854804883940e-01
7.432424156867785230e-03
-1.690042157485793312e-05
-4.941345689847802535e-05
4.744553927160891912e-06
-8.902312767543636729e-08
-2.705030635536257376e-08
3.391767565904068263e-09
-1.333093659289240264e-10
-1.338740972285116415e-11
2.497134737364393060e-12
-1.542689070550198893e-13
-4.497196314181823901e-15
1.802109976607268216e-15
-1.568942024401256092e-16
1.429123103824757756e-18
1.219066341454166841e-18
-1.548327719038053421e-19
7.175185990773432834e-21
9.755375276289144360e-01
1.695880473719935111e-02
-5.400319022057321026e-03
1.492042358177120189e-03
-3.167414710464572605e-04
2.778742777500741638e-05
1.718387493877381061e-05
-1.274725496003485033e-05
5.515536994944740007e-06
-1.850421076629621726e-06
5.007127672535561035e-07
-1.011866105006399413e-07
8.047426448965309858e-09
5.500898455446583793e-09
-4.003925323399960145e-09
1.776897086472314361e-09
-6.324995021748624371e-10
1.990848440453321378e-10
-4.734182571469961863e-11
9.941452134479530356e-01
5.846195802358509705e-03
8.584733713816277128e-06
1.608309285435164026e-09
6.920196515427638763e-09
-3.712426472187980776e-09
1.654571691608743958e-09
-5.756323325824019807e-10
1.334626252362891894e-10
-6.344607146203104808e-12
-9.268628411699504192e-12
3.305921225468644279e-12
1.004907951424896592e-13
-3.828124306407962731e-13
5.939676005635491752e-14
3.785999938583373289e-14
-1.284783146679956063e-14
-3.397463508600525205e-15
2.061521113083032714e-15
1.035589647453014184e+00
-3.512216583307310044e-06
2.124205320254498127e-10
-1.318837470796190301e-14
8.154508529178056395e-19
-4.160599718043855404e-22
5.624740311495058490e-22
2.559768407434720893e-24
-4.289489184787408764e-22
2.328107797110300281e-22
1.034064788199453799e+00
-1.933796811783190578e-03
-3.854667867293084344e-04
2.937767620188752062e-05
2.080313656494989748e-06
-3.232745762055928810e-07
-5.685724204790462023e-09
2.968894661879922778e-09
-5.763038701721639711e-11
-2.345791305791907610e-11
1.265994077024501800e-12
1.607918825047210745e-13
-1.514329192096271603e-14
-1.000845394089516981e-15
1.466526531489253054e-16
6.962082127985339109e-18
-1.426661883262839786e-18
-5.880040968519368049e-20
4.057112830323412908e-20
1.028195807024169017e+00
-3.618748132852324818e-03
-1.104397987376913450e-05
2.481350032862202629e-05
-2.052578703845721298e-06
4.049391005071215332e-09
1.419122660575135926e-08
-1.279294978209140211e-09
9.925735624750245952e-12
8.605061537782492850e-12
-8.460795072345273725e-13
1.016668268652452505e-14
5.662677062540657184e-15
-5.909824578162955962e-16
7.895254865346364902e-18
4.137979545921011401e-18
-4.275945581865031756e-19
-2.555257300389387289e-21
-4.742001176955018922e-21
1.012365465520806307e+00
-8.611353156349699223e-03
2.734272277284943101e-03
-7.430242543910793888e-04
1.493587248637746781e-04
-7.944562920745062344e-06
-1.124373943346503699e-05
7.252086583216726637e-06
-2.953068509177233336e-06
9.294547554008577517e-07
-2.262100597373972254e-07
3.424752600997889958e-08
3.423392781945115294e-09
-5.452381530911560620e-09
2.790092283765989601e-09
-1.050984699019319350e-09
3.186934874744406752e-10
-7.544753791198821132e-11
1.134807260965363761e-11
1.002940297452713514e+00
-2.940292496198151743e-03
-8.770958961554731037e-09
6.364091239375780801e-09
-4.008355142970055954e-09
2.154722785715718106e-09
-9.593650419817739917e-10
3.331826374484871148e-10
-7.692769640584831012e-11
3.476762426002697198e-12
5.420422431603435969e-12
-1.912809393132968155e-12
-6.498645828803152187e-14
2.233987326033490308e-13
-3.393182555025451947e-14
-2.224572127184492978e-14
7.428245011636984266e-15
2.011497713784132300e-15
-1.199675836014319286e-15
9.605464999882261656e-01
