1.146912062844890334e-01
-3.891099820378978640e-05
5.776538361971549550e-09
-8.541453096074015720e-13
1.271098723038630547e-16
-1.248349502846616363e-21
-1.596872225542915716e-20
4.454817439850131264e-22
1.243095365374265019e-20
-8.088614978483956557e-21
9.985454644081817599e-02
-1.826461086073422405e-02
-2.908588846773729839e-03
5.794383953151329954e-04
9.067362099023343854e-06
-1.152779562542769795e-05
7.563442338204905456e-07
1.550598709743236475e-07
-2.678183574608905792e-08
-7.521554072632810506e-10
5.675445661948625540e-10
-3.191819601545955688e-11
-8.172167697375553208e-12
1.272559014040292713e-12
5.173433909255821025e-14
-2.846119886876991311e-14
1.337609828944809878e-15
4.293969320680546715e-16
-5.975067045615641466e-17
5.669121426615041787e-02
-2.123102248251201168e-02
1.437866923129591315e-03
6.990424912406851534e-05
-2.769789372667944395e-05
3.186643719477849822e-06
-1.307836068589389897e-07
-1.993920630329856334e-08
4.608088267409881922e-09
-4.415711861010355167e-10
8.549555002817371224e-12
4.260107781786253599e-12
-7.483406586780572149e-13
5.897934127183528666e-14
5.558891885598874747e-16
-8.293434103061718662e-16
1.182844332974869137e-16
-6.730710650400811499e-18
-7.851262641347099924e-19
8.461733757489152061e-03
-1.406270720465210844e-02
8.473121814374501987e-03
-3.925225798330054042e-03
1.459494785994579300e-03
-4.440765131093826821e-04
1.075949309853393846e-04
-1.685646002310054432e-05
-1.563205727575522297e-06
2.950930000795754388e-06
-1.738169581119174804e-06
7.891017804341077638e-07
-3.105242307947313584e-07
1.091543560313085416e-07
-3.418931255980625478e-08
9.193491533708262943e-09
-1.821493245482708861e-09
-2.335586330882815667e-11
1.633688958933581012e-10
1.007374445860233690e-05
-1.817508255429928118e-05
1.325257757421257068e-05
-7.627951601791552018e-06
3.277593501987145541e-06
-9.023279106604281441e-07
5.738777585987064661e-08
6.462931070551759313e-08
-1.877753165512628796e-08
-4.654798270346527507e-09
2.791650290043791997e-09
5.006783070618982953e-10
-4.096897195402911200e-10
-9.189115682255775912e-11
6.048293742426420921e-11
2.195937362146491484e-11
-7.587374286920979894e-12
-4.204933203906527824e-12
3.775849935689764379e-13
9.141178820224015178e-01
1.531607369072613239e-05
-1.845901392019695669e-09
2.453564287276129251e-13
-3.457242017229812605e-17
6.810489165706627291e-21
-1.201057049370585411e-21
-1.080670261679793133e-21
1.962635496041264348e-21
-9.021819398989163444e-22
9.202126332360103245e-01
7.580340452213373166e-03
1.312951355099766133e-03
-1.970810688548671941e-04
-5.437867047149373899e-06
3.554683974470742929e-06
-1.888238153001614653e-07
-4.574865820059150210e-08
7.062031409004225646e-09
2.384143940355679882e-10
-1.491013155746890271e-10
8.082536949390166209e-12
2.118293477196190215e-12
-3.318526000192376351e-13
-1.240097237024209313e-14
7.420800711546939744e-15
-3.884115861265595829e-16
-1.099972199627538537e-16
1.684018784641338592e-17
9.398829023383747927e-01
1.066324084554606810e-02
-3.759197541552110485e-04
-5.158380705346345059e-05
1.051264334942183888e-05
-8.914103601313400240e-07
1.293641809278168789e-08
7.788816935836929027e-09
-1.269919475783050871e-09
9.840566346563993210e-11
5.585478072112668966e-14
-1.171949529106347106e-12
1.775514939413762568e-13
-1.289534558141270394e-14
-2.062448635945813475e-16
1.926156471724244065e-16
-2.729000995679886466e-17
1.734589550146551652e-18
1.193515078250942940e-19
9.760380146368380361e-01
1.731020432228210643e-02
-5.980959716247857133e-03
1.923461098963092936e-03
-5.531188643204076839e-04
1.316162594901568552e-04
-1.986667875310831031e-05
-2.444144780806337933e-06
3.730604344298702353e-06
-2.035938875525696547e-06
8.491048353835790977e-07
-3.034739647790763773e-07
9.595655379154021570e-08
-2.671967735137238455e-08
6.218316096280817797e-09
-9.591082815145875534e-10
-1.016759691209586056e-10
2.106432509651806901e-10
-9.644739928414467470e-11
9.944168154415438110e-01
5.575379862000357477e-03
7.794433996325122947e-06
9.795168579497466767e-09
7.444305967348990928e-10
-4.235021488802886683e-10
2.110909680635651672e-10
-8.742752733246141675e-11
2.819432814572350615e-11
-5.904848532309309775e-12
8.378092008308516144e-14
4.671148465006042281e-13
-1.480862932520704506e-13
-6.690136541521775907e-15
1.718116750532661636e-14
-2.702923466945458705e-15
-1.577274524988356081e-15
4.613909786105108640e-16
1.372501471750745630e-16
1.042148526035576950e+00
-6.572303015034599795e-06
6.337746655917806983e-10
-6.125550706583357613e-14
5.465860707366295712e-18
2.501956566325022802e-22
1.025846113441410856e-21
8.353250357306987959e-23
-1.662108045975683060e-22
-1.682857147350330004e-22
1.039448629948481972e+00
-3.381433811327647955e-03
-6.166286325187413011e-04
7.621561191413065469e-05
3.535742186297103388e-06
-1.196027430000058702e-06
1.882072336432768530e-08
1.493837575958987640e-08
-9.762607649895325395e-10
-1.581739105672249170e-10
1.900858792382873396e-11
1.697678403960683931e-12
-3.197928175576856435e-13
-2.437594546539655056e-14
6.504129048484623855e-15
3.684697654366822794e-16
-1.618431150516702061e-16
-1.038555564634343908e-18
3.846579610693362045e-18
1.030269254344919005e+00
-5.158410255964377723e-03
1.370328124601807146e-04
3.033259430759762464e-05
-4.926553637913340206e-06
3.001724896389088489e-07
1.234120722112195868e-08
-4.592393101940144119e-09
4.469383168910941124e-10
-7.459574346255853368e-12
-3.946095642863354499e-12
5.930315455678529188e-13
-3.194412580754052835e-14
-2.763166874096563815e-15
7.517610845815321806e-16
-6.748607369270202987e-17
-1.711114438549531931e-19
8.792977767395716293e-19
-1.184951549116873543e-19
1.012122713085479520e+00
-8.809164986437009737e-03
3.043484438533959960e-03
-9.690336578590229028e-04
2.707879248270689656e-04
-5.965576275943513260e-05
6.211124310593691333e-06
2.971272054228943149e-06
-2.549090637519108905e-06
1.241426639982460655e-06
-4.818511634081238471e-07
1.597449571856881061e-07
-4.541819373961651907e-08
1.042935942897275604e-08
-1.413869312696150566e-09
-2.987397631555774151e-10
3.614938859999163428e-10
-2.237608892389152492e-10
8.215330234180774243e-11
1.002803325070319662e+00
-2.803324574644304196e-03
-8.883583050116938715e-10
6.676506709457053081e-10
-4.434901850122570929e-10
2.574625302175189895e-10
-1.282373972583888163e-10
5.305654650783689223e-11
-1.707824718977524656e-11
3.559965840462136042e-12
-4.106851535863596903e-14
-2.855538515655542997e-13
8.964000738070928595e-14
4.371359476072745316e-15
-1.049286058892613210e-14
1.619503697430780327e-15
9.706727558525424418e-16
-2.800115252864289948e-16
-8.481752699101712477e-17
9.508278859523497939e-01
