8.034396039449884230e-02
-1.515842056778881739e-05
1.201788479880721481e-09
-9.391323332342369969e-14
7.390116491873593396e-18
-4.760093546238101176e-21
-1.063915705612644786e-20
9.133385479371451821e-21
-3.521947122291898314e-21
1.315085642732458704e-21
7.395744809675686149e-02
-8.044065333707202045e-03
-1.528074830894635356e-03
1.560217949721734334e-04
9.361190937292126305e-06
-2.052935321923090979e-06
-5.264913989686127516e-09
2.175717328036668439e-08
-9.367132158384068140e-10
-1.865067967331630794e-10
1.843601260985195556e-11
1.129242141628269984e-12
-2.473224257811097591e-13
-6.337386646774347394e-16
2.659593087434507712e-15
-1.159753057153742426e-16
-2.332904774639873195e-17
2.533069274223669699e-18
1.913954294092890704e-19
5.119164434888211906e-02
-1.321279162497182927e-02
2.498210557355034578e-04
9.415110839654545626e-05
-1.120214510049360208e-05
3.204059083699489199e-07
6.089464412872271953e-08
-8.773744831252858249e-09
3.753490700383625634e-10
3.568410759380875923e-11
-6.773828266284827732e-12
3.859483832753310411e-13
1.807346285812819431e-14
-5.103519666596187278e-15
3.647797509264323590e-16
6.534329639038834011e-18
-3.529826622995239999e-18
2.295966389856404805e-19
5.959390819946672845e-20
1.007021857874237057e-02
-1.580395176890933909e-02
8.328865169068441071e-03
-3.150999177638085479e-03
8.611730877208842840e-04
-1.435328426500421986e-04
-9.568613227728537250e-06
2.038404514101257436e-05
-1.082700150888563544e-05
4.219379859207091607e-06
-1.349603704567957671e-06
3.500394887860025015e-07
-6.233097185583007737e-08
-1.172661703277996915e-09
7.656238219529437167e-09
-4.504308056640136045e-09
1.877101817755167787e-09
-6.754113142100032371e-10
1.778599505313607701e-10
3.329335005272351022e-05
-5.927884766750315628e-05
4.142200968065779600e-05
-2.193158269871491267e-05
8.019550457592583838e-06
-1.429526908255830867e-06
-2.764939977037958144e-07
2.011874643217667492e-07
2.040431099321476248e-09
-2.568725852673166664e-08
6.769818541681934470e-10
3.848106633078436549e-09
9.657497493466625576e-11
-6.428311369685602304e-10
-1.013120266628591451e-10
1.043937177663708251e-10
4.270179607509341549e-11
-1.271509113472344988e-11
-1.145641181428989231e-11
9.305197129434871206e-01
6.891991494439167202e-06
-4.391420932540906860e-10
3.011391557615956879e-14
-2.170697925962346966e-18
-2.029277780231009700e-21
-2.652796912345031972e-23
6.991384700788965233e-22
1.210524479071658524e-22
-5.644317789411654225e-23
9.334983052216703214e-01
3.773727736240589051e-03
7.473476874923832116e-04
-5.934313868290759639e-05
-3.985492708530650490e-06
6.920699958777383260e-07
6.776965673741021475e-09
-6.791332345667922248e-09
2.388317222854001004e-10
5.562650691297717382e-11
-4.932273538346358811e-12
-3.330752655798820270e-13
6.593240625700074640e-14
3.494065068338430357e-16
-7.030059495111611377e-16
2.954037614311458744e-17
6.005937386526699770e-18
-6.311497140581733078e-19
-3.285280299137422957e-20
9.448755285360194156e-01
6.984168515924577166e-03
1.450683686063024508e-05
-4.682038632273837555e-05
4.047045440455922307e-06
-3.818540089741522392e-08
-2.538264893571162569e-08
2.678694842984512352e-09
-6.936068624089430578e-11
-1.352956396332647038e-11
1.880234646777355038e-12
-8.270155474975673080e-14
-6.585136073033361350e-15
1.338777369711050618e-15
-8.379031050211310452e-17
-2.381655426295464880e-18
9.403888704852780300e-19
-7.833714912752839532e-20
-2.370032447542397655e-22
9.755688124629164903e-01
1.680560203112363080e-02
-5.268537564676362313e-03
1.412045536652978142e-03
-2.790981770440681842e-04
1.390460167425235797e-05
2.096743947308455223e-05
-1.327907757063129726e-05
5.352725796219841040e-06
-1.680103952101450147e-06
4.144960026850171590e-07
-6.815063746797472438e-08
-2.214418670804279249e-09
7.985648846864842449e-09
-4.347987348753871824e-09
1.701031553032420495e-09
-5.435165590199120322e-10
1.464235707073120891e-10
-2.868138226326163383e-11
9.941235537598851479e-01
5.867788563058724295e-03
8.653981637606981958e-06
-2.311945850190912442e-09
9.396183258238325075e-09
-4.979307243213872909e-09
2.176355714072871731e-09
-7.329107250772875469e-10
1.578520913744484572e-10
-1.473111955324470409e-12
-1.321471086756963047e-11
3.914225863275041181e-12
3.957068528642299872e-13
-5.173679936329879704e-13
4.553508325828548277e-14
5.765223852553556327e-14
-1.321208778889582122e-14
-5.754971758667474492e-15
2.275224628406761962e-15
1.034614774640288282e+00
-3.195245779318841058e-06
1.802691422895931381e-10
-1.044579271147989437e-14
6.052916962006343509e-19
4.304110737222228880e-22
-4.218283511429085057e-22
4.143848141864803125e-23
2.911046918771548343e-22
-1.895811035954074851e-22
1.033218533854387333e+00
-1.773250346960347475e-03
-3.569760637239083713e-04
2.535223144877710261e-05
1.868079875651769095e-06
-2.635723247315050483e-07
-5.668416239435229570e-09
2.300833095480960072e-09
-3.245047887002726262e-11
-1.740490719228965079e-11
8.105096084168781943e-13
1.146691274110540788e-13
-9.561573095991196545e-15
-6.729737184724619592e-16
8.859711000096103245e-17
4.059830267038468047e-18
-7.594353557964356647e-19
-4.175336748355483674e-20
-6.875541090462584384e-21
1.027759647379557162e+00
-3.404363205184409488e-03
-2.373756626737283943e-05
2.329692571896920474e-05
-1.740789096761243083e-06
-1.182634065055104428e-08
1.267213568347342717e-08
-9.772798494553924674e-10
-5.357222946020513392e-12
7.304576458645524076e-12
-5.817518246885220338e-13
-3.245014190184078999e-15
4.534726720609330390e-15
-3.620609156810370728e-16
-3.348152603278804958e-18
3.067020632465872125e-18
-2.486614078993279719e-19
-5.872065319549465796e-21
7.729708649409801957e-21
1.012347662348610067e+00
-8.530412064824433385e-03
2.665512568886180007e-03
-7.018821733428633105e-04
1.304487876190653405e-04
-1.264316135984446352e-06
-1.288980392783466730e-05
7.376658683482970749e-06
-2.810615035943630536e-06
8.241048902597058384e-07
-1.786639102566521563e-07
1.778444065673216953e-08
7.835044145500314840e-09
-6.203604968006527784e-09
2.729242315889009521e-09
-9.247198000615055583e-10
2.476525205366408927e-10
-4.398669686124147436e-11
1.828363178581402773e-12
1.002951222899928219e+00
-2.951216093333027934e-03
-1.202005920404980194e-08
8.671605091827910178e-09
-5.413897587959280398e-09
2.872811491939441938e-09
-1.254318585835703748e-09
4.216014843682154435e-10
-9.036183279488091209e-11
5.884428728981427558e-13
7.669435811600660490e-12
-2.247219988597123598e-12
-2.371804753446957908e-13
2.996397795573935345e-13
-2.540496137907662322e-14
-3.358831750690849860e-14
7.552952589583569913e-15
3.373575222995062635e-15
-1.312882834975818089e-15
9.618380367544416831e-01
