8.804428342849149325e-02
-1.924350200657088701e-05
1.786594937773949659e-09
-1.639960327167256369e-13
1.514250513059994111e-17
-8.114639597687668756e-21
-2.175867867876110127e-21
-1.380813887292093380e-21
2.006218507918566106e-22
1.985678237948506067e-21
8.010183726215648614e-02
-9.957159775997212817e-03
-1.828366913484137397e-03
2.200597071825565615e-04
1.122101199787911010e-05
-3.255856045356484125e-06
3.429382985670822509e-08
3.782716090818330294e-08
-2.419396583848119282e-09
-3.349076801912196930e-10
4.747802912650213343e-11
1.594649049541507814e-12
-6.697458290021596726e-13
1.599597612511835670e-14
7.421225991186674020e-15
-5.935463857202727144e-16
-6.108917132804563220e-17
1.040403279181004712e-17
6.132347018934658028e-19
5.305618090480215820e-02
-1.514459506100187397e-02
4.599863725031274209e-04
1.005729084349399284e-04
-1.512743396807260404e-05
7.299604782869614150e-07
5.857740434760158126e-08
-1.331781357964554087e-08
9.498994629959194188e-10
1.763904363728786777e-11
-1.090669663333804645e-11
1.066296127286750492e-12
-1.778752422959070898e-14
-8.051831465435139086e-15
1.080307211181056619e-15
-4.646936739761173078e-17
-5.221246680617362541e-18
1.121212873169157382e-18
1.267794475045530705e-19
9.738726703874952748e-03
-1.554469005694150002e-02
8.516921832714014276e-03
-3.422370765397841994e-03
1.032818584778998246e-03
-2.183801891217158528e-04
1.527295221204863325e-05
1.430768468742442817e-05
-1.014867592833720027e-05
4.579697701187894340e-06
-1.680253644339640953e-06
5.224169947519956290e-07
-1.330418259472108539e-07
2.291880025830114619e-08
1.024180306636107301e-09
-3.280338566585513312e-09
1.947470371996312615e-09
-9.240527661459706867e-10
2.970118210210408655e-10
2.495520296750180838e-05
-4.459366000080446806e-05
3.152749853622191913e-05
-1.708672302535595820e-05
6.547723951663923233e-06
-1.349089675835433736e-06
-1.374134394618165956e-07
1.615169762765104863e-07
-1.073746411726409434e-08
-1.881369763089038679e-08
2.432470771045559908e-09
2.733428257228304548e-09
-2.756884325393948934e-10
-4.741911442062422677e-10
-6.797988266705749744e-12
8.603272302734811686e-11
1.885602565170550899e-11
-1.243404588912247031e-11
-6.804624382495375790e-12
9.264186993253280544e-01
8.442284815158248749e-06
-6.302055209353107345e-10
5.097646805471814332e-14
-4.349484773026716527e-18
2.501930642171672683e-21
-1.024858950584654172e-21
5.892527712507094366e-22
-8.070979090476228197e-22
4.660314172159671850e-22
9.300067861462584240e-01
4.529002870647594672e-03
8.739914332448327650e-04
-8.123722650898422559e-05
-4.810804725606676178e-06
1.069874045227226004e-06
-2.381742576957155322e-09
-1.158387611365356387e-08
6.321974403077375743e-10
9.894218664199991319e-11
-1.265711752955374143e-11
-4.838296095621578389e-13
1.774732680171937269e-13
-3.846240527817353478e-15
-1.949262606911619386e-15
1.539535213748766803e-16
1.558272131191944151e-17
-2.706988831413959880e-18
-3.137776854507310269e-20
9.432084726205545167e-01
7.887867204665523907e-03
-5.308035342309428426e-05
-5.164430978692993637e-05
5.497970717506062479e-06
-1.538435130327307474e-07
-2.775369535697494532e-08
4.181564333322718592e-09
-2.203881489495913408e-10
-1.126999181499226930e-11
3.154107669884392023e-12
-2.553075690478859035e-13
8.338873124726740734e-16
2.207827451173686868e-15
-2.609102526415153231e-16
9.726215423453930582e-18
1.267145931656841980e-18
-2.368105197070246540e-19
3.820416535636209513e-20
9.755332617290843888e-01
1.708525530791335859e-02
-5.519995913489211987e-03
1.568033305131623888e-03
-3.539648256578920601e-04
4.222611333555309243e-05
1.289713679974093521e-05
-1.195201393240258143e-05
5.577522832268694297e-06
-1.992685542817828376e-06
5.829172399794978073e-07
-1.355394462657676087e-07
1.974380290689682649e-08
2.242945980526856018e-09
-3.340374746528184809e-09
1.744571829287902326e-09
-6.927542320602504132e-10
2.477000396828430869e-10
-6.647936125569953038e-11
9.941713959524269839e-01
5.820092319674830678e-03
8.504076891753894639e-06
4.425910289304246724e-09
5.081202206178135965e-09
-2.757237482636058997e-09
1.251707986645601415e-09
-4.487820876584757789e-10
1.109286505045378011e-10
-8.854168009373273934e-12
-6.292897372805310983e-12
2.700001449750765630e-12
-7.630598775439578862e-14
-2.731192032792299516e-13
6.144443366394363690e-14
2.321868962792355272e-14
-1.127179866745161966e-14
-1.759098187591634930e-15
1.705015429336514809e-15
1.036556826147409849e+00
-3.855322237473274839e-06
2.497896415781137550e-10
-1.659664689041060779e-14
1.092928795653979822e-18
-4.886194176470702931e-22
5.100075373017094698e-22
-9.070679393245460322e-23
-3.050884980452335382e-22
1.497080734840434630e-22
1.034894355693065426e+00
-2.105097282067730502e-03
-4.152243728895112685e-04
3.394424790570953643e-05
2.301154889123434123e-06
-3.947498689252176439e-07
-5.315254609463989325e-09
3.806709023156119370e-09
-9.524248767833910951e-11
-3.136176268509283715e-11
1.939868681116238007e-12
2.239809037310962346e-13
-2.367678578809883524e-14
-1.501253651701710454e-15
2.423033870937883972e-16
1.234351556961961878e-17
-2.505303839848721972e-18
-1.437104275706534907e-19
9.320345928336600028e-21
1.028598555578791762e+00
-3.836286812957408372e-03
3.669837002562356366e-06
2.622658895769811125e-05
-2.394626246610840388e-06
2.517572053000604470e-08
1.556220031395247558e-08
-1.635834065578930206e-09
3.308423925972471653e-11
9.714222258174679316e-12
-1.182557211786043539e-12
3.341732121001843945e-14
6.575298950906303721e-15
-9.079340264930454895e-16
3.075114464101417489e-17
4.941831586167543414e-18
-7.463078333207376779e-19
2.734743416849180402e-20
5.565010146910918170e-21
1.012369499461745592e+00
-8.678664907188047770e-03
2.796981046886011599e-03
-7.822723574165209477e-04
1.681587628762114598e-04
-1.495521348731559419e-05
-9.330840657460539523e-06
6.997235724314483105e-06
-3.050125404623629768e-06
1.024567956656410425e-06
-2.737347210829033789e-07
5.218316465747391948e-08
-1.964236532777636806e-09
-4.262961466447488878e-09
2.696854957055672548e-09
-1.135841632043920385e-09
3.837904136139857952e-10
-1.094238788396492727e-10
2.268325915251636292e-11
1.002927090988297465e+00
-2.927087387972289803e-03
-6.383745244270037324e-09
4.657673966609531642e-09
-2.958457569413614009e-09
1.610139818453986416e-09
-7.302644571347359357e-10
2.614025442301639022e-10
-6.437850005108023973e-11
5.010344262101845287e-12
3.710401207504055601e-12
-1.574116968468929671e-12
3.968335093899375472e-14
1.606375912061088526e-13
-3.556690716757326827e-14
-1.377448547367797359e-14
6.578564693252293745e-15
1.055363731662189855e-15
-1.000039756982320306e-15
9.592346132255979985e-01
