1.051610167460233641e-01
-3.081172607539524924e-05
3.913189476324453934e-09
-4.939372793348979146e-13
6.270269607639827317e-17
-9.516340025385813261e-22
5.976812743628271844e-21
-6.029210799328956913e-22
-2.503508903432781013e-21
-7.041837639768059401e-22
9.305930754512901915e-02
-1.500012436393393864e-02
-2.525388965255528223e-03
4.240801125198246399e-04
1.229469725353048603e-05
-7.724767082159101535e-06
3.401827252551874205e-07
1.018470819620924086e-07
-1.273268625082597360e-08
-7.688859096703722463e-10
2.634180633170110565e-10
-6.004293518234714812e-12
-3.914962210727896174e-12
3.767734193439727540e-13
3.793664535904752787e-14
-8.924757868340929159e-15
7.402812505131311840e-18
1.451248888356424739e-16
-1.071369280122560610e-17
5.583254062676602097e-02
-1.919448511171183841e-02
1.053004552348081732e-03
9.115821263341332870e-05
-2.383814608466872613e-05
2.161012914565169799e-06
-2.433824355537999594e-08
-2.111578740118452629e-08
3.164805473266898375e-09
-1.929092970514240196e-10
-9.742799475287438544e-12
3.553619783749193776e-12
-3.770841221357949426e-13
1.102292253590331830e-14
2.827328622799061887e-15
-5.171537468352277511e-16
3.898317988883590414e-17
7.448717936903302506e-19
-7.262395568906177937e-19
8.927509845168461397e-03
-1.466009452082280007e-02
8.584087727598450901e-03
-3.812605858428689837e-03
1.336748052743378474e-03
-3.718018753556077689e-04
7.529225942537062734e-05
-4.795373215879912015e-06
-5.421484757343793067e-06
3.964847158691588741e-06
-1.908600928151246000e-06
7.652344349644270231e-07
-2.690362715636564914e-07
8.307218341112798789e-08
-2.161830567123499463e-08
4.010408747141500815e-09
6.297415191075089156e-11
-6.602334085012321670e-10
3.266602360106928540e-10
1.373710310523375641e-05
-2.470954749125530073e-05
1.784343731514503582e-05
-1.008006246551609205e-05
4.183635823375995478e-06
-1.062914868275981079e-06
2.062139980706555334e-08
9.162276681415021251e-08
-1.933025117888748778e-08
-8.183026599436911451e-09
3.141633937534549112e-09
1.033222491645449391e-09
-4.591958210441095220e-10
-1.861658873450191006e-10
6.068571927917981878e-11
3.973397744031375545e-11
-4.398422070642026548e-12
-6.924118500169769660e-12
-8.994272439351331182e-13
9.182177049677024971e-01
1.257547189921185644e-05
-1.290529749531924560e-09
1.452850091680486921e-13
-1.730980975938175288e-17
2.030691121473226499e-21
1.092133063039111980e-22
1.595501217667605450e-21
-1.702059937976237205e-21
2.034079363487178752e-22
9.233480829380853461e-01
6.416692427232371758e-03
1.159198594473348758e-03
-1.480287709365909598e-04
-5.864099338039301728e-06
2.427544087695774456e-06
-8.045509466612401928e-08
-3.030881119030054266e-08
3.361655967347292768e-09
2.291492974348432449e-10
-6.956315270961078298e-11
1.390336252732079585e-12
1.024506073561632879e-12
-9.773351332654711223e-14
-9.708602976400348293e-15
2.333394885297509568e-15
-9.485147931870351629e-18
-3.789372636844493073e-17
2.854061011974819048e-18
9.407004707217346828e-01
9.744261221308737550e-03
-2.481026762034514591e-04
-5.487737098893183889e-05
8.860333160393504096e-06
-5.773628068220190494e-07
-1.233116900174061364e-08
7.296493407951329624e-09
-8.381956477739178187e-10
3.692408699582633816e-11
3.840232910794951900e-12
-9.259248794417599037e-13
8.644918828595307374e-14
-1.805287449123393959e-15
-7.166583607666371090e-16
1.214656354381549188e-16
-8.979094813719362271e-18
-1.280810878167572397e-19
1.098898422726514833e-19
9.757733929223685321e-01
1.733299577931336419e-02
-5.875973768683244274e-03
1.825575403299244765e-03
-4.929295433784674618e-04
1.023162393826321123e-04
-8.064019362010205831e-06
-6.376033052276105278e-06
4.754374701707061794e-06
-2.191001826967506786e-06
8.173063240532411663e-07
-2.622075147388847319e-07
7.257228075645584253e-08
-1.638101367818729917e-08
2.273985231876613460e-09
3.728747760374919014e-10
-4.943108327275720263e-10
3.067607197970108449e-10
-1.124468197679827493e-10
9.943189837560444388e-01
5.672934654866523992e-03
8.071372687421491269e-06
9.317468803853322152e-09
1.430480653465067245e-09
-8.051460892492320686e-10
3.900714833120025879e-10
-1.548292592616504517e-10
4.643049431960611847e-11
-8.092437726464404224e-12
-6.900493776076961866e-13
9.247164420308637158e-13
-2.013229588946348383e-13
-4.290033353677269316e-14
3.128454664585690934e-14
-9.417666751846101405e-16
-3.715446078815156136e-15
4.660585809537572727e-16
4.276330525530077565e-16
1.040331585668287984e+00
-5.527498062071955424e-06
4.683413558497862134e-10
-4.024393094846166580e-14
3.309653683215757648e-18
-3.254340029666402606e-21
7.821775044133406635e-22
8.317974017122600674e-22
-3.148929686646176231e-22
-1.511090696808504192e-23
1.038020401278823890e+00
-2.906255390049583293e-03
-5.457775881195069817e-04
5.884228576178979745e-05
3.186939048827816009e-06
-8.406504117463472614e-07
4.326528165183368099e-09
9.684380625615832867e-09
-4.900579286412330522e-10
-9.371102159809660611e-11
9.233732034112110186e-12
8.380681584434704624e-13
-1.324961741654571863e-13
-9.115161826307239607e-15
2.012601496385857953e-15
1.337769424684264189e-16
-3.936364654737506810e-17
-1.598876233457705129e-18
8.792183128365272976e-19
1.029858984853533999e+00
-4.720934013226728287e-03
8.390004943288942893e-05
3.007199314090805100e-05
-4.020633616433735144e-06
1.765590331323995084e-07
1.680603042007776938e-08
-3.540103703004617509e-09
2.450917420468691015e-10
6.066787813007044541e-12
-3.131404230180440912e-12
3.046995613328686576e-13
-3.506691810956451507e-15
-2.803044381117097928e-15
3.738874993920074012e-16
-1.440711569263566565e-17
-2.450938509774455267e-18
4.677564995008239763e-19
-2.747970374386538883e-20
1.012254301282565772e+00
-8.815915379247349359e-03
2.986025259363270668e-03
-9.168850804036197304e-04
2.393472410211066345e-04
-4.475817506402264594e-05
4.658557619614129868e-07
4.736583217093183891e-06
-2.925296520124061367e-06
1.248458195652441806e-06
-4.353289748681355605e-07
1.277677947036794801e-07
-3.023603715444212002e-08
4.483850673079371598e-09
5.804919998987451778e-10
-8.588261591673124086e-10
4.740240489658091999e-10
-2.199050817347835983e-10
7.046595359178039058e-11
1.002852656588338220e+00
-2.852655614963225256e-03
-1.738621908589213034e-09
1.294596364777719091e-09
-8.480288552253286350e-10
4.825940732203298473e-10
-2.336215197812359202e-10
9.261877944155565297e-11
-2.771158516522900848e-11
4.796574782805852982e-12
4.297452605618457518e-13
-5.559387729966367661e-13
1.196057750129218616e-13
2.625121790307213064e-14
-1.878091149202281434e-14
5.061449931081862827e-16
2.243765821314419896e-15
-2.753661526116131963e-16
-2.589622733516832796e-16
9.537466537855823212e-01
