9.477647788906392590e-01
9.485453962896290836e-01
9.493158572435782538e-01
9.500765591637161389e-01
9.508278859523497939e-01
9.515702080977246347e-01
9.523038828227904373e-01
9.530292542800745670e-01
9.537466537855823212e-01
9.544564000852935326e-01
9.551587996483159593e-01
9.558541469814478830e-01
9.565427249604098181e-01
9.572248051735083862e-01
9.579006482740430872e-01
9.585705043382034551e-01
9.592346132255979985e-01
9.598932049400077382e-01
9.605464999882261656e-01
9.611947097352780967e-01
9.618380367544416831e-01
9.624766751709529222e-01
9.631108109982683407e-01
9.637406224661918541e-01
9.643662803401487071e-01
9.649879482312007095e-01
9.656057828964027534e-01
9.662199345293067676e-01
9.668305470404723323e-01
9.674377583279150095e-01
