1.249991961484558795e-01
1.223600044487377220e-01
1.197694109465688717e-01
1.172264427002635556e-01
1.147301230600854538e-01
1.122794747608649724e-01
1.098735227032612560e-01
1.075112964401579996e-01
1.051918323857822385e-01
1.029141757654699479e-01
1.006773823242172322e-01
9.848051981190332482e-02
9.632266926279590968e-02
9.420292608631519737e-02
9.212040098542652322e-02
9.007422071819407017e-02
8.806352871725701970e-02
8.608748558107380544e-02
8.414526944989104973e-02
8.223607627849595370e-02
8.035912001694903162e-02
7.851363270960437513e-02
7.669886452188626191e-02
7.491408370353001833e-02
7.315857649619640635e-02
7.143164699266797701e-02
6.973261695418049577e-02
6.806082559177058233e-02
6.641562931699820926e-02
6.479640146680390456e-02
