1.228290554618589425e+01
1.242452472876156300e+01
1.258612135053998493e+01
1.274767293015281666e+01
1.290917855055119468e+01
1.307063732238966658e+01
1.323204838125576011e+01
1.339341088490789211e+01
1.357474560785557749e+01
1.373600857466927039e+01
1.391724218449509465e+01
1.409842407154526533e+01
1.425953186044828946e+01
1.446062964307369292e+01
1.464165182271402443e+01
1.482261926494708248e+01
1.500353121852844751e+01
1.520440858656611383e+01
1.540522897340149910e+01
1.560599162198728607e+01
1.580669576388216058e+01
1.600734061694264199e+01
1.622794704268633836e+01
1.642847092532577591e+01
1.664895474817585352e+01
1.686937600505053680e+01
1.710975548339024854e+01
1.733004897433515268e+01
1.757029886260290041e+01
1.781048253684551597e+01
