1.477938810568740546e+00
-2.322610579538702397e-02
1.702777341211169336e-04
-1.357473739851821704e-06
1.260694263068306200e-08
-1.347137606073100524e-10
1.562650198327978514e-12
-1.880502049071697629e-14
2.302769066683921338e-16
-2.884867893777444137e-18
4.622969518095743080e-01
-6.636975092567447554e-01
2.997747287091162005e-01
-7.861437212483081416e-02
-6.058984863480523959e-03
2.146374508579625487e-02
-1.477673068214295678e-02
6.456928076187124117e-03
-1.675051046373969435e-03
-1.089783157650411888e-04
4.196518283388426108e-04
-2.778007708560471562e-04
1.131896891903200241e-04
-2.511125876389076446e-05
-4.028256172032354837e-06
7.084595297517350033e-06
-3.585483558449860560e-06
6.634867338582966076e-07
1.453200700987131629e-07
8.615635385647536434e-03
-1.087534164494287359e-02
4.221854095906446558e-03
-1.215891094679369573e-03
2.881247333448206955e-04
-6.004175109346571263e-05
1.151219389810737431e-05
-2.092861472284473799e-06
3.673725038702220762e-07
-6.285089817559936515e-08
1.051454774214658757e-08
-1.719203549059537946e-09
2.739041510746038113e-10
-4.229234966142926542e-11
6.273685298384130352e-12
-8.807128730146032890e-13
1.135449220754697536e-13
-1.246143401187543190e-14
9.000187919644377952e-16
1.151412835533426721e-04
-2.202001163853801330e-04
1.926541268321631012e-04
-1.545309119488035270e-04
1.139936206659853540e-04
-7.764825496515071672e-05
4.906930609581180422e-05
-2.891845505432458810e-05
1.598157967051071402e-05
-8.329838325299645808e-06
4.118766170480903120e-06
-1.943496130789255820e-06
8.803411631925174504e-07
-3.850536268015332437e-07
1.636105860082762022e-07
-6.807959177006638213e-08
2.832160886963909314e-08
-1.299856318543216078e-08
4.449727692953842473e-09
-1.963639026034789456e-10
3.787527832556573530e-10
-3.396289687795781969e-10
2.828770489352794300e-10
-2.184572739716464758e-10
1.560118729563166450e-10
-1.026446045549133794e-10
6.189090612873507373e-11
-3.395057973414046286e-11
1.676604780197441911e-11
-7.336745260891326273e-12
2.772401442004270462e-12
-8.621025692770295652e-13
1.964098764178857892e-13
-1.887991412176608010e-14
-8.053329339037257952e-15
4.496302739876523166e-15
-6.935746663603427033e-16
-1.624070719944885591e-16
4.526445093611601300e-01
7.616866306362768402e-03
-4.359967098095296934e-05
1.666459502394272027e-07
-2.202278605663586010e-10
-1.458199584153477406e-12
-6.461254268752427369e-15
4.167312002305505161e-16
-6.975075812096079647e-18
9.750388960204944930e-20
7.907950365205516086e-01
2.201552547450437436e-01
-9.718963098165499248e-02
2.936267127783386346e-02
-7.621982267190813168e-05
-7.376956700314448410e-03
5.933782750132553588e-03
-2.826995534269097395e-03
7.178913918157716831e-04
1.487354827111599619e-04
-2.884660811100942532e-04
1.786991428613471193e-04
-6.112951700625416393e-05
5.368700607057017099e-07
1.506043488075504871e-05
-1.117523748206282229e-05
4.005201780451770418e-06
6.213241033617874275e-07
-9.961053693221069100e-07
9.569329784645626003e-01
1.449315478058376717e-02
-2.451223734973026220e-03
4.190886042268928270e-04
-7.291848517950825918e-05
1.297211450955334955e-05
-2.359221222504122575e-06
4.363310695834291507e-07
-8.139439632595905817e-08
1.518895050844304276e-08
-2.816943741347092690e-09
5.168763876118963032e-10
-9.355222238760334745e-11
1.666568427151376307e-11
-2.916024581030439636e-12
4.998934534655371696e-13
-8.371807395596550823e-14
1.396355317668431082e-14
-2.140524154717648501e-15
9.862000218679376484e-01
1.046942076560295962e-02
-3.971344321151066593e-03
1.506450572819400743e-03
-5.714489340412237141e-04
2.167756273970199133e-04
-8.223631975790756049e-05
3.119995716182067942e-05
-1.183884972947504352e-05
4.493393179687907612e-06
-1.706141328145693535e-06
6.482251376968366581e-07
-2.465116670062628165e-07
9.387191800559346355e-08
-3.582391032885892857e-08
1.374059008847104824e-08
-5.383032922616803602e-09
2.366848918341660137e-09
-7.939744361158084403e-10
9.968927139032119911e-01
3.104869466974590191e-03
2.414750327748432028e-06
1.878023925865492004e-09
1.460595580699091785e-12
1.136022002227909748e-15
8.243665300068316132e-19
4.680127354524948410e-20
-3.456482443039145941e-20
2.487373879239401334e-20
-1.717437121178869200e-20
1.134561763255598046e-20
-7.165275756359492959e-21
4.327906787272714089e-21
-2.491143911775831656e-21
1.370280510208433488e-21
-7.372635735503209279e-22
4.145042204637444895e-22
-1.525047827066970368e-22
9.728244125921148289e-01
3.893320409102559582e-03
-3.989311067544401465e-05
3.075157450913958215e-07
-2.189961746240634405e-09
1.742050324863238388e-11
-1.746549784616772152e-13
2.066891638453369216e-15
-2.575874857961292428e-17
3.186452679064036109e-19
1.035912136433642328e+00
1.030108476337164569e-02
-2.836260917487941000e-02
1.916131592328818717e-02
-6.734090244496455067e-03
-3.428743963519788633e-04
2.320850025271394956e-03
-1.835298469561760099e-03
8.620072851839924444e-04
-2.035855020087699993e-04
-6.282698101634542659e-05
1.006660337467000295e-04
-6.159809394283193636e-05
2.186904817342332283e-05
-1.374293925439088119e-06
-4.174348500232251523e-06
3.212653084907970855e-06
-1.230268227106222106e-06
2.104085811426958592e-07
1.022013055898042477e+00
-7.528781921472166815e-03
1.277878197061476382e-03
-2.133046407184474168e-04
3.451892135792917083e-05
-5.304982399544411184e-06
7.491189218681871491e-07
-9.068076786131076458e-08
7.377518862203835247e-09
3.884957521000401341e-10
-3.837354863106014632e-10
1.239968817229685353e-10
-3.154334138425343278e-11
7.161611083666735219e-12
-1.516036660332202924e-12
3.053288068009750298e-13
-5.918558917340848054e-14
1.146684764301196104e-14
-2.016907761864956597e-15
1.006967060696574379e+00
-5.322354049327380349e-03
2.032947115703899812e-03
-7.765069129374520306e-04
2.965910878976298960e-04
-1.132812034881713561e-04
4.326459397804178488e-05
-1.652196089577380746e-05
6.308268379449281505e-06
-2.407818398267426601e-06
9.185863768555559035e-07
-3.501714583333160540e-07
1.333351716439670758e-07
-5.068870094449649071e-08
1.923173153898798212e-08
-7.290691681145831487e-09
2.797951044923666783e-09
-1.190744233227763998e-09
3.902527085918942143e-10
1.001557882408687483e+00
-1.557882408687479925e-03
-6.041447672180481744e-20
5.500167003004164997e-20
-4.821221213194248247e-20
4.067554814006903957e-20
-3.301455417348010970e-20
2.576445872354144888e-20
-1.931833794722261918e-20
1.390514320603095663e-20
-9.598137218271814797e-21
6.345541291514024965e-21
-4.012373560556511830e-21
2.422919695176096838e-21
-1.396095156248642470e-21
7.697610479900543398e-22
-4.135632515372371855e-22
2.322581464686175465e-22
-8.578033885921545090e-23
1.750877192982456254e-01
