1.450212753502893026e+00
-2.301656554005539895e-02
1.720524371722728684e-04
-1.397385417014589394e-06
1.311853016008523897e-08
-1.409358896605610840e-10
1.644247891383359913e-12
-1.994942892691454394e-14
2.466014565858212801e-16
-3.099510890178335012e-18
4.538909587389270972e-01
-6.501701975923083188e-01
2.934689566344520495e-01
-7.747807575652986001e-02
-5.305466349344441397e-03
2.065800670318188384e-02
-1.439908978799952013e-02
6.395205382349007650e-03
-1.730297345375318187e-03
-5.118413125719035485e-05
3.910712431137636008e-04
-2.717669384877805438e-04
1.163185374227835146e-04
-2.914686658655043177e-05
-1.739699229061294589e-06
6.369207242790480531e-06
-3.644864572777111069e-06
9.730635408463431808e-07
-2.804243811226889464e-08
8.740125876032171781e-03
-1.096267930073544297e-02
4.221591087491389366e-03
-1.206373341946407772e-03
2.839213048796318160e-04
-5.883526196437887474e-05
1.123169899214933796e-05
-2.035045933981354657e-06
3.562801758222139927e-07
-6.081655696170937498e-08
1.015338636611277347e-08
-1.656917700516684714e-09
2.634915214871270556e-10
-4.061551364649757285e-11
6.016413652900709045e-12
-8.438434800555614517e-13
1.088138924003396886e-13
-1.198558709084118497e-14
8.806399812468290270e-16
1.209241208325942927e-04
-2.311266336713011774e-04
2.018717641476830969e-04
-1.614832132614841273e-04
1.186892705491221153e-04
-8.049161492638785766e-05
5.061246234316807993e-05
-2.966638354071808939e-05
1.630186532971159116e-05
-8.447700839005392847e-06
4.153144684047876825e-06
-1.948890550458548393e-06
8.781939381656766225e-07
-3.822822699922595829e-07
1.617403024976688626e-07
-6.704966104995854189e-08
2.780202379560871721e-08
-1.272331774254458513e-08
4.348860018051675639e-09
-1.954605042304540661e-10
3.768426713861996274e-10
-3.374616770090260873e-10
2.804306816053293830e-10
-2.158570430496059411e-10
1.534786232491021419e-10
-1.004077780057486877e-10
6.010997132011915794e-11
-3.267703779916967204e-11
1.595242252471807261e-11
-6.876306194170248377e-12
2.544856356318311709e-12
-7.663212817724712287e-13
1.637058540628986370e-13
-1.086679467691106994e-14
-8.801177558787027366e-15
4.071806062155647731e-15
-4.631800302950934973e-16
-2.053796986510303504e-16
4.559456015716322197e-01
7.592438821374628000e-03
-4.509325656659290537e-05
1.888310835261552032e-07
-3.916392686920485313e-10
-7.078740241657845081e-13
-7.206483352329150176e-15
4.127971749990186947e-16
-7.179937065629087590e-18
9.457899858361151863e-20
7.902888251398326735e-01
2.181673334853063695e-01
-9.543508232796796276e-02
2.872538406658083424e-02
-1.906670153489371236e-04
-7.070436730087401381e-03
5.731799232367613961e-03
-2.770009832480182805e-03
7.400670564857109255e-04
1.115786753131192216e-04
-2.652922991843106068e-04
1.717133290047211320e-04
-6.279522701391882346e-05
4.108945698354984860e-06
1.263755564896217604e-05
-1.027927745846306800e-05
4.034299421809749076e-06
2.304694177738817273e-07
-7.677077766045961459e-07
9.559778497745379244e-01
1.480606318571743747e-02
-2.502082992595896192e-03
4.271603880980806328e-04
-7.412518667291976985e-05
1.312905037240584586e-05
-2.372882352697684216e-06
4.354676866493358722e-07
-8.053826211088757169e-08
1.489792358930948891e-08
-2.739622771460955883e-09
4.987024797277614487e-10
-8.959939890042074236e-11
1.585266020657647981e-11
-2.756014247924496928e-12
4.695682223873695967e-13
-7.816418583544434298e-14
1.295258464509867100e-14
-1.973164908791897589e-15
9.858893576381710933e-01
1.070344095126172200e-02
-4.059482959472137699e-03
1.539644883527707328e-03
-5.839501197176893933e-04
2.214836623620375258e-04
-8.400947453504175591e-05
3.186783690974144437e-05
-1.209046046545069751e-05
4.588208374764101281e-06
-1.741883046513321781e-06
6.617030415981191561e-07
-2.515950767986546423e-07
9.578885039188725436e-08
-3.654622166149338725e-08
1.401266846910908364e-08
-5.486652418432315202e-09
2.410429494989864807e-09
-8.081256163228224671e-10
9.968222687837653417e-01
3.175204110762788311e-03
2.525095779569054747e-06
2.008094117377696828e-09
1.596946068010860332e-12
1.270047947478427389e-15
9.539869867866359582e-19
4.433250637218044453e-20
-3.248789848531684950e-20
2.326910735541198129e-20
-1.598323223645366822e-20
1.050548926869000131e-20
-6.594439896475788153e-21
3.946345387633177907e-21
-2.251383755993990447e-21
1.228131490851861045e-21
-6.511346725775378061e-22
3.606891481051159793e-22
-1.326270296725272772e-22
9.832231968239140141e-01
3.740788303985272817e-03
-3.976892900378168092e-05
3.188848199592640368e-07
-2.360019929644774506e-09
1.911439375103841282e-11
-1.900451385798554900e-13
2.226672111006528105e-15
-2.779587903279108468e-17
3.586045068177941998e-19
1.039281802101378771e+00
6.081972593039772397e-03
-2.612839210323301964e-02
1.833121208256867016e-02
-6.674007540312889945e-03
-1.410835872377351821e-04
2.133488288737552755e-03
-1.741995468780210918e-03
8.423164732999738292e-04
-2.154812507195719542e-04
-4.751435289187236664e-05
9.201739455817174870e-05
-5.926907823120564360e-05
2.259217617975104163e-05
-2.652919422032589575e-06
-3.368249970993178317e-06
2.974898297561469507e-06
-1.338288788981072893e-06
3.143758482316259902e-07
1.022509431830458393e+00
-7.698060305913675093e-03
1.306438730583985497e-03
-2.180501323315224094e-04
3.529842569271290475e-05
-5.434151900028657668e-06
7.715229529422750034e-07
-9.489603707243650411e-08
8.243025013760716396e-09
1.999778203474468497e-10
-3.418034908743965311e-10
1.147311786408509118e-10
-2.953809806870795093e-11
6.738949736494078831e-12
-1.429389009107857987e-12
2.880489476586573186e-13
-5.582846132594519632e-14
1.081041487299671493e-14
-1.900253827556630515e-15
1.007124298100498638e+00
-5.442471331284707940e-03
2.078826468460426465e-03
-7.940300945809549782e-04
3.032833917005095417e-04
-1.158366937838746903e-04
4.424015566323242262e-05
-1.689420586959962476e-05
6.450193936948907837e-06
-2.461863109519676734e-06
9.391282009098480119e-07
-3.579585850740243395e-07
1.362766392512311210e-07
-5.179472710104691844e-08
1.964537809931313037e-08
-7.444686581541166862e-09
2.855731325182945086e-09
-1.214660967744504290e-09
3.979514084990762607e-10
1.001593042006436285e+00
-1.593042006436285124e-03
-6.102388660543704451e-20
5.549016966868019435e-20
-4.855852544028760590e-20
4.087814973815609670e-20
-3.308917847361113591e-20
2.573875794339022204e-20
-1.922528936581298321e-20
1.377684392507781972e-20
-9.461213368019241462e-21
6.218742177132050665e-21
-3.906261980354362735e-21
2.341099911517887885e-21
-1.337228427287592925e-21
7.296826787666686995e-22
-3.870393370941795661e-22
2.141884183863192225e-22
-7.844032786867315064e-23
2.376190476190476186e-01
