7.343666899810937787e-01
-5.369927730604071199e-03
1.957831699294676180e-05
-7.417039060832936850e-08
2.908941820983084128e-10
-1.178664625530220543e-12
4.927421929357288548e-15
-2.123441820767996437e-17
1.151626928406950129e-19
-1.370134132817568269e-20
3.082906479884618967e-01
-3.440927816907182191e-01
9.793796081039803092e-02
-3.157944585522347389e-03
-1.322433839763035614e-02
8.342086793921931961e-03
-2.927295197887190472e-03
4.485335191183941958e-04
1.927516972043924568e-04
-1.884964749912004442e-04
8.401916442889684558e-05
-2.112218078028714854e-05
-5.475558624442106916e-07
3.726829011167357974e-06
-2.203321417721730745e-06
7.581583446181470514e-07
-1.060338818094260213e-07
-8.281804102759599991e-08
5.508334216269371518e-08
2.162449599485033805e-02
-2.179298212434307991e-02
6.487214633968836457e-03
-1.450716538747389263e-03
2.744206188484558159e-04
-4.694387254475409474e-05
7.518590874737427766e-06
-1.141317521874684033e-06
1.635815293137577597e-07
-2.172640080833094375e-08
2.556024539468311866e-09
-2.329055186838272504e-10
5.565738234048680037e-12
4.526010124232533193e-12
-1.605242603189340881e-12
3.930730408586999786e-13
-8.285017054890479377e-14
1.648425802192691240e-14
-2.884807123732365367e-15
7.180710330969852524e-04
-1.344198912506265001e-03
1.104849838936720853e-03
-8.027348120349798825e-04
5.204364432437346734e-04
-3.044369441224850496e-04
1.625909950062389960e-04
-8.024265952934289084e-05
3.703647250888184348e-05
-1.617486004837822970e-05
6.758688413519964284e-06
-2.729860613009156070e-06
1.075455783430691186e-06
-4.163814062077945379e-07
1.593971929811369401e-07
-6.070978105945578897e-08
2.339332103403284036e-08
-1.001545749773993505e-08
3.299440374973576179e-09
-1.814936599973617700e-11
3.447651196307086691e-11
-2.951363714806911267e-11
2.270648247613459555e-11
-1.561886737438729804e-11
9.525610307151628296e-12
-5.083505599872973956e-12
2.323492817527593096e-12
-8.753606455240267403e-13
2.503782966751920247e-13
-4.151223242107901975e-14
-3.878003929077638968e-15
4.774470327663840884e-15
-1.076098791731396149e-15
-1.774194431414643981e-16
1.534908571880048945e-16
-1.322227656035014807e-17
-1.392776789311133276e-17
3.850474338278540688e-18
6.437574159518389960e-01
1.942096681554798853e-03
-7.027643188691907147e-06
2.593643848756457092e-08
-9.454585844766747134e-11
3.390253060020346248e-13
-1.199331597578660096e-15
4.225094195141456392e-18
-2.736980071273457115e-20
1.222027528249777493e-20
8.054306728693448880e-01
1.351865302739879982e-01
-3.234537193879944567e-02
6.890086413986513817e-04
4.483316110063314576e-03
-2.902091141234745993e-03
1.079220107905917584e-03
-1.908694240338850497e-04
-6.254681881828684942e-05
7.120136622772186630e-05
-3.355464572068974526e-05
8.670013071722947366e-06
3.382165184241148384e-07
-1.669737351917783857e-06
9.634250497570478514e-07
-3.070219777561255900e-07
2.285390787693532539e-08
4.877118098408777990e-08
-2.760574747381167001e-08
9.365279649719735477e-01
2.099974492477051438e-02
-3.449050818403510271e-03
5.597308116671308956e-04
-8.937072556148683428e-05
1.399527099135439094e-05
-2.144062240514274964e-06
3.202884025119148882e-07
-4.637809619907177862e-08
6.435416150918112274e-09
-8.364368678567608400e-10
9.674769157476883352e-11
-8.505574319702527097e-12
7.767622978777069373e-14
2.178765950170581414e-13
-7.503767593106488186e-14
1.881842957781768658e-14
-4.283642330934001747e-15
8.304921187497066666e-16
9.794910685450003429e-01
1.550623054666184011e-02
-5.861775062820780320e-03
2.215805094161119818e-03
-8.375184773620484224e-04
3.165088318879874909e-04
-1.195794507655367013e-04
4.515810565164645889e-05
-1.704232558890838390e-05
6.425680234383980608e-06
-2.419760455277600139e-06
9.098009932524567501e-07
-3.414314638465879048e-07
1.278596079988903493e-07
-4.777989369800199740e-08
1.784783331411427564e-08
-6.755578086415629457e-09
2.838987451839951137e-09
-9.240925916946870236e-10
9.953663939566983476e-01
4.628232183345378295e-03
5.367627581287134920e-06
6.225147034556979725e-09
7.219661762299656859e-12
8.373057667232497709e-15
9.710801291466099601e-18
1.120537996214520249e-20
6.178257109442378189e-23
-3.116422451765372690e-23
1.197917861384596595e-23
-9.362031053409760019e-24
4.163112640816977984e-24
-3.590684205140905848e-24
-1.641812811201975222e-24
1.371221809877474207e-24
3.517855174844387501e-25
-1.607807459380214456e-24
-8.893357640514833142e-25
1.110133338930599622e+00
6.699098892809748668e-05
-1.839474399086026694e-06
1.121947018098377656e-08
-5.521721795526835461e-11
2.498483004535397056e-13
-1.086072202883632833e-15
4.637519787666577651e-18
-1.839124781556236909e-20
-6.258697809857133460e-22
1.079320905308670309e+00
-3.590482429855060970e-02
-2.539741249197981026e-04
3.885785923228849813e-03
-1.413359331702413683e-03
-4.773793731730919805e-05
3.027235434816757552e-04
-1.654419387859633859e-04
3.911985011078221387e-05
8.675920736951204512e-06
-1.309109729655243769e-05
6.574761218271838135e-06
-1.666247773738444385e-06
-1.783830516225986404e-07
4.205174351709025778e-07
-2.317242517511236464e-07
6.633177845341513858e-08
8.087453351106567128e-09
-1.272947336206596502e-08
1.032679249592878712e+00
-1.098177017489859741e-02
1.784186193692240087e-03
-2.742457569330504193e-04
3.889289578826371556e-05
-4.899199266270037618e-06
5.001292484093294039e-07
-2.650229364215469794e-08
-4.991719708097594560e-09
2.281333246132773701e-09
-5.874238119291151993e-10
1.247904148399299565e-10
-2.376340473968614648e-11
4.175208337826121396e-12
-6.830005340248127275e-13
1.036712439696325202e-13
-1.433298488524752123e-14
1.718650130991628931e-15
-1.510202881530965226e-16
1.010396592913788139e+00
-7.941466922339528861e-03
3.032647651159466051e-03
-1.157777336763769023e-03
4.417785594405085510e-04
-1.684183371926036043e-04
6.410934380834234288e-05
-2.434672267119007160e-05
9.214671113092051921e-06
-3.471153916671758558e-06
1.299512225536936719e-06
-4.827358382807311076e-07
1.776447570030274997e-07
-6.465475250630788855e-08
2.323675925223347210e-08
-8.240559241334828233e-09
2.906360214881358837e-09
-1.106366375348302862e-09
3.352042702656122824e-10
1.002324904782107895e+00
-2.324904782107774411e-03
-9.036573729507592746e-22
7.901464083530188831e-22
-6.530441853925595760e-22
5.099755561839386261e-22
-3.760533505530176229e-22
2.613374344141326933e-22
-1.706703473945180001e-22
1.044243093252032373e-22
-5.964749789168036096e-23
3.163949298569188256e-23
-1.546896981586140936e-23
6.904760757669917686e-24
-2.776223452597020674e-24
9.818535531397718606e-25
-2.914314973487930451e-25
6.571620549454282091e-26
-8.653281428135656896e-27
7.453734335839599101e-01
