1.496707838734435470e+00
-2.332219919009621140e-02
1.683628114780908033e-04
-1.322266960329442061e-06
1.216561262423419840e-08
-1.292719492669473045e-10
1.490434571870297889e-12
-1.779483271093013799e-14
2.160203262738808393e-16
-2.732225363800502947e-18
4.682092199043609293e-01
-6.730491618535170417e-01
3.039525732253049450e-01
-7.921033046701644875e-02
-6.685981732095367530e-03
2.204720066408490803e-02
-1.502423628258199063e-02
6.478697438627169583e-03
-1.622933211567234666e-03
-1.545010760179459021e-04
4.400339567640181027e-04
-2.809430154219087284e-04
1.100527025327360288e-04
-2.184279146806448321e-05
-5.721272127086856424e-06
7.543459828700626938e-06
-3.496239328268232487e-06
4.267221808277847776e-07
2.701566881152842892e-07
8.541875930948961138e-03
-1.082828376878754856e-02
4.226505347918513636e-03
-1.223657304790125603e-03
2.913076351587666544e-04
-6.093493967897038055e-05
1.171778197130995624e-05
-2.134980521827673858e-06
3.754125191896965526e-07
-6.431777121401441205e-08
1.077343018349899060e-08
-1.763536929906357639e-09
2.812504476434121943e-10
-4.346152848412988527e-11
6.450032178084696430e-12
-9.052953793899010732e-13
1.165337138280666772e-13
-1.271459713150677569e-14
8.967836282596863515e-16
1.114811028083528263e-04
-2.132824438517240059e-04
1.868139908513350648e-04
-1.501214121765666624e-04
1.110122528128613576e-04
-7.584187599711425098e-05
4.808955067557067428e-05
-2.844508861482840942e-05
1.578056935430674425e-05
-8.257387695482318205e-06
4.098864222910340051e-06
-1.941402389556994722e-06
8.825221875193174183e-07
-3.872704265890850076e-07
1.650350019374517015e-07
-6.884932262677157171e-08
2.870647424254263481e-08
-1.320147869607191344e-08
4.523956460767950043e-09
-1.971657858024643194e-10
3.804135222099658257e-10
-3.414278056885027199e-10
2.848133512373895643e-10
-2.204403146185217218e-10
1.578945744684019570e-10
-1.042794270594854913e-10
6.317969248259751133e-11
-3.486785027867542081e-11
1.735178727892678991e-11
-7.669356116733704776e-12
2.938025005712878971e-12
-9.327324976924819728e-13
2.210697013276873252e-13
-2.520748146298969100e-14
-7.312704168088335938e-15
4.760336031963621014e-15
-8.659453451483554003e-16
-1.245273020819626300e-16
4.506361918316171278e-01
7.618598097166817858e-03
-4.241104057362543714e-05
1.509640989349881198e-07
-1.110778519994981534e-10
-1.849501371950587899e-12
-6.587060598843976488e-15
4.160276537427541213e-16
-6.700074798305697121e-18
1.163527198774310432e-19
7.912150933054072910e-01
2.214696887528335156e-01
-9.835444597484106766e-02
2.975519287566271917e-02
3.813920816199050859e-05
-7.603671029287204820e-03
6.072283749014078559e-03
-2.858873792833666397e-03
6.958702985310692398e-04
1.777281437263240448e-04
-3.050256940401590579e-04
1.828507587424464209e-04
-5.921805725676584453e-05
-2.346444612218707441e-06
1.683286196023219152e-05
-1.174586159906869076e-05
3.919260655432997318e-06
9.300971577006625380e-07
-1.165718425825606339e-06
9.576168353431274705e-01
1.426894434562010587e-02
-2.414756716581793576e-03
4.132978957180011509e-04
-7.205258783011132253e-05
1.285960696857562872e-05
-2.349508766670819545e-06
4.369941842797608818e-07
-8.202459598501386814e-08
1.540259640572873469e-08
-2.873705720804922791e-09
5.302236855528403011e-10
-9.645602271316438915e-11
1.726285874906308013e-11
-3.033472490067092649e-12
5.221214296556139323e-13
-8.777965562627855162e-14
1.470003586186084053e-14
-2.261854651012085481e-15
9.864223403620493436e-01
1.030190489449224825e-02
-3.908235831221789670e-03
1.482676473507266428e-03
-5.624930170649475010e-04
2.134018592038221024e-04
-8.096534984890492686e-05
3.072111373233459149e-05
-1.165841462600547984e-05
4.425386374274070989e-06
-1.680501511432547243e-06
6.385555489309178150e-07
-2.428643733791400204e-07
9.249646744086698719e-08
-3.530559430585436749e-08
1.354532125295011867e-08
-5.308640195392657800e-09
2.335539877240504657e-09
-7.838025697544387117e-10
9.969431124830766544e-01
3.054548388692642120e-03
2.337338331327395464e-06
1.788529687605408380e-09
1.368581600406213258e-12
1.047313291363156626e-15
7.399297082637684675e-19
4.863482932882249932e-20
-3.607904475973867605e-20
2.604389992638228595e-20
-1.803426945776473181e-20
1.196393861280539813e-20
-7.594417973443045628e-21
4.607362607181057722e-21
-2.668369093474984135e-21
1.481909093908788785e-21
-8.010142896402036504e-22
4.540930965017887099e-22
-1.684269049407953892e-22
9.655165523478351775e-01
3.988433288534596818e-03
-3.977694164712235756e-05
2.976456228560180304e-07
-2.058526053957336178e-09
1.615689860508373769e-11
-1.629181952589117015e-13
1.937466806703163009e-15
-2.406355971037335774e-17
3.130190720610660339e-19
1.033501533096813585e+00
1.330666955772536429e-02
-2.992741143611108573e-02
1.971538828742424795e-02
-6.747623072619992821e-03
-5.004639760915708876e-04
2.455713506056085051e-03
-1.897464820953214662e-03
8.713488349543722228e-04
-1.922968672916937610e-04
-7.466294907613296153e-05
1.067059018178505552e-04
-6.284984232306404877e-05
2.104457199635891552e-05
-3.294515596200285071e-07
-4.766499681000746262e-06
3.356556783846174279e-06
-1.122801959890352629e-06
1.224078837472868163e-07
1.021658054920745240e+00
-7.407599281249434287e-03
1.257375405642999471e-03
-2.098772000981945207e-04
3.394979946521136082e-05
-5.209168175356404672e-06
7.321940587952612318e-07
-8.744861432624761102e-08
6.709254060448731895e-09
5.339760250204066751e-10
-4.159458070182926455e-10
1.310722140847455242e-10
-3.306544208378565502e-11
7.480642398027284596e-12
-1.581096144521605014e-12
3.182375195141035940e-13
-6.168056286089161324e-14
1.195183685786607242e-14
-2.102609833085104536e-15
1.006854636440391637e+00
-5.236470390221123657e-03
2.000143299394424850e-03
-7.639776762202182695e-04
2.918059224096098640e-04
-1.114538818973759727e-04
4.256695193045592136e-05
-1.625572024263677101e-05
6.206731611035161833e-06
-2.369136321232329960e-06
9.038733447458875920e-07
-3.445879753175474674e-07
1.312228043832597375e-07
-4.989268129888631196e-08
1.893313082199402462e-08
-7.179075730567684739e-09
2.755837126986713484e-09
-1.173175939897020340e-09
3.845665306379449496e-10
1.001532743438805051e+00
-1.532743438805019270e-03
-6.011503568542193568e-20
5.477312090257481223e-20
-4.806640280149778631e-20
4.061235853747342957e-20
-3.302348584196281977e-20
2.582796839245924071e-20
-1.941592777960653627e-20
1.401718885725237977e-20
-9.708689817556530817e-21
6.443753321663999212e-21
-4.092612385413246263e-21
2.483924255129860491e-21
-1.439650744493051043e-21
7.993264232889960332e-22
-4.331417332313224063e-22
2.456325787200719016e-22
-9.122255337401265707e-23
1.125563909774436322e-01
