1.456512827608480665e+00
-2.307118955354712023e-02
1.717615407737690643e-04
-1.389645211173682410e-06
1.301804196188536992e-08
-1.397283804818851944e-10
1.628585675324310899e-12
-1.972997835705653817e-14
2.434338787844885898e-16
-3.038979850390884876e-18
4.557676442957211416e-01
-6.532147079845179727e-01
2.949151843861487765e-01
-7.776209570476877442e-02
-5.459091386397699544e-03
2.083519630362043115e-02
-1.448594480448674345e-02
6.412149988873473358e-03
-1.719950952527411368e-03
-6.332160567711356475e-05
3.973762332398352265e-04
-2.732606426343372336e-04
1.157556310704594717e-04
-2.831260912454631364e-05
-2.234492894538214696e-06
6.533138128276034062e-06
-3.637942945516403132e-06
9.071362365284061648e-07
9.883626444323139099e-09
8.710207525921099397e-03
-1.094098241285130189e-02
4.220973543110536838e-03
-1.208337924081997854e-03
2.848262997520091436e-04
-5.909809754648727458e-05
1.129311726853472501e-05
-2.047744073031405860e-06
3.587225159662801412e-07
-6.126562520419634064e-08
1.023333742136319141e-08
-1.670752084398333977e-09
2.658137843369189331e-10
-4.099149691507477233e-11
6.074537505341330847e-12
-8.522722380339245287e-13
1.099191835356104423e-13
-1.210354215396388707e-14
8.873800550272133592e-16
1.195692744462439357e-04
-2.285670181360589207e-04
1.997132482231450451e-04
-1.598560205898056264e-04
1.175908474379687744e-04
-7.982673142307967302e-05
5.025157094455421172e-05
-2.949126579907943152e-05
1.622662742030079976e-05
-8.419787778667428687e-06
4.144818124952265565e-06
-1.947428983018689761e-06
8.785725705178512380e-07
-3.828610999640637223e-07
1.621417229441195404e-07
-6.727292787638988779e-08
2.791518088663000704e-08
-1.278340828231784858e-08
4.370901369709061941e-09
-1.956371161118188165e-10
3.772213648477768956e-10
-3.379043355547104393e-10
2.809446287624787751e-10
-2.164146983387986677e-10
1.540293815415935672e-10
-1.008982696197032788e-10
6.050244103998305910e-11
-3.295835232666199300e-11
1.613219339686185416e-11
-6.977876556321939653e-12
2.594870284797488245e-12
-7.872422161550529871e-13
1.707717683217421563e-13
-1.255803011490589150e-14
-8.664051104644946172e-15
4.171056440379453364e-15
-5.129986677945111579e-16
-1.968941962036809614e-16
4.551604378423407815e-01
7.600290624165548237e-03
-4.478282094842262395e-05
1.839236666994247565e-07
-3.519267415077148706e-10
-8.951772039257671053e-13
-6.934056058967435140e-15
4.141461367752781603e-16
-7.131400269239532395e-18
8.798093776834694294e-20
7.903921197239553997e-01
2.186242623018298803e-01
-9.583749713496989009e-02
2.887606443953727106e-02
-1.701569725610033320e-04
-7.137197730273138474e-03
5.777379028006754055e-03
-2.783913040370734806e-03
7.360589007454090794e-04
1.194390141921778076e-04
-2.704097354948824380e-04
1.733731330104539643e-04
-6.252823625544343990e-05
3.367216192006688175e-06
1.316568238719328419e-05
-1.048601784660428495e-05
4.036738464499380570e-06
3.124163659408600412e-07
-8.170452447057552433e-07
9.561894086441050655e-01
1.473677924525415572e-02
-2.490825376975368786e-03
4.253742277953254190e-04
-7.385822343585949192e-05
1.309432662868105236e-05
-2.369851807575166869e-06
4.356539235207253660e-07
-8.072578948771092350e-08
1.496171505515754513e-08
-2.756567478595988366e-09
5.026840198307202634e-10
-9.046522253174348610e-11
1.603074938019128432e-11
-2.791074236824671011e-12
4.762169778878570894e-13
-7.938314456354572185e-14
1.317486004036099662e-14
-2.010042151118451554e-15
9.859581849062404313e-01
1.065160050427342922e-02
-4.039960808769933395e-03
1.532293470398985932e-03
-5.811818748106432550e-04
2.204412489921787758e-04
-8.361692387402661867e-05
3.171999443465719115e-05
-1.203476923626689517e-05
4.567223861662788167e-06
-1.733973204405795946e-06
6.587204441692934916e-07
-2.504701765583105923e-07
9.536466654487435155e-08
-3.638639354764153065e-08
1.395247033972498413e-08
-5.463730754403716375e-09
2.400792545427974981e-09
-8.049972796845950945e-10
9.968378777243327438e-01
3.159619865541731833e-03
2.500429792180424255e-06
1.978766247835347153e-09
1.565937051214207641e-12
1.239306308853935274e-15
9.240478578437002909e-19
4.486368079992409791e-20
-3.295303772424172997e-20
2.362935126833588780e-20
-1.623831099901982726e-20
1.068698353307852276e-20
-6.717946057752475719e-21
4.028539989267155796e-21
-2.306610151051867577e-21
1.261837148945656981e-21
-6.695483637836614038e-22
3.709338659023218367e-22
-1.359369809369670295e-22
9.809021770353359981e-01
3.776625275444705707e-03
-3.982797139309004000e-05
3.166553105745254133e-07
-2.324248691860636359e-09
1.875171672052449539e-11
-1.867944780545917937e-13
2.194166065218023635e-15
-2.737055406128371243e-17
3.379608707833093600e-19
1.038535717810850301e+00
7.017715035245846930e-03
-2.662771522959716392e-02
1.852067019807364379e-02
-6.691574046955570121e-03
-1.837975893697384264e-04
2.174795867104290480e-03
-1.763279037968042747e-03
8.473500843364854644e-04
-2.132540298804655487e-04
-5.076654143898610202e-05
9.394478953625933588e-05
-5.984041886548578339e-05
2.247589149819348149e-05
-2.389705538225543423e-06
-3.543314417400050820e-06
3.030718454971893095e-06
-1.318688339519934149e-06
2.934050447309784220e-07
1.022399425670782236e+00
-7.660563291998238530e-03
1.300121087237034439e-03
-2.170036283838731297e-04
3.512746452532040833e-05
-5.406052134962304824e-06
7.666954354192257890e-07
-9.399487222988226812e-08
8.058653084481183295e-09
2.401566134181333411e-10
-3.507646066721456354e-10
1.167179606372737964e-10
-2.996948540820530324e-11
6.830152643807917227e-12
-1.448138282286995444e-12
2.917979456893932583e-13
-5.655873017124334644e-14
1.095362539494979345e-14
-1.925774087658223593e-15
1.007089446732347238e+00
-5.415847594725364984e-03
2.068657433522213141e-03
-7.901461495836848824e-04
3.018000855839935771e-04
-1.152702988047967549e-04
4.402394314338203211e-05
-1.681171225493639502e-05
6.418745996387413853e-06
-2.449890580163654563e-06
9.345792048883158170e-07
-3.562350609774417089e-07
1.356261204831424429e-07
-5.155039717544883201e-08
1.955413972135485944e-08
-7.410789877066079382e-09
2.843049316760337918e-09
-1.209432613231498186e-09
3.962732079823131296e-10
1.001585248943875683e+00
-1.585248943875643265e-03
-6.086796950493596291e-20
5.536345118611888729e-20
-4.846623385815442726e-20
4.082080501015893079e-20
-3.306317394661528925e-20
2.573761812729462036e-20
-1.924122768068020037e-20
1.380223295792904232e-20
-9.489676511577319192e-21
6.245731564184891515e-21
-3.929143222252272168e-21
2.358874224896982537e-21
-1.350067641880103479e-21
7.384380197954269328e-22
-3.928324008767730630e-22
2.181299914090721377e-22
-8.004008691523881476e-23
2.251127819548872644e-01
