1.469029259626851047e+00
-2.316750894638885255e-02
1.709869286415205663e-04
-1.371927410938862177e-06
1.279052817079461203e-08
-1.369636829364570431e-10
1.592356253426224050e-12
-1.922171703960891355e-14
2.361843654066915471e-16
-2.922475812066830635e-18
4.595539395917060399e-01
-6.593139686747336858e-01
2.977652957254542931e-01
-7.828167820576514835e-02
-5.794803001817669559e-03
2.119750462023801962e-02
-1.465675442840964210e-02
6.440786618239079282e-03
-1.695572754913971403e-03
-8.917161543709887009e-05
4.102429617313113489e-04
-2.760227405687422429e-04
1.143826939816907344e-04
-2.651106312940146708e-05
-3.262554395175278814e-06
6.857352229181503083e-06
-3.613111961524735487e-06
7.683901696626477891e-07
8.789669714550174031e-08
8.653616268419690380e-03
-1.090110235463566737e-02
4.220922987225507288e-03
-1.212584145782958029e-03
2.867109574550459898e-04
-5.963981389149515679e-05
1.141913852043338996e-05
-2.073729283289219156e-06
3.637095186309948822e-07
-6.218053776817384309e-08
1.039582271568298771e-08
-1.698786308676649351e-09
2.705029102992315358e-10
-4.174716271929571156e-11
6.190594465169318633e-12
-8.689310117426687853e-13
1.120632487901116978e-13
-1.232104736489627405e-14
8.967718021998126363e-16
1.169494224101263487e-04
-2.236169401246740135e-04
1.955374969415467725e-04
-1.567066602560286703e-04
1.154638404917263225e-04
-7.853879129364836197e-05
4.955254621705799608e-05
-2.915240615022600474e-05
1.608145159120044987e-05
-8.366306150893279591e-06
4.129171620902686575e-06
-1.944934780156481463e-06
8.795142355138551601e-07
-3.840991828528636597e-07
1.629799769631410604e-07
-6.773509561191060813e-08
2.814846861810189692e-08
-1.290702671584976615e-08
4.416208123071024134e-09
-1.960377105211071506e-10
3.780696800323477661e-10
-3.388701022215316949e-10
2.820383154126939843e-10
-2.175800108568096332e-10
1.551665399078252854e-10
-1.019034098217385930e-10
6.130320809317343166e-11
-3.353114290554994580e-11
1.649814087962502360e-11
-7.184926238419798598e-12
2.697144207874498067e-12
-8.302573011120718288e-13
1.854378583311431940e-13
-1.614030591673910748e-14
-8.335655523272342023e-15
4.363659506203118275e-15
-6.163884179504677119e-16
-1.778352505124475583e-16
4.536617462856664118e-01
7.611871725410397638e-03
-4.411502883552909148e-05
1.739290523041956821e-07
-2.742402904820456805e-10
-1.238524330166324466e-12
-6.574172893771463884e-15
4.159999937053533386e-16
-7.022874881033700035e-18
9.109791151024484048e-20
7.906177079405093400e-01
2.195227934938085990e-01
-9.663038818047632594e-02
2.916523133283996372e-02
-1.199022273617309149e-04
-7.274838026190834708e-03
5.868498909662269759e-03
-2.809899462139734284e-03
7.263180109172280531e-04
1.360669638138316229e-04
-2.808398345734058389e-04
1.765504788001613385e-04
-6.180697493049634348e-05
1.772459928136582879e-06
1.425467356497027656e-05
-1.089211146642763237e-05
4.026244967484958389e-06
4.871886785959972425e-07
-9.196083984991496596e-07
9.566191470710819766e-01
1.459599996861188180e-02
-2.467944442414242955e-03
4.217429444135623430e-04
-7.331536403855381688e-05
1.302372029566266771e-05
-2.363701951390933558e-06
4.360404552361049168e-07
-8.111027358242549329e-08
1.509244060640056335e-08
-2.791299537168069507e-09
5.108474493977845582e-10
-9.224074461146675857e-11
1.639594620519488373e-11
-2.862951494334100471e-12
4.898404095706775862e-13
-8.187856794851272065e-14
1.362921241729199908e-14
-2.085280474277867407e-15
9.860979655934052346e-01
1.054630692916293938e-02
-4.000304938443035620e-03
1.517358740011486885e-03
-5.755574573444968874e-04
2.183230891351878409e-04
-8.281918890747879249e-05
3.141952273464643366e-05
-1.192157393544656712e-05
4.524568662938868140e-06
-1.717893970763595160e-06
6.526571398419556930e-07
-2.481833127590581332e-07
9.450230234362548253e-08
-3.606145090525864614e-08
1.383007280146460812e-08
-5.417117234488918385e-09
2.381188428854202196e-09
-7.986317595552081767e-10
9.968695744288585958e-01
3.127972929545430776e-03
2.450719988030504383e-06
1.920102441842101580e-09
1.504371448670488929e-12
1.178724202707206529e-15
8.653955574762037318e-19
4.598311712585486546e-20
-3.388395160447035616e-20
2.434536054634051555e-20
-1.677309563448371925e-20
1.106306441596310882e-20
-6.977994216288754570e-21
4.201520034919159398e-21
-2.410466804022795461e-21
1.322929283957772652e-21
-7.090094266876490567e-22
3.963461044990567261e-22
-1.452502704860340811e-22
9.762178448663366703e-01
3.845800438403155705e-03
-3.989158635992318244e-05
3.116024032964240431e-07
-2.248044938377621824e-09
1.799085012491815385e-11
-1.798903514787109608e-13
2.122732885977478687e-15
-2.646968049453840290e-17
3.345859191742534622e-19
1.037019455426780423e+00
8.916733142564345349e-03
-2.763438293144773739e-02
1.889575050644751522e-02
-6.719752893631536668e-03
-2.740900400813365786e-04
2.259077908260739582e-03
-1.805445099107891088e-03
8.563962563933881196e-04
-2.080087927686566341e-04
-5.762369449988492907e-05
9.784314507808708125e-05
-6.090502273820049667e-05
2.216254266001816054e-05
-1.819319940501759880e-06
-3.905558906882472954e-06
3.138790164843042386e-06
-1.271269087645081020e-06
2.471480072359050380e-07
1.022176077423335494e+00
-7.584399513324362532e-03
1.287272910194755182e-03
-2.148696098436683136e-04
3.477715598680121683e-05
-5.348060225174885743e-06
7.566485130199801258e-07
-9.210638726189114438e-08
7.671076874840209159e-09
3.245772255614412663e-10
-3.695476773136939812e-10
1.208700119773055751e-10
-3.086839404081012136e-11
7.019690140965714332e-12
-1.487007352021415581e-12
2.995519797922517442e-13
-5.806567557168010303e-14
1.124839379295189370e-14
-1.978175772868644268e-15
1.007018695424675148e+00
-5.361799044224604439e-03
2.048013344715796710e-03
-7.822613413773773453e-04
2.987887909044055794e-04
-1.141204235893265498e-04
4.358497900087984989e-05
-1.664421827394245749e-05
6.354886701828468381e-06
-2.425573840330473809e-06
9.253370520954954469e-07
-3.527317070979800672e-07
1.343029042814785022e-07
-5.105291719540188895e-08
1.936811872050452847e-08
-7.341553631789293393e-09
2.817080008800258686e-09
-1.198688348538729836e-09
3.928158334583560403e-10
1.001569428358898506e+00
-1.569428358898643759e-03
-6.058862336271487557e-20
5.513909920735869381e-20
-4.830657075102373077e-20
4.072656135634187237e-20
-3.302724327383846931e-20
2.574747547848512610e-20
-1.928191895905386476e-20
1.385919093170724339e-20
-9.550804726714982986e-21
6.302497407334187049e-21
-3.976721398631065735e-21
2.395593196837909568e-21
-1.376498442982233099e-21
7.564362733664455263e-22
-4.047431454292647464e-22
2.262428916806065788e-22
-8.333521865327654323e-23
1.975989974937343296e-01
