1.491634197332436740e+00
-2.329989419111593019e-02
1.689359932067762305e-04
-1.332399546077610016e-06
1.229186439307295788e-08
-1.308315798516799599e-10
1.511161544420053735e-12
-1.808415456491726997e-14
2.198166516358678623e-16
-2.652912577273187383e-18
4.665928458954562985e-01
-6.705053178535255176e-01
3.028308154906971250e-01
-7.906354950969345097e-02
-6.506931989512423041e-03
2.188647476013417734e-02
-1.495810044320786819e-02
6.474502313304222878e-03
-1.638229292010291542e-03
-1.416909256758597832e-04
4.344590893180993530e-04
-2.801815399629967933e-04
1.109868658096492197e-04
-2.276893751647624507e-05
-5.253957957963772581e-06
7.422895170667628575e-06
-3.524818118578025007e-06
4.927437452553060367e-07
2.360030135312632400e-07
8.560978854215649941e-03
-1.084003484267208502e-02
4.224883649394635746e-03
-1.221448952329533353e-03
2.904192369316902899e-04
-6.068712143755469746e-05
1.166089518918528998e-05
-2.123345487566986073e-06
3.731946592717041165e-07
-6.391372489453854241e-08
1.070224208519874765e-08
-1.751370933617672888e-09
2.792397183520877883e-10
-4.314264993828955774e-11
6.402188355697210572e-12
-8.986845695410118329e-13
1.157444484130013001e-13
-1.265213244580974393e-14
8.990695787961248061e-16
1.124510102693169702e-04
-2.151156864876137059e-04
1.883619940508366884e-04
-1.512905362604205061e-04
1.118029356383854649e-04
-7.632099157094374934e-05
4.834933891751612954e-05
-2.857046278538327339e-05
1.583365523092761641e-05
-8.276386276154266565e-06
4.103972060861270601e-06
-1.941841441887202706e-06
8.818728967051824751e-07
-3.866430544673341636e-07
1.646368332785489256e-07
-6.863522305744623153e-08
2.859967883740599885e-08
-1.314524325625164267e-08
4.503394664893917907e-09
-1.969334398582462464e-10
3.799344688790024642e-10
-3.409143118928344315e-10
2.842668418028537702e-10
-2.198858177026607578e-10
1.573716810281367064e-10
-1.038274169329909841e-10
6.282432194756809359e-11
-3.461524864409357619e-11
1.719050105651545703e-11
-7.577678686892194440e-12
2.892274459103034892e-12
-9.131494291176673985e-13
2.141891846421369568e-13
-2.341942449305097695e-14
-7.533516579791617674e-15
4.691287224801589905e-15
-8.180469649259714237e-16
-1.355101729266357489e-16
4.511611064618707423e-01
7.619300494142681492e-03
-4.274565344511371091e-05
1.552395095448215424e-07
-1.398832203123092621e-10
-1.753516867255297350e-12
-6.506967293272899290e-15
4.164576035490277292e-16
-6.708452264225003289e-18
8.419376332635310375e-20
7.910952572479313938e-01
2.211166504789518483e-01
-9.804129462073046808e-02
2.965226067000583526e-02
4.176465201170268053e-06
-7.540812978001324926e-03
6.034729164381961997e-03
-2.850835166850197201e-03
7.024097960133595872e-04
1.695800607055655059e-04
-3.004879463709790306e-04
1.817839880321456053e-04
-5.980243437055622130e-05
-1.529078893364339244e-06
1.634443654176992081e-05
-1.159584854033943692e-05
3.948417671452702275e-06
8.431694844160062361e-07
-1.118830939573727270e-06
9.574288469050956651e-01
1.433059277885067803e-02
-2.424785558149219599e-03
4.148906181825169561e-04
-7.229075086566870108e-05
1.289053724101044430e-05
-2.352170154743349816e-06
4.368074217072847601e-07
-8.184974756403385674e-08
1.534338750592735781e-08
-2.857977002850604147e-09
5.265249382965597095e-10
-9.565130229617563978e-11
1.709737661547615713e-11
-3.000933828245191510e-12
5.159658132693747814e-13
-8.665565413740687846e-14
1.449645886011538027e-14
-2.228366447416661389e-15
9.863612355202551196e-01
1.034795086683568295e-02
-3.925584225745088612e-03
1.489212464500314038e-03
-5.649553862528022179e-04
2.143295294212141443e-04
-8.131485042272306081e-05
3.085279942595778627e-05
-1.170803907239605040e-05
4.444091151438713223e-06
-1.687553887296820526e-06
6.412153134011591038e-07
-2.438676375693844183e-07
9.287481931446633654e-08
-3.544817249119853813e-08
1.359903769971490755e-08
-5.329106560799832361e-09
2.344154785909921971e-09
-7.866018022753561180e-10
9.969292614210546466e-01
3.068378278157368744e-03
2.358486559991312731e-06
1.812833474140658922e-09
1.393421125024464207e-12
1.071117850039038095e-15
7.624672708358734865e-19
4.811820638877947197e-20
-3.566976517773207683e-20
2.571835831943453789e-20
-1.779160752521785162e-20
1.178914184786647338e-20
-7.479365107731002617e-21
4.529206570275397992e-21
-2.620006676688806251e-21
1.451175110851719325e-21
-7.830529065672600014e-22
4.412748982039039345e-22
-1.649370162109400336e-22
9.675131914556206469e-01
3.963412969586952751e-03
-3.982429623507548167e-05
3.004763958216633578e-07
-2.095162159908888265e-09
1.650555173788043308e-11
-1.661729455739696475e-13
1.973820306125826527e-15
-2.450711376971341080e-17
3.088697097462527143e-19
1.034163714575867088e+00
1.248221569173536133e-02
-2.950038822774727829e-02
1.956644623502256514e-02
-6.746278578568669186e-03
-4.561378710537884111e-04
2.418633989947041769e-03
-1.880779478556948801e-03
8.691725023342320236e-04
-1.956187961637933636e-04
-7.134704463531086195e-05
1.050638616168851055e-04
-6.254185681896462469e-05
2.129609612519671444e-05
-6.262787771256929438e-07
-4.603299829557186480e-06
3.319490418322240465e-06
-1.154769271419226846e-06
1.476241526526252219e-07
1.021755612597025520e+00
-7.440910195277701360e-03
1.263015523025927617e-03
-2.108216184083685737e-04
3.410707916616961577e-05
-5.235759759402929496e-06
7.369140510428127807e-07
-8.835354251222764156e-08
6.896705818794572700e-09
4.931685862561422793e-10
-4.069204746732331283e-10
1.290925820974604307e-10
-3.264020423371527895e-11
7.391640511222346528e-12
-1.562971071458507762e-12
3.146461298412705379e-13
-6.098740329389360873e-14
1.181731711434325104e-14
-2.078876788722760195e-15
1.006885529489155218e+00
-5.260070364014095279e-03
2.009157472503039863e-03
-7.674205995056883594e-04
2.931208512651301218e-04
-1.119560226185036921e-04
4.275866556095671593e-05
-1.632888681927069754e-05
6.234637316252730742e-06
-2.379768721661830887e-06
9.079182273010811106e-07
-3.461234184576762960e-07
1.318039434710815147e-07
-5.011180574026652184e-08
1.901539454058904812e-08
-7.209859096532093549e-09
2.767469420289234102e-09
-1.178038556557364447e-09
3.861426504180180380e-10
1.001539651371088580e+00
-1.539651371088405184e-03
-6.018693173164143142e-20
5.482671598053435247e-20
-4.809869444318695324e-20
4.062347238399977854e-20
-3.301625252060498420e-20
2.580704234330533403e-20
-1.938670980225270064e-20
1.398482058133517745e-20
-9.677320104922335647e-21
6.416168649225316974e-21
-4.070214019053965539e-21
2.466957762385026878e-21
-1.427561565605630934e-21
7.911265773263020555e-22
-4.277104517384374886e-22
2.419193748964809496e-22
-8.971084398881556261e-23
1.325664160401002212e-01
