3.559259563141162208e-01
-6.709751945330192291e-04
5.997337954231088783e-07
-5.474032421929593573e-10
5.086353330675658911e-13
-4.805403302042206607e-16
-2.375879957795624511e-19
1.862750683307697248e-18
-6.971944305101858173e-19
-3.133499725977824239e-19
2.226802198998820703e-01
-1.395630844385412905e-01
5.086355779623680587e-03
8.941466384530851949e-03
-3.072238700355501596e-03
2.772507643752588789e-04
1.446269328816974489e-04
-6.613439015922152739e-05
9.731255608146531847e-06
2.002461750078533766e-06
-1.382254140400428012e-06
2.834162385454498223e-07
1.711965567679940514e-08
-2.749280010225047478e-08
7.438515723801474389e-09
-2.302250173030158800e-10
-5.035028371006924593e-10
1.697768686803253017e-10
-1.674409582205710799e-11
4.839387557827554143e-02
-3.683793218145261367e-02
7.853391301013654471e-03
-1.201947019384847761e-03
1.411297886726993423e-04
-1.125796335895496517e-05
-7.615021727121895376e-08
2.737888214414513672e-07
-7.369017154248909848e-08
1.409008930739412890e-08
-2.203141326018172803e-09
2.848184433018684149e-10
-2.790464829360896033e-11
1.117429392251830981e-12
3.424485995117935692e-13
-1.219910501399283175e-13
2.607914606509230864e-14
-4.507056107762471995e-15
6.277958969828550495e-16
3.053268848779715390e-03
-5.556614803778992667e-03
4.216068793832887344e-03
-2.712039845680201070e-03
1.509808459602357978e-03
-7.431534090041877006e-04
3.302409352767711058e-04
-1.351442493579376922e-04
5.187736419425410502e-05
-1.898754042203686646e-05
6.715044895488949760e-06
-2.315990309527398537e-06
7.824831506820437350e-07
-2.588252028967775062e-07
8.332170486995665803e-08
-2.577371913597429114e-08
7.478151920684349001e-09
-2.011999952729715941e-09
4.183561288204027247e-10
4.684508044424784915e-08
-8.758628975281277785e-08
7.141693629936864421e-08
-5.046842424578697997e-08
3.053142048890688654e-08
-1.546825502069556443e-08
6.297601636416801769e-09
-1.878566484254129601e-09
2.954447102309336352e-10
4.783220148339495560e-11
-4.011106367589093677e-11
5.477274666242518916e-12
3.053602479910911569e-12
-1.157725096099795302e-12
-2.036446893651825562e-13
1.692977426232204722e-13
1.430511299050923072e-14
-2.064824308698298083e-14
-1.675402387538434026e-15
7.726198646250438395e-01
2.603860500095468342e-04
-2.147388338994536237e-07
1.938874854522716024e-10
-1.811368759768952921e-13
1.703302822337679713e-16
-3.106281198657820460e-19
4.628292657406334531e-19
-1.781918397010162012e-19
1.010116782849491237e-19
8.286568378424798986e-01
6.032577545126732721e-02
-7.835171340244690807e-05
-3.542096390321972446e-03
1.074289536617979409e-03
-8.671298934848476164e-05
-5.077596279401383380e-05
2.277033478389961843e-05
-3.450598211808593338e-06
-6.538181553738020900e-07
4.823551555608428418e-07
-1.043195403274869415e-07
-4.612631490479307990e-09
9.803038022670685331e-09
-2.788965705811939326e-09
1.127009279535502949e-10
1.850559568814579008e-10
-6.452802559400197760e-11
6.518511389206258986e-12
9.158153634385168829e-01
2.553346482616592958e-02
-3.507019205270422296e-03
4.163547102622435696e-04
-3.904415986393270721e-05
1.899714715812277610e-06
2.863737016773733278e-07
-1.150798013534092522e-07
2.500196253556272207e-08
-4.349770380773347699e-09
6.501751724702296397e-10
-8.328166858503129692e-11
8.465845871735468262e-12
-4.472415016604005203e-13
-7.406324108390192598e-14
3.203808330866132310e-14
-7.424747445892732851e-15
1.387792215190714826e-15
-2.103798116552068234e-16
9.719512434290831226e-01
2.109785748770823255e-02
-7.922039016926136351e-03
2.965760874908162422e-03
-1.104659087641548989e-03
4.082139509753798128e-04
-1.491475759802422070e-04
5.366987507486162316e-05
-1.894336584760358981e-05
6.530944189479829457e-06
-2.189597993177567320e-06
7.101892361136517210e-07
-2.212695343050918964e-07
6.545965488016957172e-08
-1.797891615574786363e-08
4.340243759240814560e-09
-7.461623203180221299e-10
-7.680121395529423412e-11
1.005911875799657751e-10
9.936332851973872504e-01
6.356564876653315356e-03
1.013374477788251703e-05
1.615538153901516697e-08
2.576156404988135437e-11
3.648801306210247099e-14
3.095435942534780094e-15
-1.844150750602496522e-15
1.023845238237582709e-15
-5.134310858745222702e-16
2.292675514842293917e-16
-8.910580374867947011e-17
2.893281313351770230e-17
-7.163978518516724291e-18
9.654258053366040047e-19
1.650488059745729899e-19
-1.379796472435502690e-19
2.955563192075136167e-20
1.673470395080765677e-21
1.102305296519638267e+00
-7.008706011357872831e-05
2.065045995783820780e-08
8.833575224119477627e-12
-2.901669835761712912e-14
4.414224383424523922e-17
-3.187463953437659210e-19
8.289380706788126823e-20
6.759284614904302114e-20
-7.537484621310753449e-20
1.082003717440103818e+00
-2.327588478942289874e-02
-1.549247818630991244e-03
1.364165900824535057e-03
-1.863690088378977029e-04
-3.824614787794726613e-05
1.788002274496456410e-05
-7.429082082496392817e-07
-1.198171308074615471e-06
3.281129694095464797e-07
2.483921279743073064e-08
-3.681736021245840914e-08
8.312795583918072736e-09
9.097040014559406605e-10
-1.042762054444579837e-09
2.438128735222079679e-10
1.594022788697642357e-11
-2.684843661845904782e-11
7.124607070638198072e-12
1.043368594660194937e+00
-1.310293020285099863e-02
1.689943546551325206e-03
-1.669665587253886551e-04
7.949493174424449786e-06
1.368607804887145303e-06
-5.023376725018571838e-07
9.828463386003168868e-08
-1.446170258264158860e-08
1.610861592551270690e-09
-1.010182854760294557e-10
-9.829041027856294718e-12
4.997758459120763859e-12
-1.128483353699846573e-12
1.903079227764911946e-13
-2.536169481320337289e-14
2.417963523366505433e-15
-4.002743946259492305e-17
-4.428968216770162148e-17
1.014283046555274126e+00
-1.088635681283698503e-02
4.137601848599002999e-03
-1.564860024502910067e-03
5.869788198121129877e-04
-2.173994706691754922e-04
7.906694247690853315e-05
-2.805574585401890181e-05
9.639325386550191683e-06
-3.176691637090561859e-06
9.908712826887122421e-07
-2.859848365570234677e-07
7.276743866780586413e-08
-1.408611073113243302e-08
4.397136994562757426e-10
1.559944470819937561e-09
-1.217643072422184982e-09
7.727208529731869304e-10
-3.006635763315005097e-10
1.003198624783967041e+00
-3.198624783961975804e-03
-9.396406840098574237e-15
7.848129401250554470e-15
-6.085313610440786694e-15
4.369366856098405994e-15
-2.894862035654417605e-15
1.761050675368912544e-15
-9.769637231575931918e-16
4.894682372736950009e-16
-2.182943877451582400e-16
8.469012556344231522e-17
-2.742174818011388428e-17
6.752631790098653476e-18
-8.921366122659575585e-19
-1.646074835407379735e-19
1.323126002791552670e-19
-2.772744130809058622e-20
-1.846660911713469846e-21
8.679348370927317813e-01
