9.393082233156684335e-01
-1.040100537226849690e-02
5.784137393053920587e-05
-3.383431960224949689e-07
2.088431984499778702e-09
-1.361066644889584856e-11
9.332538545091583054e-14
-6.683519072314470519e-16
4.975434237774556823e-18
-2.471528162047116616e-20
3.438255862585131717e-01
-4.338593162755695620e-01
1.583051292435768143e-01
-2.566103284272960167e-02
-1.158490659100446137e-02
1.262337813921274136e-02
-6.542723052490656208e-03
2.176315115648547443e-03
-2.889897940179792088e-04
-2.056916759867766253e-04
1.971466288472102386e-04
-9.892347211662673239e-05
3.218819122607322232e-05
-4.030677271888375393e-06
-3.163460464791635743e-06
2.934909042242058756e-06
-1.424852340307862193e-06
4.269235180586082383e-07
-5.937904954411685022e-08
1.521843676213191152e-02
-1.662063578427222174e-02
5.420202964453401523e-03
-1.322328646232781265e-03
2.709247583747887724e-04
-4.996418329282098253e-05
8.644528304760770436e-06
-1.433927211612276996e-06
2.299528279839892568e-07
-3.565091212456605272e-08
5.313733808751936478e-09
-7.528813012829410935e-10
9.925710024931723324e-11
-1.161865386430283427e-11
1.049455085200378570e-12
-2.083260568007904929e-14
-2.249083116176822467e-14
8.413535509680697367e-15
-1.987099063949566284e-15
3.875558415464912775e-04
-7.312548364335665898e-04
6.150016636455646118e-04
-4.631778862361498423e-04
3.144845728903615262e-04
-1.940807018276030443e-04
1.098527975541286472e-04
-5.756878821940015855e-05
2.820170369511107913e-05
-1.303849205645788373e-05
5.742539408544646724e-06
-2.431063871556531800e-06
9.975349582784220045e-07
-3.997304096116521209e-07
1.574835704053460398e-07
-6.145876991794823018e-08
2.420603331488943055e-08
-1.058934999630058075e-08
3.533198339269986028e-09
-2.066979970209091563e-10
3.947524110795612649e-10
-3.434881051309356140e-10
2.717881726531292010e-10
-1.948396073729775302e-10
1.258172060892098403e-10
-7.254834347379693549e-11
3.686001218624561798e-11
-1.615299119200954363e-11
5.879189549867702655e-12
-1.639603814772279865e-12
2.694130216963567432e-13
2.311671478286668741e-14
-3.038717618186886589e-14
7.547440987893198694e-15
7.319134373967128318e-16
-9.540429960986622323e-16
1.108160096245648103e-16
7.775965126575805773e-17
5.773052621511018945e-01
3.729600361557320123e-03
-2.011024215345701417e-05
1.058792230571759081e-07
-5.362094227982624218e-10
2.633091178958089436e-12
-1.278571388472388541e-14
6.355848216809265949e-17
-3.015307167386516639e-19
-2.252238657845444888e-20
7.979002825392864651e-01
1.658497622503813940e-01
-5.331564355676396416e-02
8.917513715799883084e-03
3.621579244608595302e-03
-4.366057087523369205e-03
2.430010699246969164e-03
-8.683616190164208069e-04
1.304193950507656727e-04
8.252752846994253460e-05
-8.458901831519541543e-05
4.286139660342855356e-05
-1.301553982998583084e-05
4.917941825117953738e-07
2.250193680382225328e-06
-1.636470602697231996e-06
6.444595662284274240e-07
-6.817893124391198378e-08
-4.747102712723783574e-08
9.431016734632811094e-01
1.897443006290142065e-02
-3.164873768038672496e-03
5.279338596025373326e-04
-8.798870374300107378e-05
1.462765545064258260e-05
-2.420405564648264392e-06
3.976787214603464364e-07
-6.471322998156623940e-08
1.039871541642816889e-08
-1.643728789087471570e-09
2.542247676124584269e-10
-3.816566250466832565e-11
5.490718570945250948e-12
-7.398179039453765403e-13
8.888603704134733101e-14
-8.207180474285908209e-15
6.212092742188089657e-17
1.996450783743513873e-16
9.816774770375451542e-01
1.386877147733612051e-02
-5.248816801527049491e-03
1.986493708505249461e-03
-7.518263681748354891e-04
2.845484573463710884e-04
-1.076983501606707883e-04
4.076470293007878655e-05
-1.543095102254589721e-05
5.841802191905502493e-06
-2.211869826555525258e-06
8.376097023671641907e-07
-3.172495478301531256e-07
1.201857690255292264e-07
-4.555299142951834870e-08
1.730998124334625077e-08
-6.691789038159208366e-09
2.887342319351243149e-09
-9.561421817130002250e-10
9.958649855667243145e-01
4.130735382739870142e-03
4.274622431919332571e-06
4.423521538538243931e-09
4.577607271851364021e-12
4.737074031529464372e-15
4.891620403589374716e-18
1.264539044977555737e-20
-5.172903194532319622e-21
3.353864315191714468e-21
-2.065241474942567084e-21
1.189089472920173336e-21
-6.305085445757075221e-22
3.161927716131371990e-22
-1.456913239501223169e-22
6.020216197196957734e-23
-2.816182057925987334e-23
9.157674315696304659e-24
-1.292882526556473845e-24
1.095940570873711106e+00
6.164669230356362899e-04
-8.300081515955806718e-06
6.586267220919814612e-08
-4.541027115076981102e-10
2.965288734349260018e-12
-1.909439504407742137e-14
1.244327861380331494e-16
-8.329241952798318081e-19
1.036412859037979482e-21
1.073295512297829157e+00
-3.362298441043903158e-02
-2.501388470186784261e-03
6.239237942182024148e-03
-2.672372876204866590e-03
1.430344185238577141e-04
5.723836071470855217e-04
-4.466144705894795649e-04
1.880082448804439455e-04
-3.293900431764851760e-05
-1.897238840532780514e-05
2.121598335168338882e-05
-1.120568644388904258e-05
3.480751030859627706e-06
-1.011269990321804088e-07
-6.554991123126641814e-07
4.726912295878192570e-07
-1.969657875685755112e-07
4.557874272404620302e-08
1.029247873038164895e+00
-9.935651962608866086e-03
1.657134285360648733e-03
-2.674878200799847235e-04
4.108659873524366169e-05
-5.882396507201834327e-06
7.590439540406818766e-07
-8.144521078392584923e-08
5.134997545144059577e-09
6.291977722813020403e-10
-3.532959561397454202e-10
9.855789749346060542e-11
-2.245761586184996106e-11
4.605607295931464354e-12
-8.806193883502745094e-13
1.594507375109450361e-13
-2.753592899859325543e-14
4.650390393462287782e-15
-7.120684200473135505e-16
1.009274855510789104e+00
-7.085163526389237978e-03
2.706112929277858757e-03
-1.033493575522602143e-03
3.946411764053331492e-04
-1.506511539537276872e-04
5.748111228281553982e-05
-2.191390765855898498e-05
8.343662536281021700e-06
-3.170806990266783127e-06
1.201782119624021788e-06
-4.538691530025260359e-07
1.706256390691209286e-07
-6.378284297530302962e-08
2.368655122346647687e-08
-8.741988165889942854e-09
3.242454322007959759e-09
-1.320213873965978459e-09
4.199006409819661384e-10
1.002073956731621918e+00
-2.073956731621890738e-03
-9.827659163891547686e-20
8.709881288063793395e-20
-7.350000138078240991e-20
5.901399403949716794e-20
-4.503862441546849064e-20
3.263028426103904616e-20
-2.240563325561564539e-20
1.455161640883920542e-20
-8.916157373654562965e-21
5.137645958653121158e-21
-2.772643958503663811e-21
1.393969114355402600e-21
-6.482253616139651606e-22
2.760791377693210675e-22
-1.065884073424745728e-22
3.859202339386033678e-23
-1.030685374329644208e-23
6.578295739348370974e-01
