7.612866199869758321e-02
-1.068601718342938304e-05
5.911231398953260319e-10
-3.153877331398042697e-14
1.684071559437028629e-18
-1.086554117476247125e-22
2.051040350552130730e-23
6.768743543231728093e-24
1.884612691706013598e-23
-8.277299460652885413e-23
7.145383872556232419e-02
-5.938233053420142668e-03
-1.196715513923362305e-03
8.467927802318943851e-05
6.503658196959594797e-06
-8.243400845630647501e-07
-2.171258023539887581e-08
6.694686363329130326e-09
-5.435042945971002680e-11
-4.729721973901168119e-11
1.916748821560541427e-12
2.867976915425880400e-13
-2.340456746341375579e-14
-1.367403150652320440e-15
2.178650678697735734e-16
3.108937611110041480e-18
-1.727719034050973386e-18
2.705821045806940676e-20
1.644091451662198947e-20
5.323749477170827693e-02
-1.130293998113885735e-02
-4.145679957022437901e-05
8.407634076672452984e-05
-5.820522690061516979e-06
-1.056400388008764582e-07
4.432850514856820629e-08
-2.677544008524347130e-09
-7.508791903236392294e-11
2.262694118733543063e-11
-1.260334949406108324e-12
-4.678077075178649755e-14
1.163581025600744242e-14
-5.998994384462107975e-16
-2.806594295059165092e-17
6.027873032637802035e-18
-2.751929912639943256e-19
-2.419158077180757261e-20
-4.990512898771346756e-21
1.159111669474699458e-02
-1.788708712025240122e-02
8.940908886065249833e-03
-3.019609173326587379e-03
6.277128906843485378e-04
-9.959614365363262596e-06
-5.857937833641296881e-05
3.185359368531840996e-05
-1.126659600084687259e-05
2.982148385867048624e-06
-5.262045421531646257e-07
-4.145828346438648561e-09
5.449881021733146495e-08
-2.981718467598828939e-08
1.109734658069330475e-08
-3.164441325012478735e-09
6.280880299995973305e-10
-2.604304348709780207e-12
-4.655271571365541170e-11
4.154964254554220941e-05
-7.412761094375571293e-05
5.212752835753502124e-05
-2.793315912208448837e-05
1.044082323344775681e-05
-1.973112404754004486e-06
-3.250258742045331064e-07
2.763571063431597334e-07
-8.118243265017574120e-09
-3.443634557041898477e-08
3.068313238262842632e-09
5.126843069666237871e-09
-3.143338842274911941e-10
-8.890557185114355370e-10
-4.382348147399091501e-11
1.594595981394316563e-10
4.058341113941835997e-11
-2.272586479441043304e-11
-1.356960216600258553e-11
9.194188500093704031e-01
6.251750862431237878e-06
-2.935944329905905467e-10
1.425111339627340603e-14
-7.105452396673182037e-19
4.686958283798357743e-23
-4.984473354736715236e-24
4.992643387227482338e-23
-3.776841092203070458e-23
1.636894356494181149e-23
9.221928002915878997e-01
3.535028536086129436e-03
7.282241356577972505e-04
-4.292378065947499320e-05
-3.449972412203289055e-06
3.826211071253215552e-07
1.147497773599699578e-08
-2.921651808562263455e-09
1.206150936905643710e-11
1.975424090687534285e-11
-7.085162191155132931e-13
-1.164343045201159344e-13
8.769830624421367217e-15
5.503954921929538914e-16
-8.106393022792196956e-17
-1.357066411148854115e-18
6.373435799663053558e-19
-1.126480291836489449e-20
-6.220445550207625255e-21
9.334629867738379883e-01
7.224612301235338804e-03
1.208786135144004057e-04
-4.823846695237862060e-05
2.687457475648300070e-06
8.611532080344180940e-08
-2.148823728738706874e-08
1.049802687575650074e-09
4.835212458933183709e-11
-9.744956879128425643e-12
4.416808816010456231e-13
2.513812397709629216e-14
-4.590776110078277813e-15
1.980486706108709355e-16
1.304319947400238119e-17
-2.238935669136151565e-18
8.799002126688814709e-20
6.751107912362802921e-21
1.712173626123262431e-21
9.692278892492350861e-01
2.067809036551971485e-02
-6.181132317264519983e-03
1.493112310023461762e-03
-2.133262431561674661e-04
-3.459741079000821845e-05
4.057713660944028684e-05
-1.840497046731485537e-05
5.834306976398636666e-06
-1.317422854005649263e-06
1.421621913586429918e-07
4.836513590782732421e-08
-3.867315367580459912e-08
1.595069214825242081e-08
-4.873808182747906304e-09
1.110176298379727762e-09
-1.327450253105655016e-10
-4.675509591851445874e-11
3.086314999322014963e-11
9.924842733371838088e-01
7.501560740213075729e-03
1.415294783796479366e-05
3.777829063225424455e-09
1.444268636698067212e-08
-7.756061744343250039e-09
3.462960047203006444e-09
-1.205557274395940068e-09
2.779522372606530631e-10
-1.119541556908107827e-11
-2.074518247907924894e-11
7.351577515528183662e-12
2.211615204952021878e-13
-8.716323412744824169e-13
1.444891070682054074e-13
8.525796955317281957e-14
-3.161898389523625692e-14
-7.385125097061763959e-15
5.130282749633274846e-15
1.040663999076744339e+00
-3.031268631939710973e-06
1.327633159085860898e-10
-5.876802089212427286e-15
2.618774788635263810e-19
-1.533943303911217693e-23
8.840080915308498428e-24
-3.765355834153126183e-23
1.960668805624004280e-23
-3.942022573006253838e-24
1.039312208551803618e+00
-1.724588952002135316e-03
-3.578867956840834762e-04
1.974219915450465350e-05
1.642530040221420412e-06
-1.637217839523987328e-07
-5.675740710296161829e-09
1.155445693197143445e-09
3.897840282483295840e-12
-7.239391782757902528e-12
1.700615209668066586e-13
4.038856313641755734e-14
-2.125482750985569954e-15
-1.953076241998621024e-16
1.821280774434761396e-17
7.492218556128185558e-19
-1.314531636562551132e-19
-5.956436122415236027e-22
2.007668485724365998e-21
1.033753614897645834e+00
-3.592525426885433745e-03
-7.019834154928437345e-05
2.386757378287822235e-05
-1.187640251480599159e-06
-5.228661507299173079e-08
9.897312049174361511e-09
-3.689483184948187975e-10
-2.961873179253344287e-11
4.015231162351248764e-12
-1.062832543299923910e-13
-1.521208091291190481e-14
1.627257833711406296e-15
-2.441432508276196723e-17
-7.594274589883671888e-18
6.545148432968511098e-19
1.583431607949704217e-21
-3.887553556966393494e-21
-9.677688956823143290e-22
1.015608886718962767e+00
-1.056100233105832127e-02
3.153717040476333982e-03
-7.495023852737307596e-04
9.849806103420583796e-05
2.267682494916815135e-05
-2.230589726016455476e-05
9.640529658935167651e-06
-2.901325631086861516e-06
5.917126252940636231e-07
-3.366690088492958598e-08
-3.785577850089237783e-08
2.282613083459427550e-08
-8.395134953850607712e-09
2.274395318536627914e-09
-4.119673981519045178e-10
1.790940429704889509e-12
4.554910607089330244e-11
-2.066060723465443889e-11
1.003779150735958581e+00
-3.779140392062077525e-03
-1.831179744415761134e-08
1.330095400612944773e-08
-8.389213171738373496e-09
4.516803202630389826e-09
-2.013756460167968775e-09
6.992612090608671459e-10
-1.602275858398882981e-10
5.886348751138928285e-12
1.220690813344367255e-11
-4.261768574023255510e-12
-1.502945811617351514e-13
5.116517668706167263e-13
-8.241596862127298232e-14
-5.056471397878936482e-14
1.833848862703147201e-14
4.427486093813242781e-15
-2.998034380921205660e-15
9.579799498746867092e-01
