7.664785121943076263e-01
-6.047128052497506914e-03
2.383102590249285748e-05
-9.775049960551744581e-08
4.161001437280920539e-10
-1.835139047824083275e-12
8.374221457446981407e-15
-3.947929421056591959e-17
2.223638221433019777e-19
-2.015494333919776423e-20
3.139858273129049748e-01
-3.589101611905112788e-01
1.074095927425942482e-01
-6.241305428042692380e-03
-1.332309085958859399e-02
9.131660272014840984e-03
-3.468090050240176664e-03
6.607350787536967829e-04
1.568125761266357806e-04
-2.064059167041455082e-04
1.032811495338746923e-04
-3.068083506353922970e-05
2.202447847013910720e-06
3.691075807542403608e-06
-2.694704397469413349e-06
1.090990195329350256e-06
-2.316220263381034938e-07
-6.928316092534841956e-08
6.360202092654454787e-08
2.037700448713351126e-02
-2.083088847307274644e-02
6.301438520161239953e-03
-1.431269480776090584e-03
2.747610564223907335e-04
-4.769561563012725622e-05
7.762981264693287839e-06
-1.201941246508594787e-06
1.769275080325950419e-07
-2.444922821731126171e-08
3.079018139110531415e-09
-3.280730755998982464e-10
2.199526267642112987e-11
1.842546410428572946e-12
-1.194154584289389671e-12
3.351605789084377207e-13
-7.569780223379892212e-14
1.583186576192924356e-14
-2.874127639982281450e-15
6.477924149094954403e-04
-1.214368973899637759e-03
1.002252707106632496e-03
-7.328694302398474714e-04
4.790402662951281140e-04
-2.828707066651757647e-04
1.526117471310853584e-04
-7.610412642787212014e-05
3.548711332081466052e-05
-1.564902513480688647e-05
6.597134877065838286e-06
-2.685565882038344623e-06
1.065157940036855127e-06
-4.147487144841368996e-07
1.595384852786093275e-07
-6.102000140356522479e-08
2.360717379217234689e-08
-1.014979625326378202e-08
3.352396469891173963e-09
-9.174572338941137701e-11
1.744433468223610447e-10
-1.497595037516497806e-10
1.157874435051509143e-10
-8.022800812672629695e-11
4.942859617310584591e-11
-2.674790074051357566e-11
1.246470643491520566e-11
-4.832379793914811027e-12
1.451514325175384721e-12
-2.736046606191465661e-13
-6.466126699378945408e-15
2.480999062432063116e-14
-7.045350197620016857e-15
-4.400571148568961179e-16
8.282149880583652064e-16
-1.363079493870474242e-16
-6.409656240510564035e-17
2.693503786964007934e-17
6.331697250922141418e-01
2.185079066433294991e-03
-8.536810775983738944e-06
3.379743346192995764e-08
-1.316663644943486126e-10
5.034764797654884590e-13
-1.898017726457700608e-15
7.090235487785881554e-18
-1.027032716736457931e-20
-5.522125731147595835e-21
8.041700470062613793e-01
1.403883658942568502e-01
-3.565964166716169975e-02
1.811599771194662492e-03
4.484220006192615564e-03
-3.176009976970487619e-03
1.279509874317426256e-03
-2.734678912471333345e-04
-4.766420721746313511e-05
7.830356671575029487e-05
-4.149177363753158657e-05
1.259743550412642043e-05
-7.044616738361528920e-07
-1.752776886169503134e-06
1.221522456051253339e-06
-4.592391277581411651e-07
6.992462903350854728e-08
5.263023384309804935e-08
-3.579635215630709730e-08
9.377281593740207644e-01
2.063938346882899372e-02
-3.402029698707578331e-03
5.555931274641601626e-04
-8.956851382132985134e-05
1.421305427357293982e-05
-2.214905528594165557e-06
3.380666308771848984e-07
-5.031731734129195298e-08
7.244780179122154010e-09
-9.942189269071550382e-10
1.262628617293014446e-10
-1.382855498588921008e-11
1.003513065921189108e-12
6.309110111211068709e-14
-5.035421324924312744e-14
1.511923706859369102e-14
-3.772791397080694063e-15
7.715901594363717532e-16
9.798933797846596239e-01
1.520525282982117254e-02
-5.749254698971442874e-03
2.173783902171539609e-03
-8.218559620177072738e-04
3.106909184516682570e-04
-1.174307350814892141e-04
4.437177057541920062e-05
-1.675857562402676754e-05
6.325405501467908602e-06
-2.385396537020776974e-06
8.985532252427941675e-07
-3.380083231927344578e-07
1.269464013122827598e-07
-4.760425585469407492e-08
1.785557152947609998e-08
-6.792065835386861054e-09
2.871735215296936474e-09
-9.384608974998132645e-10
9.954582290697783220e-01
4.536608074401677661e-03
5.156986946140746174e-06
5.862202316464534395e-09
6.663855536794771265e-12
7.575132171043642561e-15
8.612708485290388138e-18
8.602578822036954868e-21
7.885577729049202634e-22
-4.870136129979050621e-22
2.917964456364826549e-22
-1.621645976126604475e-22
7.495865223670658851e-23
-3.075095143416317387e-23
1.282285343916725046e-23
-4.420464875540261965e-24
-3.009981355709723716e-26
-1.393689303007849413e-24
1.332438523245327716e-24
1.108739897444906086e+00
1.223402392209509615e-04
-2.440441179510933605e-06
1.557254482742934587e-08
-8.159393430883803622e-11
3.952205803798537953e-13
-1.845658577410941507e-15
8.494710248743675792e-18
-3.715298633767013258e-20
-1.043933918695385058e-21
1.078512615893608251e+00
-3.592675240160847494e-02
-4.179703654737817564e-04
4.181101009524754684e-03
-1.577381205906157671e-03
-3.025916465241000546e-05
3.425613920225670391e-04
-2.008048416985449387e-04
5.475408674206928155e-05
6.161309441012007999e-06
-1.503042324511223658e-05
8.525807100042620678e-06
-2.596856478008749807e-06
4.087555424847978685e-08
4.682076085585014311e-07
-3.093098381552699301e-07
1.071523591665025345e-07
-1.340368244339289417e-09
-1.320349131657249602e-08
1.032053599456188353e+00
-1.079781131854519287e-02
1.764438687634783650e-03
-2.740979143386073247e-04
3.955327553805715226e-05
-5.128923183611071654e-06
5.553326252965238712e-07
-3.749504706731491700e-08
-3.086165478495383726e-09
1.993269992874593085e-09
-5.513980716205937101e-10
1.218948569651918886e-10
-2.395966917159575531e-11
4.341470395579670709e-12
-7.349385815035428591e-13
1.164031340700633616e-13
-1.708882126760426615e-14
2.284711599084211485e-15
-2.525552821786860741e-16
1.010190003997961883e+00
-7.783821944507645502e-03
2.972583449717921319e-03
-1.134956214953365987e-03
4.331527181310064999e-04
-1.651873374626410993e-04
6.291699361909526480e-05
-2.391693619508784895e-05
9.065297643600635588e-06
-3.422127371926264513e-06
1.284899648412260430e-06
-4.791491011550171081e-07
1.771926347784075419e-07
-6.488415359357759421e-08
2.349294359270890174e-08
-8.407150012096371917e-09
2.999474681648026620e-09
-1.159951179732780539e-09
3.556000339305388511e-10
1.002278676618264308e+00
-2.278676618264240897e-03
-2.243796519561769007e-20
1.964674494402502412e-20
-1.629578144547872126e-20
1.279152064612526492e-20
-9.490011725779664430e-21
6.642753236601869452e-21
-4.377046823181037104e-21
2.707201955699367597e-21
-1.565942802135409538e-21
8.430759559351685375e-22
-4.197814445917827238e-22
1.916298602869286119e-22
-7.920087514524473401e-23
2.905023650110486135e-23
-9.116971477413893661e-24
2.305532760813480419e-24
-3.839068180268082343e-25
7.328671679197995559e-01
