1.058916600225901505e-01
-2.436787806585491165e-05
2.302861971998913315e-09
-2.135333436451712773e-13
1.992654423823722862e-17
-2.384171824395499352e-21
5.478717874776379034e-23
4.391736540114667296e-23
-2.964221428122822188e-23
5.430122184622368645e-23
9.586135470789738933e-02
-1.256659408534532320e-02
-2.296445637788935637e-03
2.826609047192121522e-04
1.424486788114251799e-05
-4.211237919428842223e-06
4.793036861716898867e-08
4.910948010845123391e-08
-3.224455948806200740e-09
-4.336110190042150694e-10
6.346734275534365221e-11
1.960445558107351521e-12
-8.991892563816101741e-13
2.437371552848698016e-14
9.956244554201733715e-15
-8.496703877399749276e-16
-7.897452773956966399e-17
1.479194481129203789e-17
1.997214489195177390e-19
6.197132355296079004e-02
-1.884035723898106959e-02
6.258893770829165653e-04
1.261450635285453860e-04
-1.946121855260935855e-05
9.529500311541563170e-07
7.375666142375384578e-08
-1.706746335982018685e-08
1.239194694700712474e-09
1.919237686501468284e-11
-1.383646741022501424e-11
1.397868168794657184e-12
-2.885832046451606365e-14
-9.961393693732590888e-15
1.416945401724676263e-15
-6.778180321051046094e-17
-5.721774399950636445e-18
1.304870194594570958e-18
-1.057055751115980854e-19
1.057011637823528256e-02
-1.733427130489162415e-02
1.001795155344074179e-02
-4.279160678204620670e-03
1.370510159920496898e-03
-3.074021061698668658e-04
2.583047381433403882e-05
1.821519307166011105e-05
-1.342483796944871377e-05
6.024219938517833560e-06
-2.176739761917625495e-06
6.656629600751716696e-07
-1.669282228839459902e-07
2.821998095968938884e-08
1.463356751013071049e-09
-4.141080904462874956e-09
2.438356701724745224e-09
-1.154511404356192850e-09
3.711015275103068478e-10
1.361579954086375397e-05
-2.461541609207706409e-05
1.806284797303343953e-05
-1.051896278228659390e-05
4.610660687893627355e-06
-1.319675498070989934e-06
1.067078263224861382e-07
8.986744244632329423e-08
-3.080949423357852033e-08
-5.295949561891809419e-09
4.490236422430249786e-09
4.189918498922257984e-10
-6.656047699525515838e-10
-7.442580657786287407e-11
1.048358061266541528e-10
2.124929254363840400e-11
-1.622948936386460626e-11
-4.617974542506247474e-12
1.910339931799130673e-12
8.961720867143755376e-01
1.316640002420133712e-05
-1.051463116367023420e-09
8.885809889947093093e-14
-7.804682424135371385e-18
1.021113640413966526e-21
-5.512775417758888738e-23
-5.669432067570900641e-23
1.106271638306617091e-22
-8.010612526594237940e-23
9.017216653528175030e-01
6.991520544387010497e-03
1.330941488951669499e-03
-1.335355915786691635e-04
-7.552727340250772773e-06
1.829162650345163630e-06
-9.194198881888600916e-09
-2.027901329724225105e-08
1.176406072862409026e-09
1.749157364870798973e-10
-2.341299694495176151e-11
-8.299910305099160635e-13
3.294874434169303860e-13
-7.919828925348772118e-15
-3.625055722081032977e-15
2.981763737644094395e-16
2.870782561208292565e-17
-5.235273731154513848e-18
-7.881796175610689177e-20
9.217152054841308839e-01
1.174861107226235490e-02
-1.479954633247751070e-04
-7.685381576090868395e-05
9.122935299973007682e-06
-3.149727455897380328e-07
-4.291504013579966092e-08
7.271182143264595394e-09
-4.245170748295850220e-10
-1.639502189800618295e-11
5.582936837205867247e-12
-4.835423512877306054e-13
4.463144282935578030e-15
3.911604187267093091e-15
-4.910553671272074911e-16
2.031952024680955851e-17
2.245624914809104266e-18
-4.524004882386778048e-19
3.096492854601132297e-20
9.671890673609063738e-01
2.323940162728747177e-02
-7.739656844102398361e-03
2.322320226523282450e-03
-5.804980880951594608e-04
9.510509090506375504e-05
7.616117678476352466e-06
-1.522071190484301187e-05
8.246099568941537091e-06
-3.237341144959793861e-06
1.029336914045526228e-06
-2.644464864044628650e-07
4.799519265247702543e-08
-7.513957308636383024e-10
-4.559156879860581561e-09
2.789815387970953800e-09
-1.193244673789382036e-09
4.542258997049743278e-10
-1.276370768906663143e-10
9.922469447259985031e-01
7.737997187679511620e-03
1.502998471235057985e-05
2.724013186691507681e-08
1.360972240421050810e-09
-7.679555608266218255e-10
3.901275390104440169e-10
-1.659378959834959354e-10
5.575550468790113569e-11
-1.269567176843241735e-11
6.597549616644676380e-13
8.507885726757916489e-13
-3.319131092772588202e-13
9.425547482083306661e-15
3.289754554163043103e-14
-8.277359378690657523e-15
-2.299291712496497480e-15
1.178975563498374365e-15
1.048071348512522341e-16
1.052259282296525544e+00
-6.200375045983802474e-06
4.429466815948147180e-10
-3.232629328622640137e-14
2.370703984493491764e-18
-2.913205419016599049e-22
6.793253870499670907e-23
-8.468874176385854884e-24
-5.671600153716196005e-23
5.026954956515690344e-23
1.049613393910655335e+00
-3.342453977759116731e-03
-6.485232477597785384e-04
5.868884565540474253e-05
3.727709700561854678e-06
-7.317549509223524743e-07
-5.229469763994486509e-09
7.466715511456438509e-09
-2.670876322264660591e-10
-6.320048826328959482e-11
5.298516029357923562e-12
4.160754642918740304e-13
-6.921031734868379244e-14
-1.532418157268757946e-15
7.408208622811985992e-16
-9.177162400160370799e-18
-7.068895808455820616e-18
2.687064097445146285e-19
6.678932575829935787e-20
1.039844392782009130e+00
-5.839249858553549784e-03
4.462619418478149105e-05
3.993262730261528521e-05
-4.174541408782571917e-06
8.613214878914380476e-08
2.469266012673488834e-08
-3.085088411054325953e-09
1.037514559700590385e-10
1.482325827433951385e-11
-2.322623841032856333e-12
1.083472201353862608e-13
8.660931131164960496e-15
-1.786435613963340426e-15
1.050826833448006184e-16
4.906151851475438587e-18
-1.415376225703527310e-18
9.901314206509589287e-20
2.902087048445850564e-21
1.016684518713500740e+00
-1.192825201545106954e-02
3.983267318943520437e-03
-1.185286833850715061e-03
2.870427614410417773e-04
-4.115192265216683270e-05
-7.687825561174270442e-06
9.233503284092043931e-06
-4.623966354685256254e-06
1.714771937156471583e-06
-5.074890118890621522e-07
1.144142899904951797e-07
-1.336472750732269087e-08
-4.191758849030047656e-09
3.863091765351769773e-09
-1.832879497574503194e-09
6.747094712665427195e-10
-2.153801661997211199e-10
5.112969355648646081e-11
1.003899185871789390e+00
-3.899184989352165714e-03
-1.585366769048195695e-09
1.199395224362358046e-09
-8.045058020604107991e-10
4.734076464921895459e-10
-2.402040115989604769e-10
1.020014175221975250e-10
-3.417498734665724203e-11
7.729503396224272374e-12
-3.728150145384522931e-13
-5.308872437043683442e-13
2.037416781988115390e-13
-4.792719576679662739e-15
-2.050685256910074536e-14
5.043882705848549016e-15
1.461725967029679083e-15
-7.284102369605237576e-16
-6.943379450365806961e-17
9.454736842105263550e-01
