1.405641902326196790e+00
-2.251541589863514242e-02
1.721966272540792465e-04
-1.428532406404258955e-06
1.354149220209588710e-08
-1.456650622194390794e-10
1.701358294293753069e-12
-2.073517865492708999e-14
2.581153220260827349e-16
-3.255326219214980331e-18
4.411462856107743469e-01
-6.290959700672946742e-01
2.830296480804227466e-01
-7.506351217865211978e-02
-4.498286055688666997e-03
1.950216295480365972e-02
-1.377226309452342715e-02
6.231203272615322072e-03
-1.768691559034038215e-03
1.814495740657430929e-05
3.502867857038588538e-04
-2.597361549652784513e-04
1.180978224001069356e-04
-3.369733377544739802e-05
1.275160167724913787e-06
5.249045486656735236e-06
-3.611621161549336726e-06
1.363242258874270888e-06
-2.654712602461142361e-07
8.979466208429171675e-03
-1.114699102336459517e-02
4.236954633930731066e-03
-1.195622003268652193e-03
2.783037517753422091e-04
-5.715133169296916121e-05
1.083296250803575096e-05
-1.951963938990179776e-06
3.401994187170952298e-07
-5.784119453121856300e-08
9.620004213589832140e-09
-1.563892441402379445e-09
2.477275215933817258e-10
-3.803231247899551636e-11
5.610426352300660974e-12
-7.834882258117546958e-13
1.005503208277918130e-13
-1.100624038161447196e-14
7.984722968141354531e-16
1.312443734810744421e-04
-2.506171232041559866e-04
2.182917465544384819e-04
-1.738434325972192454e-04
1.270195278469608813e-04
-8.552737392231354581e-05
5.334493352167359422e-05
-3.099469886139658410e-05
1.687611977746527873e-05
-8.664162310163585630e-06
4.220538145248421489e-06
-1.963051761349475339e-06
8.772609125388236326e-07
-3.789917449404346956e-07
1.592700290882215474e-07
-6.563811282734535169e-08
2.707778636345417197e-08
-1.233622983120684863e-08
4.206527472662995951e-09
-1.946706702513576190e-10
3.750495947525256735e-10
-3.351242404210146079e-10
2.774588130607826763e-10
-2.124327667902412506e-10
1.499685464437959705e-10
-9.721117239855682614e-11
5.751963725957605133e-11
-3.080932038043996708e-11
1.475797781548444144e-11
-6.203997928974173333e-12
2.216633315823242449e-12
-6.310539189722686028e-13
1.191958032694077289e-13
-8.110733333705062093e-16
-9.309405783472262696e-15
3.342844739019067672e-15
-1.524706393444325508e-16
-2.462566835318407509e-16
4.620886277135899944e-01
7.498238569230369389e-03
-4.676676442471053503e-05
2.204174129792420782e-07
-6.754375886419851352e-10
8.425987341300828881e-13
-1.087131290808715963e-14
3.989866998675048979e-16
-7.221881861822377732e-18
9.948775575051514120e-20
7.897475631694949039e-01
2.148365739818820785e-01
-9.252000164401168181e-02
2.756482448755641357e-02
-2.496987889698143058e-04
-6.643806703111604026e-03
5.415477075246977190e-03
-2.657772898274284902e-03
7.526746840774439394e-04
6.530504469216912684e-05
-2.318439548850418557e-04
1.591814958579565486e-04
-6.308811966590580902e-05
8.261367781090141375e-06
9.311966457184593608e-06
-8.820878826759906888e-06
3.898026086835939954e-06
-2.379814127735615784e-07
-4.652364833309422869e-07
9.545643669599988002e-01
1.526859958827293286e-02
-2.577180058527757389e-03
4.390652845313069747e-04
-7.590264659483028295e-05
1.335998993002359462e-05
-2.393050134531201216e-06
4.342587260701514371e-07
-7.930725021759951199e-08
1.447956161728827548e-08
-2.628654384615438778e-09
4.726586870343217116e-10
-8.393985698938760679e-11
1.468868273668434088e-11
-2.526735552381227257e-12
4.260301687736838507e-13
-7.016387883003877246e-14
1.148814476653915487e-14
-1.729045416102865016e-15
9.854292695626578613e-01
1.104988313905036490e-02
-4.189910955145772185e-03
1.588746419992771936e-03
-6.024347447056470828e-04
2.284423955706347392e-04
-8.662931231710773632e-05
3.285428416759014194e-05
-1.246196890419796529e-05
4.728168112738066658e-06
-1.794631779244903183e-06
6.815912528432115509e-07
-2.590954404191834894e-07
9.861688907361373747e-08
-3.761163476794422567e-08
1.441382452044718463e-08
-5.639306863440525524e-09
2.474539047749414563e-09
-8.289187951946412603e-10
9.967178999351176127e-01
3.279404649261458485e-03
2.693202018311072655e-06
2.211784725424017170e-09
1.816422025966070020e-12
1.491795436989986965e-15
1.173675939855562989e-18
4.078557411521161010e-20
-2.950694390849849304e-20
2.098726125023614893e-20
-1.429125308533923603e-20
9.296894257193177856e-21
-5.776797700730247402e-21
3.417562330542924715e-21
-1.921438031673182440e-21
1.030043354690486052e-21
-5.341075795789306882e-22
2.886359687384161260e-22
-1.045454994140072848e-22
9.989341023122282337e-01
3.470088055420486855e-03
-3.884794869186743041e-05
3.283577844112409200e-07
-2.556113005569374288e-09
2.119479826583818463e-11
-2.077660296575044917e-13
2.381005724577860405e-15
-2.947562730832566972e-17
3.722864502748989243e-19
1.044244671845705019e+00
-1.591075404315935124e-04
-2.274209564156516941e-02
1.698713308809371783e-02
-6.492197847164939660e-03
1.119205714318313364e-04
1.862763074440413821e-03
-1.591824475068912524e-03
7.989159545404827655e-04
-2.240286833914496617e-04
-2.822388311066352583e-05
7.921760590658596924e-05
-5.473216997167765988e-05
2.272220008267448554e-05
-4.080996217744387500e-06
-2.282275577641120054e-06
2.570576046636112569e-06
-1.405993423445615915e-06
4.218265369039935773e-07
1.023245369188052978e+00
-7.948594903670547912e-03
1.348496279978179772e-03
-2.249614933258473526e-04
3.641137553749139742e-05
-5.613161949273433069e-06
8.014920043360012173e-07
-1.003714222027101000e-07
9.352887822351136564e-09
-4.248106894803337471e-11
-2.872645213505696554e-10
1.025173008325312859e-10
-2.686070887378940614e-11
6.168047286386310161e-12
-1.311122982488646902e-12
2.642341086040208426e-13
-5.115802699601730802e-14
9.887841117566299373e-15
-1.734764695504782976e-15
1.007357533815963713e+00
-5.620644776494179880e-03
2.146880023178288598e-03
-8.200219753478110761e-04
3.132095644254179732e-04
-1.196267285769281953e-04
4.568677009579918475e-05
-1.744602713561687905e-05
6.660479031837388492e-06
-2.541871582041836868e-06
9.694983390544608329e-07
-3.694484909311199639e-07
1.406041765278455841e-07
-5.341529881321001630e-08
2.024808407982859765e-08
-7.667374996352365632e-09
2.938413020017857382e-09
-1.248381129333961050e-09
4.086914501153320445e-10
1.001645195595858295e+00
-1.645195595858369927e-03
-6.241993692611776862e-20
5.664976800850067102e-20
-4.943793669458678138e-20
4.147087809458755307e-20
-3.342153715121252844e-20
2.586013603899133402e-20
-1.919604639153222957e-20
1.365684166765953812e-20
-9.301242367667413767e-21
6.055895809012211825e-21
-3.763109769778822940e-21
2.227663336240898754e-21
-1.254417585011369495e-21
6.729662801671807700e-22
-3.495203541822888056e-22
1.887342690519045711e-22
-6.812928021762718483e-23
3.101553884711779618e-01
