1.505022308224409189e+00
-2.335285360011452385e-02
1.673362151524663980e-04
-1.304719789150636844e-06
1.194829761890157604e-08
-1.265850256922256204e-10
1.454708859152714008e-12
-1.729701513549372405e-14
2.088280526046400708e-16
-2.536731925331966773e-18
4.708877064172269922e-01
-6.772438168677841208e-01
3.057782789744264984e-01
-7.942737229318122538e-02
-6.994965289741367741e-03
2.231536411773491976e-02
-1.513124115999891876e-02
6.482760973402891883e-03
-1.595897476690767355e-03
-1.762923705040502767e-04
4.492533396246555367e-04
-2.820354882174054469e-04
1.083786238826029666e-04
-2.025736325965487593e-05
-6.500331246241115017e-06
7.733793680006237039e-06
-3.441685458888675196e-06
3.155097970860109571e-07
3.265424520284017676e-07
8.511909892961567331e-03
-1.081059122454296542e-02
4.229755994360764708e-03
-1.227454913616146497e-03
2.928096062362662601e-04
-6.135157359976344709e-05
1.181317543461916527e-05
-2.154460301785432228e-06
3.791207126648092783e-07
-6.499236275759593626e-08
1.089208923874972033e-08
-1.783774917113718823e-09
2.845866266810156790e-10
-4.398872816422105616e-11
6.528710235567824524e-12
-9.160681517342391807e-13
1.177952569045955179e-13
-1.280683927828024594e-14
8.906389201394856061e-16
1.099221790294002140e-04
-2.103356892083962980e-04
1.843252667500013681e-04
-1.482413388439894533e-04
1.097404667705934121e-04
-7.507119653889770541e-05
4.767182247725527960e-05
-2.824373958286772692e-05
1.569557319310990737e-05
-8.227195989622306993e-06
4.090933853075540052e-06
-1.940889464566694501e-06
8.836838782475204653e-07
-3.883446999073283467e-07
1.657090908905225046e-07
-6.921011143227881903e-08
2.888603837874910509e-08
-1.329592008761732767e-08
4.558472485855952108e-09
-1.975719758744658805e-10
3.812477636614057948e-10
-3.423138282767184280e-10
2.857467854936898958e-10
-2.213793100738014336e-10
1.587744915747944428e-10
-1.050368451245451996e-10
6.377364689588256473e-11
-3.528952368606453485e-11
1.762100378855438659e-11
-7.822534053057659509e-12
3.014630869564814854e-12
-9.656428966166153825e-13
2.327043254689304064e-13
-2.826843847061037103e-14
-6.915595073922796925e-15
4.869214595417786310e-15
-9.465129164933800951e-16
-1.052922254154154221e-16
4.498046990920149257e-01
7.615584065909899829e-03
-4.184232995307756592e-05
1.439169821268025181e-07
-6.513769298641140023e-11
-1.990822916691916133e-12
-6.786660119053468379e-15
4.146864813852228702e-16
-6.444084918127396742e-18
5.378637496691171671e-20
7.914216741477081429e-01
2.220448157414767199e-01
-9.886497941891561614e-02
2.991870332414198544e-02
9.880002231360067693e-05
-7.709240246237804468e-03
6.133977980816941213e-03
-2.871068901793663239e-03
6.841833303878942264e-04
1.915824458643651052e-04
-3.125500050756413310e-04
1.844991245222761945e-04
-5.814638803272827226e-05
-3.747337276453762547e-06
1.764655289739453130e-05
-1.198328049909606602e-05
3.861284202669250750e-06
1.077956314564292524e-06
-1.244001970743219975e-06
9.579300848387287681e-01
1.416619429729479296e-02
-2.398038353794472791e-03
4.106424684428545101e-04
-7.165553444531023660e-05
1.280807233357873414e-05
-2.345091261067724690e-06
4.373137037363510748e-07
-8.231885052912772710e-08
1.550210707911858794e-08
-2.900134976895890857e-09
5.364388686454735407e-10
-9.780825347821308309e-11
1.754090811660723643e-11
-3.088132596226427467e-12
5.324575050121546160e-13
-8.966567310933942925e-14
1.504122461324245522e-14
-2.317894767945963789e-15
9.865241452176440884e-01
1.022518279812467852e-02
-3.879327420931795185e-03
1.471784350432192015e-03
-5.583891779927835537e-04
2.118556566493290112e-04
-8.038277018734142469e-05
3.050159128550960377e-05
-1.157568402873853656e-05
4.394201125662136618e-06
-1.668742976155270504e-06
6.341207257119823311e-07
-2.411915181011824318e-07
9.186558954975019233e-08
-3.506785051102340629e-08
1.345574829443931376e-08
-5.274509793030321903e-09
2.321171309631900081e-09
-7.791332605447862406e-10
9.969661874133816104e-01
3.031508516787108365e-03
2.302319974407662343e-06
1.748527914573876125e-09
1.327942984727947123e-12
1.008601041882055937e-15
7.034542675642564777e-19
4.946503346147297333e-20
-3.678988507922192779e-20
2.659420774473463916e-20
-1.843468492830153731e-20
1.225054774977835659e-20
-7.795335864144782134e-21
4.739427508574924440e-21
-2.749257145229951637e-21
1.530099005298702728e-21
-8.349944501911935749e-22
4.740362627200560977e-22
-1.756078688949762123e-22
9.622108562860299807e-01
4.028287190390193381e-03
-3.967388983895114466e-05
2.927586185171055131e-07
-1.996929253310273640e-09
1.557657944576090690e-11
-1.574775588090098005e-13
1.875885318466326854e-15
-2.319862629896584193e-17
2.785099768939669454e-19
1.032399237903118383e+00
1.467702064332437710e-02
-3.063348135279135576e-02
1.995790008974448679e-02
-6.745956766003906140e-03
-5.759235347210698262e-04
2.517453301610236577e-03
-1.924570319214098961e-03
8.743223828776165154e-04
-1.864073120610386370e-04
-8.028139586375280146e-05
1.094051878945717280e-04
-6.330081487259983761e-05
2.058448197624165413e-05
1.799415029786165552e-07
-5.038213597806840790e-06
3.413813747588234134e-06
-1.065577271538136592e-06
7.879644032626512125e-08
1.021495539419042142e+00
-7.352094867875681033e-03
1.247970822157056349e-03
-2.082999693571245233e-04
3.368640586164926333e-05
-5.164456952971187620e-06
7.242216578975650119e-07
-8.591445931423080871e-08
6.390882552256368950e-09
6.032886901719480484e-10
-4.312613841792175103e-10
1.344272078384126571e-10
-3.378514013950172866e-11
7.631076193566339103e-12
-1.611692553056831039e-12
3.242922822860031546e-13
-6.284759290032135628e-14
1.217795831452870362e-14
-2.142440846123899210e-15
1.006803177031305729e+00
-5.197159238986285429e-03
1.985128116141939448e-03
-7.582426790454956230e-04
2.896155876596048003e-04
-1.106174348193843303e-04
4.224759584221049545e-05
-1.613383483881522767e-05
6.160241443959560848e-06
-2.351421050752117366e-06
8.971327361901884492e-07
-3.420285433918870010e-07
1.302537227799699544e-07
-4.952707707688310815e-08
1.879577181407779850e-08
-7.127623089943129011e-09
2.736367133414770693e-09
-1.165021143355003502e-09
3.819197459445776646e-10
1.001521236707952678e+00
-1.521236707952684569e-03
-6.001177797258410203e-20
5.469848203747408226e-20
-4.802498394026559440e-20
4.060380253301499183e-20
-3.304316085246302878e-20
2.586838201287693489e-20
-1.946844868040622152e-20
1.407364849596517105e-20
-9.762546799985599202e-21
6.490674109667590070e-21
-4.130495733780603481e-21
2.512522187505840150e-21
-1.459989525956356755e-21
8.131123839096803580e-22
-4.422754867887880290e-22
2.518821342523404175e-22
-9.376812976032077624e-23
6.753383458646622373e-02
