1.473134285175150548e+00
-2.319554088346536397e-02
1.706763579896079320e-04
-1.365454530923123091e-06
1.270811393356431940e-08
-1.359552087196575384e-10
1.579058882136390567e-12
-1.903505718836450382e-14
2.334842360690694522e-16
-2.895898179500779546e-18
4.608127693249175483e-01
-6.613292798171492848e-01
2.986931698005717006e-01
-7.843886305571216855e-02
-5.913888702074721233e-03
2.131931252705419541e-02
-1.471221198974626866e-02
6.448672669190307245e-03
-1.686449107241374873e-03
-9.815244635523623785e-05
4.145539563186843575e-04
-2.768627790843499912e-04
1.138558892727185867e-04
-2.587826229503177578e-05
-3.612021753512772491e-06
6.962572021981148003e-06
-3.601471941820434334e-06
7.206788530365501999e-07
1.141770633417688019e-07
8.635879211594506624e-03
-1.088896096610816010e-02
4.221251197882034192e-03
-1.214078028905943773e-03
2.873547611887169030e-04
-5.982328613032590755e-05
1.146166040596427346e-05
-2.082477379167315442e-06
3.653852912772052790e-07
-6.248738745993309008e-08
1.045020131538802166e-08
-1.708144712993885669e-09
2.720633267557624162e-10
-4.199758809225928653e-11
6.228828443451567872e-12
-8.743677390380609091e-13
1.127506798711274446e-13
-1.238726934182450821e-14
8.986379101536436046e-16
1.161105592124196819e-04
-2.220317917792209933e-04
1.941999341235293845e-04
-1.556974651383754584e-04
1.147819714686712652e-04
-7.812579826309368962e-05
4.932842676967758000e-05
-2.904386904690669925e-05
1.603507880876024278e-05
-8.349338125458661525e-06
4.124301336130577992e-06
-1.944236823686199828e-06
8.798788605651236621e-07
-3.845312718891336820e-07
1.632669662230738405e-07
-6.789219009229487821e-08
2.822749741359877480e-08
-1.294882891148807202e-08
4.431518480793426957e-09
-1.961837151118234390e-10
3.783761356037702844e-10
-3.392122779782734234e-10
2.824184505371188894e-10
-2.179791932711469347e-10
1.555522501307464053e-10
-1.022422019643861832e-10
6.157211914428523279e-11
-3.372315850618297980e-11
1.662079323847113201e-11
-7.254406807800285060e-12
2.731558694922146814e-12
-8.448000070441930482e-13
1.904366815388175244e-13
-1.738236395647644349e-14
-8.210799269776520594e-15
4.425283215168409387e-15
-6.515801948960831495e-16
-1.709239895059080368e-16
4.531879416133104410e-01
7.614507994130028691e-03
-4.388162489070002571e-05
1.705889575128263001e-07
-2.492030033027872252e-10
-1.342370130813523023e-12
-6.507711930818170875e-15
4.163836316374947978e-16
-6.959276667909271254e-18
7.621397079189701883e-20
7.906976661939115747e-01
2.198149109641890919e-01
-9.688857770452412310e-02
2.925707683807107079e-02
-1.006056764097099034e-04
-7.321455521703105346e-03
5.898536964592479039e-03
-2.817926096714135076e-03
7.225929515423374196e-04
1.418172284631497666e-04
-2.843335226130522838e-04
1.775531546910127110e-04
-6.151237664463425354e-05
1.213666944493801858e-06
1.462287817385169133e-05
-1.102331722835631141e-05
4.018023902926373672e-06
5.479868685646080152e-07
-9.545073940518666449e-07
9.567629057896064326e-01
1.454889280550322392e-02
-2.460286233512223777e-03
4.205273055102216342e-04
-7.313360591510089531e-05
1.300008434755462735e-05
-2.361648028570926592e-06
4.361726229732015250e-07
-8.124005386544437160e-08
1.513653581628119689e-08
-2.803016270326175343e-09
5.136019166663613566e-10
-9.283990770849510072e-11
1.651918071635417850e-11
-2.887200590319498828e-12
4.944343049631084169e-13
-8.271935971490977249e-14
1.378209338088990379e-14
-2.110554404115324389e-15
9.861447176001103543e-01
1.051108635309640042e-02
-3.987038823893958306e-03
1.512362131046512568e-03
-5.736755552050200324e-04
2.176142966786605141e-04
-8.255222133998097605e-05
3.131895917880424111e-05
-1.188368617156581817e-05
4.510290543194650647e-06
-1.712511438492376548e-06
6.506273721871096238e-07
-2.474177381101308813e-07
9.421360261451399706e-08
-3.595266430684264475e-08
1.378909303779277720e-08
-5.401508455999726080e-09
2.374622166657696255e-09
-7.964992263093358691e-10
9.968801749246051225e-01
3.117388964808654427e-03
2.434208353082751352e-06
1.900747828844233188e-09
1.484195917552406802e-12
1.159004323119636347e-15
8.464152830096034392e-19
4.635682497619362001e-20
-3.419766469831029865e-20
2.458963065076068955e-20
-1.695110320427008914e-20
1.118813145183096000e-20
-7.066072352138878667e-21
4.259144044566128954e-21
-2.449918177396750010e-21
1.345511732261704648e-21
-7.186124138211772390e-22
4.038616886043124228e-22
-1.499528784129976179e-22
9.746604153916231805e-01
3.867877758359445587e-03
-3.989681965647851253e-05
3.097690615210746404e-07
-2.221659230455280251e-09
1.773078570099324455e-11
-1.775087402158005293e-13
2.097466384927815285e-15
-2.614846928898952953e-17
3.334263411554629531e-19
1.036512184199066322e+00
9.551189087754598586e-03
-2.796872018303997801e-02
1.901827853732743559e-02
-6.726966960481168580e-03
-3.053093280092301562e-04
2.287356767307929806e-03
-1.819220827981748783e-03
8.590705473686041909e-04
-2.060435340415236148e-04
-5.998777045383268383e-05
9.913936709274613472e-05
-6.123152826397817181e-05
2.203482419068540911e-05
-1.618333737583083839e-06
-4.028326350646670813e-06
3.173189112476350851e-06
-1.253149347622323241e-06
2.306190397618846868e-07
1.022101392360085459e+00
-7.558922010598274031e-03
1.282970603999750419e-03
-2.141533908999022310e-04
3.465910767964523108e-05
-5.328400740864682810e-06
7.532188663042822728e-07
-9.145806014844423467e-08
7.537674110348260816e-09
3.536257342646251890e-10
-3.759986895483602648e-10
1.222926645662620868e-10
-3.117567515720645760e-11
7.084340648601257430e-12
-1.500238729549009448e-12
3.021864413110910478e-13
-5.857667952873157279e-14
1.134813437665713256e-14
-1.995870928945337992e-15
1.006995039346817444e+00
-5.343727608495884261e-03
2.041110865580570387e-03
-7.796249963245973974e-04
2.977819333261479216e-04
-1.137359443686298128e-04
4.343819953905958493e-05
-1.658820885726556272e-05
6.333530191833301214e-06
-2.417440204178980681e-06
9.222448475167002472e-07
-3.515590952397630044e-07
1.338597486778449664e-07
-5.088616947816398952e-08
1.930569682313804193e-08
-7.318284981648031575e-09
2.808333921274730042e-09
-1.195059149299209219e-09
3.916455695760706611e-10
1.001564138664434056e+00
-1.564138664434044750e-03
-6.050583168527703805e-20
5.507347387861657862e-20
-4.826109573936091822e-20
4.070138897609176652e-20
-3.302005657524101836e-20
2.575426156608705439e-20
-1.929791987053958518e-20
1.387979646756051917e-20
-9.572211455126370018e-21
6.322051752491511609e-21
-3.992959319159283769e-21
2.408057798419915322e-21
-1.385444483622917815e-21
7.625210718775896360e-22
-4.087706221454217211e-22
2.289888240411889232e-22
-8.445119967833195897e-23
1.875939849624060907e-01
