1.300217315442075972e+00
-2.060490358985348283e-02
1.597799748867108035e-04
-1.336783149724758895e-06
1.248365276063682680e-08
-1.298572544717617143e-10
1.462162524282579495e-12
-1.727105024580724258e-14
2.095430132640745987e-16
-2.590369373457324556e-18
4.142919304472483799e-01
-5.820488767931217833e-01
2.570854630910834326e-01
-6.693232120823568165e-02
-4.276458820563809951e-03
1.738771306223080987e-02
-1.224992572528338028e-02
5.597525616395294078e-03
-1.653156901723990208e-03
7.659068523774920296e-05
2.840924223475520629e-04
-2.271040391726177315e-04
1.106590688319474377e-04
-3.612973811664238434e-05
4.737449638825091846e-06
3.425759917223105999e-06
-3.274112489181484019e-06
1.795319300983151473e-06
-5.808554544450450879e-07
9.746881737119364453e-03
-1.179753817357129253e-02
4.345615165130006612e-03
-1.189857390605108048e-03
2.697467325187750909e-04
-5.420262459226401119e-05
1.009760332771268971e-05
-1.794233298807735270e-06
3.089717282330396367e-07
-5.193675470453070977e-08
8.537330598713606877e-09
-1.370367907711806760e-09
2.140084015994903543e-10
-3.232069755706588827e-11
4.674093196587494008e-12
-6.359515913123950061e-13
7.845734866777985532e-14
-7.885864285238822049e-15
4.155904247329610057e-16
1.616855581879440081e-04
-3.080358066001444382e-04
2.664927564630849982e-04
-2.099326283682561049e-04
1.511879581176469624e-04
-1.000476478335295371e-04
6.118997596668385261e-05
-3.480905741389613180e-05
1.854065170714302622e-05
-9.309798542395814476e-06
4.437360514215319782e-06
-2.021422074408054374e-06
8.860513023882161981e-07
-3.761542189612425730e-07
1.556615466220465460e-07
-6.330338833053343091e-08
2.581712401091455089e-08
-1.164466248174127441e-08
3.949729294871671645e-09
-1.957027500836899253e-10
3.763804258017660859e-10
-3.345397960652437941e-10
2.744963642058798036e-10
-2.074546246836661708e-10
1.439242741689398052e-10
-9.121078800965285221e-11
5.243665228042237816e-11
-2.707231857299042759e-11
1.236315352871733867e-11
-4.872780931208086920e-12
1.584461385823052957e-12
-3.827888463198970526e-13
4.433443561370350655e-14
1.276286061899381577e-14
-8.295577661330209819e-15
1.640311123988019470e-15
3.144721639367385767e-16
-2.406806366346825792e-16
4.806291294383897572e-01
7.016309718382504612e-03
-4.681328018898179850e-05
2.629239463893350894e-07
-1.217915482148129523e-09
4.869643762137232823e-12
-2.712167810898918964e-14
3.551794923026037080e-16
-5.646415310440834022e-18
9.167842962900328125e-20
7.896686873740641488e-01
2.061488582473047781e-01
-8.508357973978057653e-02
2.422006414406340999e-02
1.187969246685882722e-04
-5.904282159564089652e-03
4.712204571293390418e-03
-2.320448160215792151e-03
6.942769999326765546e-04
1.208203965220947628e-05
-1.728406092908532903e-04
1.283540286363485394e-04
-5.613218074434797957e-05
1.188884107234615051e-05
4.316499830292957043e-06
-5.895859687717908430e-06
3.130443593956839522e-06
-7.076255484743792548e-07
-5.920039719179263615e-08
9.516785641592087064e-01
1.621073765726629631e-02
-2.729720734237685992e-03
4.631454135900870219e-04
-7.947189488814137128e-05
1.381753196616085618e-05
-2.431559590175952346e-06
4.314384304512168596e-07
-7.679038215110696945e-08
1.364187793248473075e-08
-2.408906838884492860e-09
4.214403793837242134e-10
-7.285438478726242382e-11
1.241232400801804550e-11
-2.078001952789917987e-12
3.405541982697962476e-13
-5.436642011917764128e-14
8.567988139160798090e-15
-1.236359735104071349e-15
9.844886241558090667e-01
1.175766579387769149e-02
-4.456181445627187092e-03
1.688914795497116874e-03
-6.401166009284862610e-04
2.426181061445428896e-04
-9.196260112399979128e-05
3.486116489501709851e-05
-1.321736129061241991e-05
5.012612935499427669e-06
-1.901791147578406523e-06
7.219791679943418826e-07
-2.743201534148924174e-07
1.043536378917095439e-07
-3.977041071255684158e-08
1.522506053749352309e-08
-5.946952479769507268e-09
2.603004740962918705e-09
-8.704049842966513133e-10
9.965043655520740007e-01
3.492577287654954291e-03
3.054486584995304132e-06
2.671347698203352516e-09
2.336267693568943757e-12
2.043271620847335883e-15
1.744554313924190533e-18
3.391489370108008717e-20
-2.363717198289301191e-20
1.651911358244634739e-20
-1.101952074227226102e-20
7.006401341883543744e-21
-4.234032564097653265e-21
2.430808317744101506e-21
-1.326367905232575829e-21
6.790609930103505290e-22
-3.306261651440904801e-22
1.677215763631826551e-22
-5.922350696958013537e-23
1.031148829676104217e+00
2.751459387684980409e-03
-3.363467192848002273e-05
3.068974180481956778e-07
-2.559241348344318141e-09
2.173381098608168295e-11
-2.036381325589122294e-13
2.157712625607805131e-15
-2.504484277450813775e-17
3.084880275614542068e-19
1.053995010235737606e+00
-1.240920458185904018e-02
-1.580185751100311384e-02
1.390581775545687675e-02
-5.771752375830778610e-03
4.239740685779411536e-04
1.365693640911581257e-03
-1.257322951603722858e-03
6.619205686859217907e-04
-2.057392888061459124e-04
-5.195476943382802526e-06
5.602159644134734539e-05
-4.281257161267867478e-05
1.973716490885286717e-05
-4.998669995682211130e-06
-7.912007829774525377e-07
1.737246205763821350e-06
-1.243847186186317517e-06
4.623805615305456629e-07
1.024753190621342513e+00
-8.459413987305135912e-03
1.433069883432194292e-03
-2.384412170076482499e-04
3.846189052506730565e-05
-5.914020055126552706e-06
8.460991030144537318e-07
-1.076644382167485623e-07
1.076561025211487013e-08
-3.589451071776554265e-10
-2.119140691170906321e-10
8.461638244845110266e-11
-2.273103083551950627e-11
5.249441590771202058e-12
-1.113998506622678031e-12
2.233197730055426108e-13
-4.291332347979028122e-14
8.214732186811049188e-15
-1.427684683402399194e-15
1.007836036333533691e+00
-5.986177952649197886e-03
2.286491873886420997e-03
-8.733409513519373429e-04
3.335691269570362238e-04
-1.273984168746311715e-04
4.865166112209736706e-05
-1.857599492387473940e-05
7.090423350196252573e-06
-2.705047662982423364e-06
1.031197013053992249e-06
-3.926549302850717462e-07
1.492710333941904205e-07
-5.662256485384710581e-08
2.142160895324928301e-08
-8.091407245739152373e-09
3.090952476068431069e-09
-1.307771340668518992e-09
4.269621730107195101e-10
1.001752193893141518e+00
-1.752193893141429934e-03
-6.779948321546046090e-20
6.124316260343143733e-20
-5.309267242615251620e-20
4.415351197313599734e-20
-3.520424290686046147e-20
2.689059230379928258e-20
-1.965985144776964357e-20
1.374181647167225825e-20
-9.170576086640759673e-21
5.833327796425116235e-21
-3.529650924500575211e-21
2.026804118417991397e-21
-1.101778251147351145e-21
5.667377297219832367e-22
-2.792643566610163998e-22
1.415235664002923273e-22
-4.912967098118306929e-23
4.277142857142857135e-01
