7.537585465085068215e-01
-5.773515561361819773e-03
2.207454874112724366e-05
-8.778714648522018091e-08
3.619470525008623642e-10
-1.544360351254119803e-12
6.810244240154385627e-15
-3.094916521974991811e-17
5.996928023921832015e-20
4.262516195897882650e-20
3.117408842798557456e-01
-3.530807053389107830e-01
1.036527274836357565e-01
-4.993607473746936379e-03
-1.330186323176350653e-02
8.823161401911838383e-03
-3.251295751552400141e-03
5.733649373478377298e-04
1.728866936840162051e-04
-1.998360699071594364e-04
9.558344265071643810e-05
-2.671839404242149890e-05
1.000180903374598250e-06
3.747216237295818867e-06
-2.505335856217066608e-06
9.539538983743469993e-07
-1.772078834415674671e-07
-7.690192584427032473e-08
6.084633771522939876e-08
2.085831861175202473e-02
-2.120464479035221589e-02
6.374367010989042716e-03
-1.439097377239146464e-03
2.746928442715777709e-04
-4.741643944607879088e-05
7.670456607399347564e-06
-1.178813668766265044e-06
1.718088133083199763e-07
-2.339963693940617581e-08
2.876319705904196999e-09
-2.909597543354120670e-10
1.554054062700583533e-11
2.906671358205465821e-12
-1.359233420323102453e-12
3.588577167893881722e-13
-7.872423177006382019e-14
1.613505355898161401e-14
-2.887116331806024205e-15
6.745671754963498143e-04
-1.263860609033879215e-03
1.041429381270175553e-03
-7.596183035128790994e-04
4.949439434375996032e-04
-2.911899979934312425e-04
1.564791903964969665e-04
-7.771630913074754280e-05
3.609416050063852670e-05
-1.585642213560802297e-05
6.661381189409048862e-06
-2.703390389417249275e-06
1.069394028947837937e-06
-4.154691697157525851e-07
1.595149120871434455e-07
-6.091115913511549589e-08
2.352872548935409152e-08
-1.009976690091159564e-08
3.332582610948337683e-09
-6.638630234518178532e-11
1.261792936895307499e-10
-1.082039895399241479e-10
8.349767677786632608e-11
-5.769037728347934651e-11
3.540267731548828450e-11
-1.905440110363815268e-11
8.812926252004078433e-12
-3.379056113214402655e-12
9.961833642431712863e-13
-1.791397121958777306e-13
-8.702574263114642698e-15
1.783060279057087197e-14
-4.639029545794124235e-15
-4.581404330996777686e-16
5.876109747345986141e-16
-7.856495751422669564e-17
-4.864863190673218160e-17
1.744256722616887040e-17
6.373596002333408173e-01
2.086942824665506506e-03
-7.914914007407654838e-06
3.049679887725019270e-08
-1.158013016818998684e-10
4.319759881993596491e-13
-1.588988353589133819e-15
5.839776748166009820e-18
-2.168641152374757151e-20
-1.829497227226358701e-20
8.046654390559131453e-01
1.383464029489145097e-01
-3.434548018882671583e-02
1.357020725379208537e-03
4.490634924570126481e-03
-3.069111188607517859e-03
1.199155887718230881e-03
-2.394548329345323561e-04
-5.426507802373976841e-05
7.567252917802475356e-05
-3.830064216750550743e-05
1.096218619259039948e-05
-2.456801806878084132e-07
-1.733729831451714965e-06
1.118577118632033091e-06
-3.954299005613180891e-07
4.914044507965521811e-08
5.169149568625585510e-08
-3.257125391531947841e-08
9.372616579287507133e-01
2.078003755980425277e-02
-3.420603250867738400e-03
5.573005070399165029e-04
-8.951756409858616450e-05
1.413410434491954617e-05
-2.188464477714651953e-06
3.313440011151148043e-07
-4.881480784088995864e-08
6.933918381424396121e-09
-9.332336182869278610e-10
1.147825316555577451e-10
-1.174399546768985258e-11
6.381100131792099981e-13
1.247600827378884883e-13
-6.030927909163691740e-14
1.663709909912200162e-14
-3.988726186470781783e-15
7.978030230396322485e-16
9.797372010447730206e-01
1.532211192221152526e-02
-5.792951130229222548e-03
2.190107140021685384e-03
-8.279427807314696224e-04
3.129535040997836006e-04
-1.182673365088430460e-04
4.467849548458604705e-05
-1.686957736215179853e-05
6.364806823901198486e-06
-2.398991558532318601e-06
9.030511229199505430e-07
-3.394023609350978176e-07
1.273319839986140818e-07
-4.768673300010688468e-08
1.785894685926335918e-08
-6.780720699702520980e-09
2.860384202875078903e-09
-9.333603101739839034e-10
9.954225834451702060e-01
4.572172300495008432e-03
5.238246097901257371e-06
6.001353487749726899e-09
6.875630319922374471e-12
7.877270335793714219e-15
9.025925561539028175e-18
9.620817895191418477e-21
4.750736137648885282e-22
-3.043634853754342341e-22
1.602475920491823688e-22
-8.466671217155658365e-23
4.669623097597217481e-23
-2.792548247564037767e-23
5.974040477385808297e-24
1.696998539142262731e-24
4.406366115267060181e-24
-2.677857201045188171e-24
-1.648447525516010044e-24
1.109327014347907259e+00
9.920238445893867353e-05
-2.187409662532965957e-06
1.371061814786348945e-08
-7.010791145854985385e-11
3.307097833507221375e-13
-1.501903791611203747e-15
6.710876516639427827e-18
-2.976606441412681770e-20
6.267322198781736707e-22
1.078838558304553885e+00
-3.593493092666801697e-02
-3.454492439590225853e-04
4.061318022486489626e-03
-1.510986230951787395e-03
-3.774182393328890891e-05
3.266346228672797436e-04
-1.863747112946571817e-04
4.821970587806154168e-05
7.312015557005505755e-06
-1.428522831187683319e-05
7.727139703523650823e-06
-2.202070490049248138e-06
-5.907917083519950366e-08
4.525582685696277919e-07
-2.778368823191269392e-07
8.973942628410521728e-08
3.141395187851490802e-09
-1.325254514062211713e-08
1.032296823779264239e+00
-1.086972926577291741e-02
1.772312891247453722e-03
-2.742156546913083440e-04
3.931033170104265834e-05
-5.042105698335609378e-06
5.342200824687766286e-07
-3.325165478978430757e-08
-3.828975689102340887e-09
2.107045688977055628e-09
-5.659656921729584830e-10
1.231567618420317379e-10
-2.391189046575254533e-11
4.282160122359819697e-12
-7.156332312194180446e-13
1.115802373875745739e-13
-1.603106029662362539e-14
2.064795773590637985e-15
-2.126933514669982544e-16
1.010270191256340766e+00
-7.845015708196182574e-03
2.995902278049338702e-03
-1.143818803296791720e-03
4.365045400164047421e-04
-1.664441772878481874e-04
6.338166286570375506e-05
-2.408493870342333002e-05
9.123980104252171078e-06
-3.441550922500855094e-06
1.290779839925771244e-06
-4.806456546889478170e-07
1.774178143425869170e-07
-6.481767144432451574e-08
2.340330885568411836e-08
-8.346586781119722496e-09
2.965010474707428313e-09
-1.139892445287084730e-09
3.479286686827234327e-10
1.002296619251533238e+00
-2.296619251533265314e-03
-1.188944899400600329e-20
1.039691739927575818e-20
-8.610993828853989990e-21
6.747070290138977575e-21
-4.993838848351334657e-21
3.485287249326182538e-21
-2.288564003861949798e-21
1.409687054488497856e-21
-8.114025813075847531e-22
4.342726318385552947e-22
-2.147220740459215188e-22
9.718902792103717170e-23
-3.973549619903705262e-23
1.436858834334328194e-23
-4.418126916518968209e-24
1.071698876177521630e-24
-1.640945254263198872e-25
7.378696741854636754e-01
