1.611396060867342772e-01
-7.320527545428680912e-05
1.441902394982690432e-08
-2.837473561812850061e-12
5.646835033322722144e-16
-1.260286190056547827e-18
6.199542587099282015e-19
-8.259827862239693201e-20
1.459498888981878715e-19
4.137729857610970161e-20
1.349398701286514957e-01
-3.177857066164697236e-02
-4.440765114695956889e-03
1.225711473481835541e-03
-1.585040485621774648e-05
-2.753455063772826216e-05
3.207793916530882953e-06
3.281966509762058538e-07
-1.116239093071641584e-07
3.725029502311790060e-09
2.327641649080253893e-09
-3.361187506850595972e-10
-2.161716527664650439e-11
1.055023056549383350e-11
-5.842687718223188250e-13
-1.986037045044364586e-13
3.560538247278526502e-14
1.196293709474628579e-15
-1.009280720389733942e-15
6.677903564304302209e-02
-3.031721535139944926e-02
2.849561390433535350e-03
-6.697778783922297189e-06
-3.907168015103469480e-05
6.584108424188134754e-06
-5.678712481780219630e-07
4.351610197771296351e-09
7.330273492968103325e-09
-1.332250670718185000e-09
1.259328533697646075e-10
-2.669224224366686436e-12
-1.361093409961680130e-12
2.767102658553587855e-13
-2.858278585744148103e-14
9.611129980056821302e-16
2.513059373734233994e-16
-5.666850418761572093e-17
4.633492768628438087e-18
8.134018903451830512e-03
-1.404171322634879815e-02
9.240702828349812298e-03
-4.809599828520692497e-03
2.045345862489001288e-03
-7.265635055015883447e-04
2.165977128212226617e-04
-5.227840996178556457e-05
8.339480087398386515e-06
6.429181816027545828e-07
-1.387227114501458673e-06
8.408625912569458586e-07
-3.949520051537793015e-07
1.630921537159933385e-07
-6.140640289690130050e-08
2.125291954871226023e-08
-6.708650406565005075e-09
1.961862296337088319e-09
-4.435464856916474724e-10
2.537129339423634257e-06
-4.650447980434717174e-06
3.564745344581846935e-06
-2.253294854302642604e-06
1.139523940183732115e-06
-4.316694373758475994e-07
1.014651998973627942e-07
-1.003621732811312844e-09
-8.839629415967951849e-09
2.128691517892884947e-09
6.007591263059280720e-10
-3.393536704211667979e-10
-4.635827948317505017e-11
4.969568866990964714e-11
5.875267975999686856e-12
-7.577603122929429329e-12
-1.406088656381381718e-12
1.010222819811344137e-12
3.629934299742045787e-13
8.604104957775524642e-01
3.517170965428458821e-05
-5.902006396417862988e-09
1.076097953799758003e-12
-2.054069021554014317e-16
2.760745893518547514e-19
-4.068084814792096744e-19
-1.239467158130406480e-20
3.371267914755761597e-20
8.204045804392690530e-20
8.735504339839844645e-01
1.610896965493994332e-02
2.483455872982560236e-03
-5.323172956891368372e-04
6.190010523449580078e-07
1.122096137261910217e-05
-1.148643082734105777e-06
-1.340853343992230061e-07
4.042329159988277630e-08
-1.128200338865531258e-09
-8.397624319756292545e-10
1.167698275552707174e-10
7.850318478381662518e-12
-3.695698697145069471e-12
2.042958717199737747e-13
6.934166664021642630e-14
-1.254549981246056925e-14
-4.146539861634150364e-16
3.654098141022757863e-16
9.114043313451971606e-01
1.873973362139486065e-02
-1.109873912794944384e-03
-4.334545286508269317e-05
2.021122185927434330e-05
-2.684843184884855570e-06
1.809303045842756876e-07
4.584592271273787590e-09
-3.137059832847760946e-09
4.724849101039856604e-10
-3.867572261882353710e-11
1.912569397645730133e-13
5.084498028901289786e-13
-9.223084358180375710e-14
9.028261164287852945e-15
-2.681878619094486839e-16
-8.425024815210752181e-17
1.855109587078546683e-17
-1.705510189479608916e-18
9.667145598455777478e-01
2.448392609768259426e-02
-8.803270539205678563e-03
3.046220813592174191e-03
-9.925500349290045966e-04
2.948034578181614224e-04
-7.512539837645550460e-05
1.375630344714397550e-05
5.637619463554633373e-08
-1.685635899329952683e-06
1.089360338745267673e-06
-5.085169873112834227e-07
2.025578217105194187e-07
-7.238303950134648267e-08
2.358566776683073264e-08
-6.975185578632233219e-09
1.803956258239725670e-09
-3.590053960327498264e-10
3.724047026754320559e-11
9.923259874698381333e-01
7.659261581631063298e-03
1.472262282442890114e-05
2.825006431547093816e-08
8.971043635973472138e-11
-2.254377241404599244e-11
1.293800176672729906e-11
-6.488897519671214578e-12
2.791262006831334810e-12
-9.868680696170344313e-13
2.605761640464689766e-13
-3.578744949826873416e-14
-7.210625393296152175e-15
5.584236262425833349e-15
-1.095927719466189715e-15
-2.370113994644388546e-16
1.767134490884719252e-16
-9.021968348668511754e-18
-1.720379231568298758e-17
1.069416468434625900e+00
-1.534466976055564791e-05
2.086592859464153071e-09
-2.867001085903436529e-13
3.827499245709970240e-17
-7.683053698571659288e-19
2.276959035578373589e-19
7.118614807009473980e-20
-7.280632595869293522e-20
3.013787706693896250e-20
1.063457443958712778e+00
-7.368179473941301010e-03
-1.217301444756118062e-03
2.160215413351082472e-04
4.467272265797430767e-06
-4.185607777471426291e-06
2.386796627862084728e-07
5.825640437880053106e-08
-8.570956493189711654e-09
-4.835507632705232747e-10
1.903069532229675216e-10
-2.065486363066942480e-12
-3.592838007566212504e-12
2.117456048192526895e-13
6.949904699503812336e-14
-8.083001666591604475e-15
-1.401246399311613052e-15
2.894180666740716352e-16
2.149307199112783841e-17
1.045302830809770267e+00
-9.355858824023371989e-03
4.770955294001958530e-04
3.535588517968165175e-05
-1.070008617667349632e-05
1.144519604806183275e-06
-4.019998308605853472e-08
-7.978522024358010334e-09
1.702664200523381665e-09
-1.584758275825048072e-10
2.431081447639187562e-12
1.701752347726130011e-12
-2.984959757895484277e-13
2.394502358671397749e-14
3.113699899937428744e-16
-3.858604117611271861e-16
5.870626959090995044e-17
-3.472754072237089949e-18
-7.029083045042740155e-19
1.016964564122286419e+00
-1.263153398322121312e-02
4.576499526834294437e-03
-1.584270938798666662e-03
5.105300267533445817e-04
-1.469368739119691751e-04
3.456711755805051635e-05
-4.664524858730972647e-06
-1.189037232717485322e-06
1.344655149634775441e-06
-7.306032139690747771e-07
3.129866323853582851e-07
-1.160800804177401095e-07
3.828939171023456053e-08
-1.118091135616460325e-08
2.754390974622382061e-09
-4.567133164797419499e-10
-6.372656687052912005e-11
6.906395497176906930e-11
1.003859202980315946e+00
-3.859202956887093812e-03
-4.273738650838287402e-11
3.369644002144411187e-11
-2.402926290451782241e-11
1.540285852651885993e-11
-8.792184414129631358e-12
4.405002477547821831e-12
-1.891908022742911112e-12
6.672220964295274520e-13
-1.753029363226878288e-13
2.363077184655812184e-14
5.076537293146250183e-15
-3.805933623337003151e-15
7.312420130042177616e-16
1.670202789296709099e-16
-1.205187683187405247e-16
5.583978547490550664e-18
1.188997488553853731e-17
9.254636591478696550e-01
