1.483233040961666305e+00
-2.325697561104302785e-02
1.697949160322954486e-04
-1.348183058601805284e-06
1.248972961256531969e-08
-1.332718202001115721e-10
1.543550637344969052e-12
-1.853734228232949479e-14
2.263289367730651350e-16
-2.763612709351072232e-18
4.639460916340956143e-01
-6.663191112519425419e-01
3.009609041478649161e-01
-7.879706578905235070e-02
-6.226079289258814632e-03
2.162522867646857541e-02
-1.484730848744487963e-02
6.464782760689699245e-03
-1.661582717251700947e-03
-1.212995938102976644e-04
4.253302366934731660e-04
-2.787745820580721755e-04
1.123922629382956116e-04
-2.423313909331743698e-05
-4.495479421663039797e-06
7.217275649238093753e-06
-3.564767418534721227e-06
5.988128586020493578e-07
1.800704928905364619e-07
8.593971748642726532e-03
-1.086107452951466830e-02
4.222793792999017873e-03
-1.217970617136431878e-03
2.889940429922045685e-04
-6.028721451050354470e-05
1.156885061948130362e-05
-2.104488614311846107e-06
3.695951705641058141e-07
-6.325702104615625995e-08
1.058634504432637275e-08
-1.731524038062405556e-09
2.759510432069001812e-10
-4.261926386006881450e-11
6.323248975740238150e-12
-8.876811424068918992e-13
1.144067718086570944e-13
-1.253886518030977330e-14
9.005314541498173828e-16
1.140886634044939734e-04
-2.182108281266844274e-04
1.909750380962881619e-04
-1.532634946701006979e-04
1.131369170609010090e-04
-7.712924643233622036e-05
4.878772863886050962e-05
-2.878226901078767176e-05
1.592359428076398295e-05
-8.308800635722070013e-06
4.112873884335157983e-06
-1.942775855656777948e-06
8.808954481672988653e-07
-3.856502625585971189e-07
1.639990145686566638e-07
-6.829057912559069409e-08
2.842736253155112872e-08
-1.305439329507996803e-08
4.470160977375382408e-09
-1.965741869501612755e-10
3.791904878504142432e-10
-3.401085889199990803e-10
2.833996884475549102e-10
-2.189978516024589822e-10
1.565287253143007238e-10
-1.030954921020314297e-10
6.224734269903383925e-11
-3.420460202022337955e-11
1.692827663922268513e-11
-7.428774154000323427e-12
2.818126234316210577e-12
-8.815282251043054015e-13
2.031485387211703750e-13
-2.058633193971447162e-14
-7.865147050805606999e-15
4.573061494973714296e-15
-7.408559586410019156e-16
-1.524761307780827197e-16
4.520595514921457725e-01
7.618558701088318577e-03
-4.327823120241988821e-05
1.622632528608757051e-07
-1.887507393444296716e-10
-1.578552241694427558e-12
-6.448453854384833831e-15
4.168235007027635390e-16
-6.826270646303420939e-18
5.802290194169629062e-20
7.909070947229791537e-01
2.205284063960424035e-01
-9.751998266779719760e-02
2.947663309348756006e-02
-4.706923446510804062e-05
-7.439300426574525955e-03
5.972725958838034921e-03
-2.836571774504150021e-03
7.122762400851894360e-04
1.565953109962863550e-04
-2.930722116967055370e-04
1.799250792898746023e-04
-6.065871374541693012e-05
-2.376271405523987760e-07
1.555054193669361590e-05
-1.134023703065527076e-05
3.986905211931600984e-06
7.048472672937054460e-07
-1.042844563852621216e-06
9.571226976534032982e-01
1.443096748308189854e-02
-2.441111169286669467e-03
4.174830212490076133e-04
-7.267840199981928119e-05
1.294090650611114739e-05
-2.356518735605250038e-06
4.365106803075900233e-07
-8.156764622992413475e-08
1.524774784664091728e-08
-2.832566824263477651e-09
5.205498111905745055e-10
-9.435136427641571558e-11
1.683004005929060878e-11
-2.948355950704002044e-12
5.060150137660878228e-13
-8.483740610054609810e-14
1.416675813268909688e-14
-2.174050728987348488e-15
9.862617079738448256e-01
1.042294439917060452e-02
-3.953836654049342099e-03
1.499855664075175300e-03
-5.689647764761053463e-04
2.158399004020096566e-04
-8.188383929216224669e-05
3.106716849379031011e-05
-1.178881643530649136e-05
4.474536505100680736e-06
-1.699032344955867331e-06
6.455442036259457495e-07
-2.455004611330848632e-07
9.349058227908019605e-08
-3.568021280825789713e-08
1.368645599568128079e-08
-5.362410919269923213e-09
2.358171379186257640e-09
-7.911556130312649510e-10
9.969066989915981170e-01
3.090906012570011040e-03
2.393141500489619126e-06
1.852895629431226118e-09
1.434608861929026700e-12
1.110823033096912922e-15
8.002741643282462658e-19
4.730998257658805608e-20
-3.499563736269414996e-20
2.520143566406316407e-20
-1.740118133343751052e-20
1.150912445522140205e-20
-7.288506814832971759e-21
4.405666674809171692e-21
-2.539329307659556267e-21
1.401404408634863980e-21
-7.545617958927645022e-22
4.239530942017623824e-22
-1.574396305594980509e-22
9.707848539246546338e-01
3.920849618534536646e-03
-3.987673173815863432e-05
3.049010476771101674e-07
-2.154064923308579659e-09
1.707181057804538625e-11
-1.714334535038865674e-13
2.031874236240141849e-15
-2.527504260529399201e-17
3.062286445477490956e-19
1.035242951325244354e+00
1.113658943119257873e-02
-2.879983186500888193e-02
1.931841665939446756e-02
-6.740250699136998008e-03
-3.855646266725994164e-04
2.358247403515913339e-03
-1.852947662305371324e-03
8.649937836471048797e-04
-2.006763173571752895e-04
-6.604578471007925967e-05
1.023588877285882420e-04
-6.198139401577004530e-05
2.166549637040007789e-05
-1.094340956152912493e-06
-4.338029126408516156e-06
3.255021737523237386e-06
-1.202914564536570016e-06
1.870496790466477961e-07
1.021914538729516320e+00
-7.495161243745803240e-03
1.272194329153296562e-03
-2.123560752249635444e-04
3.436188507881217998e-05
-5.278660110675781834e-06
7.444925618431710500e-07
-8.980088005283877489e-08
7.195953663344033468e-09
4.280238195368302913e-10
-3.924973865594392233e-10
1.259244948211257662e-10
-3.195867895719481726e-11
7.248796563590712364e-12
-1.533841729709811959e-12
3.088665561942305954e-13
-5.987035357899064067e-14
1.160018097485612174e-14
-2.040507901427471105e-15
1.006935859294126656e+00
-5.298518542441193850e-03
2.023843002069021166e-03
-7.730296568493701982e-04
2.952630624354828722e-04
-1.127740736710647335e-04
4.307098446204133898e-05
-1.644807696363507278e-05
6.280093180831846126e-06
-2.397085909425217649e-06
9.145049793222225021e-07
-3.486230537158698074e-07
1.327496234184500021e-07
-5.046817735556011134e-08
1.914907757006734444e-08
-7.259830293620776328e-09
2.786324569303712695e-09
-1.185904460035911038e-09
3.886885991712527562e-10
1.001550905521083612e+00
-1.550905521083521159e-03
-6.032073406673149279e-20
5.492881140739633613e-20
-4.816378571703244340e-20
4.065161541421129473e-20
-3.301214530369167793e-20
2.577853385340406376e-20
-1.934297024397705950e-20
1.393462874734391425e-20
-9.627809951388850449e-21
6.372191521033281977e-21
-4.034288024827903428e-21
2.439645139644960837e-21
-1.408061716751425709e-21
7.778903685098761988e-22
-4.189453599842795965e-22
2.359317701847284266e-22
-8.727441403704208180e-23
1.600802005012531559e-01
