1.175137381871611097e+00
-1.736460813815450185e-02
1.277371313008468230e-04
-1.005366376011526151e-06
8.631703523930241403e-09
-8.089856856043385173e-11
8.146475269353034996e-13
-8.625294293447772001e-15
9.421131740727390293e-17
-9.917264548722328256e-19
3.871201136610181726e-01
-5.297907965644155226e-01
2.244207267655155269e-01
-5.407004909896423461e-02
-6.177705806010933692e-03
1.566490143206206165e-02
-1.040205952562358455e-02
4.543975528408249025e-03
-1.256766258556052092e-03
7.406675968507623271e-06
2.505676806604900360e-04
-1.877492928809870352e-04
8.881880742055890893e-05
-2.824549615784622102e-05
3.319030300978349860e-06
3.022320371463949747e-06
-2.833064959349068287e-06
1.638398525296585096e-06
-5.633368564084357312e-07
1.107051779458663107e-02
-1.297679017488694714e-02
4.597596243014276038e-03
-1.213027062485835068e-03
2.662331238995221494e-04
-5.207721320368179015e-05
9.490319388282040828e-06
-1.654893415357872232e-06
2.799985241779790511e-07
-4.621502858707921360e-08
7.443745765899734401e-09
-1.166776290690984284e-09
1.770439985186295885e-10
-2.578028166685040561e-11
3.548125308082311751e-12
-4.478133088513734467e-13
4.805306544092377319e-14
-3.062264432126286787e-15
-2.821408146755121113e-16
2.127279849131042376e-04
-4.040832946524939868e-04
3.465666057642459224e-04
-2.692487502649794644e-04
1.903851658534530696e-04
-1.232584959944071446e-04
7.355974159182290817e-05
-4.076227985773222385e-05
2.113208078618055105e-05
-1.032808219387003703e-05
4.795312204906439892e-06
-2.131145506610957584e-06
9.132283960002038013e-07
-3.799538501008654781e-07
1.545120992606299626e-07
-6.191067465220017535e-08
2.493279722627195823e-08
-1.112331720539507869e-08
3.751052441329902421e-09
-2.011125665827560170e-10
3.859365641176667210e-10
-3.407578830750023989e-10
2.764461631169001635e-10
-2.055249677409598384e-10
1.394611178106920798e-10
-8.586437345606031691e-11
4.755767103574955844e-11
-2.339561825402040820e-11
1.001948380393593599e-11
-3.607913045825768612e-12
1.016518621470029968e-12
-1.802404765613171073e-13
-6.133011269845750484e-15
1.694626371104425492e-14
-5.153807684698836222e-15
4.100205148849709510e-17
4.736581270592405661e-16
-1.299801634896293723e-16
5.092637632399763525e-01
6.053416467523949074e-03
-4.035301006514549244e-05
2.437107357244448558e-07
-1.332356792034412158e-09
6.840000348620357387e-12
-3.749729606409383671e-14
2.773605479911009533e-16
-2.856224138826089519e-18
1.392454332315387995e-20
7.913597130256762036e-01
1.941087920249768284e-01
-7.515082423771896059e-02
1.936502432403454377e-02
1.189292891054825625e-03
-5.343377224574787435e-03
3.933258189550379973e-03
-1.841640670329875449e-03
5.232449983228116457e-04
1.863783491771235049e-05
-1.325849646053058040e-04
9.552123314336918945e-05
-4.153209945088618738e-05
9.399143592362268457e-06
2.343061321246624911e-06
-3.756191603164746490e-06
2.107629360693267815e-06
-6.065667978356971973e-07
4.449646491855545563e-08
9.487323837545822425e-01
1.716847049702115852e-02
-2.883641095908522599e-03
4.870898287778274651e-04
-8.291905491534983853e-05
1.423222612389090828e-05
-2.458825833873809433e-06
4.261675185366322777e-07
-7.381252740247183951e-08
1.272807577057378348e-08
-2.178075526845645718e-09
3.688080658272703148e-10
-6.161325890076134070e-11
1.012098758978920124e-11
-1.627602882307602616e-12
2.546776565511983435e-13
-3.842182550579237667e-14
5.593472936435580924e-15
-7.286495197165642538e-16
9.835261977251786858e-01
1.248112049790686337e-02
-4.728077155018548146e-03
1.791097470977429974e-03
-6.785180759988695487e-04
2.570503507623758915e-04
-9.738715646228099192e-05
3.690043881108488988e-05
-1.398420231708573468e-05
5.301064830115502743e-06
-2.010321581587707334e-06
7.628128413069925020e-07
-2.896735198250323046e-07
1.101164068149460771e-07
-4.192625296609418989e-08
1.602805813205912501e-08
-6.247361084044530290e-09
2.725857652862596659e-09
-9.094667088098117849e-10
9.962856730986792142e-01
3.710875013160517578e-03
3.448680168005427538e-06
3.205010909619515943e-09
2.978558246820900127e-12
2.768147713883008302e-15
2.539639127502000162e-18
2.707310779723185108e-20
-1.770931509515609433e-20
1.209204832852636039e-20
-7.852643525077304329e-21
4.848550748044240189e-21
-2.830740876654285372e-21
1.557130997382760257e-21
-8.108160128919671463e-22
3.957411072524817485e-22
-1.818282502982982390e-22
8.174888589639056005e-23
-2.703372183605618209e-23
1.060803342760712864e+00
1.882151272393040508e-03
-2.424473832644443019e-05
2.242873173732282735e-07
-1.871988586882807488e-09
1.538339961791380526e-11
-1.320093929747551251e-13
1.224068582984248230e-15
-1.228827979731349337e-17
1.208478568444699714e-19
1.062623781881420815e+00
-2.290053838122992416e-02
-9.508301430793465389e-03
1.068164165099482268e-02
-4.669476276772746744e-03
4.485225931252749413e-04
9.846505812329338532e-04
-9.215990020670179403e-04
4.809179813073227575e-04
-1.468257596113315224e-04
-4.584687531593308567e-06
3.980220432265803201e-05
-2.996333693475933312e-05
1.373817272944911094e-05
-3.551929483912618437e-06
-4.356725540819267569e-07
1.131408028202528103e-06
-8.477043992772754113e-07
3.256361985174239149e-07
1.026297768592007609e+00
-8.976776950582956646e-03
1.516006415903469297e-03
-2.507171981441769205e-04
4.006080695890791793e-05
-6.082736196676211624e-06
8.573258284687951706e-07
-1.073178265228988354e-07
1.054713850151881566e-08
-3.443137344465701217e-10
-2.011955018712173509e-10
7.892771710056205266e-11
-2.084157093672636818e-11
4.730031261223683047e-12
-9.858851373042974406e-13
1.939410860647550279e-13
-3.652176656805018913e-14
6.829791505164814163e-15
-1.160722407429001745e-15
1.008327745773000217e+00
-6.361786708732520938e-03
2.429940264945379229e-03
-9.281152860630935419e-04
3.544765946445119610e-04
-1.353733876364898758e-04
5.168993860275758164e-05
-1.973112766565067943e-05
7.528151582949141178e-06
-2.870089871483599116e-06
1.092971270322289393e-06
-4.155411024036263942e-07
1.576331556425942390e-07
-5.962234917520770456e-08
2.247217262015893060e-08
-8.447915823405570321e-09
3.207416477096168096e-09
-1.346264611313651242e-09
4.371784219488236439e-10
1.001862147943183956e+00
-1.862147943183961899e-03
-7.806401017823586187e-20
7.009742583581985558e-20
-6.026052067179811152e-20
4.956963786749024980e-20
-3.898952500051805706e-20
2.929833378222333390e-20
-2.100963666438418843e-20
1.435757558574489926e-20
-9.334767044737684130e-21
5.762283237011433410e-21
-3.368659363996076756e-21
1.859241206288520176e-21
-9.652061956578021714e-22
4.698638689417998537e-22
-2.158992974078176969e-22
1.000883394499174913e-22
-3.273483226793081564e-23
5.252631578947368762e-01
