1.095654732212784754e+00
-1.501972379600133127e-02
1.030916002806618674e-04
-7.526738574659481039e-07
5.919642569099370003e-09
-5.021705490700014354e-11
4.548341957605127531e-13
-4.328240958752168110e-15
4.263396924577564963e-17
-4.565494279542028358e-19
3.717160825201855090e-01
-4.975707803126099837e-01
2.027425975132884917e-01
-4.477715413830674063e-02
-8.014108068244570407e-03
1.473947141485257468e-02
-9.171929736081208678e-03
3.770739904380157950e-03
-9.294595026206185122e-04
-7.249145873627067089e-05
2.389262708090472882e-04
-1.609150578763607949e-04
7.063999624358633701e-05
-2.003527073421581148e-05
8.534456717370819583e-07
3.224031597049662092e-06
-2.488421898211948178e-06
1.290071854344576298e-06
-4.116198505302470333e-07
1.219055832899463426e-02
-1.397840716517113197e-02
4.824426766524690657e-03
-1.241676435182096673e-03
2.666743047284809488e-04
-5.122192825823171749e-05
9.191585670552535807e-06
-1.580545919615713088e-06
2.636804539134989260e-07
-4.284884871646327497e-08
6.776093630885766667e-09
-1.038446991754069058e-09
1.530800210917002431e-10
-2.142968684491833459e-11
2.780334241136680732e-12
-3.162119107873047864e-13
2.617856993030503567e-14
5.336671945778905525e-16
-8.237952822870554361e-16
2.571921388615402136e-04
-4.875394173703983831e-04
4.156296812348221755e-04
-3.198175454025471991e-04
2.233083179191946565e-04
-1.424256313779082407e-04
8.359487855355470778e-05
-4.551147033400618306e-05
2.317159810312819060e-05
-1.112418203760584042e-05
5.077094417097110241e-06
-2.220629708152034102e-06
9.379480670151019958e-07
-3.853360126232424693e-07
1.550203978553323666e-07
-6.155578474625698669e-08
2.460193933717742389e-08
-1.090335225363472496e-08
3.663905677188310739e-09
-2.057079077849008200e-10
3.941627167994588464e-10
-3.464385835688589420e-10
2.788770850225493198e-10
-2.050020817480702695e-10
1.369913614240649854e-10
-8.266329634330945310e-11
4.460012409048005945e-11
-2.119607794576021258e-11
8.659651823379227645e-12
-2.908815291237694585e-12
7.251077146963428663e-13
-8.857120804312674029e-14
-2.306987592545663610e-14
1.548280567590380545e-14
-2.881616027800498417e-15
-6.159327060192597015e-16
4.141795469806305360e-16
-4.254501183364123135e-17
5.305435445381724291e-01
5.299803012940558847e-03
-3.387267878420712944e-05
2.023203472423777260e-07
-1.125474578996392696e-09
5.974628287565299386e-12
-3.231224448047538319e-14
2.014833661295348828e-16
-1.602007600021153119e-18
1.041545534412075919e-20
7.931856401518326827e-01
1.854049916584196711e-01
-6.820714005176438388e-02
1.593538384259391913e-02
2.040369025454737053e-03
-5.051688526163939166e-03
3.441766756953445420e-03
-1.514181918684026282e-03
3.881356738501598176e-04
4.132223277102147407e-05
-1.159156279931470039e-04
7.685655023202081861e-05
-3.134349292074150407e-05
6.257335718757899218e-06
2.217159966077042694e-06
-2.912851771641995658e-06
1.542829893192143271e-06
-4.133155664336227486e-07
1.865542120408735671e-08
9.469310305138602946e-01
1.775075287901766927e-02
-2.976061792826120624e-03
5.010853957312494909e-04
-8.482370246113782601e-05
1.443143835973604403e-05
-2.462860698130607514e-06
4.203396949654745360e-07
-7.150698351990774856e-08
1.208661953800573185e-08
-2.023821081867521947e-09
3.346743479048798086e-10
-5.446508685642627522e-11
8.683192226964409716e-12
-1.347526428436811621e-12
2.016001610925867584e-13
-2.860578396336038893e-14
3.766509924425620667e-15
-4.171022202245080959e-16
9.829363825605372806e-01
1.292412734547869133e-02
-4.894436764398299271e-03
1.853566233601719416e-03
-7.019745465665655102e-04
2.658579353239620929e-04
-1.006943087627115740e-04
3.814224517407196417e-05
-1.445046142878820674e-05
5.476085166319466678e-06
-2.075974048907519987e-06
7.874037391277645247e-07
-2.988590403009737049e-07
1.135315684094397605e-07
-4.318682795188337323e-08
1.648880426370649947e-08
-6.415041113504603358e-09
2.791628592593022138e-09
-9.297227524552885920e-10
9.961515431568029877e-01
3.844750847031806317e-03
3.702427356215723659e-06
3.565372341051672204e-09
3.433390733433641295e-12
3.306328792964510929e-15
3.157470038892155304e-18
2.272702377823573472e-20
-1.391037947843408335e-20
9.331113999264880447e-21
-5.954143264496623427e-21
3.599126301716172956e-21
-2.047434824934186635e-21
1.100107579637257112e-21
-5.547768978615536960e-22
2.560858577078119284e-22
-1.073031717424555050e-22
4.946363166105375869e-23
-1.766463671866380699e-23
1.075355095448847109e+00
1.383904311161972961e-03
-1.807065181660479864e-05
1.624987355397596718e-07
-1.304891669401905842e-09
1.015908452350577512e-11
-8.059109705890281609e-14
6.730283256467718889e-16
-6.002284658010130347e-18
6.039414269945571434e-20
1.066864484491712339e+00
-2.766673094617454892e-02
-6.507529349197756392e-03
8.946146135810491631e-03
-3.951884543195152179e-03
3.642299501086185558e-04
8.184926256779307806e-04
-7.416914936638220037e-04
3.713471851493939792e-04
-1.040752177679143194e-04
-1.025256936386884302e-05
3.298980711935066884e-05
-2.292082601304800752e-05
9.817397741955071551e-06
-2.198532018924014367e-06
-5.419556246657761800e-07
8.846625889695376281e-07
-5.951538542442529981e-07
2.156904707268262454e-07
1.027242588755800545e+00
-9.288723654833028545e-03
1.563996873982812993e-03
-2.571336905771179435e-04
4.069574385301291344e-05
-6.094482393178042753e-06
8.425181821017426058e-07
-1.023859372520958491e-07
9.446762793914813379e-09
-1.461578700328676217e-10
-2.303619844404204019e-10
8.198696102019281285e-11
-2.084855317021817901e-11
4.613191727791789338e-12
-9.411943892771475230e-13
1.814330793802150757e-13
-3.346552851758549119e-14
6.112304774078863955e-15
-1.015247138995950661e-15
1.008629732435769810e+00
-6.592456143589222120e-03
2.518023426795715398e-03
-9.617393213246663939e-04
3.673033966164190997e-04
-1.402604737220913280e-04
5.354790619441853638e-05
-2.043494190833448546e-05
7.793247285016726027e-06
-2.969085917979887661e-06
1.129482833685273404e-06
-4.287736942215756666e-07
1.623142489421712178e-07
-6.122364173679430996e-08
2.299422262040694817e-08
-8.605792867225664433e-09
3.248809659954727793e-09
-1.353567668768823624e-09
4.373491940778358157e-10
1.001929679483483326e+00
-1.929679483483335298e-03
-8.643737195245168662e-20
7.730024706303294575e-20
-6.607026590351057387e-20
5.394143204632014524e-20
-4.203301868592369547e-20
3.123026542265001645e-20
-2.209700330013082772e-20
1.486584740563863945e-20
-9.491035249848295425e-21
5.736921333043322928e-21
-3.273468700893124777e-21
1.756679514618221207e-21
-8.824963597378865012e-22
4.129539170959877189e-22
-1.803602997037464549e-22
7.810400681719095597e-23
-2.430210194129202857e-23
5.752882205513785152e-01
