1.509659743898567941e+00
-2.336676501659547267e-02
1.667171997637898568e-04
-1.294441016310400698e-06
1.182173779138571368e-08
-1.250197449019276053e-10
1.433896899884428779e-12
-1.700776552805454741e-14
2.048417448146354099e-16
-2.524614271982010497e-18
4.723978310625725485e-01
-6.795975370440927588e-01
3.067896300565289835e-01
-7.953554723485008193e-02
-7.175787036488499165e-03
2.246748848269406601e-02
-1.519012703358698681e-02
6.483472186125075962e-03
-1.579743861607752148e-03
-1.888730909305983297e-04
4.544324586895249498e-04
-2.825555558627524549e-04
1.073658148012265434e-04
-1.933686379160388022e-05
-6.941125398120893981e-06
7.835413693469731429e-06
-3.406882496495947081e-06
2.519435408869289881e-07
3.581223664347322352e-07
8.495919145125313890e-03
-1.080157185723888170e-02
4.231892601322295895e-03
-1.229670956789303366e-03
2.936726778451328101e-04
-6.158974527367320172e-05
1.186757738769667689e-05
-2.165552846021382830e-06
3.812296019268055722e-07
-6.537549105328714291e-08
1.095937437075973375e-08
-1.795228572212983437e-09
2.864699972467815927e-10
-4.428531279358502537e-11
6.572738317911035861e-12
-9.220416440141088305e-13
1.184809031324421843e-13
-1.285260130069633107e-14
8.858742795381220925e-16
1.090688939490586378e-04
-2.087226654807512597e-04
1.829627284694985913e-04
-1.472117901559201426e-04
1.090438859702410116e-04
-7.464907465710730189e-05
4.744311510847210397e-05
-2.813364188653843173e-05
1.564924303962478757e-05
-8.210866250499484098e-06
4.086749792940576272e-06
-1.940716057851677673e-06
8.843852559201127659e-07
-3.889691992334968884e-07
1.660969258659094479e-07
-6.941680503942510836e-08
2.898869683720456068e-08
-1.334985384543252306e-08
4.578175882386068500e-09
-1.978124274371129175e-10
3.817399536143909690e-10
-3.428323747606459594e-10
2.862881439582935170e-10
-2.219196765721224578e-10
1.592779330808296408e-10
-1.054684948183872644e-10
6.411132707262200755e-11
-3.552898307638042964e-11
1.777387635066779376e-11
-7.909598072244178159e-12
3.058262186337390366e-12
-9.844527772102367923e-13
2.393932028355374585e-13
-3.004869866973877146e-14
-6.674234876723363968e-15
4.927422627112123232e-15
-9.925612432894628784e-16
-9.387971082236440667e-17
4.493563907279718439e-01
7.612902848297654727e-03
-4.151449693332824321e-05
1.399706398017208839e-07
-4.024465570870805084e-11
-2.060975404016594517e-12
-6.932348054955098315e-15
4.136337657739816975e-16
-6.363088578657444017e-18
7.166163600415185991e-20
7.915424438595295431e-01
2.223638385653609606e-01
-9.914834496478006076e-02
3.000708047719132660e-02
1.353772218302664242e-04
-7.769517124392625630e-03
6.168456817568342132e-03
-2.877323776349977567e-03
6.771303681949829290e-04
1.995813304512514578e-04
-3.167901600038397210e-04
1.853605356952514236e-04
-5.748511459103533956e-05
-4.561989083052530447e-06
1.810689996808134323e-05
-1.211053830826735406e-05
3.823191460073581779e-06
1.163274939786932766e-06
-1.288356007798388055e-06
9.581076593197800362e-01
1.410793429785241540e-02
-2.388557179989112076e-03
4.091363862476594471e-04
-7.143035334012163250e-05
1.277886467502549953e-05
-2.342597658009059018e-06
4.374997232441739175e-07
-8.248733516683788293e-08
1.555900468054129779e-08
-2.915242733947754130e-09
5.399916240951601711e-10
-9.858122226702503455e-11
1.769983414061002067e-11
-3.119367763001469145e-12
5.383614946351831130e-13
-9.074223095775769359e-14
1.523575625422930299e-14
-2.349800533570447906e-15
9.865818476089079914e-01
1.018169364852222585e-02
-3.862939647176629691e-03
1.465609255259757871e-03
-5.560623906085603247e-04
2.109789231157029488e-04
-8.005240787620568213e-05
3.037709786162732769e-05
-1.152876345581804382e-05
4.376513389681090422e-06
-1.662073414895409596e-06
6.316051593861595590e-07
-2.402426018724579625e-07
9.150772299471509901e-08
-3.493298804856864620e-08
1.340493578452667440e-08
-5.255147247257626966e-09
2.313018829110371698e-09
-7.764836966061737254e-10
9.969792651013140716e-01
3.018450579803191348e-03
2.282591451058872154e-06
1.726125240428190051e-09
1.305318194403697355e-12
9.871826580607204720e-16
6.897463522242087866e-19
5.605928298101671186e-20
-3.139597874344043584e-20
3.238676276854867462e-20
-1.350497359419682991e-20
1.722420658870348788e-20
-3.476431435114357327e-21
8.866815727536698167e-21
8.734297352327665480e-22
4.845975320471986487e-21
2.051200783436978354e-21
3.010140069551103067e-21
9.588660779978793596e-22
9.603490043743891924e-01
4.049881676644878116e-03
-3.960274185159051133e-05
2.899038464856117148e-07
-1.961810363813941437e-09
1.524891729351075605e-11
-1.543939802542739287e-13
1.840582267592822905e-15
-2.271883779620776872e-17
2.798167262419452143e-19
1.031775092004198813e+00
1.545176146889736153e-02
-3.103062126393047945e-02
2.009223058759413566e-02
-6.742880279466288360e-03
-6.195514117956634099e-04
2.552405714514453024e-03
-1.939542723644396621e-03
8.756485066864575775e-04
-1.828775726993201410e-04
-8.351363713203865426e-05
1.109126834769885722e-04
-6.352146903239375196e-05
2.030132103077865894e-05
4.763742748362641568e-07
-5.191766732900039440e-06
3.443661642103190359e-06
-1.030997308969658472e-06
5.324337736675807311e-08
1.021403437578350948e+00
-7.320631762650156756e-03
1.242636196802693370e-03
-2.074039964032805151e-04
3.353639354554905971e-05
-5.138897155192416234e-06
7.196448606723329889e-07
-8.503070534587191884e-08
6.207170181593755104e-09
6.432891122980669989e-10
-4.400929103983518448e-10
1.363595893793061482e-10
-3.419915949698407199e-11
7.717512198807283466e-12
-1.629251920568002074e-12
3.277629966333545848e-13
-6.351571230437871681e-14
1.230721472769390221e-14
-2.165174262912308466e-15
1.006774015459285909e+00
-5.174881962260460648e-03
1.976619137432863906e-03
-7.549926963949525659e-04
2.883743340540468898e-04
-1.101434189002056124e-04
4.206661268640006149e-05
-1.606475836219799084e-05
6.133892294842248104e-06
-2.341379561215356447e-06
8.933113520213632074e-07
-3.405771886922523536e-07
1.297039936376100157e-07
-4.931957477609037520e-08
1.871775749989871310e-08
-7.098372378931348841e-09
2.725284062547668118e-09
-1.160370762733536073e-09
3.804084968446243450e-10
1.001514715951781875e+00
-1.514715951781881852e-03
-5.996206413800681356e-20
5.466400154223369747e-20
-4.800812388681741956e-20
4.060427892809658208e-20
-3.305839370996912990e-20
2.589426408043096407e-20
-1.950028169846216290e-20
1.410701357305033974e-20
-9.793933854308492697e-21
6.517791582847853675e-21
-4.152277084250119038e-21
2.528913077477448844e-21
-1.471626649514129541e-21
8.209954108582428859e-22
-4.474997655375442803e-22
2.554595483053063881e-22
-9.522599057628338742e-23
0.000000000000000000e+00
