1.490230508698234591e+00
-2.329324212238293584e-02
1.690873630116896667e-04
-1.335123889263307477e-06
1.232590990475820764e-08
-1.312518711419989809e-10
1.516743997238707077e-12
-1.816223028109991590e-14
2.211171165299288288e-16
-2.743188759025667184e-18
4.661480523590723624e-01
-6.698036278890006079e-01
3.025194576394830137e-01
-7.902104649120990365e-02
-6.458655875071871513e-03
2.184239984176240823e-02
-1.493969724079267924e-02
6.473116759568666757e-03
-1.642301824760842395e-03
-1.382125279395744332e-04
4.329245128232094659e-04
-2.799588326322735858e-04
1.112338452369285275e-04
-2.301960791600188140e-05
-5.125854252077766078e-06
7.389024035390125534e-06
-3.532120328517491892e-06
5.107525630749508988e-07
2.265989527180124000e-07
8.566373269850640487e-03
-1.084341320156097591e-02
4.224483002243993417e-03
-1.220852392077641756e-03
2.901771590766697752e-04
-6.061940445612552293e-05
1.164533090249644833e-05
-2.120159624434333204e-06
3.725869680839970705e-07
-6.380293940358510948e-08
1.068270731981094401e-08
-1.748029197365647674e-09
2.786867251122379521e-10
-4.305480199100689462e-11
6.388974355793549660e-12
-8.968509170918399092e-13
1.155235750363769288e-13
-1.263404983750805811e-14
8.995138867164459465e-16
1.127218730463796636e-04
-2.156276326637358539e-04
1.887942448094525444e-04
-1.516169506467783719e-04
1.120236649845452067e-04
-7.645473787931424657e-05
4.842187078364618120e-05
-2.860548626605985634e-05
1.584850561552702782e-05
-8.281719300295759309e-06
4.105420963659615503e-06
-1.941979637463625955e-06
8.817011485868991724e-07
-3.864732045123083646e-07
1.645284123287457836e-07
-6.857678828600664803e-08
2.857049832982848238e-08
-1.312986852374855247e-08
4.497771835735371294e-09
-1.968712142903823525e-10
3.798059081594645971e-10
-3.407758435808990068e-10
2.841186950886389423e-10
-2.197348500561555810e-10
1.572288666491623629e-10
-1.037037013911033224e-10
6.272693271508888865e-11
-3.454598115043630025e-11
1.714627171459079066e-11
-7.552550101252276546e-12
2.879747405260996566e-12
-9.077968832911281868e-13
2.123142286191310340e-13
-2.293512223277586961e-14
-7.591829940338180881e-15
4.671860015304281152e-15
-8.049653769983347413e-16
-1.384497709171462826e-16
4.513086800909453244e-01
7.619342075088810472e-03
-4.283652230927517061e-05
1.564182537028378528e-07
-1.479496860211992981e-10
-1.725667278703957767e-12
-6.490655721930885789e-15
4.165950381304030178e-16
-6.744362825629298490e-18
8.370453887518934688e-20
7.910629303899835429e-01
2.210186881663800396e-01
-9.795443612332095651e-02
2.962336467564481018e-02
-4.816373542126235979e-06
-7.523629815419375678e-03
6.024353092669109018e-03
-2.848533593963301167e-03
7.041411335132545220e-04
1.673666089674952554e-04
-2.992401865254445460e-04
1.814811956981050389e-04
-5.995504785692528884e-05
-1.307936665083765970e-06
1.621046799955754982e-05
-1.155373247023110475e-05
3.955683105334971993e-06
8.195683210826980735e-07
-1.105987234736598424e-06
9.573772530907680434e-01
1.434751043601087232e-02
-2.427537433219999381e-03
4.153276284845977551e-04
-7.235609858199639009e-05
1.289902612266938576e-05
-2.352901811383143347e-06
4.367567857285140713e-07
-8.180198032570048729e-08
1.532720253539042511e-08
-2.853677153736641939e-09
5.255138101490414984e-10
-9.543131850876484018e-11
1.705213773219364807e-11
-2.992037565110803801e-12
5.142824834313567860e-13
-8.634817965516757270e-14
1.444073906219168497e-14
-2.219194102081173754e-15
9.863444639431179217e-01
1.036058870303995308e-02
-3.930345498713158463e-03
1.491006198012216014e-03
-5.656311305533592805e-04
2.145840985890948456e-04
-8.141075592512744710e-05
3.088893363270983226e-05
-1.172165543968075929e-05
4.449223376635320229e-06
-1.689488877023509266e-06
6.419450719688151769e-07
-2.441428998513868509e-07
9.297862574355521147e-08
-3.548729061588677333e-08
1.361377524402637856e-08
-5.334721465725146820e-09
2.346518093767378642e-09
-7.873696629986456049e-10
9.969254595413855613e-01
3.072174329471045497e-03
2.364308199036530577e-06
1.819542988403183442e-09
1.400298183946241615e-12
1.077727182595033852e-15
7.687529909410250174e-19
4.798908300733998235e-20
-3.554978190019309359e-20
2.562875590119104187e-20
-1.772784101432387316e-20
1.174647921235333447e-20
-7.442882892003112738e-21
4.507909519281622010e-21
-2.606350940029566393e-21
1.441289872461920802e-21
-7.795783277418759123e-22
4.402890449776406793e-22
-1.623930439696804024e-22
9.680628248185495499e-01
3.956398830077071174e-03
-3.983531297699898649e-05
3.012387290060819196e-07
-2.105161056297440693e-09
1.660117314982483464e-11
-1.670635630873235125e-13
1.983753645274394690e-15
-2.465349677324481604e-17
3.057526085817975120e-19
1.034345526492381540e+00
1.225569083119055873e-02
-2.938276750426118550e-02
1.952512182593997905e-02
-6.745597842946602155e-03
-4.441024370965634092e-04
2.408456223583961033e-03
-1.876145955112901815e-03
8.685234910981891928e-04
-1.965019961269708342e-04
-7.044482839052012570e-05
1.046105578291971574e-04
-6.245248799573078385e-05
2.136185921822888827e-05
-7.065183641694806494e-07
-4.558531918346005772e-06
3.308975742801703437e-06
-1.163225318627913230e-06
1.544134098593521373e-07
1.021782391371389931e+00
-7.450052639926652877e-03
1.264562948814742594e-03
-2.110805284414480623e-04
3.415013778328750897e-05
-5.243025252499202408e-06
7.382007455996845386e-07
-8.859977499765598555e-08
6.947665989626168938e-09
4.820749050243153910e-10
-4.044657019644378130e-10
1.285537883770457517e-10
-3.252438772627369660e-11
7.367384045304858191e-12
-1.558028108900828605e-12
3.136660815124386751e-13
-6.079812145237244484e-14
1.178055543952347349e-14
-2.072387055527156176e-15
1.006894009659750511e+00
-5.266548577130864169e-03
2.011631869347291907e-03
-7.683656831425217382e-04
2.934817987031964129e-04
-1.120938592817575635e-04
4.281129002728409051e-05
-1.634897030380229186e-05
6.242296892889337678e-06
-2.382686947709984974e-06
9.090283097001152824e-07
-3.465447508382207377e-07
1.319633794016289043e-07
-5.017190612165564043e-08
1.903794892729922345e-08
-7.218294736343607253e-09
2.770654816491208314e-09
-1.179368848879637294e-09
3.865735466712914025e-10
1.001541547605230287e+00
-1.541547605230155372e-03
-6.020800932172084279e-20
5.484261751072389579e-20
-4.810856345424966837e-20
4.062733147337072347e-20
-3.301488553629538347e-20
2.580174823829290645e-20
-1.937900095425002131e-20
1.397614069533436912e-20
-9.668838164050063851e-21
6.408674607142272516e-21
-4.064111467342428640e-21
2.462327172171222829e-21
-1.424259007817550892e-21
7.888857320585006690e-22
-4.262263758550071217e-22
2.409051520028443069e-22
-8.929803707346247542e-23
1.375689223057644517e-01
