1.065190695800841025e+00
-1.410249366784204796e-02
9.361098349046282263e-05
-6.594820351221725880e-07
4.982592055676643264e-09
-4.042583777577638823e-11
3.492592028420355808e-13
-3.167871736481914283e-15
2.962935370202420946e-17
-2.445337317153403412e-19
3.660841608574406103e-01
-4.852691354791831002e-01
1.942597906024444432e-01
-4.108628877898069104e-02
-8.758032398494841955e-03
1.437675929737665045e-02
-8.682415343915308309e-03
3.462107159095484474e-03
-7.989918229603191211e-04
-1.039007033352934667e-04
2.337516212136789729e-04
-1.498088724520603031e-04
6.316193242100917821e-05
-1.667230661226329116e-05
-1.381426529661312356e-07
3.280695443174819423e-06
-2.322163712164390515e-06
1.125812278606816255e-06
-3.397411870051547924e-07
1.268733865416164786e-02
-1.441953558792177272e-02
4.924972030728617250e-03
-1.255105584529467647e-03
2.672390723166676897e-04
-5.095558644786696886e-05
9.085921743448933713e-06
-1.553086564763951478e-06
2.574878412142109413e-07
-4.154522582966984522e-08
6.513490879247122338e-09
-9.873782935328007039e-10
1.434599244667660736e-10
-1.967178564482496426e-11
2.468589770686236502e-12
-2.625846192660640886e-13
1.724132786020414621e-14
2.005498277527731875e-15
-1.045708248211360948e-15
2.775070292588242837e-04
-5.256088467661874410e-04
4.469889257324273437e-04
-3.426132828020897101e-04
2.380111288601794936e-04
-1.508925094017759606e-04
8.797599631572062303e-05
-4.756043291140639456e-05
2.404187852627185732e-05
-1.146088891920589165e-05
5.195728292298927036e-06
-2.258446662851844430e-06
9.486279947014826379e-07
-3.878434501279635755e-07
1.553921671456156472e-07
-6.149361118211188482e-08
2.450680013288802268e-08
-1.083404076370614305e-08
3.635713532109149116e-09
-2.073148000778926623e-10
3.970019083183148827e-10
-3.482947294193602299e-10
2.794941213974047888e-10
-2.045206090182745308e-10
1.358247942326193093e-10
-8.129170698828033166e-11
4.339236675035426853e-11
-2.033005831628166796e-11
8.143018688772331636e-12
-2.653983292398737511e-12
6.246718598553001870e-13
-5.983862309453507367e-14
-2.702663794646044785e-14
1.434183882006556279e-14
-2.044644673821383408e-15
-7.832215951096263664e-16
3.682177943019110496e-16
-1.106413714970051771e-17
5.392121732375796395e-01
4.995866866625216750e-03
-3.116673064553468128e-05
1.835217445089251003e-07
-1.014567030885626245e-09
5.374208155298375481e-12
-2.871235871819443903e-14
1.703279155886623347e-16
-1.235177985015722051e-18
1.490806233636858757e-20
7.940037047975013751e-01
1.818484059291773369e-01
-6.542443952454887746e-02
1.457851711840710274e-02
2.372916993015536640e-03
-4.936773611680699350e-03
3.250172571327554234e-03
-1.386700887080838948e-03
3.350838330501733483e-04
5.092482260774035025e-05
-1.101183457734175125e-04
6.998459435976772810e-05
-2.749045310858963255e-05
4.992509556742224048e-06
2.248787398849731375e-06
-2.643033186975988036e-06
1.345772094439257402e-06
-3.356012105343359740e-07
3.296075064408938811e-09
9.462278312830230131e-01
1.797709752854809162e-02
-3.011622615942815238e-03
5.063502474793358816e-04
-8.550560193828009271e-05
1.449304685567825423e-05
-2.460743454898039875e-06
4.173108199394605759e-07
-7.046653242668821629e-08
1.181192982947013171e-08
-1.959656285470811485e-09
3.207417316326035565e-10
-5.158626133353019577e-11
8.110000402285684417e-12
-1.236785329589164668e-12
1.807625774004544353e-13
-2.477775968762052472e-14
3.059080606330481652e-15
-2.972602374455798182e-16
9.827057763167472704e-01
1.309726076144455964e-02
-4.959424119244021378e-03
1.877958124859799684e-03
-7.111289445421014330e-04
2.692933244869721615e-04
-1.019833446503210346e-04
3.862580424211963442e-05
-1.463177399928908181e-05
5.544006624592821505e-06
-2.101375202574570347e-06
7.968756355718348751e-07
-3.023743937629767604e-07
1.148267702203050765e-07
-4.365894017364671871e-08
1.665838618579733538e-08
-6.475208755673781161e-09
2.814310288704926146e-09
-9.364874101866516311e-10
9.960990791211560280e-01
3.897113031210081621e-03
3.804130638784687613e-06
3.713366741282156754e-09
3.624768369251406535e-12
3.538314524438649020e-15
3.430102498592300713e-18
2.093261610891558852e-20
-1.231963865881118466e-20
8.249280779736491012e-21
-5.226089145184633037e-21
3.124163230736917101e-21
-1.761254407503720578e-21
9.330012763470682761e-22
-4.640353910304238333e-22
2.139616861625187757e-22
-9.038114499406131202e-23
3.724212195392489257e-23
-1.047683585667262841e-23
1.080149810542083699e+00
1.210633031580584740e-03
-1.586169542970010952e-05
1.401457606997801002e-07
-1.100834908223944342e-09
8.340655652939653725e-12
-6.389272463113207511e-14
5.106325202664914295e-16
-4.322055069411243886e-18
3.957430852484793858e-20
1.068291460723805875e+00
-2.915840909136783315e-02
-5.541494780905552135e-03
8.347100995684300292e-03
-3.685281891777642503e-03
3.227292854069295958e-04
7.644680522182746530e-04
-6.785483498888909273e-04
3.318235141804786554e-04
-8.828943918037873110e-05
-1.256749309983840508e-05
3.065994406029253839e-05
-2.041864664278942459e-05
8.401479123978808109e-06
-1.697402503213264810e-06
-5.915859726718062011e-07
8.013940704141798926e-07
-5.050434436611378792e-07
1.756565136886384242e-07
1.027611222290384374e+00
-9.409286570829233920e-03
1.582046204867913145e-03
-2.593777732257853547e-04
4.086519900913342102e-05
-6.079059489388330580e-06
8.321999454853883788e-07
-9.951534427993133140e-08
8.832035829603143836e-09
-3.417540278067883235e-11
-2.479829833189318179e-10
8.426625997107588146e-11
-2.103386910120244415e-11
4.597252264312356477e-12
-9.283914477800740989e-13
1.772468023344727927e-13
-3.237192535286106034e-14
5.845783320442751632e-15
-9.601162144387931115e-16
1.008747868639430223e+00
-6.682689161042267532e-03
2.552476101855144681e-03
-9.748879881989300396e-04
3.723170061166677122e-04
-1.421690034942368691e-04
5.427232986015101233e-05
-2.070860644000218099e-05
7.895860870659226059e-06
-3.007134083185261825e-06
1.143364004183702608e-06
-4.337230006323387606e-07
1.640226058267444788e-07
-6.178633498136626026e-08
2.316663296754950313e-08
-8.652159495331490104e-09
3.257607328850802297e-09
-1.352527464074563628e-09
4.359822678183328042e-10
1.001956098388842031e+00
-1.956098388842131969e-03
-8.977234426160992046e-20
8.015074166047874326e-20
-6.834746395541020084e-20
5.563151723728246868e-20
-4.318646271186158995e-20
3.194091156007418240e-20
-2.247754631958885963e-20
1.502600940410922861e-20
-9.522594825664348252e-21
5.706873461107809752e-21
-3.224152133665356870e-21
1.710355135188755264e-21
-8.476469018851763968e-22
3.901966730301072242e-22
-1.668435998794410625e-22
7.015768989425367070e-23
-2.133800874152163682e-23
5.927969924812031000e-01
