4.989068790582793650e-02
-3.900189699402680687e-06
1.146206689804528618e-10
-3.172189430590228968e-15
8.712441695921798443e-20
1.711281138568668403e-22
-1.635609176778935050e-22
4.737804217080473292e-23
2.841638274552254682e-23
-4.225937023421023383e-23
4.810936130023079488e-02
-2.284642956153333515e-03
-4.907814701511544744e-04
1.826347335091656315e-05
1.733880646545959242e-06
-1.001867140318470398e-07
-5.093233992112022049e-09
4.700136433478349570e-10
1.176545401407411745e-11
-2.005216392766924469e-12
-1.163875765422981325e-14
7.938140401760452736e-15
-8.913078425730960740e-17
-2.925254563433190868e-17
8.616139021183000858e-19
1.000226258067914838e-19
-2.183157529861630850e-20
-9.629462287521985424e-22
4.605258805402643709e-21
4.030511812703323204e-02
-5.268887131833771206e-03
-1.884933534441088322e-04
3.120889419025407832e-05
-5.730807665168164842e-07
-9.345384067402636144e-08
6.145319630080653665e-09
7.524698993261243191e-11
-2.582933862542801901e-11
8.664915482929033478e-13
5.645919877723829489e-14
-5.710424580092424692e-15
4.673975798561234845e-17
1.903379652487459371e-17
-1.030365785526100964e-18
-1.659783797807945319e-20
1.176432042663076033e-20
-2.973019861781166834e-21
-4.572459954693623198e-21
1.164198042180735262e-02
-1.600609771444730378e-02
6.177834644081144425e-03
-1.269959896439381902e-03
-2.505709160027840216e-05
1.255077463160210981e-04
-5.309193814130372656e-05
1.312500905957958277e-05
-1.559140342408005653e-06
-3.496671511621413451e-07
2.819138305700650165e-07
-9.965954941840675949e-08
2.259966548242276746e-08
-2.226855848114980931e-09
-8.264605026011940426e-10
5.622862265235020435e-10
-1.896694881430096190e-10
3.954694276300705595e-11
-3.411908965974436813e-12
1.322045571548008890e-04
-2.310212703544688834e-04
1.517475183730836164e-04
-7.057344821509206590e-05
1.910173056314490406e-05
7.244719745575843874e-08
-1.991661984161566961e-06
2.999999530618622320e-07
2.373981394639081602e-07
-5.063134678636821232e-08
-3.853953734000008480e-08
5.761079888606108282e-09
7.548785604244612575e-09
9.291833998359196668e-11
-1.465020464744141535e-09
-3.481797501234125599e-10
2.075555988571168318e-10
1.056851928873574745e-10
-2.767571756338598490e-12
9.431199276517988617e-01
2.476011650947424779e-06
-6.256350320679490863e-11
1.587489684611596981e-15
-4.065980317693302502e-20
-3.145764735275861630e-23
3.088069739212590873e-23
-1.490961013773202267e-23
2.049617749297570651e-24
3.761952966393235950e-24
9.442589843133589733e-01
1.463264594751844056e-03
3.176365390773775105e-04
-1.006837827329677609e-05
-9.730954786759743850e-07
5.083097307169877970e-08
2.674662829166567906e-09
-2.236477327412891834e-10
-6.034012785965361907e-12
9.053046935206403181e-13
7.174776717925561668e-15
-3.434988303767187642e-15
3.056570430514207107e-17
1.224366933976513008e-17
-3.194640074386705689e-19
-4.058259898981594492e-20
3.920386620888629654e-21
1.981401470871042356e-22
-1.324526266895044073e-21
9.493653940213961917e-01
3.504956573383648764e-03
1.500825038429683816e-04
-1.820000146234961860e-05
2.330667562589947431e-07
5.287013175731946755e-08
-2.969606890599509950e-09
-5.710806468368198308e-11
1.255056047537688665e-11
-3.368116871545140327e-13
-2.891937076788067415e-14
2.425352636495819289e-15
-4.653014085965288911e-18
-8.349239709671142983e-18
3.892869263632889528e-19
1.029788425646837448e-20
-2.698748756398749534e-21
8.064512939831391218e-22
-4.969247258193323675e-24
9.733456461545063609e-01
1.615012918014957499e-02
-3.867660541985170480e-03
5.275639323149114608e-04
8.210470364934159158e-05
-8.291272769410744077e-05
3.050851069750117113e-05
-6.733419489110365486e-06
5.063436334927649274e-07
3.090129274204940638e-07
-1.733804206044785211e-07
5.156470123641500805e-08
-9.203489928332503072e-09
8.656786094722628165e-11
6.669555236347178858e-10
-3.016776609435348930e-10
8.211043390714999065e-11
-1.210255107161245041e-11
-4.387162133922748975e-13
9.930770291438235642e-01
6.910706469952938510e-03
1.243383739348558861e-05
-2.860299917362361621e-07
1.747873006253251356e-07
-8.053088887615792267e-08
2.790172103398692673e-08
-5.817417755880469227e-09
-2.224070380048068955e-10
6.187548387462601410e-10
-1.437199397514215372e-10
-3.707092567047536059e-11
2.435056509392370420e-11
1.101344206273636681e-12
-3.450687157491466314e-12
1.312524474267201739e-13
5.308658680467361090e-13
-2.903904826713717123e-14
-8.464999703562255233e-14
1.028693600606910286e+00
-1.222514184505391462e-06
2.969298451941567092e-11
-7.147402408662253918e-16
1.717483888197537725e-20
1.532875726031952488e-23
-1.461954698701398139e-23
5.217278567592067032e-24
-2.510627646706589647e-24
2.638793738627035845e-25
1.028130267555989352e+00
-7.239370875185115531e-04
-1.575124438311876823e-04
4.804655570046427896e-06
4.687699972275958178e-07
-2.315383888673036200e-08
-1.252241506296260876e-09
9.645979377540074664e-11
2.814678880607567268e-12
-3.675705527984424168e-13
-4.093080697326656606e-15
1.308742724893833270e-15
-5.527194298848321315e-18
-4.379015110258637245e-18
8.385464055106076939e-20
1.339446363290507200e-20
-1.245364930988686631e-21
6.779235405953416234e-23
4.694132564149599363e-22
1.025593144667834355e+00
-1.746793404356351527e-03
-7.688967456993033912e-05
8.914091465026566954e-06
-9.434190921556436557e-08
-2.590065817338800987e-08
1.317179805414586288e-09
3.334628514900953129e-11
-5.609949123402357436e-12
1.126062342273336285e-13
1.390244702121770844e-14
-9.250644217205278021e-16
-8.781974333123805668e-18
3.414370787157661425e-18
-1.100226975736534095e-19
-5.959525884606245852e-21
1.208112766164547350e-21
-5.453117455543510090e-22
-2.574375681020268961e-23
1.013476220800475280e+00
-8.198829890399265963e-03
1.954145700946353925e-03
-2.573731535486345587e-04
-4.660355730728417775e-05
4.322479220532018810e-05
-1.539751246119296909e-05
3.220817278318092143e-06
-1.653168391598592267e-07
-1.811954721770866046e-07
9.033061981394115439e-08
-2.480396758273510401e-08
3.763614363995466797e-09
2.657649596205879070e-10
-4.016969617466681410e-10
1.542480805839609881e-10
-3.623847614631122995e-11
3.219159602491224414e-12
1.062918485692031188e-12
1.003479526797074417e+00
-3.479382472788061353e-03
-2.496256727046329604e-07
1.697610961486449497e-07
-9.662063905314626452e-08
4.447046618975638742e-08
-1.537165678943062699e-08
3.183981803010025210e-09
1.347982244654548649e-10
-3.437478323332754803e-10
7.865284969480412462e-11
2.096055552219246614e-11
-1.347661171190572894e-11
-6.710310451002644247e-13
1.920525927339333584e-12
-6.500475640171520082e-14
-2.963059235961813487e-13
1.532744926406540527e-14
4.719043376902402251e-14
9.704862155388470635e-01
