1.461275489749935597e+00
-2.310975998199075662e-02
1.714975213010297428e-04
-1.383266306294256829e-06
1.293577043665456705e-08
-1.387326636233059639e-10
1.615584892836268816e-12
-1.954764273048578622e-14
2.409770316468062700e-16
-3.085637597294370214e-18
4.571992343988001140e-01
-6.555275412404776292e-01
2.960033603969318694e-01
-7.796688205355063739e-02
-5.582012874671737727e-03
2.097144566745457600e-02
-1.455122836850943936e-02
6.423847667695656467e-03
-1.711279644732027977e-03
-7.288556710682436853e-05
4.022206919032342591e-04
-2.743454918386989492e-04
1.152738524770407054e-04
-2.764975621503972081e-05
-2.618808402504081175e-06
6.656910932988904199e-06
-3.630305746837505184e-06
8.555495780468435284e-07
3.916999656993065621e-08
8.688227811521495592e-03
-1.092530089376142488e-02
4.220768834993394482e-03
-1.209899386853924719e-03
2.855296941677264166e-04
-5.930112662293924588e-05
1.134043449232739439e-05
-2.057511371884219020e-06
3.605987074483259705e-07
-6.161014415365430453e-08
1.029458521688072210e-08
-1.681332070658400552e-09
2.675860523584149029e-10
-4.127765543611562542e-11
6.118606803061595060e-12
-8.586251423847475587e-13
1.107433353241864050e-13
-1.218900161871070740e-14
8.915961231345678379e-16
1.185612397444141866e-04
-2.266624769950542195e-04
1.981068406660515592e-04
-1.586446928741489730e-04
1.167729054387276150e-04
-7.933151888464436130e-05
4.998278348688991893e-05
-2.936091253603515623e-05
1.617071329347368017e-05
-8.399127741718431662e-06
4.138723499686415680e-06
-1.946415328264626461e-06
8.789009496321253527e-07
-3.833182593199589185e-07
1.624542326379529504e-07
-6.744583892374755848e-08
2.800260480307406035e-08
-1.282977429059202053e-08
4.387900320552473408e-09
-1.957816954889626653e-10
3.775290013672660456e-10
-3.382581764099702123e-10
2.813493003347477925e-10
-2.168490189898666129e-10
1.544552685587787124e-10
-1.012758641467886427e-10
6.080379537736550757e-11
-3.317409336004016921e-11
1.627004031752722025e-11
-7.055823945912264837e-12
2.633323122531835747e-12
-8.033787062161346847e-13
1.762521648427462346e-13
-1.388556598078037717e-14
-8.548107703181834565e-15
4.245117748125951518e-15
-5.516463242867698241e-16
-1.899930429925266387e-16
4.545805714589341018e-01
7.605326984687255272e-03
-4.453661932988335279e-05
1.801567106723762855e-07
-3.221521541763491775e-10
-1.030454630496170036e-12
-6.768883737785189165e-15
4.150020555600116304e-16
-7.128985346971559782e-18
1.003532338710901028e-19
7.904747462946971615e-01
2.189675885546107925e-01
-9.614022184419600270e-02
2.898770458661166505e-02
-1.525407842613414697e-04
-7.188780055485056303e-03
5.811965177609949851e-03
-2.794063363220605778e-03
7.326351040883135246e-04
1.256065270640619673e-04
-2.743380745496616386e-04
1.746021702560805755e-04
-6.228442438727085147e-05
2.779566647491889675e-06
1.357393833817619441e-05
-1.064143052407144772e-05
4.035237400685200592e-06
3.770384492586089313e-07
-8.553725172479876763e-07
9.563514287125810531e-01
1.468370938416137250e-02
-2.482200893184382303e-03
4.240056333864807188e-04
-7.365364148477680458e-05
1.306771660683679289e-05
-2.367531834014988943e-06
4.357982558561509866e-07
-8.087016304250808827e-08
1.501081541586523011e-08
-2.769611856315757328e-09
5.057496401988670250e-10
-9.113194236056983471e-11
1.616788458189899507e-11
-2.818067794090167996e-12
4.813344183185213637e-13
-8.032086604728062513e-14
1.334570355044634229e-14
-2.038355449584157382e-15
9.860108894140778846e-01
1.061190118391245121e-02
-4.025009844208529870e-03
1.526663065601003080e-03
-5.790615598010543253e-04
2.196427718497976809e-04
-8.331621659551871498e-05
3.160673573804052795e-05
-1.199210334887002459e-05
4.551146634806479450e-06
-1.727912903009564181e-06
6.564352084313205073e-07
-2.496082760478896706e-07
9.503965150650162881e-08
-3.626392829682982863e-08
1.390634232610249537e-08
-5.446164708594634854e-09
2.393405800190793153e-09
-8.025990270495741620e-10
9.968498295395149533e-01
3.147686876194144383e-03
2.481626241065741076e-06
1.956506171952563970e-09
1.542503109191815460e-12
1.216175138056220560e-15
9.015857097415600140e-19
4.528343206907556246e-20
-3.330086504101952385e-20
2.389746657669412926e-20
-1.643563570279564617e-20
1.082925540095581085e-20
-6.817023722602580210e-21
4.092991356248510337e-21
-2.345342681611925651e-21
1.285181388518672245e-21
-6.844390987164161310e-22
3.798370480466294060e-22
-1.396843069857540280e-22
9.791311756644216491e-01
3.803270805846426135e-03
-3.986061899478588995e-05
3.148292606374353159e-07
-2.296033304952306130e-09
1.846822114001670639e-11
-1.842341721798225924e-13
2.168020572163761026e-15
-2.707093200542483267e-17
3.503617424822933458e-19
1.037964126738684323e+00
7.734034220435362546e-03
-2.700848391570482426e-02
1.866362694406067946e-02
-6.703371228955303136e-03
-2.172947653878642364e-04
2.206520011888459410e-03
-1.779347216582347676e-03
8.509460586374403834e-04
-2.113887058566148191e-04
-5.331354675641277119e-05
9.541790980010471780e-05
-6.025713901841582050e-05
2.236985390975447543e-05
-2.180155687508153468e-06
-3.678942882572551456e-06
3.072342009647775676e-06
-1.302003604203026528e-06
2.765315816582831624e-07
1.022315202358419439e+00
-7.631847377875373983e-03
1.295279379837438070e-03
-2.162003250408150610e-04
3.499585681387482722e-05
-5.384328258951411196e-06
7.629445850299125288e-07
-9.329180252537865304e-08
7.914544143770161521e-09
2.715514254917548907e-10
-3.577564009191400941e-10
1.182653460736541885e-10
-3.030488049491597781e-11
6.900947656652176237e-12
-1.462670834248172011e-12
2.946997880636817083e-13
-5.712321229890875249e-14
1.106415587441738625e-14
-1.945441758032289412e-15
1.007062765560709394e+00
-5.395465241964421052e-03
2.060872308270254860e-03
-7.871727027374133363e-04
3.006644982874264230e-04
-1.148366737055144812e-04
4.385840963158636784e-05
-1.674855202439124162e-05
6.394666511507564286e-06
-2.440722190948657006e-06
9.310949897463645641e-07
-3.549145827890006466e-07
1.351275175427512492e-07
-5.136301583813309555e-08
1.948411109760714679e-08
-7.384744745373142231e-09
2.833290219235105252e-09
-1.205400770911125912e-09
3.949771250737531590e-10
1.001579282808964688e+00
-1.579282808964542050e-03
-6.075691054756720838e-20
5.527378135527173851e-20
-4.840175723879338583e-20
4.078184943494493813e-20
-3.304702540939537856e-20
2.573945755541199477e-20
-1.925528537485954836e-20
1.382287490342390365e-20
-9.512210358468397367e-21
6.266831833197551802e-21
-3.946909884746201710e-21
2.372622042261518347e-21
-1.359977578895171224e-21
7.451900957466304270e-22
-3.973003981951035504e-22
2.211719448703144169e-22
-8.127523786317782722e-23
2.151077694235589144e-01
