1.037948832238246855e+00
-1.328343966846224494e-02
8.530703249740791030e-05
-5.802795501432889779e-07
4.217123351853345565e-09
-3.278495057249969261e-11
2.707301411017183930e-13
-2.345119096613273699e-15
2.097933927003694705e-17
-1.769535607087741644e-19
3.611475885485147530e-01
-4.742502484165495025e-01
1.865973422998629394e-01
-3.775234291921918117e-02
-9.418966759321079074e-03
1.403817087943045813e-02
-8.235161017987010709e-03
3.183053463964625324e-03
-6.827502965964248093e-04
-1.307172982701395735e-04
2.281802204923014739e-04
-1.394359883065043524e-04
5.635839736551701484e-05
-1.368433138620376789e-05
-9.772866502183481621e-07
3.295341819466194017e-06
-2.154723412870686451e-06
9.715170021908483656e-07
-2.736264440488291338e-07
1.316671813563153291e-02
-1.484267850216407746e-02
5.021262299525462887e-03
-1.268146488916155551e-03
2.678864699377514762e-04
-5.073498376850522212e-05
8.993038747030179962e-06
-1.528489212824952808e-06
2.518752956194358646e-07
-4.035377925901878183e-08
6.272075446825957354e-09
-9.402506906063764397e-10
1.345627804325024475e-10
-1.804451983549144901e-11
2.180060361182764664e-12
-2.130084746263001266e-13
8.997646004115677173e-15
3.357940869211326579e-15
-1.248605662573318292e-15
2.974936250431188989e-04
-5.630284483400260515e-04
4.777300192359355932e-04
-3.648650706641422053e-04
2.522844291568614411e-04
-1.590594494085557215e-04
9.217246543080748569e-05
-4.950897685568462055e-05
2.486377134089064040e-05
-1.177692428199999709e-05
5.306577882356320676e-06
-2.293733657615722401e-06
9.586437385225418981e-07
-3.902461194050768782e-07
1.557858789590238289e-07
-6.146307463732727273e-08
2.443232677201304041e-08
-1.077698886797992874e-08
3.612192590326587317e-09
-2.084726849221540042e-10
3.989976490596893516e-10
-3.494558117462848234e-10
2.796184585461178120e-10
-2.037536344741396799e-10
1.345435006086148465e-10
-7.991797967354447689e-11
4.223665319877243287e-11
-1.952682159489187851e-11
7.676601281886995672e-12
-2.430363445792779800e-12
5.396891705331374746e-13
-3.699821749224081065e-14
-2.947649701171213955e-14
1.311057432768618377e-14
-1.334358824584894161e-15
-8.914520099018329194e-16
3.192188718334913662e-16
1.472333195857303952e-17
5.471696891937838370e-01
4.720786725560816542e-03
-2.871401709038952824e-05
1.662068625703337826e-07
-9.089294114866348892e-10
4.777419713341738556e-12
-2.515706231346377206e-14
1.433357462462261681e-16
-9.474960615776173190e-19
5.485120288566213970e-21
7.947818730015540067e-01
1.785641971592559774e-01
-6.288330488089087511e-02
1.335401890256891766e-02
2.665561309083870362e-03
-4.828625230525408242e-03
3.076657811821114242e-03
-1.272637335000639932e-03
2.881031959867784041e-04
5.925679178862347995e-05
-1.049368946988301997e-04
6.393857493733749492e-05
-2.412262528455712734e-05
3.888548120526238044e-06
2.282317306038459147e-06
-2.415181379327873409e-06
1.178296530118532859e-06
-2.684390172026350249e-07
-1.053571896814437524e-08
9.455861132723678564e-01
1.818308718779693828e-02
-3.043767156881951614e-03
5.110378328299265433e-04
-8.609214255211414409e-05
1.454005023619380054e-05
-2.456735676580164999e-06
4.141278926835194766e-07
-6.943965515486096675e-08
1.154794661526127858e-08
-1.898948584231244133e-09
3.076991186464838891e-10
-4.891258934377759132e-11
7.581037227064135303e-12
-1.135152666298540385e-12
1.617374648086754782e-13
-2.130084384930254532e-14
2.420327555692397882e-15
-1.896735419015049492e-16
9.824951302119111496e-01
1.325537224834025599e-02
-5.018758671670219343e-03
1.900222631233440106e-03
-7.194825050030657530e-04
2.724270755641714555e-04
-1.031586492331243508e-04
3.906640568334557464e-05
-1.479681618683779647e-05
5.605741087770998222e-06
-2.124411297117116859e-06
8.054377307872928937e-07
-3.055373737189242644e-07
1.159846218759283688e-07
-4.407724302299264939e-08
1.680679096667375249e-08
-6.526906210718460983e-09
2.833227087678354873e-09
-9.419872234454330653e-10
9.960511453642987290e-01
3.944952528247746594e-03
3.898251539911634543e-06
3.852103405495222419e-09
3.806501546383720724e-12
3.761466990112069241e-15
3.695763931456120019e-18
1.921624004411112344e-20
-1.088726277283633545e-20
7.238968816897388978e-21
-4.552359874687451550e-21
2.706329281621173792e-21
-1.513976918286990702e-21
7.871472359821218181e-22
-3.815081469124250576e-22
1.740352679455362778e-22
-7.590250663883957526e-23
2.938049989620236615e-23
-9.448416882564821105e-24
1.084097846108046603e+00
1.065057362841728998e-03
-1.399705976405933418e-05
1.213824452248969296e-07
-9.318083494413215963e-10
6.870232317989491260e-12
-5.089173014468240609e-14
3.903555687213316664e-16
-3.142886503040162166e-18
2.413305379090036922e-20
1.069488011476550149e+00
-3.034857652287927671e-02
-4.757849567949732142e-03
7.841710460488680173e-03
-3.452966196721169324e-03
2.836812432768992054e-04
7.193591147575335897e-04
-6.245289430925316486e-04
2.978914089260252009e-04
-7.478969110795102393e-05
-1.448599559179536191e-05
2.862308401175781342e-05
-1.826756503826760888e-05
7.197240372240278483e-06
-1.277810997695496684e-06
-6.290069048281667555e-07
7.290112277228262512e-07
-4.287906781554631975e-07
1.420669049032678021e-07
1.027947481970046484e+00
-9.518650757558795236e-03
1.598158295217241842e-03
-2.612927139457747240e-04
4.098101791282848046e-05
-6.055382880000981944e-06
8.206772818438375130e-07
-9.647214474717343868e-08
8.191178997385810992e-09
8.234510138759118068e-11
-2.665258530763180742e-10
8.675230863557059431e-11
-2.126705397115173063e-11
4.592326243626719528e-12
-9.180691023313978838e-13
1.736052874122461135e-13
-3.139514972714115370e-14
5.604734055317181959e-15
-9.099747613783808053e-16
1.008855798547133586e+00
-6.765124061924203576e-03
2.583949130408573578e-03
-9.868977006935670052e-04
3.768949506844439961e-04
-1.439106892131246916e-04
5.493274260709346855e-05
-2.095765101825792755e-05
7.988975689471948427e-06
-3.041505337147774005e-06
1.155817857614847761e-06
-4.381174825603135450e-07
1.655155224339225623e-07
-6.226573576062134729e-08
2.330709885265058854e-08
-8.686403210766392908e-09
3.261814282306974436e-09
-1.349596784692532853e-09
4.340125449659005630e-10
1.001980235327712077e+00
-1.980235327712109947e-03
-9.263461989090348076e-20
8.258139325099917838e-20
-7.026953371471327130e-20
5.703630409204789851e-20
-4.412304703002947514e-20
3.249634627625159369e-20
-2.275420115045275310e-20
1.512184200248910209e-20
-9.517972407427716251e-21
5.658975817260725130e-21
-3.167745832555041857e-21
1.662464372433690976e-21
-8.135396591652411995e-22
3.687892401248205611e-22
-1.545729720473084186e-22
6.319246098257940313e-23
-1.879005464188982673e-23
6.078045112781955694e-01
