1.268703629311873415e+00
-1.986771108984254283e-02
1.530708681937518047e-04
-1.269923124384312118e-06
1.168720584689574763e-08
-1.191808726237934516e-10
1.313532703395879642e-12
-1.520193177567826356e-14
1.811824782901047074e-16
-2.240012478222913548e-18
4.070315303650934857e-01
-5.685999426054605399e-01
2.490339598850968006e-01
-6.396268218246875525e-02
-4.581806179101480941e-03
1.689416457902132365e-02
-1.179002299060602325e-02
5.356924276301220506e-03
-1.573974621705109172e-03
7.009184609448531689e-05
2.720939006897677218e-04
-2.172261813842046093e-04
1.061842662180517656e-04
-3.501177529977062572e-05
4.839476436390707993e-06
3.169537354107073516e-06
-3.161995956382031459e-06
1.812979813420992933e-06
-6.108957705858338796e-07
1.003511835225227855e-02
-1.205163956890615597e-02
4.396824321605086010e-03
-1.192886201364922122e-03
2.682735498281711359e-04
-5.355036980630208386e-05
9.922751465226671639e-06
-1.755310036771594007e-06
3.010510176178757495e-07
-5.040140463180631455e-08
8.248860284163921733e-09
-1.317519677719204182e-09
2.045605073000441326e-10
-3.067474059381580928e-11
4.395347882340974524e-12
-5.902295232175949407e-13
7.123206760291609363e-14
-6.774836363780214478e-15
2.610734870942505110e-16
1.727798629392020497e-04
-3.289359250511313245e-04
2.839744924423598816e-04
-2.229490934596821958e-04
1.598453345413775495e-04
-1.052112337878989990e-04
6.396165968548953647e-05
-3.615128164712324649e-05
1.912713567551874090e-05
-9.540016195101027862e-06
4.517423962223079296e-06
-2.045164330978879463e-06
8.913450890351625847e-07
-3.764666742876009720e-07
1.550957977956205415e-07
-6.283259946485163392e-08
2.554156179689289186e-08
-1.148767947275368188e-08
3.890625865677304916e-09
-1.967040665914264717e-10
3.781028441281837128e-10
-3.355235487082186001e-10
2.745410887867750343e-10
-2.066577308397467609e-10
1.425991794634872901e-10
-8.973846364827858724e-11
5.112723036223332376e-11
-2.609163957184805518e-11
1.173474637289384810e-11
-4.528666502702338000e-12
1.426025515987354454e-12
-3.238630482746763204e-13
2.835640198373800426e-14
1.477885942441038071e-14
-7.622653800747796187e-15
1.181468980606772909e-15
3.899733236963059334e-16
-2.197689767444660583e-16
4.872102774111581880e-01
6.808191821803965919e-03
-4.577564099818150304e-05
2.649780288937354069e-07
-1.307416790443230452e-09
5.774925320496408328e-12
-3.170079420616631327e-14
3.401662086889332477e-16
-4.982355083176043408e-18
8.843383798703428065e-20
7.899331453006424031e-01
2.033014699231868727e-01
-8.269776778179691035e-02
2.307615980502618000e-02
3.386644804999102819e-04
-5.739827815214545471e-03
4.512357586206126869e-03
-2.205866156876359029e-03
6.588952305245807063e-04
8.324802016511141198e-06
-1.602237593638805330e-04
1.195992487918036103e-04
-5.282253380849849262e-05
1.174767301077327873e-05
3.502644234203263220e-06
-5.229282779746471032e-06
2.863745077605379251e-06
-7.258360683697839564e-07
-5.282802854513872568e-09
9.509043813276525370e-01
1.646289348279111539e-02
-2.770399906146082426e-03
4.695238969920370272e-04
-8.040499469496529541e-05
1.393387306001468481e-05
-2.440449335006675773e-06
4.304076190388076544e-07
-7.607250123690628643e-08
1.341231679248028270e-08
-2.349802503701784060e-09
4.078141834119507853e-10
-6.992420839888838767e-11
1.181258662818366826e-11
-1.959855171634267249e-12
3.180115571421487882e-13
-5.018332323267710690e-14
7.789144512557818542e-15
-1.103785531600803832e-15
9.842359494967947153e-01
1.194767105929655723e-02
-4.527617544698375220e-03
1.715771608429640703e-03
-6.502134886722264534e-04
2.464141991866125462e-04
-9.338996020652608979e-05
3.539797282572290508e-05
-1.341931095667424663e-05
5.088619144804020468e-06
-1.930409739031157728e-06
7.327582170903644881e-07
-2.783795437322181261e-07
1.058809406592092685e-07
-4.034377607997501971e-08
1.543971383834850286e-08
-6.027866880913588259e-09
2.636474129925880987e-09
-8.811370794805578092e-10
9.964469710803922631e-01
3.549870532701343648e-03
3.155579327737606440e-06
2.805082833913067211e-09
2.493516624461865427e-12
2.216607047230400554e-15
1.930427034483179830e-18
3.214214232951991528e-20
-2.210633650918092617e-20
1.535173499386193076e-20
-1.016853726855576924e-20
6.421829550832486832e-21
-3.854826322011897314e-21
2.190322271829065925e-21
-1.174810439451733890e-21
5.922182150542460346e-22
-2.893035882152759629e-22
1.444117629333072315e-22
-4.840348339410404351e-23
1.039460541527975845e+00
2.528236320581941747e-03
-3.146324213168437233e-05
2.902066478855317222e-07
-2.439316348927115606e-09
2.067293728973062763e-11
-1.901999688548268355e-13
1.956266734561151483e-15
-2.204827708385905779e-17
2.654500518879504286e-19
1.056434999890504489e+00
-1.543589463134013677e-02
-1.402279807084596229e-02
1.304072192335281426e-02
-5.507441589999133823e-03
4.570541859112663943e-04
1.251634252303077035e-03
-1.166154443389657430e-03
6.165460713469183250e-04
-1.932326242406844758e-04
-3.086137108617718169e-06
5.098156666548134215e-05
-3.936535462851083563e-05
1.834274497744720517e-05
-4.800815293035148634e-06
-5.950252008194762725e-07
1.547925062832129507e-06
-1.151530099319889328e-06
4.383895365796851634e-07
1.025158741130134832e+00
-8.595977688620408397e-03
1.455293277875340440e-03
-2.418471622038238897e-04
3.894062219841691700e-05
-5.974450640803240310e-06
8.529728631307332390e-07
-1.084506381193300214e-07
1.089244137756884299e-08
-3.920365131693113806e-10
-2.019571221067769705e-10
8.178308928725447541e-11
-2.199064503539138189e-11
5.069735204037163042e-12
-1.072892704562445964e-12
2.143584147555512373e-13
-4.103401857090467555e-14
7.819448425394773580e-15
-1.353084553238620383e-15
1.007964951349731297e+00
-6.084655801009082425e-03
2.324103028661322120e-03
-8.877037101608203353e-04
3.390524586621606121e-04
-1.294907618954526068e-04
4.944934381565800526e-05
-1.887963529700194571e-05
7.205718356257109636e-06
-2.748659591526029585e-06
1.047601937678673789e-06
-3.987775959686702525e-07
1.515320943890315191e-07
-5.744608141542090962e-08
2.171629617476776779e-08
-8.194595437118545459e-09
3.126375102311309104e-09
-1.320567064199067044e-09
4.306613470272426485e-10
1.001781020999898741e+00
-1.781020999898799305e-03
-6.998953261840710548e-20
6.312967885077304667e-20
-5.461593851650910117e-20
4.529916980821904717e-20
-3.599816206669945076e-20
2.738744341789598928e-20
-1.992892276536578376e-20
1.385361262236385230e-20
-9.186782658415102422e-21
5.801294290957636675e-21
-3.481159508381670554e-21
1.979949069459631000e-21
-1.064442294532968249e-21
5.403284055619290375e-22
-2.618408888878013682e-22
1.299637627822716267e-22
-4.451652533789386417e-23
4.552280701754386483e-01
