1.186124151838399143e+00
-1.767730030643074532e-02
1.310113973487252897e-04
-1.039679949162525906e-06
9.016960598073322272e-09
-8.551346976635739180e-11
8.720347744008044814e-13
-9.349594994223496230e-15
1.033894712917001600e-16
-1.099093404077022146e-18
3.893465725614026485e-01
-5.342820533799270688e-01
2.273632574705361231e-01
-5.530102419098298361e-02
-5.949119302047684715e-03
1.579679508726899995e-02
-1.056765249904923279e-02
4.645817454519898283e-03
-1.298938022427703490e-03
1.723343028335532851e-05
2.523617674424151100e-04
-1.912758361576478961e-04
9.112099174825522355e-05
-2.924855434339251070e-05
3.604211248989952690e-06
3.005628001911684751e-06
-2.873525924909228579e-06
1.674048454961840205e-06
-5.777841329757630391e-07
1.093403246195746685e-02
-1.285442829761822975e-02
4.570289645476985178e-03
-1.209856882139274861e-03
2.663131043115621647e-04
-5.221983195741209673e-05
9.535619968719473419e-06
-1.665765608768212054e-06
2.823289463883812318e-07
-4.668691092542100672e-08
7.535931265925153333e-09
-1.184276587659023525e-09
1.802785404798763283e-10
-2.636238219594610601e-11
3.650055811672536160e-12
-4.651565494989086229e-13
5.091454468848169041e-14
-3.528685426531965304e-15
-2.125048363935697943e-16
2.074175420679960635e-04
-3.941031985658712965e-04
3.382769120379974640e-04
-2.631433805370112693e-04
1.863802815288764249e-04
-1.209067358651408326e-04
7.231714455984325474e-05
-4.016892750002842589e-05
2.087526337625629944e-05
-1.022729552296459345e-05
4.759616210026716547e-06
-2.119910695553404491e-06
9.102212103328463106e-07
-3.793676061322841921e-07
1.545062522744549620e-07
-6.198696320674700055e-08
2.499030889048770913e-08
-1.115935359142678688e-08
3.765067426069203437e-09
-2.005078087780980048e-10
3.848530543791810789e-10
-3.400076069531292248e-10
2.761232398897214002e-10
-2.055935178038679411e-10
1.397913758997729120e-10
-8.629697435690170591e-11
4.796235940630823452e-11
-2.370127188395282246e-11
1.021220883944276645e-11
-3.709612303156479311e-12
1.060510892445658355e-12
-1.949515335905368689e-13
-2.967507784246325821e-15
1.693975501876174858e-14
-5.465123493369362296e-15
1.555798658994138007e-16
4.734552782716810612e-16
-1.418530606542772351e-16
5.064936854738386618e-01
6.150931815295506561e-03
-4.114111556051583244e-05
2.480565677714256217e-07
-1.346914542654339469e-09
6.845304906484410110e-12
-3.753201239172139963e-14
2.864259100804996550e-16
-3.074314012434184272e-18
1.686569205152094212e-20
7.911477420077819289e-01
1.952467362018399100e-01
-7.607282831726304428e-02
1.982193761746045210e-02
1.077907984103932586e-03
-5.385171463239728923e-03
4.000771715426875916e-03
-1.885883586301524131e-03
5.409319207236500202e-04
1.619135614166659093e-05
-1.352441068222524001e-04
9.821166974037378141e-05
-4.292424082337555508e-05
9.779883492417421222e-06
2.405453150858699742e-06
-3.896427711648227451e-06
2.191663672094040197e-06
-6.293467541994562860e-07
4.471475196515276088e-08
9.489816041343314135e-01
1.708767716777343654e-02
-2.870731152915905696e-03
4.851060665569595560e-04
-8.264065073767627712e-05
1.420070592387356693e-05
-2.457352084301546913e-06
4.267853117224391748e-07
-7.409624917880631973e-08
1.281072836579896768e-08
-2.198429340554167359e-09
3.733789157790680994e-10
-6.258005978988113279e-11
1.031683478335214655e-11
-1.665954452424923919e-12
2.619755711744940192e-13
-3.977607675661210889e-14
5.846323701690856330e-15
-7.718823955406871324e-16
9.836077081912703024e-01
1.241987717825159855e-02
-4.705070705054614950e-03
1.782455307754711102e-03
-6.752717789305589082e-04
2.558309001520465650e-04
-9.692904258292257336e-05
3.672831525814119829e-05
-1.391952115239911172e-05
5.276756012627747257e-06
-2.001186697359334164e-06
7.593821929672732694e-07
-2.883871068063535953e-07
1.096354886556646319e-07
-4.174737799798680577e-08
1.596198080858209623e-08
-6.222941780728316490e-09
2.716054766490616246e-09
-9.063931775164746972e-10
9.963042030829597495e-01
3.692379419675757227e-03
3.414337210223525805e-06
3.157232033961596266e-09
2.919487245837724235e-12
2.699687960280277809e-15
2.462632577322362731e-18
2.766531255390436239e-20
-1.821192137366202691e-20
1.248009435178407287e-20
-8.119962402800546360e-21
5.020397287642707586e-21
-2.940976507975287458e-21
1.625576131218529965e-21
-8.544015909774143971e-22
4.163345282387408793e-22
-1.872872866687066999e-22
8.954402365390406520e-23
-3.017611123597068937e-23
1.058543791710061743e+00
1.955458877229635916e-03
-2.511833007437520019e-05
2.327840444705414161e-07
-1.948881087312492766e-09
1.610353705468322781e-11
-1.394995376813434427e-13
1.310822633748105539e-15
-1.335593273358948118e-17
1.363937918900146275e-19
1.061970407321788823e+00
-2.213401579607374506e-02
-9.981181419070851366e-03
1.094127462045211066e-02
-4.769658561470641218e-03
4.558925645182288259e-04
1.011337334620293670e-03
-9.483681600154267961e-04
4.966297752227261325e-04
-1.526887611490282989e-04
-3.992654976940983360e-06
4.088786474793027555e-05
-3.100130513246737875e-05
1.429212496872138394e-05
-3.730243836774747230e-06
-4.315708168674264711e-07
1.171291048286984336e-06
-8.838381921735758556e-07
3.406185930178353047e-07
1.026167029176290102e+00
-8.933307439493880231e-03
1.509183909955995198e-03
-2.497579669232477149e-04
3.995092363567605520e-05
-6.075344919390358609e-06
8.580331639653357098e-07
-1.077134472325686849e-07
1.064172477402752491e-08
-3.606524747273296858e-10
-1.992122646653168160e-10
7.887268221719181042e-11
-2.090470211071700086e-11
4.757016440538041553e-12
-9.938364888983588482e-13
1.959504660860688571e-13
-3.698682041579491392e-14
6.935237532120476959e-15
-1.181664899641892511e-15
1.008286040184621646e+00
-6.329929351860069490e-03
2.417774403572088646e-03
-9.234705014576571024e-04
3.527041661090190260e-04
-1.346976779879128562e-04
5.143276742283458126e-05
-1.963352479848795080e-05
7.491274225763818477e-06
-2.856250624647923146e-06
1.087828602068559884e-06
-4.136562983412409647e-07
1.569553018772250379e-07
-5.938472382115796983e-08
2.239173869221278674e-08
-8.422021865750708771e-09
3.199704990017901142e-09
-1.344187709117536655e-09
4.367583688161524733e-10
1.001852821747048372e+00
-1.852821747048274742e-03
-7.699993137515309979e-20
6.917948856491248467e-20
-5.951705616748966975e-20
4.900704733680635929e-20
-3.859496034856615475e-20
2.904538760638508387e-20
-2.086526861062227588e-20
1.428852520508252895e-20
-9.312220901561897966e-21
5.764309370120589492e-21
-3.380604221195053213e-21
1.872710866616080799e-21
-9.763779995631217203e-22
4.777547129271488278e-22
-2.209720162741723115e-22
1.033253387430076859e-22
-3.399764896205583396e-23
5.177593984962406415e-01
