1.388832071852436734e+00
-2.227594323830928841e-02
1.713831468919716178e-04
-1.429246733380482142e-06
1.356420571188358038e-08
-1.456317735415818249e-10
1.697301623641504252e-12
-2.066365539622365524e-14
2.573039999527445986e-16
-3.216696755495840277e-18
4.365698720478996542e-01
-6.213473669789730813e-01
2.790043198895956200e-01
-7.398026565645379748e-02
-4.313982028242843020e-03
1.910948923559086313e-02
-1.353196344549634916e-02
6.151190497046881908e-03
-1.768344631407217345e-03
3.695475409504609028e-05
3.368245965849658895e-04
-2.547441047164223271e-04
1.178810975396140455e-04
-3.482410794310916702e-05
2.175219778630263565e-06
4.865393575254924860e-06
-3.572249024800396831e-06
1.476161465648602375e-06
-3.393690029417042120e-07
9.082507140646850149e-03
-1.123046439051696155e-02
4.247611293313866346e-03
-1.192929508705684472e-03
2.765198303200321040e-04
-5.659040982525038110e-05
1.069760904346874693e-05
-1.923454522318781988e-06
3.346338144922782287e-07
-5.680275302797742529e-08
9.432172786808919518e-09
-1.530804336219350771e-09
2.420547804511807023e-10
-3.708933757187736186e-11
5.459407533014247855e-12
-7.604241785364299570e-13
9.725234559919668351e-14
-1.057803556573421199e-14
7.535178550051554592e-16
1.354943039865631087e-04
-2.586398376859049236e-04
2.250420343647417968e-04
-1.789151997589875399e-04
1.304303089730713674e-04
-8.758523917483074749e-05
5.446045554865494099e-05
-3.153760893471406723e-05
1.711213057626063456e-05
-8.754455893031172275e-06
4.249759264373317055e-06
-1.970077506430765728e-06
8.776680860059988351e-07
-3.780969054087872856e-07
1.584962751495253599e-07
-6.517715560667687472e-08
2.683696094539128115e-08
-1.220630180872629605e-08
4.158583281426911431e-09
-1.945731503566793003e-10
3.747590426199009477e-10
-3.345869610612115480e-10
2.766239052646219498e-10
-2.113635659522349575e-10
1.488078619869025461e-10
-9.611987706435516871e-11
5.661992297189502796e-11
-3.015546921720178719e-11
1.433939916842335069e-11
-5.969538783121147099e-12
2.103428120657831881e-12
-5.852962839627671059e-13
1.046550422371353892e-13
2.211897205141036122e-15
-9.323466635077167786e-15
3.062749313295736268e-15
-5.373909775493733871e-17
-2.538966577089568334e-16
4.646716786785467512e-01
7.445271093431770834e-03
-4.714833583630061929e-05
2.305603471769293101e-07
-7.793658023183037132e-10
1.498850645096498564e-12
-1.297279582113516025e-14
3.924772897730919648e-16
-7.142556987874445445e-18
9.006722381092748382e-20
7.896263570427439760e-01
2.135317469164448312e-01
-9.138748086445079577e-02
2.708578423612570049e-02
-2.354171591529594738e-04
-6.502383146277186145e-03
5.299159246477521019e-03
-2.609930842409886962e-03
7.509031986742243465e-04
5.187306730076967612e-05
-2.205465221483071344e-04
1.542458530429535062e-04
-6.258110731000752168e-05
9.368122387765609506e-06
8.250688705952238303e-06
-8.291381659495623962e-06
3.804989134126773478e-06
-3.671954923374950482e-07
-3.726646007553705493e-07
9.540655657626647690e-01
1.543166501077088658e-02
-2.603628140559072386e-03
4.432524869443275157e-04
-7.652657828122948029e-05
1.344080593250170783e-05
-2.400066922194829200e-06
4.338301096370887234e-07
-7.887811747469018176e-08
1.433435776733485540e-08
-2.590254733213476327e-09
4.636650846435485254e-10
-8.198782444952099342e-11
1.428735162029087555e-11
-2.447637925873260260e-12
4.109872357453903001e-13
-6.739224287563331153e-14
1.097851209357372036e-14
-1.643617630158211286e-15
9.852668112804654488e-01
1.117217335170981110e-02
-4.235935686418818187e-03
1.606067503880775514e-03
-6.089532984989891665e-04
2.308956031514708841e-04
-8.755262252342021448e-05
3.320184081813849916e-05
-1.259283064598486219e-05
4.777457932716480469e-06
-1.813205367780037668e-06
6.885933078661639598e-07
-2.617357993756250925e-07
9.961229223075459772e-08
-3.798653027143526517e-08
1.455490716663993047e-08
-5.692940064849219625e-09
2.497023859234652334e-09
-8.362016527865183416e-10
9.966810352921579019e-01
3.316208512767969754e-03
2.753906224511862574e-06
2.286948925101450720e-09
1.899169672339289639e-12
1.577205045833169989e-15
1.259886251541569510e-18
3.955724805381976334e-20
-2.847766513286980584e-20
2.019444777497889021e-20
-1.370221430977482422e-20
8.889676265159141487e-21
-5.500929429172408587e-21
3.235666186273084589e-21
-1.809902759710193732e-21
9.665091366421842758e-22
-4.967635417864381580e-22
2.643026966002315639e-22
-9.516273643032022333e-23
1.004535226872248499e+00
3.361339161527074782e-03
-3.828171309692531471e-05
3.289891618410792689e-07
-2.601302714007753324e-09
2.171892861335346322e-11
-2.116557508856705962e-13
2.401050751338332995e-15
-2.955705152162999850e-17
3.717437060884775004e-19
1.045978776942773081e+00
-2.343731878550180461e-03
-2.153345941945758804e-02
1.648245949682376060e-02
-6.400774270092769898e-03
1.865340609690061024e-04
1.770385716442016361e-03
-1.535995698352306390e-03
7.796278029131685364e-04
-2.243103097238880557e-04
-2.256654216245648734e-05
7.482802199840623907e-05
-5.287267984077101093e-05
2.250287508587251454e-05
-4.436351720413009648e-06
-1.945229614396706701e-06
2.420764648007033608e-06
-1.404437646723141705e-06
4.456675348868428550e-07
1.023505487622144994e+00
-8.036990739077468429e-03
1.363260716885702096e-03
-2.273609193222549509e-04
3.678995701536758408e-05
-5.672148461211763115e-06
8.109819315686977521e-07
-1.020464452960584487e-07
9.687502608944577654e-09
-1.159864511138389787e-10
-2.704726005378511349e-10
9.869137979044532617e-11
-2.600872860805181686e-11
5.983888357638000507e-12
-1.272520411010129526e-12
2.563787157484159935e-13
-4.960233595623508288e-14
9.577416896802350643e-15
-1.678583054935333320e-15
1.007440011299310267e+00
-5.683650718578611705e-03
2.170944983851861698e-03
-8.292129747412889471e-04
3.167194038486423270e-04
-1.209667428288390149e-04
4.619815111883580216e-05
-1.764103672054614182e-05
6.734752756137623819e-06
-2.570106341920511565e-06
9.802012210878498480e-07
-3.734893660561927160e-07
1.421215782771110488e-07
-5.398114907499174761e-08
2.045731807021491653e-08
-7.744077508871445512e-09
2.966578996145760619e-09
-1.259686727798742039e-09
4.122506936505191361e-10
1.001663638348171181e+00
-1.663638348171240806e-03
-6.308037791064654947e-20
5.720696310975699140e-20
-4.987226939711727643e-20
4.177865928652200797e-20
-3.361317073841607192e-20
2.595603385182695692e-20
-1.922153259356494216e-20
1.363731276900078887e-20
-9.258529560133090026e-21
6.006271768478266177e-21
-3.716880134122126870e-21
2.189928639109684679e-21
-1.226449568634633870e-21
6.536915239840465795e-22
-3.367702763338812425e-22
1.801161509009738716e-22
-6.464707450630021344e-23
3.326666666666666661e-01
