9.999652266176635163e-01
-1.215278909254090441e-02
7.416846125685132979e-05
-4.781350550850079360e-07
3.276623084934496595e-09
-2.389573080039807467e-11
1.844408803561542528e-13
-1.491258706117298543e-15
1.250781141960201785e-17
-1.340043072412195262e-19
3.543924305525342766e-01
-4.588145142216383809e-01
1.757989989458878521e-01
-3.308084611315462165e-02
-1.030961379426889243e-02
1.353364676621099383e-02
-7.596391687742268597e-03
2.792416382983733958e-03
-5.243045402550652531e-04
-1.645263848905699261e-04
2.184319272183080974e-04
-1.243066990795735794e-04
4.685013084446101232e-05
-9.676648768931308181e-06
-2.008000624079125816e-06
3.239187592668475579e-06
-1.893072479221477665e-06
7.534967037709741220e-07
-1.835909216487348818e-07
1.389494057052784171e-02
-1.548012416629912166e-02
5.165569551740842313e-03
-1.287817508657679039e-03
2.689628482255451724e-04
-5.044198811781378861e-05
8.863115652063292341e-06
-1.493513600341223167e-06
2.438115771590665544e-07
-3.862978648177866256e-08
5.921199162357440102e-09
-8.716027843350140659e-10
1.215974771513007009e-10
-1.567575944935511005e-11
1.761077222842762862e-12
-1.412917983773155169e-13
-2.862376515051490940e-15
5.287661047915155236e-15
-1.535155346368451539e-15
3.286068244525605338e-04
-6.212145914220094890e-04
5.253760641028964182e-04
-3.991770518986427355e-04
2.741478233522300122e-04
-1.714722887967529109e-04
9.849646657489795289e-05
-5.241948577443266316e-05
2.608072732049754463e-05
-1.224110413738172521e-05
5.468311771262953166e-06
-2.345016937971582283e-06
9.732199078903605443e-07
-3.937921812383305122e-07
1.564062708695305438e-07
-6.144908025422118519e-08
2.434038540674928956e-08
-1.070282751456336624e-08
3.581206074012243233e-09
-2.092768384029543375e-10
4.002163894510055901e-10
-3.496720833841959132e-10
2.786300151419995760e-10
-2.018046967585197753e-10
1.321577249844799309e-10
-7.764357968788028988e-11
4.044355212085307791e-11
-1.833578496708307586e-11
7.010970541492871368e-12
-2.123412003253924642e-12
4.286009792255656938e-13
-9.607844981538330270e-15
-3.126054693890692599e-14
1.112778558376116112e-14
-4.286717213094058683e-16
-9.763146147005271404e-16
2.420949955418080535e-16
4.548250789994614329e-17
5.585516376118053739e-01
4.335952918315180531e-03
-2.531200635775168769e-05
1.421082574351205572e-07
-7.595651925758194081e-10
3.916620932711317403e-12
-2.009732685321518336e-14
1.086210096781841873e-16
-6.773619893332038939e-19
-4.379343032204151058e-21
7.959316946145286176e-01
1.738211647334101939e-01
-5.926278587619028537e-02
1.163934027514691542e-02
3.057924538943621560e-03
-4.665621972566112718e-03
2.830970062522648444e-03
-1.114572277855874465e-03
2.244224587440292549e-04
6.983150468781899130e-05
-9.748958734687456114e-05
5.565682927684606262e-05
-1.960700402268742657e-05
2.442869142237258608e-06
2.310356378945898514e-06
-2.109809765647725524e-06
9.587002671383565231e-07
-1.817949953975713807e-07
-2.803099253122475846e-08
9.446637632274414997e-01
1.847809673952870851e-02
-3.089391204211906859e-03
5.175572872809569222e-04
-8.686937634424410999e-05
1.459085373950930009e-05
-2.447247092404601579e-06
4.088081774075602494e-07
-6.782722646112352058e-08
1.114522749385036835e-08
-1.807960387981892418e-09
2.883929686939618110e-10
-4.499284939484793275e-11
6.811784648440961384e-12
-9.884284994310705893e-13
1.344663053648360610e-13
-1.635381336061721658e-14
1.519376793447683489e-15
-3.923508582822992207e-17
9.821919945058649182e-01
1.348284533273674118e-02
-5.104098413912863674e-03
1.932235323320152364e-03
-7.314892057688416249e-04
2.769291975609652857e-04
-1.048460895017283269e-04
3.969841176929768032e-05
-1.503322446762739756e-05
5.693983262767578382e-06
-2.157235014818958495e-06
8.175818385693902541e-07
-3.099944692559925178e-07
1.176014772057434610e-07
-4.465411488882643362e-08
1.700789437256827742e-08
-6.595125457187587358e-09
2.857084075963082125e-09
-9.486418802049809841e-10
9.959821469754647216e-01
4.013813221310723843e-03
4.035741351214295030e-06
4.057789278175380192e-09
4.079957628791838900e-12
4.102269549714117183e-15
4.107352782520188150e-18
1.678994420466158952e-20
-8.761438650473213765e-21
5.773223713965044100e-21
-3.600156716999129896e-21
2.112242349451253810e-21
-1.156488168674911244e-21
6.006543526752495643e-22
-2.893389297443568222e-22
1.294911951315653005e-22
-5.542798668676075653e-23
1.864489624507895276e-23
-1.344160827866062835e-24
1.089096380661337848e+00
8.775384218472021079e-04
-1.159804769838600369e-05
9.756462940523626318e-08
-7.218031564329808326e-10
5.100111491359800651e-12
-3.592038829107308219e-14
2.594756100374708727e-16
-1.958424648675494584e-18
1.483446474857353358e-20
1.071044285622090753e+00
-3.179448862112294050e-02
-3.785054527119842936e-03
7.183454730091327380e-03
-3.140345009344404706e-03
2.282990760368204801e-04
6.603201507364793357e-04
-5.528291949819635334e-04
2.530367615988381885e-04
-5.722741153631773881e-05
-1.674604835128432609e-05
2.579594933160403287e-05
-1.540670570971081361e-05
5.635720302984694701e-06
-7.540843496561898464e-07
-6.621768681632060288e-07
6.294912006313303090e-07
-3.305452096780940689e-07
9.975866908306530887e-08
1.028430526019057600e+00
-9.674683823030817004e-03
1.620695621418408606e-03
-2.638197978808645575e-04
4.108313525603960359e-05
-6.005820445887899429e-06
8.007995974421894652e-07
-9.145133878933758723e-08
7.152266962392240098e-09
2.701111156741160252e-10
-2.964966753687065398e-10
9.083955462588537774e-11
-2.167679958284434564e-11
4.595174445086762279e-12
-9.043930612469749511e-13
1.684772186010619655e-13
-2.999509447004763422e-14
5.257001426585576271e-15
-8.375244088386409910e-16
1.009011140814045859e+00
-6.883766841022254807e-03
2.629241860937980672e-03
-1.004177404612937533e-03
3.834791127752076758e-04
-1.464137467393130938e-04
5.588056825073838208e-05
-2.131426032941904561e-05
8.121812194329675258e-06
-3.090254123827616412e-06
1.173324348928518440e-06
-4.442114076896893250e-07
1.675423635298034109e-07
-6.289411100157777047e-08
2.347932336691707869e-08
-8.721605500094659497e-09
3.261310916588206446e-09
-1.342037085875433357e-09
4.299709581796056875e-10
1.002014976264766322e+00
-2.014976264766342885e-03
-9.607626588205380515e-20
8.546279765969677578e-20
-7.249688311512672114e-20
5.860710884762607336e-20
-4.511058376572459322e-20
3.302170846017128076e-20
-2.295504616088132864e-20
1.512593451840988190e-20
-9.426413416500819699e-21
5.540135274805552741e-21
-3.059780728549033109e-21
1.580734417739386549e-21
-7.592776149726746637e-22
3.364818027804636740e-22
-1.369146509035925058e-22
5.363149339869313967e-23
-1.538550188545402477e-23
6.278145363408521584e-01
