9.950813293227128709e-01
-1.200891256602668218e-02
7.278207336948698135e-05
-4.657814804277188699e-07
3.166751488295662868e-09
-2.289703431751969212e-11
1.751389975714861519e-13
-1.403015118914284779e-15
1.164059351409096821e-17
-1.045137510487092336e-19
3.535329233958718342e-01
-4.568211186631234155e-01
1.744013576836938029e-01
-3.248010451021663553e-02
-1.042007932693397171e-02
1.346548242676400345e-02
-7.513010909896210114e-03
2.742273823188738462e-03
-5.044167285677219302e-04
-1.684830244891478849e-04
2.169883034645755883e-04
-1.223105657899411700e-04
4.563657083078595479e-05
-9.182303224647083193e-06
-2.125358556585045257e-06
3.224674204728884384e-06
-1.857304275222124581e-06
7.257825316250417591e-07
-1.724931825965893723e-07
1.399392874027153254e-02
-1.556624624278365142e-02
5.184972699712369140e-03
-1.290463345533544859e-03
2.691126192881935966e-04
-5.040469823926728850e-05
8.846184481602641954e-06
-1.488919490449365190e-06
2.427469106718376693e-07
-3.840139544830192597e-08
5.874633192255520063e-09
-8.624886112461549319e-10
1.198773819865881758e-10
-1.536203988032114764e-11
1.705735182814164616e-12
-1.318541664362906518e-13
-4.415240864838261600e-15
5.538453912678424148e-15
-1.572052584808613177e-15
3.329076311347843706e-04
-6.292517035638718181e-04
5.319429833626363119e-04
-4.038899577264167765e-04
2.771374826254260600e-04
-1.731607716548419962e-04
9.935174437253750418e-05
-5.281073345094186496e-05
2.624332736599862729e-05
-1.230276778443674480e-05
5.489689400898481535e-06
-2.351770807083942829e-06
9.751376000106944376e-07
-3.942609788101908641e-07
1.564904548806457287e-07
-6.144899608657691366e-08
2.432926104697853455e-08
-1.069359464384456723e-08
3.577320008326938343e-09
-2.092810399073282477e-10
4.001823208372057859e-10
-3.495305347478434373e-10
2.783648023313676505e-10
-2.014514974860448829e-10
1.317824429417335052e-10
-7.731084857595366037e-11
4.019287453463137112e-11
-1.817474400654655177e-11
6.923516264021273833e-12
-2.084245300460987435e-12
4.149417245506155865e-13
-6.464736974419256339e-15
-3.135651936576086214e-14
1.085462606200889992e-14
-3.209275070700171894e-16
-9.816409129538069733e-16
2.316781314135577767e-16
4.891123435576879347e-17
5.600370685444715502e-01
4.286591211789887029e-03
-2.488000153963986096e-05
1.390591401159320028e-07
-7.406208270999599333e-10
3.807019503369824140e-12
-1.946061307795922624e-14
1.044550388402269829e-16
-6.501056521973616201e-19
1.710034596695824407e-20
7.960845193809323872e-01
1.731974444134757041e-01
-5.879111933329301404e-02
1.141890136847080288e-02
3.106552901702700625e-03
-4.643425595319429673e-03
2.799060842414405944e-03
-1.094402966140352578e-03
2.164543238198986957e-04
7.106778283857352239e-05
-9.650221716369379837e-05
5.460521611845950315e-05
-1.904521597948388180e-05
2.267677400064733731e-06
2.311031227340128058e-06
-2.071197441688151271e-06
9.316795718097396956e-07
-1.714174294439774016e-07
-3.003423098232798798e-08
9.445423942377555449e-01
1.851681512220395773e-02
-3.095339859435423339e-03
5.183945988843381009e-04
-8.696550347807770209e-05
1.459598899970058445e-05
-2.445656737331713580e-06
4.080404183052734011e-07
-6.760272231690056623e-08
1.109014533599596910e-08
-1.795655739682501226e-09
2.858035247898883926e-10
-4.447054706636795924e-11
6.709861568859508276e-12
-9.690906919805169432e-13
1.308910336984249774e-13
-1.570890888071833447e-14
1.402718441781348038e-15
-1.989043173797506159e-17
9.821520710413756960e-01
1.351279848000587480e-02
-5.115333603399409984e-03
1.936448974343790881e-03
-7.330691771112579896e-04
2.775214381037286165e-04
-1.050679626671090753e-04
3.978145281240921572e-05
-1.506425364334332490e-05
5.705546523509467594e-06
-2.161525880678102222e-06
8.191638222240631689e-07
-3.105722066886630013e-07
1.178096096621287305e-07
-4.472766178118752062e-08
1.703318393616835163e-08
-6.603522507514990389e-09
2.859909026567315356e-09
-9.494002250214501567e-10
9.959730581794262738e-01
4.022883702482928266e-03
4.054028555122504673e-06
4.085414528820073980e-09
4.117043463226157115e-12
4.148939085396190493e-15
4.164280236615186203e-18
1.645504793310087009e-20
-8.495790802703795707e-21
5.591054557711571920e-21
-3.468333196061897735e-21
2.034512564449398912e-21
-1.113101311369787327e-21
5.730334439914538168e-22
-2.788866682889246756e-22
1.240939841010290053e-22
-5.150153737536021865e-23
1.776403719337909765e-23
-2.751648526858018360e-24
1.089698009731596473e+00
8.547616059629380278e-04
-1.130772844347358640e-05
9.471744858959993867e-08
-6.971340228927363912e-10
4.897047236706305703e-12
-3.425638307355458215e-14
2.454715801588397412e-16
-1.838842109896555617e-18
2.280716448098143357e-20
1.071235669460147921e+00
-3.196308595369419525e-02
-3.669709233190892976e-03
7.102644350434994362e-03
-3.101189780510502005e-03
2.212134253897241488e-04
6.529914318524505110e-04
-5.439050354582619954e-04
2.474904874548065035e-04
-5.509108800817078368e-05
-1.699293568033010082e-05
2.543099801332671713e-05
-1.505103311830093349e-05
5.446009543406019767e-06
-6.927298623097109918e-07
-6.644876038464752587e-07
6.167583638641588048e-07
-3.186720085011062920e-07
9.475544528394650397e-08
1.028494064040569977e+00
-9.695110784199023266e-03
1.623605591547181651e-03
-2.641324214445326312e-04
4.109097982941473581e-05
-5.997974195683036878e-06
7.979072810509397801e-07
-9.073806261226238850e-08
7.006268743752114227e-09
2.963585206326652368e-10
-3.006798644781659846e-10
9.141189357662256264e-11
-2.173519236682588697e-11
4.596033582309564246e-12
-9.026261670196474850e-13
1.677999807451760152e-13
-2.980932779479008092e-14
5.210851464530330746e-15
-8.279210977995911794e-16
1.009031601325306227e+00
-6.899393104829650361e-03
2.635206892431127441e-03
-1.006452801702268718e-03
3.843458637243026043e-04
-1.467430718639828509e-04
5.600515030234200047e-05
-2.136105515299445000e-05
8.139196394756199020e-06
-3.096607039454751176e-06
1.175591070449888868e-06
-4.449926113621973347e-07
1.677980960147636608e-07
-6.297124597151667174e-08
2.349929470992278633e-08
-8.724977695917284532e-09
3.260661668179164110e-09
-1.340747567609328583e-09
4.293331909374818888e-10
1.002019552168222027e+00
-2.019552168222007484e-03
-9.644117588298239103e-20
8.576267424214555132e-20
-7.272165486335226546e-20
5.875758530838490100e-20
-4.519642896738306321e-20
3.305796471746721432e-20
-2.295828519943735426e-20
1.511106918331278897e-20
-9.404789643783674092e-21
5.518976700311831444e-21
-3.042662859285052243e-21
1.568607805139538786e-21
-7.515859090084160394e-22
3.320660977250274503e-22
-1.345816908683220347e-22
5.241148642550645784e-23
-1.495991277090270061e-23
6.303157894736841627e-01
