7.060763526072810770e-02
-8.896226226924403162e-06
4.377926577533582295e-10
-2.069323228448265159e-14
9.775050828166033327e-19
-1.379067412275339641e-22
-2.379844292625225998e-23
-9.231197991677482064e-23
-5.355754060664802374e-23
8.671434668093981340e-23
6.667693687737132058e-02
-5.004150263558825550e-03
-1.023811150213150200e-03
6.428915275358615465e-05
5.209515442685771170e-06
-5.654481516587566745e-07
-1.817770433536888882e-08
4.179344162818133299e-09
-7.018780050913006494e-14
-2.722175957814703073e-11
7.771241968896446147e-13
1.560679874121368843e-13
-9.577819116762172538e-15
-7.519910501703855997e-16
8.479727248244790935e-17
2.539818287578367694e-18
-6.352272594077584058e-19
-6.394782115982763373e-21
1.428979827578984335e-21
5.096235814195453767e-02
-9.936830780192060925e-03
-1.049567539329602275e-04
7.237159550072395681e-05
-4.143013599787305125e-06
-1.424258336292495110e-07
3.330940977047628177e-08
-1.468648164279203587e-09
-8.902535651705268359e-11
1.461322929973189485e-11
-5.067785860108518251e-13
-4.896271530331184065e-14
6.369119782042995605e-15
-1.631075355423392118e-16
-2.556706034407042405e-17
2.747620808265421499e-18
-6.367647215664649184e-20
-1.227666496558893405e-20
1.162010368045317325e-20
1.169703451758825029e-02
-1.774348309325259401e-02
8.524959180103432524e-03
-2.689785163039784890e-03
4.753856988963862289e-04
3.529427124521771115e-05
-6.510906330303433971e-05
3.001712167671528417e-05
-9.400465394420722611e-06
2.099213597511543354e-06
-2.223903780699067041e-07
-8.128917876603287198e-08
6.492969288388085990e-08
-2.707494352194693412e-08
8.286963064352762186e-09
-1.830223021002964273e-09
1.696300365435192952e-10
1.137351575936464346e-10
-6.448487129608533948e-11
5.221642258765536233e-05
-9.284497084651153500e-05
6.457988313120081088e-05
-3.385426355976975735e-05
1.209595249936033508e-05
-1.960376471469980246e-06
-5.297360134104007711e-07
3.206775692487083612e-07
1.395750117828081441e-08
-4.326395669131568941e-08
-1.438090057074359370e-10
6.614055159862615802e-09
3.423263194848421417e-10
-1.109024024710360644e-09
-2.016407555095762580e-10
1.794820453318849933e-10
7.855063444525971128e-11
-2.171327171600574796e-11
-2.066789199495711545e-11
9.241284062188783732e-01
5.289788802439110757e-06
-2.214132152388907584e-10
9.528009602551700028e-15
-4.198411143171458808e-19
6.539030270315824448e-23
-3.930170414451996896e-23
3.459461891891175110e-23
1.680736316502244137e-23
-1.853406335645851296e-23
9.264951690573562937e-01
3.021718736154889277e-03
6.301825823644655348e-04
-3.310481394587190470e-05
-2.786528604147151986e-06
2.666661656515745394e-07
9.430851505114607468e-09
-1.850851305095685147e-09
-6.442528837933423001e-12
1.150942308065562267e-11
-2.827918335094199088e-13
-6.389147235932781439e-14
3.601748530594886389e-15
3.025559950776034629e-16
-3.173421056190490167e-17
-1.031415925813616542e-18
2.322360129665544180e-19
3.164798360006899744e-22
-8.271680084294994860e-22
9.363203115928822040e-01
6.394645249739917131e-03
1.425164376836447007e-04
-4.147848256572178935e-05
1.903177560784681121e-06
9.460845882053589347e-08
-1.605138750761958947e-08
5.517289103221362048e-10
4.849684254083859529e-11
-6.207318668496421976e-12
1.594616937927194836e-13
2.293634951299548841e-14
-2.463395077022117385e-15
4.399541956114152865e-17
1.070785227691402554e-17
-9.986493409543162028e-19
1.077789369315152602e-20
4.453840859254076735e-21
-1.042435198746002988e-21
9.698613565102023326e-01
1.994416938644586954e-02
-5.774036825890144220e-03
1.301006217976865024e-03
-1.418557720077331615e-04
-5.316006757554272207e-05
4.218048950266337825e-05
-1.689419797102768815e-05
4.729098707561575045e-06
-8.536483208647559649e-07
2.964793204880942823e-09
7.579892737923166138e-08
-3.900965699592568195e-08
1.319535868199112024e-08
-3.285461827414387705e-09
5.067977235019558991e-10
3.846244531963776057e-11
-7.763752795988790288e-11
3.192063618211586100e-11
9.925694603738930422e-01
7.416680678767550126e-03
1.385605174159478267e-05
-1.223543556974128810e-08
2.360021858553351083e-08
-1.239399385503012223e-08
5.337519328998742230e-09
-1.747821606426045194e-09
3.484155088399327799e-10
1.329895432482564106e-11
-3.611302577855332036e-11
9.133534628542332313e-12
1.574845452160433492e-12
-1.386036352952334765e-12
6.108505501325857650e-14
1.678329137211022742e-13
-2.981356032627668615e-14
-1.764647015359664617e-14
5.642180416903805781e-15
1.038292876146964527e+00
-2.576223066643318586e-06
1.012605126539157225e-10
-4.009472127725874603e-15
1.596395833431222588e-19
-1.187135268411344801e-23
-2.443485130722114934e-24
-1.711861972850438171e-23
4.256898103819046565e-25
6.939572246286476680e-24
1.037135463904587995e+00
-1.479044169205727443e-03
-3.102952921920935827e-04
1.535060353716591984e-05
1.327480896117099916e-06
-1.156263208128252060e-07
-4.526735938206523676e-09
7.447643446920832993e-10
7.037490061717765598e-12
-4.294454351047283185e-12
6.462883551624225126e-14
2.235432223218812062e-14
-8.957103110101281629e-16
-1.034564276688794522e-16
7.418975007184373739e-18
4.037720619332538836e-19
-4.826896739445486124e-20
-9.968531873303872977e-22
3.131903161347515477e-23
1.032281598291275637e+00
-3.180927359177771786e-03
-7.862909685256608305e-05
2.043700107886108527e-05
-8.359630838400736610e-07
-5.209484865076057919e-08
7.286361173109680145e-09
-1.795114054864548749e-10
-2.552774051770320226e-11
2.461249162249209340e-12
-2.222443489498538992e-14
-1.113617202713449915e-14
8.018934527920116254e-16
7.619287085536486242e-18
-4.613827739998054143e-18
2.460244639705527637e-19
8.211667907603612815e-21
-1.942012402802867269e-21
3.338208713409550928e-22
1.015278517980005235e+00
-1.017464873406003639e-02
2.940463760044584925e-03
-6.504308249170704347e-04
6.273754653371466669e-05
3.131706783100355528e-05
-2.264920509569256493e-05
8.689169692094383531e-06
-2.295956002509128187e-06
3.564514688898273516e-07
3.024100476853158200e-08
-4.752149125829185806e-08
2.125587800531534950e-08
-6.484689959109433465e-09
1.380176509900083663e-09
-1.175770348942348487e-10
-6.645091144580604733e-11
5.023646527534813480e-11
-1.745828174870139632e-11
1.003736075256958404e+00
-3.736057996508216315e-03
-3.044151671504417733e-08
2.188033286944352130e-08
-1.357986910377448251e-08
7.139324334589494756e-09
-3.069784287352146887e-09
1.002332287915959038e-09
-1.982013468145761502e-10
-8.547927716026624161e-12
2.093518105159623186e-11
-5.211508030660030543e-12
-9.396861986958607406e-13
8.013838225839356379e-13
-3.160446146443836549e-14
-9.781008311877845147e-14
1.684096956767348321e-14
1.035726541599087597e-14
-3.235259680049915268e-15
9.604812030075188245e-01
