1.302943816248304021e+00
-2.066554376972010512e-02
1.603039698263815426e-04
-1.341834721418929226e-06
1.254398162387262483e-08
-1.306819145261188852e-10
1.473848834055093410e-12
-1.743595659248734790e-14
2.120363792198213483e-16
-2.700275863936574996e-18
4.149350979868552947e-01
-5.832238361078342370e-01
2.577760736638611827e-01
-6.717900739690010892e-02
-4.256957438993965760e-03
1.743295376410072123e-02
-1.228961471079170406e-02
5.617397037856417322e-03
-1.659183137831220668e-03
7.670582165789779916e-05
2.852805867001375890e-04
-2.279609280109445987e-04
1.110063863475442217e-04
-3.619211407096658900e-05
4.710409295345501544e-06
3.454062585707957133e-06
-3.283927238148619486e-06
1.791673326720417559e-06
-5.769770480769264811e-07
9.723277046087063641e-03
-1.177686760562253292e-02
4.341580485014537479e-03
-1.189691466460802809e-03
2.698953602632165878e-04
-5.426341973597573166e-05
1.011357178533613620e-05
-1.797752102966939635e-06
3.096825236018459178e-07
-5.207363635916894572e-08
8.562888851885194696e-09
-1.375021722372325339e-09
2.148352805134973040e-10
-3.246382283306571791e-11
4.698158247485130665e-12
-6.398655894758870524e-13
7.906921558367012507e-14
-7.978448372313940058e-15
4.281870093983289422e-16
1.607738039824578526e-04
-3.063175787334925675e-04
2.650540805541288245e-04
-2.088597194752295704e-04
1.504729346274132963e-04
-9.962025471497259587e-05
6.096008758582146137e-05
-3.469755583555112584e-05
1.849190814275219748e-05
-9.290697618950170518e-06
4.430759227926994135e-06
-2.019498452863023865e-06
8.856471156002085619e-07
-3.761501341167787380e-07
1.557204928524342700e-07
-6.334850703540633985e-08
2.584290900870773955e-08
-1.165919420892490599e-08
3.955179135959155581e-09
-1.956297989735527556e-10
3.762574737919940391e-10
-3.344772482986906080e-10
2.745103018553666916e-10
-2.075364857794596533e-10
1.440476669282312899e-10
-9.134385373108574761e-11
5.255360039873242929e-11
-2.715955178753942189e-11
1.241908366176164247e-11
-4.903538333392563355e-12
1.598739227088903746e-12
-3.881750255751105725e-13
4.583660730856293252e-14
1.255151642795798378e-14
-8.348038371967619625e-15
1.681476943942680675e-15
3.066720366214297730e-16
-2.421682242032116568e-16
4.800813037137651729e-01
7.033041091500666711e-03
-4.688144770787732975e-05
2.625083450949041833e-07
-1.208285252621470096e-09
4.780639027665087033e-12
-2.668785337288632309e-14
3.563874618755620854e-16
-5.743855274595151336e-18
1.149314978170201261e-19
7.896515402263942773e-01
2.063895175468865306e-01
-8.528634391767081491e-02
2.431616788006928098e-02
1.017941142958034886e-04
-5.919517818911807297e-03
4.729677840064929785e-03
-2.330119852923071000e-03
6.970191072004636775e-04
1.262902555702532796e-05
-1.740296896181777993e-04
1.291263735563017735e-04
-5.640012354086632078e-05
1.187996252974958995e-05
4.399695585853367869e-06
-5.958139707170021440e-06
3.153410184237030574e-06
-7.040373874945517741e-07
-6.506085419576183680e-08
9.517470361596565009e-01
1.618842219732228790e-02
-2.726116841811008270e-03
4.625791230991897133e-04
-7.938870049370689663e-05
1.380706299788323666e-05
-2.430731754159537880e-06
4.315212496298218497e-07
-7.685242437242059584e-08
1.366196654534420261e-08
-2.414108606802685814e-09
4.226435727746649004e-10
-7.311363040879103843e-11
1.246544292685663144e-11
-2.088470476256900696e-12
3.425512848599888307e-13
-5.473675030140254755e-14
8.636844304687037732e-15
-1.248059221773633595e-15
9.845109647440619671e-01
1.174086380216523250e-02
-4.449863508182330500e-03
1.686539188831073311e-03
-6.392233578130008696e-04
2.422822292087685513e-04
-9.183629152266227199e-05
3.481365540023248522e-05
-1.319948559790600058e-05
5.005884238726265958e-06
-1.899257158732151763e-06
7.210245296245888586e-07
-2.739605102381732735e-07
1.042182525460649240e-07
-3.971954331935667748e-08
1.520599297863592827e-08
-5.939750791085907706e-09
2.600016838835642236e-09
-8.694447490478627055e-10
9.965094394484981244e-01
3.487512258673439777e-03
3.045630766292174818e-06
2.659737393546148427e-09
2.322738161508941505e-12
2.028491579993309340e-15
1.728855739695193519e-18
3.406680952113285913e-20
-2.378716338460914065e-20
1.662237646423668715e-20
-1.109653144364529904e-20
7.056669742995227774e-21
-4.270590209215078229e-21
2.453197800587904490e-21
-1.333126922451978991e-21
6.857566714335343980e-22
-3.380259479463521741e-22
1.706083921718796367e-22
-6.021774277135608167e-23
1.030401873739869467e+00
2.770742431587916964e-03
-3.381235236080181919e-05
3.081536576288457247e-07
-2.567288703761325212e-09
2.180164768752228054e-11
-2.045724334034109619e-13
2.172920025027486883e-15
-2.529299910347051680e-17
3.178671762971029751e-19
1.053774475599294824e+00
-1.213428655600085060e-02
-1.596211495032396829e-02
1.398214404017593046e-02
-5.793883932078048096e-03
4.200230015694246034e-04
1.376236213966968791e-03
-1.265420456035048873e-03
6.657986599167554616e-04
-2.067078254517906179e-04
-5.462555563145717478e-06
5.649506925572109916e-05
-4.311644186221601102e-05
1.985085150332287362e-05
-5.007975025999790774e-06
-8.127344646926627205e-07
1.754983527355789617e-06
-1.251301025313493035e-06
4.639147390075360139e-07
1.024717339386439052e+00
-8.447321159701820167e-03
1.431092508127227922e-03
-2.381348154189338526e-04
3.841782836570153503e-05
-5.908192888113895505e-06
8.453714526569190278e-07
-1.075676981048698162e-07
1.074859167355384108e-08
-3.548384440251911064e-10
-2.130260217831594405e-10
8.491093866195511670e-11
-2.280463857555656779e-11
5.266796212332273752e-12
-1.117889283243391766e-12
2.241555795106454620e-13
-4.308660204843642136e-14
8.250820500925701589e-15
-1.434445664813363457e-15
1.007824645384307605e+00
-5.977476390841916787e-03
2.283168489985629677e-03
-8.720718008526052393e-04
3.330845714554640964e-04
-1.272134989148541626e-04
4.858114908112643940e-05
-1.854914473233934855e-05
7.080221957937111850e-06
-2.701185105556460135e-06
1.029741908236993936e-06
-3.921106401656130738e-07
1.490693794602073945e-07
-5.654878144188534791e-08
2.139503548985593052e-08
-8.082016296266212008e-09
3.087683366353117586e-09
-1.306562735871367740e-09
4.266056772688082048e-10
1.001749646734475974e+00
-1.749646734475997917e-03
-6.762275074546410345e-20
6.109113278501350266e-20
-5.297019081857645681e-20
4.406173299519361265e-20
-3.514104420454386579e-20
2.685149992659862953e-20
-1.963919603482574207e-20
1.373383013734530827e-20
-9.170214878825505615e-21
5.836724709507425120e-21
-3.534218750218690364e-21
2.031082584139036314e-21
-1.105148393207125828e-21
5.691134944837192206e-22
-2.808337924250561685e-22
1.425688082482279108e-22
-4.954780686525504785e-23
4.252130325814535983e-01
