1.434957822429855145e+00
-2.286745573240174176e-02
1.724798691228646738e-04
-1.412762067538309753e-06
1.332119415628579724e-08
-1.433229100675394154e-10
1.674629213219504814e-12
-2.037396453696523495e-14
2.528314136975620986e-16
-3.127651189406353802e-18
4.494256180521721267e-01
-6.428672402642825467e-01
2.899360016122865535e-01
-7.672993191578110495e-02
-4.974998244074864059e-03
2.024325482906228282e-02
-1.418671538368086738e-02
6.347499179120038616e-03
-1.750165854450334412e-03
-2.421147933219461193e-05
3.763272089359515245e-04
-2.679056345710860302e-04
1.173456807493436369e-04
-3.096796014725626068e-05
-6.091304382409023142e-07
5.974721469802084723e-06
-3.648131652692442977e-06
1.121662980493929221e-06
-1.156872937881574337e-07
8.816563250217446940e-03
-1.101969731066651179e-02
4.224701821596848691e-03
-1.202082879258432055e-03
2.818470274313910891e-04
-5.822511020295771352e-05
1.108834871474734108e-05
-2.005313522100904301e-06
3.505465776253008939e-07
-5.975956934889879890e-08
9.964658407844935130e-09
-1.624151663415170847e-09
2.579690206764271706e-10
-3.971672667012725777e-11
5.876461402707971407e-12
-8.233232707172863553e-13
1.060698374036145674e-13
-1.167786415102713638e-14
8.590522854736606925e-16
1.243083167681357322e-04
-2.375192544769605548e-04
2.072604990331260925e-04
-1.655431553600353128e-04
1.214281815143129425e-04
-8.214869869656841626e-05
5.151187799044219920e-05
-3.010321729961210096e-05
1.649009085633229416e-05
-8.518042201087780245e-06
4.174545916922073843e-06
-1.952991546734407440e-06
8.775353535212306041e-07
-3.810002200162137336e-07
1.608233883942542793e-07
-6.653412920165555260e-08
2.753943820988163859e-08
-1.258350939858314996e-08
4.297527125189728825e-09
-1.951007607984237589e-10
3.760566808647409077e-10
-3.365074305518705409e-10
2.792848298596162835e-10
-2.145843802049513083e-10
1.522028430350741590e-10
-9.926119915832520197e-11
5.918773033070308605e-11
-3.201436900264604381e-11
1.552882256135777861e-11
-6.637356894265517221e-12
2.427622530509485294e-12
-7.175902559984370499e-13
1.474274240245667625e-13
-7.063211846877937333e-15
-9.061370750491746525e-15
3.826523555176450687e-15
-3.486656379052498280e-16
-2.230148653640166212e-16
4.579322232507475054e-01
7.567811263585177799e-03
-4.577103788782813489e-05
2.003099811168699621e-07
-4.888144173300542670e-10
-2.178028526290345631e-13
-8.122980508589623213e-15
4.089842652034527621e-16
-7.296203141414157753e-18
8.984491122336450571e-20
7.900666416992407903e-01
2.170472794154573448e-01
-9.445110243740845180e-02
2.834658073009774584e-02
-2.274836176170894465e-04
-6.915581022155381334e-03
5.622285923376952460e-03
-2.734213497431940785e-03
7.473980717090197195e-04
9.392881089467481172e-05
-2.532885326748845123e-04
1.675568964027007854e-04
-6.319454655975529115e-05
5.741059434630663453e-06
1.141692460209835916e-05
-9.776326949215713170e-06
4.009289783252807767e-06
4.853466164333992520e-08
-6.548766537952682031e-07
9.554781550001879564e-01
1.496965312179320690e-02
-2.528655315484058461e-03
4.313750205141201970e-04
-7.475489026993915875e-05
1.321093704245131643e-05
-2.380037694697267591e-06
4.350357138869615739e-07
-8.009928560898476285e-08
1.474858814882016962e-08
-2.699973071717750102e-09
4.893898222868036971e-10
-8.757477997327995400e-11
1.543622731651306837e-11
-2.674010525410520421e-12
4.540079267927879769e-13
-7.530855838822135121e-14
1.243098631719427375e-14
-1.886447445146961023e-15
9.857267539569578574e-01
1.082589886751115192e-02
-4.105592825884864759e-03
1.557006296929540736e-03
-5.904869486356555813e-04
2.239448903811027054e-04
-8.493621622610347040e-05
3.221682972758093115e-05
-1.222191124533026138e-05
4.637735247697034569e-06
-1.760550422940698348e-06
6.687417237716912672e-07
-2.542496666167304027e-07
9.678982725050607953e-08
-3.692335896940608094e-08
1.415469847121289529e-08
-5.540720717408979747e-09
2.433151788836954209e-09
-8.154992420382781352e-10
9.967853884894849470e-01
3.212025564198233134e-03
2.583866090973886686e-06
2.078552565332917629e-09
1.672060550964587874e-12
1.345131463807168514e-15
1.027700768746245717e-18
4.305184774060746844e-20
-3.143559427678194746e-20
2.246287104602865964e-20
-1.537502507510452695e-20
1.007079222161941702e-20
-6.297529190530368252e-21
3.754919398075465724e-21
-2.135190427269097385e-21
1.158781843400281934e-21
-6.067582778476301176e-22
3.328404621614557840e-22
-1.220306508536386041e-22
9.887406821208361007e-01
3.651366362236723329e-03
-3.955185337261260699e-05
3.233855754216409590e-07
-2.438833410038942872e-09
1.992831049592207371e-11
-1.972129165801249572e-13
2.295114873373483045e-15
-2.861427308862257201e-17
3.589852014252342265e-19
1.041041810834290926e+00
3.871552442888585074e-03
-2.494023301916549126e-02
1.787134285466723815e-02
-6.622656507690494881e-03
-4.500213846509746799e-05
2.036583599542266757e-03
-1.690422243269836802e-03
8.289079007977544601e-04
-2.197820651355577996e-04
-4.018682740189166155e-05
8.746179669038280861e-05
-5.780228454090303276e-05
2.276666357991363873e-05
-3.225563258494032813e-06
-2.965787034281416345e-06
2.837277902410297696e-06
-1.374734463726049238e-06
3.589751570682940005e-07
1.022769406632642264e+00
-7.786630155701633992e-03
1.321339179141445969e-03
-2.205103410219393806e-04
3.569799248517030189e-05
-5.499253947905509491e-06
7.825921901003642706e-07
-9.694471429943164632e-08
8.660587738152592228e-09
1.089082134158751708e-10
-3.214267368036015430e-10
1.101959270615630197e-10
-2.854969424859886966e-11
6.529278080232876147e-12
-1.386153404967328074e-12
2.793791930630640698e-13
-5.413499058366244729e-14
1.047731578224480191e-14
-1.840733258801453295e-15
1.007206673141994635e+00
-5.505399388250590761e-03
2.102862009331529520e-03
-8.032101364026256879e-04
3.067892708692758139e-04
-1.171753672477199076e-04
4.475114910966658885e-05
-1.708915314809298440e-05
6.524499964122975036e-06
-2.490145142449387984e-06
9.498698626324562585e-07
-3.620259972664272299e-07
1.378105133801906020e-07
-5.237014746840003049e-08
1.985990061781564918e-08
-7.524208635581564873e-09
2.885391830444809121e-09
-1.226835890249435660e-09
4.018472252601619071e-10
1.001611461780702150e+00
-1.611461780702261098e-03
-6.144386406919392019e-20
5.583517867642248235e-20
-4.881492894604631874e-20
4.104427245820017435e-20
-3.317385441853713824e-20
2.575816517138322181e-20
-1.919902506936444449e-20
1.372421475781746983e-20
-9.398471222932302713e-21
6.157606903497468546e-21
-3.853682333643987514e-21
2.299926446878775846e-21
-1.307358930813255798e-21
7.092782822042415816e-22
-3.735403434659002049e-22
2.050151475048030231e-22
-7.472025251379252917e-23
2.651328320802005534e-01
