8.852216869103479713e-01
-8.922126189338219424e-03
4.512413405573390413e-05
-2.392007757984475908e-07
1.330145788812598428e-09
-7.758939969848547389e-12
4.736222590419203172e-14
-3.011411622256134559e-16
2.033783759175502106e-18
2.917729670055840548e-20
3.345255213082813373e-01
-4.111318205319626218e-01
1.424920208432310653e-01
-1.920961105460769133e-02
-1.248552105267307887e-02
1.167936328160034017e-02
-5.577784366293732018e-03
1.650749310851667940e-03
-1.077669878236770483e-04
-2.253194556022989183e-04
1.720542986286783616e-04
-7.591055163270851627e-05
2.041927161814204622e-05
-1.556669431570660261e-07
-3.581131878454506150e-06
2.454451544997362609e-06
-9.931501558965233907e-07
1.900820748631859431e-07
1.780911256891594921e-08
1.658877179256243103e-02
-1.777578297750787711e-02
5.672019401233668184e-03
-1.355567245419446497e-03
2.726700602167627047e-04
-4.946333567055976552e-05
8.423793867600658610e-06
-1.373995037621256518e-06
2.160176253229775922e-07
-3.266096861246153914e-08
4.706835141944154144e-09
-6.351695461726038221e-10
7.733756758764792460e-11
-7.691168154461528260e-12
3.721339397936219441e-13
9.138265186976143746e-14
-4.026732165733120252e-14
1.112921289060861282e-14
-2.359030757265199750e-15
4.519310532045305506e-04
-8.511459488088402893e-04
7.119947766103594360e-04
-5.317084035156127274e-04
3.570843198806696668e-04
-2.175722920817760254e-04
1.214415567845011592e-04
-6.272335617900102263e-05
3.028313233405586138e-05
-1.380558411639143932e-05
6.001255180167894720e-06
-2.510736989273364403e-06
1.019644786007570133e-06
-4.050258075057943999e-07
1.584119261269713229e-07
-6.144846176079478923e-08
2.407625125097655770e-08
-1.048190882460158379e-08
3.487819027735196108e-09
-1.961602332502691519e-10
3.741470146719474432e-10
-3.242902006777768898e-10
2.548846481399996959e-10
-1.809364816570117780e-10
1.152738146950232434e-10
-6.527776880030659740e-11
3.236982961966666394e-11
-1.371549301170225163e-11
4.746750162577695036e-12
-1.209453713878765873e-12
1.487318704705252048e-13
3.991391749363474012e-14
-2.601098053807046948e-14
4.271358520311963250e-15
1.361009220355658279e-15
-7.829413080284200740e-16
4.868751490091724102e-18
8.471912041898553284e-17
5.944912155885841987e-01
3.209823233402278510e-03
-1.589345457397557001e-05
7.779287501428424156e-08
-3.691490663106144142e-10
1.705377876614736259e-12
-7.769747949628387409e-15
3.569356127706867127e-17
-1.463816454436194048e-19
-2.612894543780368693e-20
7.997682536433863287e-01
1.583259904441272070e-01
-4.787274366975548257e-02
6.552775551972786321e-03
4.029381070216163895e-03
-4.049341536008240101e-03
2.066368429137805003e-03
-6.606685684726671575e-04
5.828733074870832818e-05
8.799673862922630693e-05
-7.183615403199085142e-05
3.212350571982883115e-05
-8.004425530716896539e-06
-7.607662894623288870e-07
2.051205072118575851e-06
-1.227392137188669023e-06
4.084356353406036657e-07
1.571136455880401250e-09
-5.352336414752232111e-08
9.415884517764133710e-01
1.945061400322361037e-02
-3.235509892272669073e-03
5.370788464097958452e-04
-8.881044814184497484e-05
1.459920155024158802e-05
-2.380686532807822295e-06
3.842526555679983367e-07
-6.122824431644435805e-08
9.598594077756079460e-09
-1.472943457831006692e-09
2.195293635487262254e-10
-3.137455609845409044e-11
4.201811720859734480e-12
-5.019390056836421086e-13
4.617200873053846705e-14
-7.503946802622486206e-16
-1.232718496454458465e-15
4.052595248719967562e-16
9.811774988580680423e-01
1.424358514455386672e-02
-5.389283113849712564e-03
2.039120410047031654e-03
-7.715338432993750200e-04
2.919222563656753396e-04
-1.104533642663989399e-04
4.179155563614328348e-05
-1.581220019065361895e-05
5.982507815328852894e-06
-2.263339138410770626e-06
8.561963772665336774e-07
-3.238403759642016422e-07
1.224634153475043981e-07
-4.631127369269146867e-08
1.754824180566269354e-08
-6.759324587342476890e-09
2.902921664975455084e-09
-9.583641277211529611e-10
9.957510746347585373e-01
4.244407143838698285e-03
4.513416817471343527e-06
4.799476270281702753e-09
5.103666106931766639e-12
5.427140962731863864e-15
5.766916287566312688e-18
9.114247839501066332e-21
-1.994955640139817889e-21
1.290662395329892672e-21
-7.763963105134723048e-22
4.241215202136705575e-22
-2.317698701430337766e-22
1.161733703097651638e-22
-4.425997722705625181e-23
1.556135967399455937e-23
-9.446491704628368678e-24
2.967408750945569552e-24
1.459976628880767118e-25
1.100956716052260642e+00
4.233973051062833899e-04
-5.928258646880510838e-06
4.425181340340099763e-08
-2.832342862728878854e-10
1.704644797968148802e-12
-1.003566051960358572e-14
5.918666014580886256e-17
-3.577524580620887338e-19
2.805628851478020053e-21
1.075098499577776590e+00
-3.479016640246969383e-02
-1.614037842473262617e-03
5.500922285087324511e-03
-2.290798551304377723e-03
7.545412715816636094e-05
4.979571778479681670e-04
-3.603458413475622911e-04
1.376126610114615056e-04
-1.578526447244256811e-05
-1.929326545803975576e-05
1.707108996067649464e-05
-7.912567155087611823e-06
1.962839136136056105e-06
2.707848956709566239e-07
-5.862406817550924666e-07
3.390798867294906083e-07
-1.058593432973992188e-07
1.274699373096892371e-08
1.030038827201906981e+00
-1.018427362908815199e-02
1.690274471608901961e-03
-2.703015177028328321e-04
4.089288016800581520e-05
-5.719018157188870890e-06
7.101218941584095577e-07
-7.029284256674978681e-08
2.955723045567272216e-09
1.007458647831147672e-09
-4.115918774957899725e-10
1.061976921852061442e-10
-2.316794988764777491e-11
4.595346027523039739e-12
-8.522338212928593045e-13
1.495598658154809230e-13
-2.494093023893283088e-14
4.028171087519405524e-15
-5.860641024721788998e-16
1.009531184932249692e+00
-7.280896785021497702e-03
2.780802133819481724e-03
-1.061961327791476409e-03
4.054678798302360234e-04
-1.547525434320340984e-04
5.902451346747102513e-05
-2.248855162277923578e-05
8.554142718235787006e-06
-3.246040689843250554e-06
1.227717450239727581e-06
-4.623321816162728582e-07
1.731504501594994570e-07
-6.441602052282906737e-08
2.377980109736096924e-08
-8.712801439338385114e-09
3.202229987835344615e-09
-1.288339422004579178e-09
4.063608410242674052e-10
1.002131289930238367e+00
-2.131289930238401253e-03
-9.249704129965218502e-20
8.168885517492068841e-20
-6.859176208164041052e-20
5.471495821961256903e-20
-4.141857793151391214e-20
2.971177735006863615e-20
-2.016182853351211637e-20
1.291283224988846327e-20
-7.783442639850946207e-21
4.399622153591587376e-21
-2.321316864430573889e-21
1.136225598989305625e-21
-5.116185400215554158e-22
2.093591010566311836e-22
-7.660112064468024080e-23
2.547910368355201634e-23
-6.240526543967316759e-24
6.828421052631579169e-01
