5.009892564006116489e-01
-1.801979056129252932e-03
3.160109144630788993e-06
-5.698167764967928813e-09
1.050608811848825716e-11
-1.972048970339892115e-14
3.789556858140986725e-17
-5.164242370986428007e-19
-2.981518351787574471e-19
3.391465247497293747e-19
2.617347263620620201e-01
-2.246373566613467654e-01
3.365804238886796473e-02
1.039570096805364670e-02
-8.156347954484643656e-03
2.435971029231021132e-03
-1.744529621253262572e-04
-1.947663736001823103e-04
1.069906672036607731e-04
-2.610638017440417523e-05
-3.784239988508896673e-07
3.151242397840162193e-06
-1.387464767828724163e-06
2.696793108952369589e-07
3.669115572374586636e-08
-4.788141998506272480e-08
1.743200907784706569e-08
-1.648210662930128586e-09
-9.957349450754293986e-10
3.487926248043496380e-02
-3.068228901848601975e-02
7.818112006916174556e-03
-1.489213108345114429e-03
2.374881621095922704e-04
-3.323695962800074548e-05
4.054777849072251197e-06
-3.932156878555809869e-07
1.714347667708200637e-08
4.733432347248782171e-09
-1.870767141337848651e-09
4.476781684760214798e-10
-8.835765319955127539e-11
1.543785073566859397e-11
-2.437906649120849730e-12
3.468828131274304695e-13
-4.312281138159616740e-14
4.182380678468891003e-15
-1.840815738307426383e-16
1.651259213205831869e-03
-3.048885960438760950e-03
2.409330103704776863e-03
-1.647834274619482467e-03
9.899746721330978955e-04
-5.310318077482537600e-04
2.585990636805550057e-04
-1.162108806363108902e-04
4.895665903555262863e-05
-1.962107917235325117e-05
7.581116837514066116e-06
-2.855582180429946696e-06
1.057649819531587107e-06
-3.874399513192111571e-07
1.408417339765566685e-07
-5.093087918165511507e-08
1.852282823897301954e-08
-7.386237507297250417e-09
2.319090247995612934e-09
4.934190581609611164e-09
-9.294897157469506432e-09
7.755839902211626536e-09
-5.707661892011296751e-09
3.673661194294346651e-09
-2.038939097602091204e-09
9.524966890708070369e-10
-3.579362041640863832e-10
9.746252933053285353e-11
-1.264082168180096874e-11
-3.352601182149136993e-12
2.124703139402341145e-12
-2.468931075831826008e-13
-1.611381515529614991e-13
5.895554211981660239e-14
9.019698086658053650e-15
-8.665994506105688161e-15
-2.738055034008803146e-16
1.170273544215109565e-15
7.215173086786553780e-01
6.641018358374310097e-04
-1.127177591573455819e-06
2.043684345879596916e-09
-3.762598270073741166e-12
6.930787509491517233e-15
-1.255512774793636015e-17
-9.411238781275438678e-20
2.447669986363549028e-19
-1.550329243325363252e-19
8.164889165675501825e-01
9.221771621269118924e-02
-9.892009327430001733e-03
-4.166938892123774399e-03
2.839973731623834409e-03
-8.379234358329633271e-04
6.718107939426817062e-05
6.489310888229992194e-05
-3.781625175150269281e-05
9.860639879448259587e-06
-8.263196470339559828e-08
-1.131587898040508539e-06
5.297876005085894028e-07
-1.081954558905808498e-07
-1.359408901842982004e-08
1.908084215264627890e-08
-6.962508801546811005e-09
5.515250856863185596e-10
4.609142413681613146e-10
9.251663590166641082e-01
2.405747036978283029e-02
-3.724454150045708369e-03
5.461309825551161849e-04
-7.475237030467230708e-05
9.372179496376715338e-06
-1.032177635504359541e-06
8.716715994647942946e-08
-1.591765940620587377e-09
-1.626033422476413889e-09
5.347147934775870750e-10
-1.233997392849469121e-10
2.449773715126927972e-11
-4.417561083593654736e-12
7.364230380989320202e-13
-1.135836418817488616e-13
1.598109756582101067e-14
-1.979740773311925185e-15
1.897356608417755698e-16
9.755625554328876126e-01
1.843522414935970868e-02
-6.951378887371159436e-03
2.619506401925960140e-03
-9.859936992049408034e-04
3.704314281797685556e-04
-1.387643041260306080e-04
5.176525588550372762e-05
-1.920333286219384815e-05
7.073978820685626782e-06
-2.584110979091218752e-06
9.350101915152150536e-07
-3.348022194225626181e-07
1.185628535418303372e-07
-4.150834237002222697e-08
1.437484905108313217e-08
-4.969758159296612429e-09
1.863410605306837671e-09
-5.606425488359133001e-10
9.944670066332677028e-01
5.525329257198427317e-03
7.653493476482978313e-06
1.060135231096006527e-08
1.468466772305767670e-11
2.030773308105224755e-14
5.113518973666569504e-17
-1.486904434379773905e-17
8.967235807012074836e-18
-4.968468495471711294e-18
2.516238346452626152e-18
-1.151944795189881475e-18
4.688609929511734760e-19
-1.650815090870808745e-19
4.770639161142836447e-20
-9.924031574276336314e-21
6.975507377268602846e-22
5.424535093599797604e-22
-2.417470050536043487e-22
1.111252618729251296e+00
-9.378437875833800226e-05
-7.130307801999450886e-08
4.425298352921924629e-10
-1.273509120191200850e-12
3.070306627912089700e-15
-6.895393360771655849e-18
2.928123923952492630e-20
-2.240685205849149014e-20
2.021307645904044885e-20
1.083286736115682380e+00
-3.114299774304813556e-02
-6.446580655831250783e-04
2.248610991182762014e-03
-5.305605321836891685e-04
-6.624300421237355556e-05
7.741123020115184999e-05
-1.776111684964474507e-05
-3.658622823961454284e-06
3.956231768311631426e-06
-1.200845020598496378e-06
-1.129937423946288878e-08
1.689531159891472462e-07
-7.576550676311481202e-08
1.233851016635699273e-08
4.289444661944523469e-09
-3.527580928762235613e-09
9.470007447488355477e-10
-2.523782040236847035e-11
1.038578574934747367e+00
-1.248959628325608216e-02
1.866705611544117399e-03
-2.465276486369093406e-04
2.670230453481791519e-05
-1.825389170854479448e-06
-1.058382018320229534e-07
7.308176456591010681e-08
-1.844783024226889253e-08
3.570967320531771853e-09
-5.888249988016070752e-10
8.406795807521514296e-11
-9.986013898674558185e-12
8.157717235871147805e-13
1.630878253297443028e-14
-2.680918671723473594e-14
7.816826495365841634e-15
-1.742864358471601213e-15
3.113260157253915233e-16
1.012418756993665347e+00
-9.481350557891116484e-03
3.616677747601025790e-03
-1.377616078012165865e-03
5.234138463245364102e-04
-1.980425136508677422e-04
7.446089643333255511e-05
-2.774574275820608529e-05
1.021482172728468243e-05
-3.703192498847151179e-06
1.317280242100428228e-06
-4.579767572841928588e-07
1.549143027624028054e-07
-5.067660020708503955e-08
1.588411431654236506e-08
-4.689298944706384056e-09
1.253842256542755432e-09
-2.774372457244565224e-10
3.937304520786122302e-11
1.002778020986360819e+00
-2.778020986360676264e-03
-8.560345138189221405e-17
7.303209944165078850e-17
-5.837822757243223226e-17
4.364778320987593264e-17
-3.045254011994602258e-17
1.976322627257593995e-17
-1.188028312619163123e-17
6.577449628858428074e-18
-3.327771312514407080e-18
1.521515885102578483e-18
-6.181978223689734045e-19
2.170969770750517128e-19
-6.248094503060512692e-20
1.287019592925147271e-20
-8.394528878599163711e-22
-7.308039292508359493e-22
3.177207626455687482e-22
8.254135338345864881e-01
