3.910953512251601483e-01
-8.804282903836432861e-04
9.476992627673317185e-07
-1.043675283996028603e-09
1.171168613109384678e-12
-1.334762603081012765e-15
1.549914978939298283e-18
2.454097326428041635e-19
-5.142208450904292431e-20
1.172657468743893300e-19
2.333879305622769129e-01
-1.607318130950796675e-01
1.062780070239508975e-02
9.963335099899849057e-03
-4.224921515201885899e-03
6.106536124178592187e-04
1.452248801853748932e-04
-1.023142743245522335e-04
2.329952597878146611e-05
6.328070418171461570e-07
-2.235705355087025950e-06
7.336343271586591823e-07
-6.485630732433646978e-08
-4.103220859184839653e-08
2.024363536832306755e-08
-3.611099233823666527e-09
-4.764010627836036877e-10
4.953531041850549685e-10
-1.333423780519564983e-10
4.468276240255293630e-02
-3.551001410239503636e-02
7.998377522454819949e-03
-1.315783103501525549e-03
1.728319401996088677e-04
-1.768949090830799500e-05
9.875287849612711017e-07
1.315102943479345314e-07
-6.052460545546555466e-08
1.413326925992651364e-08
-2.594788826607429405e-09
4.042333238659620403e-10
-5.353157774912431573e-11
5.626676106132002752e-12
-3.242406206549522125e-13
-4.289729758749457891e-14
2.023952500465883369e-14
-4.946423914002067786e-15
8.937039687657261221e-16
2.607639169583254694e-03
-4.765919837200947862e-03
3.659510688327961402e-03
-2.396520545797706583e-03
1.364080958665678679e-03
-6.884735457123763221e-04
3.142708457032921841e-04
-1.322314525945280869e-04
5.220649405380858036e-05
-1.965549954887277486e-05
7.153985872946501746e-06
-2.543351403905670577e-06
8.888890032027585090e-07
-3.061354385181720170e-07
1.037610352590872150e-07
-3.445876293876407563e-08
1.118097745431830260e-08
-3.755019092578122624e-09
1.022632511725115802e-09
2.645838737930401601e-08
-4.957248384713935634e-08
4.068145050730142248e-08
-2.907653903861335168e-08
1.790040187027548195e-08
-9.308790059750233565e-09
3.946213777320781899e-09
-1.264877730174160706e-09
2.437093720382007035e-10
1.082491290175832772e-11
-2.420004799769087657e-11
5.419127326792153262e-12
1.247586683860272670e-12
-8.353838116783913459e-13
-1.557343373970495382e-14
1.056162023927295276e-13
-8.216268855045738847e-15
-1.183904458829758605e-14
1.586878948761326912e-15
7.597272748347934090e-01
3.356229289701544833e-04
-3.379260236469298130e-07
3.706462919870667850e-10
-4.187281667191183447e-13
4.786548543813674991e-16
-8.464606387847529083e-19
-4.021942280712455010e-19
2.664954787836868427e-19
-9.079109077123463965e-20
8.249035481923367996e-01
6.841133347975884849e-02
-1.955611584911261681e-03
-3.939739711939825063e-03
1.477030184945749957e-03
-2.018911395192957430e-04
-5.043873724146318417e-05
3.516282833432994679e-05
-8.259969343093865622e-06
-1.134730394470781068e-07
7.723597242129267388e-07
-2.676377754664896399e-07
2.699629056209399082e-08
1.433483370130415834e-08
-7.554931882217329376e-09
1.410909996733078958e-09
1.709232149973347376e-10
-1.901977328632391821e-10
5.154064065542531321e-11
9.181519661734512949e-01
2.533341744011411226e-02
-3.627793813801918898e-03
4.645880498808408225e-04
-5.060997834021238053e-05
4.053519193234387444e-06
-4.425610424155830125e-08
-7.400607356965076124e-08
2.155617802627869600e-08
-4.426291936180516664e-09
7.698360184751498787e-10
-1.183312491475947258e-10
1.602317338674586514e-11
-1.817367174745652811e-12
1.403804807819242738e-13
3.767143491821027100e-15
-4.652918350764583103e-15
1.337536822832411014e-15
-2.656880090510393280e-16
9.729181510625436458e-01
2.038988621275275928e-02
-7.667544722942750031e-03
2.877518988056637726e-03
-1.076122689754009654e-03
4.002233830449534557e-04
-1.476496622314734568e-04
5.387504656617654174e-05
-1.938372692419126878e-05
6.855882917357932034e-06
-2.376818634442920191e-06
8.053320266962310820e-07
-2.658323964179476570e-07
8.512778302785749749e-08
-2.627267142336103721e-08
7.720018774425411814e-09
-2.105564220986023792e-09
5.179573743896829094e-10
-9.624275048438176044e-11
9.938575863555360046e-01
6.132966820266446892e-03
9.432295303185074897e-06
1.450654845414716227e-08
2.231240622709694211e-11
3.298908938419335413e-14
9.431032287480835528e-16
-5.518604481286602911e-16
3.135204822204030200e-16
-1.618268542565211365e-16
7.499132020904991062e-17
-3.062672718999095951e-17
1.068323783709863941e-17
-2.989453747795656860e-18
5.630161309617909019e-19
-8.698860772065630550e-21
-4.049939448075613426e-20
1.434928941534231753e-20
-1.554428498229901032e-21
1.105354837518945477e+00
-7.961306829299625632e-05
1.834063629949910256e-08
3.384631453777290537e-11
-8.698478221253381588e-14
1.456391697291768899e-16
-2.470626146287154539e-19
6.784808681704865817e-21
-4.288943511043712076e-20
3.041231367688157987e-20
1.082823763788495430e+00
-2.557534598966368367e-02
-1.352631713026699722e-03
1.586070916807022198e-03
-2.571376080450247592e-04
-4.528052677064659350e-05
2.706457860741732639e-05
-2.203326225333685124e-06
-1.911980737824012258e-06
7.332169757786401014e-07
-2.287424528238875300e-08
-6.897635114474297304e-08
2.536343077115450330e-08
-1.553817603189655774e-09
-2.058634270355930183e-09
8.856354054973813837e-10
-1.094194435253375508e-10
-5.597377208980695513e-11
2.923920305359297309e-11
1.042181503188470471e+00
-1.304687243939524170e-02
1.768643697621720672e-03
-1.937629813011856200e-04
1.341378160037287869e-05
5.869539720203726847e-07
-4.357357896848085955e-07
1.014610111912252165e-07
-1.731338145162909011e-08
2.365682136093619356e-09
-2.445922347676227449e-10
1.162398871674321773e-11
2.642894559062386077e-12
-1.029024748010037815e-12
2.269829949423876129e-13
-3.921610223468457669e-14
5.562664650535894020e-15
-6.094008691153538715e-16
3.676335660203784850e-17
1.013783671870805980e+00
-1.051278109171900968e-02
4.001344191555587793e-03
-1.517546240967772471e-03
5.720576820321534662e-04
-2.136053638899494623e-04
7.866662086812944597e-05
-2.843001126543287556e-05
1.002466568650129968e-05
-3.425906329263165594e-06
1.125319537333578815e-06
-3.510606873661694039e-07
1.019099283226824101e-07
-2.636270443344076576e-08
5.354911716465854578e-09
-3.243560758311664285e-10
-5.166267619929795458e-10
4.970924863963873662e-10
-2.161960795203514113e-10
1.003085415508844225e+00
-3.085415508842666125e-03
-2.843512522459171982e-15
2.389101885359592940e-15
-1.868326182799086384e-15
1.356826920884260382e-15
-9.121525208873625951e-16
5.651762946564496183e-16
-3.208252890137989709e-16
1.654554123002259487e-16
-7.658560179321429703e-17
3.122864414019424663e-17
-1.086756782891333608e-17
3.028526487125950910e-18
-5.644627393824948234e-19
5.590330369432818001e-21
4.192188776225189033e-20
-1.459542648313563850e-20
1.544084082399869929e-21
8.579298245614035423e-01
