1.466888469251458771e+00
-2.315219105927632942e-02
1.711378628121615591e-04
-1.375174839228006740e-06
1.283200581197632181e-08
-1.374700657696982001e-10
1.599019805875898557e-12
-1.931506897080866713e-14
2.373993458741750206e-16
-2.933607856798702604e-18
4.589008163135567253e-01
-6.582659216750943454e-01
2.972800405061972739e-01
-7.819708950889388277e-02
-5.734472100929183420e-03
2.113456535272946121e-02
-1.462771745040346121e-02
6.436374448928268606e-03
-1.700107856259017863e-03
-8.458652172196751422e-05
4.080118966049077847e-04
-2.755711757920518762e-04
1.146421844760061036e-04
-2.683283960052755378e-05
-3.082642754125311125e-06
6.802198273418721260e-06
-3.618471414990602090e-06
7.928440090403849775e-07
7.432003454887480611e-08
8.663027411944379877e-03
-1.090761833412807157e-02
4.220819754842309972e-03
-1.211825084410076943e-03
2.863802970423615524e-04
-5.954528285887500795e-05
1.139719930009681451e-05
-2.069211896567883902e-06
3.628435710997909851e-07
-6.202186137412398050e-08
1.036768011520052193e-08
-1.693938426020077021e-09
2.696936169015545360e-10
-4.161707808875958880e-11
6.170688856264150705e-12
-8.660903043863292363e-13
1.117015923865241829e-13
-1.228548638560968361e-14
8.955552063113451540e-16
1.173908474557231358e-04
-2.244510432352847605e-04
1.962412484128151055e-04
-1.572375653732918698e-04
1.158224963161495047e-04
-7.875600136772982550e-05
4.967042738020701346e-05
-2.920951613594213972e-05
1.610587791269137853e-05
-8.375267292417483512e-06
4.131762865606963750e-06
-1.945322426684088019e-06
8.793350957109949356e-07
-3.838789936934058606e-07
1.628326988203485269e-07
-6.765426274512016880e-08
2.810775352864895894e-08
-1.288547624387364033e-08
4.408313134746599482e-09
-1.959644532611212153e-10
3.779154335025412436e-10
-3.386966776396180211e-10
2.818443099540489274e-10
-2.173751979063617170e-10
1.549679175452168060e-10
-1.017285406371242259e-10
6.116421764439890998e-11
-3.343183217077121014e-11
1.643470051399758680e-11
-7.149004883579103641e-12
2.679370260253635417e-12
-8.227597780105483674e-13
1.828685573231831189e-13
-1.550598371032999363e-14
-8.397321781700787485e-15
4.331199722103318438e-15
-5.982873979388619390e-16
-1.813080263395815575e-16
4.539123095200899294e-01
7.610269428725718356e-03
-4.423396745549156088e-05
1.756595367884492207e-07
-2.873917944724679534e-10
-1.182616572158707202e-12
-6.618834751219455350e-15
4.157539458217268037e-16
-7.033762708594397815e-18
8.732640414904710103e-20
7.905771857743257858e-01
2.193699579399957522e-01
-9.649538230553497686e-02
2.911674337112940894e-02
-1.294085851674595914e-04
-7.250818126134085835e-03
5.852862968292993871e-03
-2.805614269322569566e-03
7.281553587377471602e-04
1.331266397316722169e-04
-2.790318308584177707e-04
1.760194385242187245e-04
-6.194898702579808628e-05
2.056810185787151465e-06
1.406477221308515085e-05
-1.082323989792071653e-05
4.029565450570545468e-06
4.561638297677943875e-07
-9.016500752632027146e-07
9.565447357909019344e-01
1.462038069861464756e-02
-2.471907655630374828e-03
4.223720039409005174e-04
-7.340941458741251119e-05
1.303595179953568604e-05
-2.364765882639919743e-06
4.359726419143194483e-07
-8.104333443521575929e-08
1.506968992097040234e-08
-2.785254492911361032e-09
5.094264286964490578e-10
-9.193165144309432909e-11
1.633237169174432953e-11
-2.850440686991735189e-12
4.874698461484607263e-13
-8.144456306138380096e-14
1.355025822751942742e-14
-2.072220134867948975e-15
9.860737645519462857e-01
1.056453809671326592e-02
-4.007171604559467935e-03
1.519944937540579745e-03
-5.765314766898087468e-04
2.186899269433764594e-04
-8.295735404227085443e-05
3.147156622545295608e-05
-1.194118097280504989e-05
4.531957449662852510e-06
-1.720679323622473242e-06
6.537074894780747579e-07
-2.485794732750618402e-07
9.465169420362074615e-08
-3.611774350723320032e-08
1.385127765943132582e-08
-5.425193547860577843e-09
2.384585629687612042e-09
-7.997349888666495333e-10
9.968640869158100770e-01
3.133451862759104815e-03
2.459289741197254764e-06
1.930173590136442441e-09
1.514896686295150897e-12
1.189038072428626076e-15
8.753375754259265198e-19
4.578236470217746147e-20
-3.371431433034959780e-20
2.422064709231324130e-20
-1.668041002063939633e-20
1.099878113915814879e-20
-6.935002128040749511e-21
4.171105563093290881e-21
-2.389288717814375675e-21
1.314354701574834144e-21
-7.033121165464809189e-22
3.906259921324042369e-22
-1.435549555138164516e-22
9.770259238452166928e-01
3.834165329821734650e-03
-3.988578884806799851e-05
3.125244095055157757e-07
-2.261540890175140257e-09
1.812451768929023561e-11
-1.811104561870941701e-13
2.135541784152912148e-15
-2.662771460460646461e-17
3.371242158472597591e-19
1.037282032414837074e+00
8.588145664598803228e-03
-2.746083735491132438e-02
1.883174651429502661e-02
-6.715586138096266144e-03
-2.581265706687772767e-04
2.244454608472288074e-03
-1.798248740374235564e-03
8.549428101072021604e-04
-2.089850375203688028e-04
-5.641339958383783672e-05
9.717040081268240757e-05
-6.073010611798048119e-05
2.222416195903660489e-05
-1.921395288067511272e-06
-3.842289956478257701e-06
3.120625272825027892e-06
-1.280205784094699613e-06
2.554996741963079458e-07
1.022214741277608807e+00
-7.597587242511271745e-03
1.289499022854842742e-03
-2.152398856914499944e-04
3.483809376902111311e-05
-5.358186240583734302e-06
7.584105035790703665e-07
-9.243877000696904057e-08
7.739403439567670323e-09
3.096976479974255684e-10
-3.662410308583667241e-10
1.201401659204633177e-10
-3.071061864869424682e-11
6.986468477533516230e-12
-1.480203150705298189e-12
2.981962473117811367e-13
-5.780251742825001624e-14
1.119698740939311216e-14
-1.969048086487677151e-15
1.007030942433596366e+00
-5.371154820478758231e-03
2.051586829900006563e-03
-7.836262026047512760e-04
2.993100491496251308e-04
-1.143194703214788529e-04
4.366096652248275411e-05
-1.667321364038777784e-05
6.365942280734612576e-06
-2.429784100415252754e-06
9.269375300355665436e-07
-3.533385426832916496e-07
1.345321909019073192e-07
-5.113916533125026178e-08
1.940039216901334868e-08
-7.353577234267250680e-09
2.821595851482481135e-09
-1.200560163533795532e-09
3.934189521726342347e-10
1.001572166891792959e+00
-1.572166891792876799e-03
-6.063353392434040091e-20
5.517488367519659260e-20
-4.833163825479544009e-20
4.074081641397703975e-20
-3.303189595838722352e-20
2.574463651049510898e-20
-1.927409835111232537e-20
1.384882565269422340e-20
-9.539910100729310276e-21
6.292485583024806956e-21
-3.968379174100604311e-21
2.389176823902884086e-21
-1.371888336905436090e-21
7.532992916696350342e-22
-4.026669573079858950e-22
2.248278697386728030e-22
-8.276026957423674579e-23
2.026015037593985602e-01
