1.128770499541431160e+00
-1.600987603479264373e-02
1.134704263476601075e-04
-8.575556297351562371e-07
7.016906899426800399e-09
-6.223431402196624352e-11
5.909576272675757803e-13
-5.898729648522904863e-15
6.101166133431037310e-17
-7.087553438970022119e-19
3.779962026895293259e-01
-5.109543486481590291e-01
2.118563664934960677e-01
-4.872046863522746379e-02
-7.219903244277858095e-03
1.512369583642852663e-02
-9.692065089900225860e-03
4.099687495042905402e-03
-1.069405327775303262e-03
-3.806122939853100754e-05
2.437957834351827681e-04
-1.724298053555902799e-04
7.849860270049124618e-05
-2.361008369569911997e-05
1.935347247147322635e-06
3.135997624578617928e-06
-2.645628749920643626e-06
1.452202049604374487e-06
-4.831637815809575556e-07
1.169440875036779383e-02
-1.353561831265589349e-02
4.723677121677570707e-03
-1.228565770171800072e-03
2.662898833934348574e-04
-5.154507854306110865e-05
9.310870399016772905e-06
-1.610812069144275490e-06
2.704047612733157722e-07
-4.424886089364635130e-08
7.055799495895772393e-09
-1.092516986584095104e-09
1.632225442406663910e-10
-2.327772828103741098e-11
3.107463987647707122e-12
-3.724309614485487914e-13
3.554597181740700799e-14
-1.010123020658893490e-15
-5.906902557053752560e-16
2.372828666346049901e-04
-4.501941543164380524e-04
3.847805911487721170e-04
-2.972934077980222533e-04
2.086974767860179044e-04
-1.339556246075043094e-04
7.918053378213982414e-05
-4.343185678472173385e-05
2.228220458307114408e-05
-1.077809784397816306e-05
4.954730043971300305e-06
-2.181657193459639303e-06
9.270529273837201225e-07
-3.828685682016041448e-07
1.547177939742157248e-07
-6.166548003129460907e-08
2.472334630503113944e-08
-1.098717082724562462e-08
3.697485177100582081e-09
-2.037925282834523460e-10
3.907417487705088536e-10
-3.440974084795906169e-10
2.779097532692598839e-10
-2.052755131026559338e-10
1.380719614240495227e-10
-8.403367893445232496e-11
4.585061693415157270e-11
-2.211578626462960282e-11
9.221305826492679754e-12
-3.193163149243646220e-12
8.410976750172479996e-13
-1.237336505752244025e-13
-1.722834844312303433e-14
1.638711598101087029e-14
-3.822962244931953343e-15
-3.800094969239851344e-16
4.508652575089711567e-16
-7.869593355138203781e-17
5.214267808592031317e-01
5.622465234413092337e-03
-3.670807414095512272e-05
2.213207793356614680e-07
-1.230037148041074953e-09
6.488169696785508323e-12
-3.539482018359915057e-14
2.347399049708352321e-16
-2.149058065282211253e-18
6.496180912892030752e-20
7.923664665551928277e-01
1.891323126183057646e-01
-7.115742691388926566e-02
1.738754939610283323e-02
1.679332187970500019e-03
-5.172757911183071752e-03
3.647628848031544708e-03
-1.651884012150770355e-03
4.454983891116064978e-04
3.112546310930415120e-05
-1.224509013987141559e-04
8.448390089221440903e-05
-3.558936751134220779e-05
7.621501670721611214e-06
2.216694573332561650e-06
-3.233730971333504255e-06
1.769031152746024747e-06
-4.976076401127611378e-07
3.321157275104181595e-08
9.476842052460567878e-01
1.750768417424782356e-02
-2.937628902101159251e-03
4.953142784704818707e-04
-8.405253540189615866e-05
1.435480371118591843e-05
-2.462705933782404305e-06
4.230908530820092892e-07
-7.252972236678650719e-08
1.236499344181408395e-08
-2.089971211393505873e-09
3.492011301973148487e-10
-5.749117575117894095e-11
9.289498607926420202e-12
-1.465275584339625274e-12
2.238592234327394689e-13
-3.271321108608562913e-14
4.529276829759544041e-15
-5.469137454472938586e-16
9.831831438090408160e-01
1.273881926641486605e-02
-4.824861787221738918e-03
1.827445433970927144e-03
-6.921683820863778949e-04
2.621766808603198163e-04
-9.931241037867864438e-05
3.762353679232971807e-05
-1.425579847819596164e-05
5.403066832599465496e-06
-2.048613232688988772e-06
7.771716692067614666e-07
-2.950458157992646807e-07
1.121184445245350467e-07
-4.266759649532408769e-08
1.630022162774866192e-08
-6.347041605926450195e-09
2.765334857792422182e-09
-9.217162269943295967e-10
9.962076689354729675e-01
3.788732500532663444e-03
3.595149296942596253e-06
3.411457120736778164e-09
3.237150549498057786e-12
3.071787542570731452e-15
2.885590884404642850e-18
2.456411386246746114e-20
-1.552229453014364224e-20
1.050684955635456881e-20
-6.742826279104615627e-21
4.111544343418624419e-21
-2.373863952339203105e-21
1.285584037641172824e-21
-6.516679483721041276e-22
3.130567233404279969e-22
-1.383685726322626172e-22
6.087954302712581700e-23
-2.004331865051614493e-23
1.069663844415903231e+00
1.583971990342305115e-03
-2.059055584584415608e-05
1.879583571492530743e-07
-1.539070167491185680e-09
1.229199862086297869e-11
-1.009787689633153710e-13
8.824234362593268226e-16
-8.301064613128813002e-18
9.744106747316291925e-20
1.065195115642740387e+00
-2.584106131574514034e-02
-7.670555665904376687e-03
9.638706327098478868e-03
-4.248113508944640314e-03
4.047521255580838716e-04
8.826326741187212957e-04
-8.138441878824040614e-04
4.159909950457588222e-04
-1.217816433474838797e-04
-7.713157665712851244e-06
3.565380957782953770e-05
-2.576036951373429512e-05
1.142158317288631367e-05
-2.764828552139891307e-06
-4.876726177071511626e-07
9.804901042574184681e-07
-6.978788185259233393e-07
2.611574460750590210e-07
1.026847607591099720e+00
-9.158806459301413114e-03
1.544226551453893722e-03
-2.545648310136031838e-04
4.046500539361042368e-05
-6.098558678675768569e-06
8.507767057551266539e-07
-1.048849294471864087e-07
9.993699429536113470e-09
-2.455031704026503643e-10
-2.151483437953040523e-10
8.017311883029745135e-11
-2.075385466205730119e-11
4.646791395595610422e-12
-9.574310251361074370e-13
1.862842377083285851e-13
-3.468736780661498587e-14
6.404317269801896124e-15
-1.075048637246057031e-15
1.008503354153508669e+00
-6.495925033704999345e-03
2.481163616473003493e-03
-9.476700027354688187e-04
3.619372053650656658e-04
-1.382166076118021331e-04
5.277134419886222229e-05
-2.014108265700141395e-05
7.682755012514295767e-06
-2.927937070357557552e-06
1.114369941852779632e-06
-4.233308836306277750e-07
1.604069142292123771e-07
-6.058049619116128384e-08
2.278931705066795407e-08
-8.546338315843012973e-09
3.234691468480630367e-09
-1.352215081033222321e-09
4.379075129739099953e-10
1.001901417919808912e+00
-1.901417919808796701e-03
-8.283505976075573007e-20
7.420731132708416922e-20
-6.358245003572299102e-20
5.207664463584251174e-20
-4.074181059985894306e-20
3.041694009064739034e-20
-2.164469127919479175e-20
1.465915935360174320e-20
-9.431985175051728521e-21
5.752634732885249447e-21
-3.316669374212043332e-21
1.801407653234431042e-21
-9.178155613198537453e-22
4.368409960230853348e-22
-1.950147192525695443e-22
8.700110382695255246e-23
-2.767981262499412588e-23
5.552781954887218152e-01
