7.408728083057412039e-01
-5.503501642322701157e-03
2.039179843682463654e-05
-7.853554273685783874e-08
3.132800124266995778e-10
-1.291796059320009105e-12
5.498725436108109904e-15
-2.405586300669896325e-17
1.843907850597133007e-19
-6.026877838439463743e-20
3.094522386390313184e-01
-3.471221558508651994e-01
9.985327393265826246e-02
-3.764553358327179470e-03
-1.325648522810379988e-02
8.504856975865551436e-03
-3.035047475835569216e-03
4.892624961278092648e-04
1.867067105587719481e-04
-1.924676797632537820e-04
8.786899060410709075e-05
-2.293793080630355581e-05
-6.619886508328099012e-08
3.747065442712427433e-06
-2.305913188005657125e-06
8.219068900440121765e-07
-1.283298216130671982e-07
-8.154173106917332297e-08
5.719410165631539093e-08
2.136296516934239539e-02
-2.159306897486690940e-02
6.449141400036764379e-03
-1.446866602924366243e-03
2.745362485104300369e-04
-4.710910877565222161e-05
7.571069314809130438e-06
-1.154211209952589983e-06
1.664006598291660473e-07
-2.229781289703017391e-08
2.665005656309714213e-09
-2.525752355537401290e-10
8.928076727349075595e-12
3.983740538830764831e-12
-1.523610809193564688e-12
3.818805594926960319e-13
-8.153717479396049621e-14
1.638331781384512198e-14
-2.888720742357366844e-15
7.030991798177218003e-04
-1.316560953084341739e-03
1.083055832810399504e-03
-7.879435563539674949e-04
5.117107125920871899e-04
-2.999148011576160803e-04
1.605109569494481158e-04
-7.938580812074077565e-05
3.671810891569269111e-05
-1.606776184277259060e-05
6.726149965974050354e-06
-2.721084829411126081e-06
1.073479831652843838e-06
-4.161022764849618562e-07
1.594484909622146482e-07
-6.078245620195084700e-08
2.344102839652347276e-08
-1.004490100990761517e-08
3.310982033965737765e-09
-3.577382688354729227e-11
6.796903856367446008e-11
-5.821922182672994429e-11
4.483684904009316052e-11
-3.088789704573271295e-11
1.887744923555582028e-11
-1.010335409109579178e-11
4.636532818801868472e-12
-1.757282693115540455e-12
5.078860234326867079e-13
-8.665600197791299948e-14
-6.699356920477801044e-15
9.489761677498300693e-15
-2.248162830729455847e-15
-3.168497864185397383e-16
3.078579441683542990e-16
-3.147915149143375886e-17
-2.712193054010737885e-17
8.211639190350980600e-18
6.416096384535623365e-01
1.990045697981918972e-03
-7.317222719155323762e-06
2.740471566804086118e-08
-1.012996122280795935e-10
3.681765599547471173e-13
-1.319885844146066348e-15
4.690760521731347371e-18
-2.299195309353386517e-20
1.083182630217150038e-20
8.051725335271147088e-01
1.362530558407328007e-01
-3.301582941752068817e-02
9.096470137430119098e-04
4.488092599287978567e-03
-2.958642445445134380e-03
1.119086754034483112e-03
-2.067211158895099178e-04
-6.000595894116159725e-05
7.275922951332754532e-05
-3.512861538975445400e-05
9.411558166503333124e-06
1.575523640173946724e-07
-1.695566061165804304e-06
1.015075579893589542e-06
-3.354614992725270264e-07
3.096632394827233801e-08
4.992841828697546700e-08
-2.926856661745432790e-08
9.367772170201548176e-01
2.092531753585913021e-02
-3.439493724277836988e-03
5.589407830057063460e-04
-8.942987383334512035e-05
1.404446054499905162e-05
-2.159533078068668283e-06
3.241098854509300745e-07
-4.721579595267133119e-08
6.606026912849410432e-09
-8.694277959551317692e-10
1.028684914082514409e-10
-9.599568476572079360e-12
2.659782686524395941e-13
1.867994623554518181e-13
-7.016589435932373157e-14
1.810632924550590463e-14
-4.189682448352513131e-15
8.205695241296904160e-16
9.795747559391361214e-01
1.544363504520073101e-02
-5.838379877510645188e-03
2.207071322894684200e-03
-8.342650376242244240e-04
3.153014651366791549e-04
-1.191342208537084376e-04
4.499557127746389100e-05
-1.698390065828199737e-05
6.405156270521115076e-06
-2.412791885707431439e-06
9.075538532642951355e-07
-3.407652079624381994e-07
1.276914554083256105e-07
-4.775337330518401938e-08
1.785390474054178610e-08
-6.765136469736909271e-09
2.846748335121266791e-09
-9.274135797394804270e-10
9.953855007406784416e-01
4.609169648450463230e-03
5.323455327325341319e-06
6.148434269836805362e-09
7.101260675539335453e-12
8.201746669221211481e-15
9.473105263754819308e-18
1.070039305773256727e-20
1.801208169507566772e-22
-8.939463087074744862e-23
4.695921523594826678e-23
-3.045179923617686025e-23
1.695629167407562577e-23
-1.107429456700211194e-23
2.118476707106348604e-24
-6.741064695179574006e-25
1.206987444089015291e-24
4.543428860715343698e-25
-9.012090833774733172e-25
1.109874720605346976e+00
7.739404571342899824e-05
-1.951288010117411239e-06
1.201078276344873440e-08
-5.988359922593080778e-11
2.748203673264795142e-13
-1.212499276676338903e-15
5.251200569713020991e-18
-2.167843346872787273e-20
1.241129677019751315e-21
1.079161048814095469e+00
-3.592068081661840134e-02
-2.821321754599702717e-04
3.943748659712303407e-03
-1.445634901494134011e-03
-4.457187732273645598e-05
3.106927994985170857e-04
-1.723199210559064182e-04
4.205775443896265126e-05
8.269107308626823006e-06
-1.349829582387066240e-05
6.952186816424759642e-06
-1.837204961797638496e-06
-1.426115371417717108e-07
4.322341735377425161e-07
-2.468945754438093532e-07
7.376262998903706895e-08
6.664700465932729536e-09
-1.297544536586292457e-08
1.032549345647962857e+00
-1.094385674088746083e-02
1.780223680735244264e-03
-2.742569883892630243e-04
3.903956091065612148e-05
-4.948611500034402390e-06
5.118282691624650142e-07
-2.880444991048860437e-08
-4.597726489122635872e-09
2.222815354520831301e-09
-5.803429151972165490e-10
1.242850630569416574e-10
-2.382408997312062758e-11
4.213427224178133219e-12
-6.943946142490887227e-13
1.064008987504629766e-13
-1.491411801787437624e-14
1.836163450992721902e-15
-1.718079568859436438e-16
1.010353611097908777e+00
-7.908670989853622268e-03
3.020154528664812169e-03
-1.153032545037600354e-03
4.399865363829275609e-04
-1.677480417870512029e-04
6.386258235612699127e-05
-2.425813634352040445e-05
9.184088373694198498e-06
-3.461230635114961276e-06
1.296618224638270285e-06
-4.820627242041590789e-07
1.775854444106142106e-07
-6.471823065580040797e-08
2.329689077518893758e-08
-8.278069875365445185e-09
2.926897677544324823e-09
-1.118027319501519217e-09
3.396171965856111704e-10
1.002315286240025971e+00
-2.315286240026018325e-03
-3.491801775354745941e-21
3.052555642397155970e-21
-2.524634207475376365e-21
1.973905729298606189e-21
-1.457394661214957933e-21
1.014236152757125722e-21
-6.635892853769785272e-22
4.069566285023397887e-22
-2.330567759945285287e-22
1.239944312077748485e-22
-6.085625816808292414e-23
2.729485159858632025e-23
-1.103649034734500329e-23
3.932738256845951496e-24
-1.181893312127497930e-24
2.735424883340351777e-25
-3.801599299355695918e-26
7.428721804511277949e-01
