1.494906103632026806e+00
-2.331459039787013923e-02
1.685710160853528671e-04
-1.325916010433217048e-06
1.221101310677084902e-08
-1.298329623798986935e-10
1.497891891178191548e-12
-1.789892660443546092e-14
2.174319774834829328e-16
-2.710125830555434284e-18
4.676336592050006069e-01
-6.721444363736638339e-01
3.035548762786217658e-01
-7.915943932545620176e-02
-6.621578737221944441e-03
2.198987045302501497e-02
-1.500082028560985499e-02
6.477354467853627638e-03
-1.628468724450335327e-03
-1.499094699736019639e-04
4.380493736559314794e-04
-2.806805392963298185e-04
1.103919229061766462e-04
-2.217528099656564965e-05
-5.554573327551579020e-06
7.500994812656864814e-06
-3.506785415326928633e-06
4.503321178184976113e-07
2.580011548865054350e-07
8.548588800738367299e-03
-1.083237414812813180e-02
4.225898237031198990e-03
-1.222863702244322403e-03
2.909897337622737758e-04
-6.084638443449003309e-05
1.169746696946853729e-05
-2.130827131130222685e-06
3.746210671156188407e-07
-6.417363602811388963e-08
1.074804553545460314e-08
-1.759200838192234515e-09
2.805342524428938629e-10
-4.334804594705854791e-11
6.433027427297627672e-12
-9.029508711385358198e-13
1.162550857526242668e-13
-1.269293714172363469e-14
8.977148097850303437e-16
1.118239025961585432e-04
-2.139303880034495260e-04
1.873611451320317289e-04
-1.505346748818186078e-04
1.112917601208398492e-04
-7.601124677904496762e-05
4.818138008856499025e-05
-2.848939283386624035e-05
1.579931508833562343e-05
-8.264084572130369954e-06
4.100654880764935327e-06
-1.941547429982515400e-06
8.822864817309920683e-07
-3.870452137445510804e-07
1.648924737795629749e-07
-6.877277191371102974e-08
2.866831099459468793e-08
-1.318138892023431407e-08
4.516611691140855421e-09
-1.970819385222769535e-10
3.802408161160552263e-10
-3.412431153285570933e-10
2.846172898145865557e-10
-2.202418136968134712e-10
1.577076801902493654e-10
-1.041180377431469811e-10
6.305288871463062298e-11
-3.477774393931827410e-11
1.729425562306609955e-11
-7.636646428939692565e-12
2.921693075422121012e-12
-9.257355401991994921e-13
2.186076104197355738e-13
-2.456571859557592979e-14
-7.392939595015487565e-15
4.736030755998516101e-15
-8.488256571438258723e-16
-1.284920863306414169e-16
4.508210753850224739e-01
7.618946453703543190e-03
-4.253096470924799311e-05
1.524848705087185485e-07
-1.212428663360378584e-10
-1.816257311620739160e-12
-6.554996927104016655e-15
4.162282588319200288e-16
-6.675422110369793464e-18
8.675626411718086574e-20
7.911719999197016628e-01
2.213445046312811637e-01
-9.824338302434942882e-02
2.971891202914432942e-02
2.581582789559359168e-05
-7.581214282497375501e-03
6.058938782837461345e-03
-2.856069913852603975e-03
6.982433689498784369e-04
1.748081224870799515e-04
-3.034093871243836917e-04
1.824769948989547980e-04
-5.943150625020950567e-05
-2.052941578145317520e-06
1.665867631443636142e-05
-1.169300184952783106e-05
3.930140732560627200e-06
8.989381677790383794e-07
-1.148986683925658362e-06
9.575498064598755299e-01
1.429092685447202506e-02
-2.418332952836137716e-03
4.138658698439920511e-04
-7.213751755871182069e-05
1.287063533358448600e-05
-2.350456872733089679e-06
4.369271780213455638e-07
-8.196210612699390644e-08
1.538144192682194758e-08
-2.868086324490827563e-09
5.289022242751200083e-10
-9.616851644465111799e-11
1.720373723694171648e-11
-3.021848096640880326e-12
5.199225715906218690e-13
-8.737821795762064532e-14
1.462734902959229056e-14
-2.249901343060292294e-15
9.864005537133335721e-01
1.031832270120695838e-02
-3.914421568949697644e-03
1.485006991149140712e-03
-5.633710338648736981e-04
2.137326488212959853e-04
-8.108997752844455183e-05
3.076807211634977155e-05
-1.167611072237590522e-05
4.432056601406077655e-06
-1.683016456941369548e-06
6.395040546691787568e-07
-2.432221520504499717e-07
9.263139372325349511e-08
-3.535644014695636869e-08
1.356447761816529647e-08
-5.315939046350916566e-09
2.338612294845741197e-09
-7.848009165806034542e-10
9.969381740486145116e-01
3.059479285372959569e-03
2.344867464444885756e-06
1.797169685838545094e-09
1.377399242971140523e-12
1.055751296817954422e-15
7.479308731007876447e-19
4.843788964237469853e-20
-3.594103700599902394e-20
2.593218975231987996e-20
-1.794822708851405411e-20
1.189958267855129900e-20
-7.549713070803320220e-21
4.582409267883246944e-21
-2.653113584983362493e-21
1.468167042286617191e-21
-7.943863168074921343e-22
4.507520765570721676e-22
-1.672026847398673384e-22
9.662273814181713272e-01
3.979608151540681843e-03
-3.979510859431871901e-05
2.986642723233296689e-07
-2.071622992337536113e-09
1.628123272121566571e-11
-1.640802100241066236e-13
1.950513454271157590e-15
-2.421606354694641000e-17
2.979297933157093221e-19
1.033737587761579979e+00
1.301287293664281364e-02
-2.977543221432980142e-02
1.966257487186191463e-02
-6.747347306745187304e-03
-4.845747398201907179e-04
2.442493796452823839e-03
-1.891551223191214855e-03
8.706067035756566170e-04
-1.934999017546236346e-04
-7.347559765487841064e-05
1.061222058552829453e-04
-6.274321555940019627e-05
2.113639031075660750e-05
-4.360790001652120261e-07
-4.708302924917273478e-06
3.343567365725690123e-06
-1.134407237433057229e-06
1.314839436366187066e-07
1.021692837438018753e+00
-7.419476445900564238e-03
1.259386772290351821e-03
-2.102141269855240283e-04
3.400594838967143291e-05
-5.218670809109219810e-06
7.338826746146053229e-07
-8.777265667842968656e-08
6.776407930159488956e-09
5.193567850174118441e-10
-4.127132559422168149e-10
1.303634130658231318e-10
-3.291323887453007960e-11
7.448796900672994787e-12
-1.574612929118928255e-12
3.169533106969428828e-13
-6.143278473404260788e-14
1.190377057344528655e-14
-2.094133621126085640e-15
1.006865650643096188e+00
-5.244884416610078905e-03
2.003357095854670002e-03
-7.652051722584753092e-04
2.922747310432141643e-04
-1.116329094935735838e-04
4.263530370861296067e-05
-1.628180661762897139e-05
6.216681110919950204e-06
-2.372927302179825003e-06
9.053156104251951008e-07
-3.451354979537399902e-07
1.314300525786893722e-07
-4.997083708131302111e-08
1.896247758215602479e-08
-7.190060168414365921e-09
2.759989326768677060e-09
-1.174912509702106870e-09
3.851295939155928913e-10
1.001535206302241798e+00
-1.535206302241681016e-03
-6.013979882913618390e-20
5.479145639251850107e-20
-4.807726271228501576e-20
4.061579589680369402e-20
-3.302050512644428121e-20
2.582021506708165242e-20
-1.940530815110236195e-20
1.400551514799595599e-20
-9.697421613401598459e-21
6.433867786913207504e-21
-4.084596841505162630e-21
2.477857768836816521e-21
-1.435330192713488026e-21
7.963963834454098580e-22
-4.312008624228472548e-22
2.443054038764478931e-22
-9.068217154465637010e-23
1.200601503759398669e-01
