1.396486942400265718e+00
-2.238831360944969207e-02
1.718118531053038870e-04
-1.429676413120899487e-06
1.356330579823211018e-08
-1.457721435144823598e-10
1.700906730518940158e-12
-2.072162218707394969e-14
2.581082407403941675e-16
-3.256975490572264103e-18
4.386388881398334827e-01
-6.248630434224274888e-01
2.808430524698902753e-01
-7.448465405200364875e-02
-4.390149221459534179e-03
1.928545498561632168e-02
-1.364157892739682396e-02
6.188763003317589162e-03
-1.769454128341029810e-03
2.887359030051990709e-05
3.428180419255619769e-04
-2.570384355852409057e-04
1.180342041734694879e-04
-3.434938399595950686e-05
1.781971049807335009e-06
5.036550533742333117e-06
-3.591489426098805351e-06
1.427004445624261360e-06
-3.068333252214601453e-07
9.034705011413459233e-03
-1.119150531668824944e-02
4.242435086819747701e-03
-1.194066635899324871e-03
2.773106108660992539e-04
-5.684109891040064908e-05
1.075829009682373917e-05
-1.936258130311503508e-06
3.371367597419154265e-07
-5.727037373076844962e-08
9.516872545839127687e-09
-1.545747612275562559e-09
2.446211516842460546e-10
-3.751683198753819786e-11
5.528054152730669846e-12
-7.709468927842519793e-13
9.876560230156523075e-14
-1.077670336655724017e-14
7.748565801487470770e-16
1.335333479691774763e-04
-2.549383453720903739e-04
2.219282348269419969e-04
-1.765763797965454890e-04
1.288580001731494775e-04
-8.663691811837818707e-05
5.394650247401680976e-05
-3.128745753589354489e-05
1.700331616982327961e-05
-8.712748428146425259e-06
4.236196949925361510e-06
-1.966766421437122379e-06
8.774329257268855179e-07
-3.784819112831012630e-07
1.588384329835845197e-07
-6.538247570202277144e-08
2.694455653437004926e-08
-1.226444145320444386e-08
4.180049769793151766e-09
-1.946044116564829482e-10
3.748660758575246569e-10
-3.348091442815784088e-10
2.769855423515456759e-10
-2.118361413625567044e-10
1.493260001708643734e-10
-9.660959872073252666e-11
5.702478191449697836e-11
-3.045005433524036064e-11
1.452801410394534088e-11
-6.075108753763831363e-12
2.154314539319480016e-12
-6.058032084216441915e-13
1.111363015048016831e-13
8.826822302086533844e-16
-9.327544700037074929e-15
3.190320116091428623e-15
-9.748100490960536550e-17
-2.508970662726386614e-16
4.634774473382780036e-01
7.470562530806843828e-03
-4.699201139907318659e-05
2.260786647638279159e-07
-7.324865942077616171e-10
1.197018733095232503e-12
-1.197334302535731304e-14
3.955067655023992633e-16
-7.166814586339073595e-18
8.311337725634420372e-20
7.896761015316496879e-01
2.141294406423851771e-01
-9.190556245049806561e-02
2.730664740288798673e-02
-2.442624903468018182e-04
-6.565535447702910282e-03
5.351920745593020945e-03
-2.632052236137097032e-03
7.521196959055976737e-04
5.773005237949573103e-05
-2.255998489569019491e-04
1.565006894379163257e-04
-6.284843138281555558e-05
8.893103085201413952e-06
8.720804135740469290e-06
-8.530297213219736692e-06
3.849569544240015269e-06
-3.113667432692276279e-07
-4.133782150261840614e-07
9.542905700352085629e-01
1.535811835401426802e-02
-2.591701316204682738e-03
4.413646951343416606e-04
-7.624538770831967198e-05
1.340440881091010760e-05
-2.396912102384156906e-06
4.340245427577455929e-07
-7.907157147947264850e-08
1.439974726033142917e-08
-2.607536941190932346e-09
4.677112105901077994e-10
-8.286582795438393865e-11
1.446785213435289848e-11
-2.483214711684066067e-12
4.177547177927174276e-13
-6.863961486355171195e-14
1.120801972668883868e-14
-1.682119469600947320e-15
9.853401010622026002e-01
1.111700713904269396e-02
-4.215174481507613646e-03
1.598254533169004730e-03
-6.060131288029014770e-04
2.297891426963742938e-04
-8.713620352003245174e-05
3.304509671793993091e-05
-1.253381556768826551e-05
4.755230223787298344e-06
-1.804829631059989289e-06
6.854358018116161607e-07
-2.605451806530893213e-07
9.916344822859928650e-08
-3.781749289174712014e-08
1.449130054508119650e-08
-5.668764142018594917e-09
2.486891660102300149e-09
-8.329206021050699578e-10
9.966976667936774392e-01
3.299604518117466283e-03
2.726433514568443471e-06
2.252827473362441281e-09
1.861490989247533894e-12
1.538196096157735361e-15
1.220403619691777728e-18
4.010058875777897784e-20
-2.894229527526181619e-20
2.055892223245500905e-20
-1.396059613824166147e-20
9.068162807083396611e-21
-5.626965026781810922e-21
3.319559565901311389e-21
-1.862923473986787944e-21
9.937736521268723628e-22
-5.103866831374326352e-22
2.755583774440269505e-22
-9.996239517338981176e-23
1.002006625120326122e+00
3.411249875046159542e-03
-3.855375147516359205e-05
3.289025590956266900e-07
-2.582794690568103444e-09
2.149970904241888498e-11
-2.100911457421141248e-13
2.394657500631264445e-15
-2.956756442922812285e-17
3.753694156346825087e-19
1.045198125949313939e+00
-1.360194248826937687e-03
-2.207911250375675302e-02
1.671192975474451378e-02
-6.443786440098834938e-03
1.538830482159825883e-04
1.811800798190457001e-03
-1.561335230196068437e-03
7.885780749341574688e-04
-2.243636538658841189e-04
-2.503780764360796817e-05
7.679504263912690178e-05
-5.372589071771989599e-05
2.261855316607245975e-05
-4.286108092470440038e-06
-2.093741351358138802e-06
2.488493853630457652e-06
-1.406711797920482068e-06
4.358316981512171634e-07
1.023388123523830240e+00
-7.997118427229372647e-03
1.356606441052216668e-03
-2.262814638723017330e-04
3.662021218604785103e-05
-5.645842121874996914e-06
8.067789709366848181e-07
-1.013091878281640186e-07
9.540602471575476689e-09
-8.367791802322629033e-11
-2.778754513912287373e-10
1.003835133945008247e-10
-2.638662336531082841e-11
6.065769381250069630e-12
-1.289719122175108113e-12
2.598847974833601311e-13
-5.029781089776718026e-14
9.716419645146113101e-15
-1.703775887391447414e-15
1.007402794954524117e+00
-5.655220544393844105e-03
2.160086168134971955e-03
-8.250657413057277834e-04
3.151356790962546233e-04
-1.203621049983440687e-04
4.596741367061892735e-05
-1.755305203822168927e-05
6.701244797835697186e-06
-2.557370310696687507e-06
9.753744968113731071e-07
-3.716676553807058493e-07
1.414378394764153196e-07
-5.372635473846715398e-08
2.036319282200702473e-08
-7.709617384872922653e-09
2.953948202354573713e-09
-1.254630455903516044e-09
4.106620457410038165e-10
1.001655316414529207e+00
-1.655316414529140606e-03
-6.277046671372944739e-20
5.694506537392152526e-20
-4.966752027799713545e-20
4.163281656004129935e-20
-3.352146007720932021e-20
2.590903133095007832e-20
-1.920752212312921607e-20
1.364452967312360592e-20
-9.276845861222571101e-21
6.028119688169146011e-21
-3.737444270743122340e-21
2.206797766252257127e-21
-1.238983629936574638e-21
6.623384144083295058e-22
-3.424901694051298022e-22
1.839801753118336671e-22
-6.620774444209951674e-23
3.226616541353383161e-01
