1.136770993217114167e+00
-1.624689657426032358e-02
1.159672319591080453e-04
-8.831629354381922534e-07
7.291174417581349948e-09
-6.532478982150544815e-11
6.270159218177448608e-13
-6.326907022106887968e-15
6.608012080658856615e-17
-7.436031297016039181e-19
3.795412241017526722e-01
-5.141939457087280063e-01
2.140409033240227576e-01
-4.965942330112683295e-02
-7.032851743383861098e-03
1.521613660723319071e-02
-9.815995240219492837e-03
4.177850335128836454e-03
-1.102615369666377302e-03
-2.988342688549034743e-05
2.449256944231913711e-04
-1.751331853878847363e-04
8.034228528929323113e-05
-2.444782922732102653e-05
2.189458182440370406e-06
3.113725876378129688e-06
-2.680359790100480376e-06
1.488075943839087429e-06
-4.989194360168548859e-07
1.158103691574515447e-02
-1.343419412094398746e-02
4.700673131937639464e-03
-1.225643265190305697e-03
2.662375260178176340e-04
-5.162961745623808582e-05
9.340653459515734685e-06
-1.618246162558496020e-06
2.720393472658104331e-07
-4.458651723289963229e-08
7.122847758249381024e-09
-1.105417128414308962e-09
1.656336300256326107e-10
-2.371581698177977878e-11
3.184840854610894641e-12
-3.857048899891447468e-13
3.775443446807837429e-14
-1.373611388890434789e-15
-5.358600548483994568e-16
2.327833370255895894e-04
-4.417489624995359640e-04
3.777921623780118110e-04
-2.921767549458190237e-04
2.053665740932847231e-04
-1.320166840538236402e-04
7.816551895584053456e-05
-4.295155249901187570e-05
2.207595270804950317e-05
-1.069758346633481161e-05
4.926220838814175631e-06
-2.172594432756098333e-06
9.245429950888488899e-07
-3.823179656757154793e-07
1.546628996620325780e-07
-6.169960089608894789e-08
2.475595027827284307e-08
-1.100897391474758589e-08
3.706138107990919576e-09
-2.033224379893439239e-10
3.898994396534910999e-10
-3.435134367369557105e-10
2.776557529936529122e-10
-2.053217331199347074e-10
1.383165523111004250e-10
-8.435356361606115951e-11
4.614699859476159722e-11
-2.233641105076540211e-11
9.357694861932246193e-12
-3.263218977562793468e-12
8.702417974561843109e-13
-1.328627028004390680e-13
-1.556446950846026692e-14
1.654633854193375293e-14
-4.052874515773943447e-15
-3.147774648605131434e-16
4.573391631990689165e-16
-8.757518637937633318e-17
5.192759313623089845e-01
5.698788898184882143e-03
-3.736849147956355460e-05
2.255886080337880153e-07
-1.251858351292561057e-09
6.583127717772779948e-12
-3.596362281016869151e-14
2.425249028926910136e-16
-2.216399969096303172e-18
3.355503195411594894e-20
7.921805105979264905e-01
1.900111426551812921e-01
-7.185810920617716202e-02
1.773388208702727717e-02
1.593028776668869648e-03
-5.201851410170365946e-03
3.697073160221352617e-03
-1.684924894942287348e-03
4.591919602827640207e-04
2.877720723681581464e-05
-1.240984085009674311e-04
8.635560088837621582e-05
-3.661826439322693754e-05
7.943029165636268952e-06
2.225647947476652430e-06
-3.316946030360415759e-06
1.825608139566625998e-06
-5.174668107568397240e-07
3.610174174465966655e-08
9.478651740570239737e-01
1.744919203323428911e-02
-2.928346753349686093e-03
4.939092886024779114e-04
-8.386153413061849405e-05
1.433488741065759872e-05
-2.462324129627243023e-06
4.236813370141376933e-07
-7.276229326794557586e-08
1.242959975688352087e-08
-2.105494247893159033e-09
3.526342755864623888e-10
-5.820989268118529029e-11
9.434033934557344746e-12
-1.493427811864178391e-12
2.291943127085374339e-13
-3.369993026661705448e-14
4.712950476816178790e-15
-5.782409619745524014e-16
9.832424008591715836e-01
1.269431248064513927e-02
-4.808148750042805578e-03
1.821169734199813012e-03
-6.898119556557537769e-04
2.612918905204789479e-04
-9.898018667194433183e-05
3.749879160831390539e-05
-1.420896126262042126e-05
5.385485755376068691e-06
-2.042018479200939408e-06
7.747016175369491254e-07
-2.941232287672359313e-07
1.117754665370819558e-07
-4.254102291774259988e-08
1.625397226335779867e-08
-6.330218327481713858e-09
2.758741543503519931e-09
-9.196869959832627792e-10
9.962211448427839011e-01
3.775282152108167671e-03
3.569626739416098793e-06
3.375174237465853928e-09
3.191314330114292264e-12
3.017508270546712472e-15
2.823229874704068906e-18
2.501199762803880312e-20
-1.589933609491453024e-20
1.078548766640128395e-20
-6.941000317617459356e-21
4.238555717857027484e-21
-2.450188068417867240e-21
1.326563240849401051e-21
-6.776566039880980502e-22
3.273888493176276321e-22
-1.442645204026405478e-22
6.483688378078322129e-23
-2.185440963249583604e-23
1.068210942507576089e+00
1.634006093806359078e-03
-2.121344080588836789e-05
1.942173163337600511e-07
-1.596684023240937099e-09
1.282282481205732027e-11
-1.061821326187364148e-13
9.377909339031719674e-16
-8.910215171922001604e-18
9.139117127049931793e-20
1.064771806391359599e+00
-2.536656598302580723e-02
-7.969854522755392967e-03
9.812551670355411024e-03
-4.320430579071174795e-03
4.135499046706153105e-04
8.991277115575856387e-04
-8.318575558794698158e-04
4.270102650173017976e-04
-1.261057928164539528e-04
-7.121834886826022152e-06
3.632824318111986235e-05
-2.646597980176793304e-05
1.181688959166517702e-05
-2.902616832179783196e-06
-4.758472411095778598e-07
1.004873391431614575e-06
-7.233106838341127557e-07
2.723040999132448935e-07
1.026752686202877740e+00
-9.127476523690395555e-03
1.539411336861155584e-03
-2.539227438173082690e-04
4.040204690858528952e-05
-6.097608116932591825e-06
8.523206128999448668e-07
-1.053930475228353827e-07
1.010691188488126672e-08
-2.659462636379655462e-10
-2.121144426511645626e-10
7.984631503101346952e-11
-2.074960760720384073e-11
4.657902014982714072e-12
-9.618130702272961797e-13
1.875229390452367173e-13
-3.499154757239532411e-14
6.475953803467738618e-15
-1.089601086106584690e-15
1.008473012504549349e+00
-6.472748894195858374e-03
2.472313620379544465e-03
-9.442917036018642603e-04
3.606484733160731098e-04
-1.377256023167418655e-04
5.258468085892847144e-05
-2.007037746647980471e-05
7.656126426827336248e-06
-2.917994842836719455e-06
1.110704148139922033e-06
-4.220029383826237979e-07
1.599374895689249373e-07
-6.042010205297322262e-08
2.273712485041308868e-08
-8.530608753627996576e-09
3.230600154015539636e-09
-1.351519088395446816e-09
4.379046842353551122e-10
1.001894632787603046e+00
-1.894632787602999356e-03
-8.198375746313043267e-20
7.347491787401530518e-20
-6.299155107993721401e-20
5.163180705027373058e-20
-4.043192388881417530e-20
3.022001517846330223e-20
-2.153362699812642929e-20
1.460700469354652297e-20
-9.415680915523391903e-21
5.754873839604243497e-21
-3.326086847190472120e-21
1.811646418359861560e-21
-9.260955119572919338e-22
4.425427481794119695e-22
-1.985742700636754972e-22
8.920086497067941650e-23
-2.852301811208947432e-23
5.502756892230575847e-01
