2.685989119046975487e-02
-9.637540926270065090e-07
1.232325326614398050e-11
-1.434698087638280928e-16
1.096364443302720348e-21
2.097441046198793933e-22
1.426334875028664376e-22
-1.755976743608763658e-22
1.059965963246761058e-22
9.576958699744277582e-24
2.640683000683809872e-02
-5.848006397593453380e-04
-1.308285832164647752e-04
2.103779066073400655e-06
2.244026276096087631e-07
-5.109654052564069315e-09
-3.377664796749510007e-10
1.062224452975034838e-11
4.727165034061255202e-13
-2.033423930044493391e-14
-6.177267474804386904e-16
3.691990008412549231e-17
7.267150253329010886e-19
-7.927752482565013416e-20
-9.151134087519023100e-21
2.343504486328009764e-20
-1.294817572926431432e-20
-9.188126485681365505e-21
1.127547991513422860e-20
2.423826830959198431e-02
-1.555118789103447597e-03
-9.477926373823641816e-05
5.174181690254990603e-06
7.919190859436591335e-08
-1.063218119303856083e-08
6.872431802527308936e-11
1.645718250784407558e-11
-4.340963639362433897e-13
-1.865103433084854265e-14
1.081923973685123597e-15
9.300848033526912321e-18
-1.957597149434823582e-18
2.493981409333770769e-20
5.898765923722379166e-21
-7.782777689907951612e-21
3.888621398480190256e-21
7.907977558143420604e-21
-5.204280395411977244e-21
1.003696350478441510e-02
-1.055834112854809985e-02
2.279286081144112422e-03
5.477846104188360821e-05
-1.731943863160381823e-04
4.995286096237919502e-05
-5.105521080542536349e-06
-1.256397581475943539e-06
6.646259188322999263e-07
-1.351452874729630731e-07
5.462254375874346432e-09
5.670975904589814009e-09
-2.063246192013325009e-09
3.346257085751846300e-10
8.074480394885003445e-12
-2.086110567320585382e-11
6.094493830455343787e-12
-6.938113421719715485e-13
-9.622645013835609818e-14
4.268524609205789108e-04
-7.168907325523460154e-04
4.106675740533326778e-04
-1.371385014680607617e-04
6.387478741268807711e-06
1.384348376970423885e-05
-2.398335207930117455e-06
-1.928604088709661625e-06
3.173157723825977950e-07
3.658447564689120328e-07
-4.153668972550970778e-09
-7.338919053051451984e-08
-1.701312379432646873e-08
1.125013174388961645e-08
7.455909965424484173e-09
-4.198294196177960804e-11
-1.726662000401776438e-09
-4.854581386543189875e-10
1.193479795057351084e-10
9.671144363286569012e-01
6.642570224320639797e-07
-7.456765967775705878e-12
8.122243290627970771e-17
-8.660943611625429154e-22
-2.068233754767262855e-24
1.513578149143908518e-23
-6.039380090332505151e-24
2.715419426257738569e-25
-2.910826427698918675e-24
9.674275780739782782e-01
4.044463745743559989e-04
9.083134561936481808e-05
-1.277191540069618318e-06
-1.369513898066213509e-07
2.906231717909147573e-09
1.938235720741864200e-10
-5.725979785154122731e-12
-2.587199363977940986e-13
1.042938556316241524e-14
3.248599900880229922e-16
-1.808295910440598269e-17
-3.725868030271735830e-19
3.227143697800422333e-20
-3.056939908619736333e-21
-1.476705311555246443e-21
2.910463574232027022e-21
-1.591741140665862302e-22
-1.239271695135656525e-21
9.689406317088193887e-01
1.091982724991206631e-03
6.965714079206343327e-05
-3.199450758530385690e-06
-5.458143443541000426e-08
6.230473142020872361e-09
-2.770338754251467558e-11
-9.349561949239721974e-12
2.171761630162520542e-13
1.056919899739459756e-14
-5.388431644387515157e-16
-6.289947071396314707e-18
9.622671658304466177e-19
-1.251598981158139762e-20
-1.275076714243993972e-22
9.154072168849816809e-22
-2.364894011440820694e-21
2.124466595392758372e-22
1.533425262972682253e-21
9.804696893688082948e-01
9.375043492226635758e-03
-1.263393672907388039e-03
-1.211137390960522272e-04
1.158819378181245196e-04
-2.965700449978156693e-05
2.498447842969150312e-06
9.037454578418773361e-07
-4.078135926056345432e-07
7.300187125655373576e-08
-9.864395387868420768e-11
-3.806792144843446747e-09
1.142778747517007569e-09
-1.444984164612589756e-10
-1.596673256240633596e-11
1.236824114231618608e-11
-2.920660610236722921e-12
2.031650833096325396e-13
8.092392798734659247e-14
9.942563351041088238e-01
5.730585153513171638e-03
1.620979796748461395e-05
-4.718236466958723480e-06
2.152232615796184030e-06
-6.619558790247740324e-07
7.591603879965759564e-08
3.881363951669427351e-08
-1.778466738977835708e-08
-1.124445526334614559e-09
2.469257483733334684e-09
-9.743028006496284905e-11
-3.606488430098571245e-10
2.373666161105177485e-11
5.990264250965563237e-11
-1.608130156068928452e-12
-1.132782702317572557e-11
-3.286502921904047097e-13
2.022207891305944145e-12
1.016545836700191163e+00
-3.311339678055407920e-07
3.650081530997491817e-12
-3.879599235957047343e-17
4.242691441831394879e-22
3.105945748963926900e-24
-4.597598828603720239e-24
-8.852024918647538065e-24
7.452122411345023494e-24
-1.508312172382512779e-24
1.016389679000408774e+00
-2.017053329072365211e-04
-4.532139456932375587e-05
6.258999723174815183e-07
6.723536864435564914e-08
-1.391488085909870104e-09
-9.321880162419156455e-11
2.665154563906533003e-12
1.215774910597486042e-13
-4.698051855620913552e-15
-1.491549284490512093e-16
7.854783263520741651e-18
1.676995797463409654e-19
-1.207230122024417576e-20
9.483882397863423099e-22
-7.848880960442612969e-22
-8.406884316898925273e-22
3.354784849754399072e-22
3.262889761746152536e-22
1.015634300815732027e+00
-5.455609082664559161e-04
-3.497130763741222948e-05
1.577274071785619868e-06
2.775180274478785069e-08
-3.026144996156990836e-09
1.068961134476546305e-11
4.487191147950841225e-12
-9.662180897674761671e-14
-5.090818260320727648e-15
2.383892030116834441e-16
3.383286439200565627e-18
-4.223359593668538781e-19
2.824073973850900960e-21
4.905153693925523293e-23
2.806592593134619411e-22
5.916863096766240044e-22
-2.696228269088304625e-22
-1.864112871502159581e-22
1.009834807987852301e+00
-4.727034823595068630e-03
6.313014926283240036e-04
6.388827094370731199e-05
-5.872471586186255417e-05
1.472811933232672845e-05
-1.144435519797183993e-06
-4.770596186709311999e-07
2.035593538300804430e-07
-3.441703518056140885e-08
-6.176672314847183351e-10
1.975488253053664648e-09
-5.488863864782417334e-10
5.988189990353827060e-11
1.058503005391405004e-11
-6.235463723444203624e-12
1.309903109904250169e-12
-4.911058129090070831e-14
-4.848132137157002177e-14
1.002884113378105901e+00
-2.881579083607960830e-03
-4.191251920051384489e-06
2.493789811495393725e-06
-1.133511061455244238e-06
3.478339824212897867e-07
-3.940355102193538639e-08
-2.062516292002101838e-08
9.356295000644156253e-09
6.220154414053786642e-10
-1.305844740656923818e-09
4.755169195272616356e-11
1.912666096380952441e-10
-1.195740917461485328e-11
-3.179928334213141625e-11
7.515547422998793571e-13
6.006080282815685032e-12
1.863827939943448885e-13
-1.067818878509041668e-12
9.829924812030075287e-01
