1.069628957840892625e+00
-1.423619381535571812e-02
9.498225713717709017e-05
-6.727881665631877554e-07
5.114060664268435245e-09
-4.177158085246832765e-11
3.634573142277696794e-13
-3.320679191126027452e-15
3.133421333669002424e-17
-2.351474077976079906e-19
3.668968850519772062e-01
-4.870620203957015670e-01
1.955013787426176097e-01
-4.162692345838905211e-02
-8.649586769811496573e-03
1.443048400138228007e-02
-8.754421811390290104e-03
3.507345082159398896e-03
-8.180145280289703117e-04
-9.939214099946267497e-05
2.345660472300148652e-04
-1.514591891841571107e-04
6.426228598684846302e-05
-1.716285777538944401e-05
3.908776183251479651e-09
3.274716335871611544e-06
-2.347756761831621557e-06
1.150418119036500562e-06
-3.504274915937940772e-07
1.261244551710344157e-02
-1.435319470111905138e-02
4.909854931971820852e-03
-1.253071213153582591e-03
2.671455739306194919e-04
-5.099290204453918424e-05
9.101153608781398539e-06
-1.557080982336115941e-06
2.583937310573816195e-07
-4.173670124503882877e-08
6.552173926781173946e-09
-9.949159157154382454e-10
1.448816003487655973e-10
-1.993174775836475578e-11
2.514701128846970673e-12
-2.705152801457306891e-13
1.856218444943213828e-14
1.788234277636595100e-15
-1.013000156961558714e-15
2.744190032627017166e-04
-5.198243121153339058e-04
4.422295530191059157e-04
-3.391599624305241209e-04
2.357891214426153517e-04
-1.496164931611595724e-04
8.731773440395283032e-05
-4.725353400293342128e-05
2.391191502599646258e-05
-1.141073746799087559e-05
5.178090126380283483e-06
-2.252825780269811944e-06
9.470360496870473790e-07
-3.874655073518782603e-07
1.553331248458092545e-07
-6.150066258650312978e-08
2.451980875358745745e-08
-1.084374041799610599e-08
3.639683744522969100e-09
-2.070965891614932397e-10
3.966193628299135684e-10
-3.480532469175274787e-10
2.794294905203114310e-10
-2.046110384943681344e-10
1.360093678882859763e-10
-8.150069176814093997e-11
4.357305513149170349e-11
-2.045799314773578003e-11
8.218491883628758313e-12
-2.690766426950939614e-12
6.389442264176285529e-13
-6.381358414562042244e-14
-2.653158681664517953e-14
1.452458071911758621e-14
-2.164152746003178411e-15
-7.618684571718607580e-16
3.755477520612700466e-16
-1.550013828877421588e-17
5.379335467949387661e-01
5.040450943197874976e-03
-3.156452080215799600e-05
1.863114759123574342e-07
-1.031334864569608885e-09
5.467176191480357924e-12
-2.926873172138130087e-14
1.749101693705618541e-16
-1.275398227222995537e-18
-2.955453114663834581e-21
7.938809549930526677e-01
1.823741840128632608e-01
-6.583380588276450951e-02
1.477717018063844610e-02
2.324687396337238830e-03
-4.953849886515427660e-03
3.278238555026153234e-03
-1.405294032437169778e-03
3.427964506204715222e-04
4.953396130755057219e-05
-1.109587384157419674e-04
7.097815745816953329e-05
-2.804697732768907968e-05
5.175637864922914575e-06
2.243323334191737684e-06
-2.681193039393647235e-06
1.373836413644324129e-06
-3.468094254486780095e-07
5.575351973063740992e-09
9.463311130825010631e-01
1.794389230794517578e-02
-3.006420787707589793e-03
5.055850461868451658e-04
-8.540792457124976502e-05
1.448463958851078905e-05
-2.461199409314561477e-06
4.177850358301791354e-07
-7.062478488789348187e-08
1.185321169231928885e-08
-1.969232377635904663e-09
3.228113294618978408e-10
-5.201241475400236148e-11
8.194617337064767037e-12
-1.253095031481530137e-12
1.838248641617000278e-13
-2.533911890504706585e-14
3.162568502231895274e-15
-3.147501138531996375e-16
9.827396604471316799e-01
1.307182400404433183e-02
-4.949877189899229250e-03
1.874375252759166418e-03
-7.097844446850845243e-04
2.687888479430615798e-04
-1.017940911460868072e-04
3.855482892670297789e-05
-1.460517244513364596e-05
5.534047580697862070e-06
-2.097654175079660640e-06
7.954899715104340040e-07
-3.018611215130842995e-07
1.146381716662856012e-07
-4.359045085463668897e-08
1.663391233142575160e-08
-6.466591706722316331e-09
2.811101662490279650e-09
-9.355403560848278177e-10
9.961067886948640204e-01
3.889418510885061641e-03
3.789099283634668984e-06
3.691367576216028184e-09
3.596156610766434979e-12
3.503432574052995502e-15
3.388903074986909580e-18
2.118372072641591434e-20
-1.257273700976823555e-20
8.408130596959556839e-21
-5.331510893767235524e-21
3.193261895364803878e-21
-1.802415980718768331e-21
9.596363077029883273e-22
-4.739462824971152071e-22
2.189560867447558476e-22
-9.192850839172090608e-23
3.979771930607294982e-23
-1.252310837908542052e-23
1.079476683182229335e+00
1.235201721271555727e-03
-1.617587437875792213e-05
1.433201675820271878e-07
-1.129665334320828769e-09
8.594919158433895366e-12
-6.618782210618206071e-14
5.324612216206945700e-16
-4.524748360119801063e-18
2.657377459825884461e-20
1.068089622568372921e+00
-2.895186291550132587e-02
-5.676237626263740295e-03
8.432131110775346189e-03
-3.723705294056810482e-03
3.289533640587998637e-04
7.720834887019877458e-04
-6.875637563062503505e-04
3.374817697365258646e-04
-9.054888095542974063e-05
-1.223826258242229103e-05
3.099481134393575654e-05
-2.077680815844298046e-05
8.603538633112469607e-06
-1.768602870930555825e-06
-5.847167613509186700e-07
8.133331041191924924e-07
-5.178730034404935075e-07
1.813444537792311242e-07
1.027557089355874309e+00
-9.391625308593883753e-03
1.579420684124926847e-03
-2.590576616923389252e-04
4.084310057194119164e-05
-6.082020249466401367e-06
8.338693086345320937e-07
-9.996818677324809114e-08
8.928271210928545843e-09
-5.170178303448932953e-11
-2.452070530201098438e-10
8.390003269670739328e-11
-2.100159178868906749e-11
4.598815040025761619e-12
-9.301580922124849602e-13
1.778460159241352895e-13
-3.253055754441796053e-14
5.884699042449363144e-15
-9.681914494761602645e-16
1.008730508769356993e+00
-6.669429776804027508e-03
2.547413566624630137e-03
-9.729560229234735305e-04
3.715804389569095476e-04
-1.418886832676782839e-04
5.416597520800006113e-05
-2.066845928443752098e-05
7.880825763251840223e-06
-3.001569975214544782e-06
1.141340037303913148e-06
-4.330045778991221972e-07
1.637763116682908769e-07
-6.170608278691547514e-08
2.314249905577663645e-08
-8.645920334951909171e-09
3.256586762925804685e-09
-1.352821728590775136e-09
4.362347466304285583e-10
1.001952216152961039e+00
-1.952216152961016356e-03
-8.929079773936325164e-20
7.974033803762179637e-20
-6.802086287115758275e-20
5.539045134819517214e-20
-4.302332021333560392e-20
3.184175197348305582e-20
-2.242573253329213441e-20
1.500546419124017996e-20
-9.519982909173761650e-21
5.712551914347664885e-21
-3.232110420504814321e-21
1.717514300538488330e-21
-8.529116541045263680e-22
3.935786048376281609e-22
-1.688222961276275069e-22
7.130375426088627264e-23
-2.176203336366165219e-23
5.902957393483709847e-01
