9.901668227268650702e-01
-1.186455861312926685e-02
7.139869787206618924e-05
-4.535390552354494141e-07
3.058743380446187725e-09
-2.192401921308512857e-11
1.661607870295082312e-13
-1.318426496792718403e-15
1.077856688561265551e-17
-7.222974049041198699e-20
3.526698461320156297e-01
-4.548128324395258604e-01
1.729929246120213981e-01
-3.187587067539621177e-02
-1.053008533179249952e-02
1.339605509309635574e-02
-7.428830863251015791e-03
2.691872023573751993e-03
-4.845430208911656275e-04
-1.723621728201419191e-04
2.154892539977830890e-04
-1.202915277214085818e-04
4.441926456859774552e-05
-8.690805893880056184e-06
-2.239509116484222839e-06
3.208314221187711897e-06
-1.820882704360178684e-06
6.980561103317077001e-07
-1.614796668780292115e-07
1.409481870139281390e-02
-1.565388948637728983e-02
5.204692297964079103e-03
-1.293151044931624156e-03
2.692654009973775874e-04
-5.036712384415162970e-05
8.829064172127560557e-06
-1.484267844995579607e-06
2.416679176154011806e-07
-3.816979888214428814e-08
5.827402828354121874e-09
-8.532450718780200943e-10
1.181334476733284981e-10
-1.504415062236715017e-11
1.649701931952504171e-12
-1.223087477106865975e-13
-5.983621249783290209e-15
5.791232226667896134e-15
-1.609149141226296390e-15
3.373088927536521220e-04
-6.374750656827763611e-04
5.386585776520591258e-04
-4.087056009592521808e-04
2.801890521445615876e-04
-1.748820576038918819e-04
1.002224320149872099e-04
-5.320845101665836981e-05
2.640837391126949220e-05
-1.236527095901888821e-05
5.511330574020212975e-06
-2.358601063891404664e-06
9.770759640114012575e-07
-3.947350600901940004e-07
1.565759176997817770e-07
-6.144919232158099987e-08
2.431817746125419682e-08
-1.068434881014404698e-08
3.573423281292868390e-09
-2.092564607482743627e-10
4.000927401965556038e-10
-3.493392721381493975e-10
2.780584379682321904e-10
-2.010670557054239138e-10
1.313856484037013812e-10
-7.696489559896220542e-11
3.993511681186200117e-11
-1.801053623190083782e-11
6.834985323423162993e-12
-2.044886198410124947e-12
4.013417793342023977e-13
-3.389944933540204925e-15
-3.142304883619659263e-14
1.057626531614429820e-14
-2.147601569411967790e-16
-9.857222929206943467e-16
2.211215511413975671e-16
5.222736460620879594e-17
5.615365083618697462e-01
4.236981863855719503e-03
-2.444709816766659028e-05
1.360086621871071183e-07
-7.216772324090035778e-10
3.697451253676617971e-12
-1.882599649658989795e-14
1.003167728837393269e-16
-6.118396322934915021e-19
1.829502904390820426e-20
7.962393753269035868e-01
1.725666211264400840e-01
-5.831515033572341744e-02
1.119719337228893517e-02
3.154990865681580551e-03
-4.620776320845538555e-03
2.766880190401100042e-03
-1.074154734698653168e-03
2.084967894467422346e-04
7.227844075724027722e-05
-9.550046160043936731e-05
5.355031628575947862e-05
-1.848480313153863424e-05
2.094238381561468489e-06
2.310863463328633851e-06
-2.032450859381987465e-06
9.047786230384026347e-07
-1.611732908112074272e-07
-3.198138328635325869e-08
9.444195579951542019e-01
1.855597641381100810e-02
-3.101346770372621648e-03
5.192369402677522901e-04
-8.706128043582442278e-05
1.460080759020671314e-05
-2.443964148821235064e-06
4.072470136299671635e-07
-6.737254143688117762e-08
1.103389788822237773e-08
-1.783123621508086469e-09
2.831712951119633363e-10
-4.394044382018273186e-11
6.606558391283790240e-12
-9.495166236072096501e-13
1.272768810093942744e-13
-1.505792694941098308e-14
1.285166226185887327e-15
-4.329750931350371874e-19
9.821116563108714947e-01
1.354311891349425576e-02
-5.126706041789555295e-03
1.940713881084661554e-03
-7.346682681380309375e-04
2.781207960077429833e-04
-1.052924756111352813e-04
3.986546685831129265e-05
-1.509563783118079628e-05
5.717237245959404129e-06
-2.165861379871479661e-06
8.207608388429964858e-07
-3.111546989441694935e-07
1.180190861475703055e-07
-4.480150223705943504e-08
1.705848513528580479e-08
-6.611876636676792424e-09
2.862690329898514646e-09
-9.501388001578781927e-10
9.959638571643351090e-01
4.032066134639821810e-03
4.072583358383831036e-06
4.113507729602721091e-09
4.154843313390102469e-12
4.196615436368148266e-15
4.222529065891587124e-18
1.610614104829076387e-20
-8.203056403269107210e-21
5.393848941597299378e-21
-3.345001510977703429e-21
1.959387440411973641e-21
-1.076901238615525190e-21
5.481852464728571254e-22
-2.629101916782166609e-22
1.217146895125784710e-22
-4.829656126737780786e-23
1.457820914781540712e-23
-3.615822461644650778e-24
1.090294216927675031e+00
8.321516520572676051e-04
-1.101989471748700111e-05
9.190373146828375693e-08
-6.728605999017959553e-10
4.698359515697251690e-12
-3.263995812674517244e-14
2.320118537450902863e-16
-1.724757053545255574e-18
1.771330758687650399e-20
1.071426357075156766e+00
-3.212886233165589134e-02
-3.555820816255433805e-03
7.022191818442388191e-03
-3.062040218916277715e-03
2.141076104688224401e-04
6.456683829762212236e-04
-5.349914888976144102e-04
2.419623158319011849e-04
-5.297149493686621524e-05
-1.723022267623622086e-05
2.506317162082294077e-05
-1.469604457424434497e-05
5.257820171342549744e-06
-6.324693414525316302e-07
-6.663259650264760654e-07
6.039583874007193115e-07
-3.069106872701604081e-07
8.982852360443792678e-08
1.028558364444138729e+00
-9.715759358412593902e-03
1.626537396731766961e-03
-2.644440960091102395e-04
4.109760605255894403e-05
-5.989726248518875380e-06
7.949169102379570069e-07
-9.000439666836371865e-08
6.856476910444825445e-09
3.232488280378529388e-10
-3.049619821235340153e-10
9.199763323262304317e-11
-2.179502362114024665e-11
4.596957238865727550e-12
-9.008349659083620162e-13
1.671121830604093009e-13
-2.962066863091707173e-14
5.164012130921320593e-15
-8.181823373669504119e-16
1.009052313977561566e+00
-6.915211817301390729e-03
2.641245284724989210e-03
-1.008756098929820474e-03
3.852231785916569468e-04
-1.470763651208447178e-04
5.613120280883040711e-05
-2.140838288623560121e-05
8.156766934796495677e-06
-3.103021408924256439e-06
1.177876076708068103e-06
-4.457781772878437819e-07
1.680542377667576662e-07
-6.304796414292099244e-08
2.351885715267136688e-08
-8.728088047598145016e-09
3.259865487839595943e-09
-1.339372660341950011e-09
4.286627303130566441e-10
1.002024184484536118e+00
-2.024184484536069740e-03
-9.678420755860192611e-20
8.604269228571001100e-20
-7.292905419779641322e-20
5.889347196257826261e-20
-4.527056374280523331e-20
3.308526375102425323e-20
-2.295501216092172554e-20
1.509172270797308275e-20
-9.380263650812774349e-21
5.496059506281206224e-21
-3.024555161476485564e-21
1.555969539011686111e-21
-7.436558615048116409e-22
3.275536388383729739e-22
-1.322172634355645116e-22
5.118556380946689290e-23
-1.453447921572316223e-23
6.328170426065162779e-01
