9.979999999999999982e-01
9.954987468671678830e-01
9.929974937343358787e-01
9.904962406015037635e-01
9.879949874686716482e-01
9.854937343358396440e-01
9.829924812030075287e-01
9.804912280701754135e-01
9.779899749373434092e-01
9.754887218045112940e-01
9.729874686716791787e-01
9.704862155388470635e-01
9.679849624060150592e-01
9.654837092731829440e-01
9.629824561403508287e-01
9.604812030075188245e-01
9.579799498746867092e-01
9.554786967418545940e-01
9.529774436090225898e-01
9.504761904761904745e-01
9.479749373433583592e-01
9.454736842105263550e-01
9.429724310776942398e-01
9.404711779448621245e-01
9.379699248120301203e-01
9.354686716791980050e-01
9.329674185463658898e-01
9.304661654135337745e-01
9.279649122807017703e-01
9.254636591478696550e-01
9.229624060150376508e-01
9.204611528822055355e-01
9.179598997493734203e-01
9.154586466165413050e-01
9.129573934837093008e-01
9.104561403508771855e-01
9.079548872180450703e-01
9.054536340852130660e-01
9.029523809523809508e-01
9.004511278195488355e-01
8.979498746867168313e-01
8.954486215538847160e-01
8.929473684210526008e-01
8.904461152882205965e-01
8.879448621553884813e-01
8.854436090225563660e-01
8.829423558897242508e-01
8.804411027568922465e-01
8.779398496240601313e-01
8.754385964912281271e-01
8.729373433583960118e-01
8.704360902255638965e-01
8.679348370927317813e-01
8.654335839598997770e-01
8.629323308270676618e-01
8.604310776942356576e-01
8.579298245614035423e-01
8.554285714285714270e-01
8.529273182957393118e-01
8.504260651629073076e-01
8.479248120300751923e-01
8.454235588972430770e-01
8.429223057644110728e-01
8.404210526315789576e-01
8.379197994987468423e-01
8.354185463659147270e-01
8.329172932330827228e-01
8.304160401002506076e-01
8.279147869674186033e-01
8.254135338345864881e-01
8.229122807017543728e-01
8.204110275689222576e-01
8.179097744360902533e-01
8.154085213032581381e-01
8.129072681704261338e-01
8.104060150375940186e-01
8.079047619047619033e-01
8.054035087719297881e-01
8.029022556390977838e-01
8.004010025062656686e-01
7.978997493734335533e-01
7.953984962406015491e-01
7.928972431077694338e-01
7.903959899749373186e-01
7.878947368421052033e-01
7.853934837092731991e-01
7.828922305764410838e-01
7.803909774436090796e-01
7.778897243107769643e-01
7.753884711779448491e-01
7.728872180451127338e-01
7.703859649122807296e-01
7.678847117794486143e-01
7.653834586466166101e-01
7.628822055137844949e-01
7.603809523809523796e-01
7.578796992481202643e-01
7.553784461152882601e-01
7.528771929824561449e-01
7.503759398496240296e-01
7.478746867167920254e-01
7.453734335839599101e-01
7.428721804511277949e-01
7.403709273182956796e-01
7.378696741854636754e-01
7.353684210526315601e-01
7.328671679197995559e-01
7.303659147869674406e-01
7.278646616541353254e-01
7.253634085213032101e-01
7.228621553884712059e-01
7.203609022556390906e-01
7.178596491228070864e-01
7.153583959899749711e-01
7.128571428571428559e-01
7.103558897243107406e-01
7.078546365914786254e-01
7.053533834586466211e-01
7.028521303258146169e-01
7.003508771929825016e-01
6.978496240601503864e-01
6.953483709273182711e-01
6.928471177944861559e-01
6.903458646616541516e-01
6.878446115288220364e-01
6.853433583959900322e-01
6.828421052631579169e-01
6.803408521303258016e-01
6.778395989974936864e-01
6.753383458646616821e-01
6.728370927318295669e-01
6.703358395989975627e-01
6.678345864661654474e-01
6.653333333333333321e-01
6.628320802005012169e-01
6.603308270676691016e-01
6.578295739348370974e-01
6.553283208020050932e-01
6.528270676691729779e-01
6.503258145363408627e-01
6.478245614035087474e-01
6.453233082706766321e-01
6.428220551378446279e-01
6.403208020050125127e-01
6.378195488721805084e-01
6.353182957393483932e-01
6.328170426065162779e-01
6.303157894736841627e-01
6.278145363408521584e-01
6.253132832080200432e-01
6.228120300751880389e-01
6.203107769423559237e-01
6.178095238095238084e-01
6.153082706766916932e-01
6.128070175438595779e-01
6.103057644110275737e-01
6.078045112781955694e-01
6.053032581453634542e-01
6.028020050125313389e-01
6.003007518796992237e-01
5.977994987468671084e-01
5.952982456140351042e-01
5.927969924812031000e-01
5.902957393483709847e-01
5.877944862155388694e-01
5.852932330827067542e-01
5.827919799498746389e-01
5.802907268170426347e-01
5.777894736842105194e-01
5.752882205513785152e-01
5.727869674185464000e-01
5.702857142857142847e-01
5.677844611528821694e-01
5.652832080200500542e-01
5.627819548872180500e-01
5.602807017543860457e-01
5.577794486215539305e-01
5.552781954887218152e-01
5.527769423558897000e-01
5.502756892230575847e-01
5.477744360902255805e-01
5.452731829573935762e-01
5.427719298245614610e-01
5.402706766917293457e-01
5.377694235588972305e-01
5.352681704260651152e-01
5.327669172932331110e-01
5.302656641604009957e-01
5.277644110275689915e-01
5.252631578947368762e-01
5.227619047619047610e-01
5.202606516290726457e-01
5.177593984962406415e-01
5.152581453634085262e-01
5.127568922305765220e-01
5.102556390977444067e-01
5.077543859649122915e-01
5.052531328320801762e-01
5.027518796992480610e-01
5.002506265664160567e-01
4.977493734335839415e-01
4.952481203007519373e-01
4.927468671679198220e-01
4.902456140350877067e-01
4.877443609022557025e-01
4.852431077694235872e-01
4.827418546365914720e-01
4.802406015037593567e-01
4.777393483709273525e-01
4.752380952380952372e-01
4.727368421052631220e-01
4.702355889724311178e-01
4.677343358395990025e-01
4.652330827067668872e-01
4.627318295739348830e-01
4.602305764411027678e-01
4.577293233082706525e-01
4.552280701754386483e-01
4.527268170426065330e-01
4.502255639097744178e-01
4.477243107769424135e-01
4.452230576441102983e-01
4.427218045112781830e-01
4.402205513784461788e-01
4.377192982456140635e-01
4.352180451127819483e-01
4.327167919799499440e-01
4.302155388471178288e-01
4.277142857142857135e-01
4.252130325814535983e-01
4.227117794486215940e-01
4.202105263157894788e-01
4.177092731829573635e-01
4.152080200501253593e-01
4.127067669172932440e-01
4.102055137844611288e-01
4.077042606516291245e-01
4.052030075187970093e-01
4.027017543859648940e-01
4.002005012531328898e-01
3.976992481203007745e-01
3.951979949874686593e-01
3.926967418546366551e-01
3.901954887218045398e-01
3.876942355889724245e-01
3.851929824561404203e-01
3.826917293233083051e-01
3.801904761904761898e-01
3.776892230576440745e-01
3.751879699248120703e-01
3.726867167919799551e-01
3.701854636591478398e-01
3.676842105263158356e-01
3.651829573934837203e-01
3.626817042606516051e-01
3.601804511278196008e-01
3.576791979949874856e-01
3.551779448621553703e-01
3.526766917293233661e-01
3.501754385964912508e-01
3.476741854636591356e-01
3.451729323308271313e-01
3.426716791979950161e-01
3.401704260651629008e-01
3.376691729323308966e-01
3.351679197994987813e-01
3.326666666666666661e-01
3.301654135338345508e-01
3.276641604010025466e-01
3.251629072681704313e-01
3.226616541353383161e-01
3.201604010025063118e-01
3.176591478696741966e-01
3.151578947368420813e-01
3.126566416040100771e-01
3.101553884711779618e-01
3.076541353383458466e-01
3.051528822055138424e-01
3.026516290726817271e-01
3.001503759398496118e-01
2.976491228070176076e-01
2.951478696741854924e-01
2.926466165413533771e-01
2.901453634085213729e-01
2.876441102756892576e-01
2.851428571428571423e-01
2.826416040100250271e-01
2.801403508771930229e-01
2.776390977443609076e-01
2.751378446115287923e-01
2.726365914786967881e-01
2.701353383458646729e-01
2.676340852130325576e-01
2.651328320802005534e-01
2.626315789473684381e-01
2.601303258145363229e-01
2.576290726817043186e-01
2.551278195488722034e-01
2.526265664160400881e-01
2.501253132832080839e-01
2.476240601503759686e-01
2.451228070175438534e-01
2.426215538847118491e-01
2.401203007518797339e-01
2.376190476190476186e-01
2.351177944862156144e-01
2.326165413533834991e-01
2.301152882205513839e-01
2.276140350877192686e-01
2.251127819548872644e-01
2.226115288220551491e-01
2.201102756892230339e-01
2.176090225563910296e-01
2.151077694235589144e-01
2.126065162907267991e-01
2.101052631578947949e-01
2.076040100250626796e-01
2.051027568922305644e-01
2.026015037593985602e-01
2.001002506265664449e-01
1.975989974937343296e-01
1.950977443609023254e-01
1.925964912280702102e-01
1.900952380952380949e-01
1.875939849624060907e-01
1.850927318295739754e-01
1.825914786967418602e-01
1.800902255639097449e-01
1.775889724310777407e-01
1.750877192982456254e-01
1.725864661654135102e-01
1.700852130325815059e-01
1.675839598997493907e-01
1.650827067669172754e-01
1.625814536340852712e-01
1.600802005012531559e-01
1.575789473684210407e-01
1.550776942355890364e-01
1.525764411027569212e-01
1.500751879699248059e-01
1.475739348370928017e-01
1.450726817042606864e-01
1.425714285714285712e-01
1.400701754385965669e-01
1.375689223057644517e-01
1.350676691729323364e-01
1.325664160401002212e-01
1.300651629072682169e-01
1.275639097744361017e-01
1.250626566416039864e-01
1.225614035087719822e-01
1.200601503759398669e-01
1.175588972431077517e-01
1.150576441102757475e-01
1.125563909774436322e-01
1.100551378446115169e-01
1.075538847117795127e-01
1.050526315789473975e-01
1.025513784461152822e-01
1.000501253132832780e-01
9.754887218045116271e-02
9.504761904761904745e-02
9.254636591478704322e-02
9.004511278195492796e-02
8.754385964912281271e-02
8.504260651629069745e-02
8.254135338345869322e-02
8.004010025062657796e-02
7.753884711779446270e-02
7.503759398496245847e-02
7.253634085213034322e-02
7.003508771929822796e-02
6.753383458646622373e-02
6.503258145363410847e-02
6.253132832080199321e-02
6.003007518796998898e-02
5.752882205513787373e-02
5.502756892230575847e-02
5.252631578947375424e-02
5.002506265664163898e-02
4.752380952380952372e-02
4.502255639097751949e-02
4.252130325814540424e-02
4.002005012531328898e-02
3.751879699248128475e-02
3.501754385964916949e-02
3.251629072681705424e-02
3.001503759398493898e-02
2.751378446115293475e-02
2.501253132832081949e-02
2.251127819548870423e-02
2.001002506265670000e-02
1.750877192982458475e-02
1.500751879699246949e-02
1.250626566416046526e-02
1.000501253132835000e-02
7.503759398496234745e-03
5.002506265664230511e-03
2.501253132832115256e-03
0.000000000000000000e+00
