1.382893988489720671e+00
-2.218501237495651771e-02
1.709840935636167082e-04
-1.428046565521830489e-06
1.355404244267374199e-08
-1.453792352811454270e-10
1.692495300720546834e-12
-2.058973194547287541e-14
2.564319170977213256e-16
-3.385573773290181477e-18
4.349818396747137106e-01
-6.186346734694999627e-01
2.775715645318297398e-01
-7.357651256260729078e-02
-4.263636526653112081e-03
1.897621719647764674e-02
-1.344674456710821114e-02
6.120779779167336357e-03
-1.766415508685824712e-03
4.267414842334820872e-05
3.323346980374836568e-04
-2.529440503340301392e-04
1.177023292232829186e-04
-3.514906462339182768e-05
2.461039175308032999e-06
4.737050388831134941e-06
-3.556028775334947542e-06
1.511730610159298245e-06
-3.633116568766544444e-07
9.120608026749231836e-03
-1.126177704514406616e-02
4.251996067926482221e-03
-1.192148275395842711e-03
2.759307271666005569e-04
-5.640127135187842381e-05
1.065160859599687620e-05
-1.913722639244675688e-06
3.327274039339106201e-07
-5.644587376283241676e-08
9.367397193494042163e-09
-1.519350355259108909e-09
2.400826269946577161e-10
-3.675982318379659708e-11
5.406289456139636686e-12
-7.522385133367604215e-13
9.606564612025283551e-14
-1.041984254892478856e-14
7.360065130012653321e-16
1.370456720001743379e-04
-2.615678774519484325e-04
2.275044237297313247e-04
-1.807638762863507094e-04
1.316724286390727992e-04
-8.833401328065023229e-05
5.486611523008195227e-05
-3.173505978817288013e-05
1.719809446004577996e-05
-8.787489645639940761e-06
4.260573094378091302e-06
-1.972773394874541857e-06
8.779069544282370076e-07
-3.778236687198622749e-07
1.582423499558332611e-07
-6.502305097533357904e-08
2.675582512009198249e-08
-1.216235480021139321e-08
4.142342403906943530e-09
-1.945638222812335702e-10
3.747046900054874278e-10
-3.344400727562085421e-10
2.763643454097408502e-10
-2.110130962211772977e-10
1.484176076278240471e-10
-9.574806684780933430e-11
5.631126914593198527e-11
-2.993047355337525619e-11
1.419530838335052429e-11
-5.888980192937343239e-12
2.064695886203800635e-12
-5.697568319614370989e-13
9.978355771203128239e-14
3.190568643152228168e-15
-9.308917959293721176e-15
2.963903211122673822e-15
-2.119157146320539943e-17
-2.556938714279470153e-16
4.656186789447805952e-01
7.424312571313288096e-03
-4.724936720925658094e-05
2.338715877263277632e-07
-8.151034444446335732e-10
1.735444011933387559e-12
-1.379265398250086170e-14
3.900072812107215282e-16
-7.103588312064905575e-18
1.352729959945206708e-19
7.895939558597532271e-01
2.130639808366503740e-01
-9.098283380857123681e-02
2.691136876505579451e-02
-2.259265298989421539e-04
-6.454795535467699845e-03
5.258469316457833019e-03
-2.592401967305750510e-03
7.495032693191468415e-04
4.762174875073344935e-05
-2.167317847238308195e-04
1.524912088578406232e-04
-6.233423659087780589e-05
9.704356832136025763e-06
7.901085560189918941e-06
-8.108891666106084558e-06
3.768124290686937572e-06
-4.071510726894295110e-07
-3.427178705392321761e-07
9.538933989817599546e-01
1.548792891391488798e-02
-2.612750029105707049e-03
4.446957826617775069e-04
-7.674142614679716043e-05
1.346858397807144321e-05
-2.402467378211697578e-06
4.336796450314005558e-07
-7.873012168102432949e-08
1.428442358542642766e-08
-2.577070096295965562e-09
4.605801723469255427e-10
-8.131864034567549524e-11
1.414979841548728083e-11
-2.420523892564955423e-12
4.058280123396857554e-13
-6.644078444564288892e-14
1.080328952654580505e-14
-1.614189114355995914e-15
9.852107248329675659e-01
1.121438754363052875e-02
-4.251821467348029446e-03
1.612045325331695712e-03
-6.112027163206331607e-04
2.317420608949745603e-04
-8.787116901635737352e-05
3.332173784700403736e-05
-1.263797027764693880e-05
4.794458798583004565e-06
-1.819611326398978689e-06
6.910081687666539840e-07
-2.626463539841455501e-07
9.995553893530320705e-08
-3.811578727079331997e-08
1.460353695020020756e-08
-5.711418099023548779e-09
2.504764239033269686e-09
-8.387072312400718043e-10
9.966683068633127585e-01
3.328915794238078516e-03
2.775027220583351764e-06
2.313298548610843030e-09
1.928395488074716408e-12
1.607596756514846366e-15
1.290773023965917845e-18
3.913735565844665220e-20
-2.812257953441005351e-20
1.993024528027200490e-20
-1.351186557537883652e-20
8.746142992161965065e-21
-5.399702836608865234e-21
3.175242264017423848e-21
-1.775130496535308374e-21
9.422745530303962239e-22
-4.821434744114457271e-22
2.577198212303179761e-22
-9.255268819402878357e-23
1.006471360669481063e+00
3.322205801956642102e-03
-3.805474776789796103e-05
3.288259451126196162e-07
-2.613239498103627452e-09
2.186593822312120930e-11
-2.126257604875789511e-13
2.402854859529222700e-15
-2.953565199721277363e-17
4.005007660781218617e-19
1.046574109727707258e+00
-3.093778429167034529e-03
-2.111566695457718634e-02
1.630494121681155817e-02
-6.365899865624838685e-03
2.103773087928914121e-04
1.739002702093945391e-03
-1.516447362252379112e-03
7.725068361890438488e-04
-2.240685588713644530e-04
-2.076760358756495192e-05
7.333950893969625102e-05
-5.220492403678344032e-05
2.239605579994191422e-05
-4.540024052575340512e-06
-1.835718301738399550e-06
2.368909618647522217e-06
-1.400997583051683653e-06
4.521784697988421937e-07
1.023595321446080009e+00
-8.067496770356900188e-03
1.368345493830098103e-03
-2.281834913496697123e-04
3.691864153438948284e-05
-5.691926743558319867e-06
8.141077555493582903e-07
-1.025894003403540392e-07
9.795249444182407621e-09
-1.397320370433768326e-10
-2.650051864317801091e-10
9.743516338536887592e-11
-2.572690786454489009e-11
5.922591973447928098e-12
-1.259604244906109135e-12
2.537383937296950676e-13
-4.907729247098069366e-14
9.472219130228821015e-15
-1.659477884747906565e-15
1.007468501178857334e+00
-5.705414579594525817e-03
2.179257601276953990e-03
-8.323877383085970640e-04
3.179317524523824412e-04
-1.214295850546797978e-04
4.637476975504117502e-05
-1.770837948656534458e-05
6.760395981916162091e-06
-2.579850898074849798e-06
9.838929440687954236e-07
-3.748819732762325743e-07
1.426438661160691170e-07
-5.417557140987705322e-08
2.052903561286110292e-08
-7.770281287619693417e-09
2.976156263145071048e-09
-1.263504681808285675e-09
4.134465474506595861e-10
1.001670008964549607e+00
-1.670008964549515732e-03
-6.333134207893310007e-20
5.741954438722476666e-20
-5.003912364185827247e-20
4.189832718451088742e-20
-3.368940581753335900e-20
2.599630164317827071e-20
-1.923513623651937623e-20
1.363361146092792152e-20
-9.245598150953648292e-21
5.990163837888513116e-21
-3.701471881557974535e-21
2.177191889768802249e-21
-1.216950213118619813e-21
6.471281840442821786e-22
-3.324285521589980715e-22
1.771856378213308266e-22
-6.346414746289328889e-23
3.401704260651629008e-01
