9.802454657861345844e-01
-1.157452911610730439e-02
6.864301478701019857e-05
-4.294090928119703031e-07
2.848471932487391972e-09
-2.005540167069445918e-11
1.491637189510257588e-13
-1.160900850122654692e-15
9.309567725647179854e-18
-9.348277668835914394e-20
3.509326942792254656e-01
-4.507506988191052333e-01
1.701434977060495568e-01
-3.065725444063911037e-02
-1.074837296941500743e-02
1.325325092174783025e-02
-7.258061902028944273e-03
2.590335716506931944e-03
-4.448797479243411877e-04
-1.798663285835751865e-04
2.123188725671647855e-04
-1.161857954461166758e-04
4.197589689855725140e-05
-7.718098982511672028e-06
-2.457414803593211040e-06
3.169872648171305868e-06
-1.746136283452949711e-06
6.426850095401761446e-07
-1.397668435026257209e-07
1.430247728041954963e-02
-1.583385472165997621e-02
5.245097109435535067e-03
-1.298652187480884299e-03
2.695794542724111800e-04
-5.029093192724231346e-05
8.794207498329991649e-06
-1.474780914227774420e-06
2.394646412570550726e-07
-3.769653753438706916e-08
5.730866354505659989e-09
-8.343558187854380846e-10
1.145718485429324727e-10
-1.439555120880555964e-11
1.535525501752356933e-12
-1.028921395238959604e-13
-9.166621934927098494e-15
6.302555388631388299e-15
-1.683880728938329820e-15
3.464247375866274787e-04
-6.545025095539165876e-04
5.525528636719830976e-04
-4.186563822479201632e-04
2.864843060610807119e-04
-1.784261505216761803e-04
1.020113477408039217e-04
-5.402377202216706171e-05
2.674595348023160342e-05
-1.249283257911756200e-05
5.555409606360119135e-06
-2.372490366660775632e-06
9.810137728170013866e-07
-3.956985006082247542e-07
1.567504005859926056e-07
-6.145029935811532305e-08
2.429607485501086445e-08
-1.066578847177626308e-08
3.565586892484073724e-09
-2.091098246772085451e-10
3.997257959615849589e-10
-3.487891768967504127e-10
2.773077702816619152e-10
-2.001941887607907311e-10
1.305210426257714902e-10
-7.622972792561693635e-11
3.939665268703984816e-11
-1.767195958460624224e-11
6.654509631678758725e-12
-1.965571308813817451e-12
3.743326055684446467e-13
2.546654920552273214e-15
-3.146629506671521814e-14
1.000457397358374308e-14
-7.635691511886086621e-18
-9.900705267071447339e-16
1.996364826865867979e-16
5.849638935963198944e-17
5.645774933633336268e-01
4.137061032381789995e-03
-2.357934223734023231e-05
1.299118677355163741e-07
-6.838654636225882520e-10
3.478971530841509641e-12
-1.756701859525104935e-14
9.238301499061204624e-17
-5.663932363458293718e-19
1.918747731077936897e-20
7.965551917388341563e-01
1.712833511294465372e-01
-5.735024219843246757e-02
1.075008997553727683e-02
3.251168952199631670e-03
-4.574059500656639521e-03
2.701700412101580746e-03
-1.033438627030151564e-03
1.926294630831735480e-04
7.461478577332455509e-05
-9.345175620910517878e-05
5.143126017095482399e-05
-1.736912517854240340e-05
1.753263062614743963e-06
2.307756343253049699e-06
-1.954523793743595722e-06
8.513704725991843814e-07
-1.411243421871454811e-07
-3.569010445550660255e-08
9.441693317526883567e-01
1.863567080080009639e-02
-3.113539904706459725e-03
5.209367155083510824e-04
-8.725160750668534690e-05
1.460943035575464234e-05
-2.440255459854609293e-06
4.055795097335225137e-07
-6.689438337924504229e-08
1.091776032308645232e-08
-1.757350150934121192e-09
2.777737845239127555e-10
-4.285605115839588765e-11
6.395688649061659936e-12
-9.096420024675967891e-13
1.199297530675789876e-13
-1.373755776303604117e-14
1.047392490039031448e-15
3.881678000129172460e-17
9.820293012706726721e-01
1.360490028291208055e-02
-5.149877073445272187e-03
1.949402825416553069e-03
-7.379258001110886641e-04
2.793415988903632532e-04
-1.057496896325738322e-04
4.003651071198064125e-05
-1.515950517321425137e-05
5.741012477737621715e-06
-2.174669841596896372e-06
8.240009404548348702e-07
-3.123341311814074530e-07
1.184420552309690603e-07
-4.495001968125257030e-08
1.710908912679591193e-08
-6.628435960797660717e-09
2.868109692360701916e-09
-9.515518354095601715e-10
9.959451066292788202e-01
4.050778669374530301e-03
4.110525955211503379e-06
4.171154488476028453e-09
4.232677242706402523e-12
4.295127233001573685e-15
4.343296953205152199e-18
1.544447022167934868e-20
-7.610639592810369737e-21
4.995427820423142240e-21
-3.098574076850116314e-21
1.805595888273411761e-21
-9.894416506828593714e-22
5.011140146895955616e-22
-2.416112752340966720e-22
1.067019307535182938e-22
-4.216746543876251046e-23
1.382145207386135655e-23
-3.247743985442312472e-24
1.091470046337494670e+00
7.874552671010292843e-04
-1.045209772489943724e-05
8.638170161263521333e-08
-6.255465824533770010e-10
4.314416976198832274e-12
-2.955051659040896544e-14
2.066263803251425589e-16
-1.508176313544897405e-18
1.684092840431062391e-20
1.071805652065147996e+00
-3.245180141794438977e-02
-3.332493880219730177e-03
6.862395783295979594e-03
-2.983785697133086150e-03
1.998551841429130522e-04
6.310324989034022183e-04
-5.171991106316421727e-04
2.309661298207248462e-04
-4.878691249381804482e-05
-1.767404926456799455e-05
2.431861954737464887e-05
-1.398847867408230738e-05
4.886383691850213291e-06
-5.154397708844679138e-07
-6.685182164145467592e-07
5.781603478309371756e-07
-2.837506289258914877e-07
8.021891626197750823e-08
1.028689331166753096e+00
-9.757742543478472100e-03
1.632467958399674802e-03
-2.650642701300025359e-04
4.110703330388766749e-05
-5.971978825695059471e-06
7.886321847603611708e-07
-8.847415005538218071e-08
6.545249799092726233e-09
3.789891634194558597e-10
-3.138247486511161846e-10
9.320884037341023713e-11
-2.191876905138162323e-11
4.598931109769780033e-12
-8.971636888087632004e-13
1.657015293654576357e-13
-2.923402041932039713e-14
5.068135643636589953e-15
-7.982708970657800824e-16
1.009094522285018281e+00
-6.947446859789999096e-03
2.653549865573008506e-03
-1.013449316629536209e-03
3.870105986886881663e-04
-1.477552631016124747e-04
5.638786639199585990e-05
-2.150468819652287013e-05
8.192483598319201743e-06
-3.116039227850907697e-06
1.182501923426218292e-06
-4.473623743263045001e-07
1.685675610388138555e-07
-6.320000111278583874e-08
2.355666703613511391e-08
-8.733477183159887602e-09
3.257809655422727919e-09
-1.336354770166450859e-09
4.272193837673574227e-10
1.002033624305649129e+00
-2.033624305649098848e-03
-9.739383055966054678e-20
8.653321371330576213e-20
-7.328333217110056831e-20
5.911482090310579620e-20
-4.537865903770118702e-20
3.310934629307054021e-20
-2.292646005842180415e-20
1.503802182635695238e-20
-9.321571946407793058e-21
5.444429371685386424e-21
-2.985105791732040734e-21
1.529036907130102922e-21
-7.270306174352623970e-22
3.182207257457216275e-22
-1.273895227653170856e-22
4.871575691961266566e-23
-1.368428767922374247e-23
6.378195488721805084e-01
