2.260532655327873036e-02
-6.614963450637090706e-07
6.819526684066747113e-12
-6.348590738302025464e-17
8.656160791092127124e-22
1.409469302889033098e-21
-9.117048763879430414e-22
3.067440654333914432e-22
6.418913892647658688e-24
-7.654541533169431066e-23
2.229298723915493566e-02
-4.035510376006778196e-04
-9.082670048540424708e-05
1.176147640958420396e-06
1.274951123425246924e-07
-2.300840440017992816e-09
-1.571735989111367123e-10
3.842556842596410335e-12
1.815576768883353316e-13
-5.907895398514704737e-15
-1.993591997457910478e-16
8.665060195441198020e-18
3.104791188851265771e-19
-3.584648113902356380e-20
-2.568990963214690807e-20
-6.430115101364452223e-21
-3.030026079126976283e-20
3.331031093221148131e-21
1.457907979379146379e-20
2.077646238205845680e-02
-1.097881819030796296e-03
-7.144435916093862260e-05
3.056978713726815981e-06
6.249594506120244990e-08
-5.342256244459729297e-09
-4.201619276610978681e-12
7.288446108803592260e-12
-1.079371329548729632e-13
-7.990161790229516049e-15
2.687764549123472967e-16
6.277120500203931624e-18
-4.042034944173734690e-19
2.024912763068875502e-20
-4.909760251270695850e-20
-2.737304202233657050e-21
2.837397207392890859e-20
-6.588607663580592331e-21
-6.661818932607160879e-21
9.408178065205436216e-03
-8.981013567177804219e-03
1.548983433671912704e-03
1.608207219459410124e-04
-1.390192740459719148e-04
2.909693265849737576e-05
-6.619779648225918929e-07
-1.270703577803374244e-06
3.749379602344923952e-07
-4.018975655487233092e-08
-7.089019441222304502e-09
3.868555208756169434e-09
-7.218968183424360956e-10
1.309762658596732384e-11
3.105733914898778713e-11
-9.222352211555120878e-12
1.061412392975702589e-12
1.715095559715380474e-13
-9.450976070008470621e-14
5.355195462671719390e-04
-8.874758703904183591e-04
4.844065129713861768e-04
-1.406553010557821113e-04
-6.683079138047637069e-06
1.771303249425702198e-05
-4.875998598864702885e-07
-2.716477669222763681e-06
-1.096931792921186107e-07
4.807038700424965620e-07
1.114059018115675553e-07
-7.322451939798057210e-08
-4.487732173875938436e-08
2.268357294881875567e-09
1.145497642974283213e-08
4.025810495063514247e-09
-9.740837414448555291e-10
-1.393211794544115353e-09
-4.602195668312750627e-10
9.719370701008952507e-01
4.634632450909192603e-07
-4.216374646268555536e-12
3.693957148567084501e-17
-2.032817447511741068e-22
-6.253144734459950524e-23
6.566298109603994902e-23
-4.727188358159696165e-23
2.011034501888825399e-23
-9.763610277149171325e-24
9.721563808949453822e-01
2.834920558912940773e-04
6.399634192757834832e-05
-7.289461341109461533e-07
-7.931818393711912118e-08
1.343381018524057044e-09
9.234222678459782650e-11
-2.135832576245281305e-12
-1.019900126294232184e-13
3.133482542541273325e-15
1.074878643890679042e-16
-4.373708511885283245e-18
-1.105391832840079481e-19
2.392798366679262260e-21
5.608776769404094657e-21
7.085256713766000348e-23
-4.839567845612510125e-22
6.859272092876834465e-22
-1.797048651092916524e-21
9.732291409820795769e-01
7.804804763236875866e-04
5.252651693483627727e-05
-1.920337697877691211e-06
-4.172333306062612452e-08
3.186367158352694412e-09
6.995384639916757074e-12
-4.202053512334117835e-12
5.369990708322696360e-14
4.513977326367696001e-15
-1.358671506952366963e-16
-3.626734713224402100e-18
2.248742138326042254e-19
-8.735411292951166756e-22
2.674306137997340827e-21
-3.847758097259028610e-22
-1.291943756802248841e-21
4.523873495366413710e-22
5.289001290683002005e-23
9.823910986907921083e-01
7.779883810056176241e-03
-8.186128371551653141e-04
-1.607258485531755507e-04
9.076847323876961900e-05
-1.710713428366611352e-05
5.348497734136640233e-08
8.332477539833139064e-07
-2.234185006327280362e-07
1.926532737067084489e-08
5.406105171579521076e-09
-2.317330470973714546e-09
3.620793531780226963e-10
1.066810074710277343e-11
-1.946782751149901698e-11
4.711738402019863742e-12
-3.696114469812383891e-13
-1.267756211084318375e-13
4.959933864259384773e-14
9.946077441357372706e-01
5.376032141697626061e-03
2.182391809285298033e-05
-8.237141689750946601e-06
3.440170549126011298e-06
-8.698395491688333772e-07
3.194208929704750562e-09
8.634032730151347350e-08
-1.879912622691705169e-08
-7.893486857996894752e-09
3.456520416203006670e-09
9.359763106527904775e-10
-5.640709839198392674e-10
-1.630653440250341425e-10
8.934048593958837094e-11
3.647074254844913491e-11
-1.223369730924206911e-11
-6.667059803695414395e-12
9.679506163968855094e-13
1.014108850264543227e+00
-2.312882785292906150e-07
2.073140753954362584e-12
-1.780344295391536622e-17
9.934552866407701385e-23
1.493677351369347994e-23
1.237515627462732111e-23
-1.074467627469908429e-23
-1.020973894560971374e-24
3.589844091273652713e-24
1.013999378687721054e+00
-1.415157815375181764e-04
-3.195648376533303983e-05
3.586851354364380394e-07
3.907516478391089083e-08
-6.484757961362271820e-10
-4.470309248684394736e-11
1.007159601542332872e-12
4.837916371272331068e-14
-1.437888121415846689e-15
-4.988653034576737779e-17
1.952367303895762738e-18
4.965820236839844826e-20
-5.113154436570418397e-21
-2.757338154914735689e-21
1.117887184466933082e-21
1.963080621198968098e-21
-6.672402699751689484e-23
-2.736876514939863406e-22
1.013463489630584302e+00
-3.900756458305334562e-04
-2.633559297324871061e-05
9.486947730556881907e-07
2.095562633225904879e-08
-1.552676558154359088e-09
-4.335978467112844771e-12
2.020337911421039280e-12
-2.376047320351284922e-14
-2.152879739726709825e-15
6.052051423071384123e-17
1.757150171553493165e-18
-9.895161016241301067e-20
-1.529322170181294409e-21
5.794291012372823981e-22
-5.240653576386320259e-22
-4.362845662767502266e-22
6.711887428597027871e-22
-3.301204088153163304e-23
1.008859196994829288e+00
-3.917113475198715292e-03
4.078615768074686271e-04
8.256725650114576020e-05
-4.569423821177963385e-05
8.433477656113279715e-06
3.189197204541549422e-08
-4.237784404908952506e-07
1.094482432505657360e-07
-8.471284798192975988e-09
-2.893968868855160337e-09
1.140647367735500899e-09
-1.639605699412956135e-10
-9.256251964014859907e-12
9.875952253522054497e-12
-2.170186184059315469e-12
1.225948251472912555e-13
7.018962688841368076e-14
-2.350741252053368437e-14
1.002706860550616863e+00
-2.702199359532776561e-03
-7.593179349424592143e-06
4.308870708453320589e-06
-1.795375149302541487e-06
4.526110157181784344e-07
-8.102887348489602848e-10
-4.524392561772348361e-08
9.744294111342000011e-09
4.165242677703161314e-09
-1.801862499708382222e-09
-4.963358367014585320e-10
2.946268075547618802e-10
8.650285028470877078e-11
-4.664789371443657399e-11
-1.930403027365285382e-11
6.357854256674775671e-12
3.523495300543877911e-12
-4.928071653333828640e-13
9.854937343358396440e-01
