1.496120637634735129e+00
-2.331975719063818578e-02
1.684312288583340042e-04
-1.323462315768649048e-06
1.218047678109720114e-08
-1.294556436567350681e-10
1.492876615092708833e-12
-1.782879348630106209e-14
2.163819023185334255e-16
-2.697755308565146359e-18
4.680214504863612901e-01
-6.727541385253680284e-01
3.038230403908833144e-01
-7.919389439096510830e-02
-6.664892842383618107e-03
2.202848560259695193e-02
-1.501661342170572226e-02
6.478277622535878917e-03
-1.624749855013323365e-03
-1.529995002072078380e-04
4.393865992715941513e-04
-2.808584478966492264e-04
1.101641681652358032e-04
-2.195158747578339326e-05
-5.666855507487438208e-06
7.529664196007510874e-06
-3.499725072518291019e-06
4.344365341916850826e-07
2.661920873590193387e-07
8.544055135838156748e-03
-1.082960685092766197e-02
4.226303698418457447e-03
-1.223397523779777563e-03
2.912037346796529668e-04
-6.090601178387385360e-05
1.171114732646419304e-05
-2.133624269141568049e-06
3.751541094277649234e-07
-6.427071704615477174e-08
1.076514438730734412e-08
-1.762121845295745152e-09
2.810167718588327366e-10
-4.342451399455397069e-11
6.444488412188119012e-12
-9.045316520531578295e-13
1.164431044670622551e-13
-1.270760597278869958e-14
8.971050531490189415e-16
1.115926277424701181e-04
-2.134932443896304509e-04
1.869920037179062197e-04
-1.502558674740675851e-04
1.111031926170304087e-04
-7.589698235823697187e-05
4.811942727992632283e-05
-2.845950137636063521e-05
1.578666593973164015e-05
-8.259564232903988644e-06
4.099444999968735014e-06
-1.941448340455405753e-06
8.824447459969098286e-07
-3.871967335222479380e-07
1.649884132454800585e-07
-6.882431083532899766e-08
2.869400752448648782e-08
-1.319491671763811112e-08
4.521557515972832271e-09
-1.971382969465575114e-10
3.803569219068739250e-10
-3.413673294165242988e-10
2.847492118448707124e-10
-2.203754282918931582e-10
1.578335173906711417e-10
-1.042267227077337606e-10
6.313829232787249785e-11
-3.483843475537228820e-11
1.733300602065141055e-11
-7.658677056466784686e-12
2.932691919661481741e-12
-9.304469297376109017e-13
2.202650050859416765e-13
-2.499749652445656897e-14
-7.339076327591919258e-15
4.752441350901292639e-15
-8.603525786754233547e-16
-1.258273218546379514e-16
4.506962628928214976e-01
7.618723583606706352e-03
-4.245025664365590029e-05
1.514600157720385915e-07
-1.143827956796226690e-10
-1.838768611289465457e-12
-6.576240829495667411e-15
4.160381370329146612e-16
-6.629266536775842623e-18
8.399334917742602541e-20
7.912009836252548167e-01
2.214289123749316468e-01
-9.831826669724386125e-02
2.974340164304339201e-02
3.409101111405476119e-05
-7.596335830440567073e-03
6.067933491647530160e-03
-2.857966181496153155e-03
6.966498788799848794e-04
1.767732738783275382e-04
-3.044983467893450676e-04
1.827295702616894238e-04
-5.928834511932960447e-05
-2.250396503565614934e-06
1.677600589248902152e-05
-1.172868579483569961e-05
3.922870941500796054e-06
9.199073060930742084e-07
-1.160255819218252507e-06
9.575949570776824959e-01
1.427611959908267440e-02
-2.415924046741190628e-03
4.134832919100214083e-04
-7.208031021350373019e-05
1.286320661265357972e-05
-2.349818124364526589e-06
4.369722621030937310e-07
-8.200418125720669529e-08
1.539568628348283630e-08
-2.871870173967702980e-09
5.297920360307607783e-10
-9.636210988325128289e-11
1.724354706436952380e-11
-3.029675530707147088e-12
5.214032285672208582e-13
-8.764854577078838038e-14
1.467629912051705181e-14
-2.257950708688461758e-15
9.864152292855372650e-01
1.030726364205094767e-02
-3.910254861894442262e-03
1.483437162390660591e-03
-5.627796068784616688e-04
2.135098316654983417e-04
-8.100602964459126915e-05
3.073644155120402549e-05
-1.166419089490015998e-05
4.427563647346535284e-06
-1.681322435048660205e-06
6.388651593053338489e-07
-2.429811594033752393e-07
9.254051010207680464e-08
-3.532219143796317136e-08
1.355157430415377130e-08
-5.311022713773546673e-09
2.336542800651557287e-09
-7.841284617359113336e-10
9.969415006093680365e-01
3.056157803462264053e-03
2.339794450581040473e-06
1.791346659220075422e-09
1.371454934164447091e-12
1.050061420543061992e-15
7.425231867492546369e-19
4.857420869837047675e-20
-3.602781731587550736e-20
2.600885463008067112e-20
-1.800591440311370810e-20
1.194236878365650520e-20
-7.582866574909277067e-21
4.597775037824223220e-21
-2.662441252389108462e-21
1.478028310838728700e-21
-7.989152843786131003e-22
4.525970947106552299e-22
-1.682166746068254920e-22
9.657484338829064319e-01
3.985564402454335083e-03
-3.978302566788951433e-05
2.979792164094634959e-07
-2.062804737925049665e-09
1.619748091375670130e-11
-1.632977038788318033e-13
1.941709736151972988e-15
-2.406628447430214903e-17
2.927255258679946418e-19
1.033578574850888998e+00
1.321079531199055579e-02
-2.987783960641926875e-02
1.969818566924984304e-02
-6.747557771209843763e-03
-4.952675393787393451e-04
2.451398804156236424e-03
-1.895538987037619387e-03
8.711107207404032585e-04
-1.926917861162480406e-04
-7.427479550578068828e-05
1.065156072176780819e-04
-6.281542912591413881e-05
2.107480068103493380e-05
-3.643497360308672028e-07
-4.747504420675835108e-06
3.352344995204709997e-06
-1.126615016360691814e-06
1.253805261486904439e-07
1.021669407652634698e+00
-7.411475979398093709e-03
1.258031957181562693e-03
-2.099871956998629113e-04
3.396813488627744459e-05
-5.212272395101866696e-06
7.327459074101196640e-07
-8.755454890924994618e-08
6.731211355369743427e-09
5.291959517336388809e-10
-4.148889466420839066e-10
1.308405042227060409e-10
-3.301569246536575800e-11
7.470234538997875012e-12
-1.578977526255695095e-12
3.178179091290379737e-13
-6.159961196786177313e-14
1.193613506007404962e-14
-2.099841201681563910e-15
1.006858231364746281e+00
-5.239216643452769030e-03
2.001192250210735105e-03
-7.643783186665314413e-04
2.919589369417757230e-04
-1.115123148049894890e-04
4.258926134511932120e-05
-1.626423463436933614e-05
6.209979071076000709e-06
-2.370373688422964261e-06
9.043441044599938099e-07
-3.447666926941963345e-07
1.312904548908093955e-07
-4.991819440835732980e-08
1.894271141726554929e-08
-7.182662064137311922e-09
2.757192961883728918e-09
-1.173743089903134291e-09
3.847504454020183155e-10
1.001533547292494886e+00
-1.533547292494944836e-03
-6.012301420462224001e-20
5.477901211353018779e-20
-4.806986838084033981e-20
4.061341711277679512e-20
-3.302246449897637572e-20
2.582540241518277662e-20
-1.941243712498184179e-20
1.401336253821977720e-20
-9.705001823213782089e-21
6.440520615175723966e-21
-4.089992558037739734e-21
2.481942095900243399e-21
-1.438239290512187980e-21
7.983692861456072289e-22
-4.325077065583514407e-22
2.451989985808345855e-22
-9.104600522499037709e-23
1.150576441102757475e-01
