7.727773803248036977e-01
-6.185200038740857817e-03
2.473661226269198722e-05
-1.030048205340226919e-07
4.453427364160453909e-10
-1.996079124110561942e-12
9.262024593835316822e-15
-4.429896535979801820e-17
2.740076796537732016e-19
-6.719472838476878988e-20
3.150927398021317605e-01
-3.617781101754424800e-01
1.092717255792524517e-01
-6.871264139126886418e-03
-1.332505151623435483e-02
9.282191958094815690e-03
-3.576535706253298509e-03
7.055495501168020231e-04
1.479528704727120004e-04
-2.093812218128070473e-04
1.071107812025315874e-04
-3.272392642593769833e-05
2.853366926930647546e-06
3.641124117270903889e-06
-2.784776023070886869e-06
1.160964715022366956e-06
-2.608194870770388848e-07
-6.429386592090179708e-08
6.459524208497344010e-08
2.014466448463290635e-02
-2.064931574706573014e-02
6.265669778868686313e-03
-1.427344843210916550e-03
2.747658415459875206e-04
-4.782558054966690338e-05
7.806867022923396113e-06
-1.212989098578294508e-06
1.793845544932492664e-07
-2.495534016696833561e-08
3.177236359639555219e-09
-3.461565716025359241e-10
2.516119133794340769e-11
1.316279731778455894e-12
-1.111609478931733689e-12
3.231184294085434790e-13
-7.411681950217486951e-14
1.566207167126936299e-14
-2.863763349851842065e-15
6.350205497707143336e-04
-1.190748015187466889e-03
9.835252539738897296e-04
-7.200511013171842240e-04
4.713945060986851837e-04
-2.788558372819296060e-04
1.507372015595078438e-04
-7.531892051138682745e-05
3.518986243249856959e-05
-1.554684537344059870e-05
6.565244351975406612e-06
-2.676625160837011832e-06
1.062993112589940479e-06
-4.143599657124687849e-07
1.595360384219064879e-07
-6.106777110123154566e-08
2.364328499124818117e-08
-1.017317660430505940e-08
3.361698451809521288e-09
-1.027527185522537065e-10
1.954067733818632433e-10
-1.678481468519308872e-10
1.298948904538244444e-10
-9.012804333351120104e-11
5.563538248159814730e-11
-3.018619008536499947e-11
1.411849105353154277e-11
-5.502884986320923230e-12
1.667766956688138477e-12
-3.212915764903696774e-13
-3.959992387454774452e-15
2.782257157477202247e-14
-8.239920083309844188e-15
-3.793759297207796818e-16
9.338912555330146238e-16
-1.680649442991487912e-16
-6.970226356307706929e-17
3.165114461007271426e-17
6.310971728518248725e-01
2.234576812974899910e-03
-8.856624862888355258e-06
3.552613788724946008e-08
-1.401225529325973916e-10
5.422457464836301815e-13
-2.068507094586977566e-15
7.858170386325242224e-18
-1.246753793521025532e-20
-1.285646021984747041e-20
8.039265583968249196e-01
1.413906360620776348e-01
-3.631075775390486121e-02
2.041261059651079592e-03
4.477800787148805868e-03
-3.228105592552697658e-03
1.319736509892429016e-03
-2.909190298123853595e-04
-4.404945453070629742e-05
7.950943865364642007e-05
-4.308987783764251569e-05
1.344469524002964180e-05
-9.544505913333503987e-07
-1.754769173068557788e-06
1.272489565191373163e-06
-4.924731436503548959e-07
8.129290809505629641e-08
5.275955117656757449e-08
-3.736249055951087373e-08
9.379549751977965810e-01
2.057073793205466475e-02
-3.392867301076202963e-03
5.547186811381702234e-04
-8.958160044508238951e-05
1.424884892734854642e-05
-2.227258717108015658e-06
3.412480801696775194e-07
-5.103431638406455793e-08
7.394102003399370022e-09
-1.023686204741265099e-09
1.318423290919420305e-10
-1.484793971037666299e-11
1.183457872151383915e-12
3.246540747309929683e-14
-4.535706865317075176e-14
1.434592250796502024e-14
-3.660031495647893988e-15
7.573443200725951292e-16
9.799692288499926018e-01
1.514849127963154192e-02
-5.728026311538422441e-03
2.165851798710722882e-03
-8.188969774539046551e-04
3.095903144530436774e-04
-1.170233659218257119e-04
4.422217231859437535e-05
-1.670429900953935542e-05
6.306064009424849551e-06
-2.378682988228160926e-06
8.963112628350556721e-07
-3.373026514236232701e-07
1.267454103835231440e-07
-4.755785098802524731e-08
1.785108337549717545e-08
-6.796309470170248651e-09
2.876632769002959044e-09
-9.407217423194813675e-10
9.954755382506681460e-01
4.519338190047799027e-03
5.117757298857793913e-06
5.795414874609413019e-09
6.562803123307734326e-12
7.431800925757864606e-15
8.417860311192322766e-18
8.160088495000452512e-21
9.049216119747106763e-22
-5.428361614184384377e-22
3.246547581616089323e-22
-1.973991804699465797e-22
9.296033177943860567e-23
-3.131211198063476409e-23
1.524039118443452212e-23
-8.901061853805911803e-24
-1.097874849632745362e-27
-1.837702661985807793e-25
1.873253128630994478e-24
1.108431988407214464e+00
1.344045943982855246e-04
-2.573379527030744924e-06
1.656636540685914203e-08
-8.783721077682491587e-11
4.309754120788951685e-13
-2.040159782120961055e-15
9.520879567379651266e-18
-4.051749083841810773e-20
-7.976558767005288970e-22
1.078348430580967632e+00
-3.591455428127137556e-02
-4.576327215666119337e-04
4.241828539711628258e-03
-1.610960630137888740e-03
-2.627815283406226119e-05
3.505126029410039084e-04
-2.081521843784974910e-04
5.815725240422750904e-05
5.512800178920743007e-06
-1.538560243407786251e-05
8.932880370938887953e-06
-2.805167445604228638e-06
9.713881625440850439e-08
4.740936152539852278e-07
-3.251425679728047464e-07
1.163745310171875964e-07
-3.958720186140209385e-09
-1.304252645561321139e-08
1.031935323370362312e+00
-1.076265900732500079e-02
1.760520972075422770e-03
-2.740133382384956229e-04
3.966509368770480468e-05
-5.169979988258162393e-06
5.654317444959983285e-07
-3.954251727839138759e-08
-2.724540004769003718e-09
1.937227209304770121e-09
-5.440752082484824933e-10
1.212217369615057643e-10
-2.397020271908983223e-11
4.367894942104058515e-12
-7.439149644122953098e-13
1.186874408605627106e-13
-1.759609385917605216e-14
2.391364762021301652e-15
-2.720725116436682087e-16
1.010151065712102225e+00
-7.754105007994708046e-03
2.961257872056184334e-03
-1.130650631363359134e-03
4.315234961972103903e-04
-1.645758424872925240e-04
6.269054523868045601e-05
-2.383483993335547852e-05
9.036493703095128927e-06
-3.412522045783782212e-06
1.281952135976368820e-06
-4.783759990990369100e-07
1.770610887088199885e-07
-6.490630275566545800e-08
2.353204129423302265e-08
-8.434696694311402850e-09
3.015442894978419947e-09
-1.169350594302234858e-09
3.592116973416501856e-10
1.002269964154522075e+00
-2.269964154522136589e-03
-2.798624918681047550e-20
2.451432911363121717e-20
-2.034722117945700589e-20
1.598691823812629986e-20
-1.187441722174000514e-20
8.323361537915720330e-21
-5.493747029465953849e-21
3.404801958792118954e-21
-1.974175716956596031e-21
1.065875329027129417e-21
-5.325385338287276306e-22
2.441222215593599828e-22
-1.014188681127983207e-22
3.745164407870318043e-23
-1.187122169348735025e-23
3.061071757636897805e-24
-5.277107520423709184e-25
7.303659147869674406e-01
