1.457726422111683240e+00
-2.308124102677664574e-02
1.716978629256659609e-04
-1.388062597840476966e-06
1.299758812985526545e-08
-1.394813519879358013e-10
1.625366336491552406e-12
-1.968473125713200906e-14
2.428076298030720452e-16
-3.074650048739198687e-18
4.561313759546242186e-01
-6.538031240073610695e-01
2.951928899744009072e-01
-7.781509516565843221e-02
-5.489855771425456582e-03
2.086972648384969112e-02
-1.450261185981433117e-02
6.415222624577925775e-03
-1.717811282719834600e-03
-6.572687766965342598e-05
3.986044322887589823e-04
-2.735408286681642121e-04
1.156375212738193611e-04
-2.814634092966575933e-05
-2.331596950828123778e-06
6.564703282524027793e-06
-3.636199256127258088e-06
8.941334021661560799e-07
1.729735113139387699e-08
8.704554699853152624e-03
-1.093692755691761526e-02
4.220899871837364634e-03
-1.208729533011178780e-03
2.850039497602543112e-04
-5.914947507772455473e-05
1.130510123373760911e-05
-2.050219069526701930e-06
3.591981325427421186e-07
-6.135299778866015732e-08
1.024887759023917317e-08
-1.673437974401946079e-09
2.662640040133061609e-10
-4.106425519598800501e-11
6.085756334556454381e-12
-8.538926270070655154e-13
1.101301440670062043e-13
-1.212563110250873267e-14
8.885285433141797214e-16
1.193110988241599386e-04
-2.280792419884676309e-04
1.993018531075658540e-04
-1.595458314815767649e-04
1.173814136989799326e-04
-7.969994076371500046e-05
5.018275152890240473e-05
-2.945788442880408446e-05
1.621230105778194154e-05
-8.414487214515533966e-06
4.143248743536535113e-06
-1.947163201447567119e-06
8.786527826776674155e-07
-3.829759797069278522e-07
1.622206099250102627e-07
-6.731664802304591377e-08
2.793730277362686937e-08
-1.279514556717414953e-08
4.375205213944766639e-09
-1.956730479472511154e-10
3.772980004576740836e-10
-3.379929207699032339e-10
2.810464170796095886e-10
-2.165243197884931793e-10
1.541371182356283177e-10
-1.009939253300044574e-10
6.057884575967657214e-11
-3.301307214141578661e-11
1.616715800291291815e-11
-6.997642541925163346e-12
2.604615414039444553e-12
-7.913274986441398967e-13
1.721567706690982225e-13
-1.289224299576596982e-14
-8.635529575217229616e-15
4.190011809037205609e-15
-5.227658985588827291e-16
-1.951759124058016210e-16
4.550115602401386683e-01
7.601647455118771234e-03
-4.472101924379511629e-05
1.829682797020022262e-07
-3.443176441197471278e-10
-9.301742145937563677e-13
-6.888596680786445967e-15
4.143689861588745860e-16
-7.133231682362794253e-18
8.860873607056185766e-20
7.904128016384299737e-01
2.187119160954458241e-01
-9.591475631104394439e-02
2.890469830016990233e-02
-1.658419416855236533e-04
-7.150250115549994408e-03
5.786181706026238825e-03
-2.786529371450730680e-03
7.352189703018085663e-04
1.209920821026903110e-04
-2.714059131213983800e-04
1.736885026664684211e-04
-6.246959713206678944e-05
3.219690350673472719e-06
1.326898389139979409e-05
-1.052570329378193577e-05
4.036636200088423093e-06
3.286640265386185359e-07
-8.267283598044943389e-07
9.562305212483730443e-01
1.472331354280030646e-02
-2.488637155278117762e-03
4.250270021688635266e-04
-7.380632119119990273e-05
1.308757563878172310e-05
-2.369263005619586254e-06
4.356903997217286871e-07
-8.076236013915978515e-08
1.497415361762622453e-08
-2.759871860232966235e-09
5.034605557853107231e-10
-9.063410025634432166e-11
1.606548533620615803e-11
-2.797911952990868662e-12
4.775134056239217157e-13
-7.962074447454431145e-14
1.321816088572437315e-14
-2.017221046556637016e-15
9.859715591801145873e-01
1.064152662468151149e-02
-4.036167011735851233e-03
1.530864788017325924e-03
-5.806438680989823914e-04
2.202386481837923264e-04
-8.354062567251548240e-05
3.169125791894971214e-05
-1.202394402673331752e-05
4.563144795634633036e-06
-1.732435619134872908e-06
6.581406514531525367e-07
-2.502515027796883784e-07
9.528220697054546385e-08
-3.635532311386932316e-08
1.394076746987505409e-08
-5.459274322418892543e-09
2.398918674751449406e-09
-8.043889203793998271e-10
9.968409106724658297e-01
3.156591701590440949e-03
2.495651281178142330e-06
1.973101340413745313e-09
1.559965016291405375e-12
1.233403180102183228e-15
9.182930238504093480e-19
4.495954454497284632e-20
-3.303662237375871602e-20
2.370122421710053504e-20
-1.628838647404780465e-20
1.071822671949262378e-20
-6.742952707931934122e-21
4.048883591466779935e-21
-2.315474841475556677e-21
1.266855778265295105e-21
-6.722689940263712214e-22
3.732531221045579166e-22
-1.378818879728047088e-22
9.804522381567449818e-01
3.783451914624101891e-03
-3.983727245874173022e-05
3.162014169108289680e-07
-2.317153049045764597e-09
1.868021662873439595e-11
-1.861502281136176584e-13
2.187615942141165494e-15
-2.730567172083745223e-17
3.517798843377152683e-19
1.038390690080909451e+00
7.199512495977247913e-03
-2.672447242238139981e-02
1.855712163810218154e-02
-6.694702985453926218e-03
-1.922338231216954652e-04
2.182839096337373629e-03
-1.767375581428121427e-03
8.482838260747088775e-04
-2.127937180380038047e-04
-5.140831094737154973e-05
9.431889318639709123e-05
-5.994789191510397535e-05
2.245037643482579876e-05
-2.337177295388402037e-06
-3.577609963351834712e-06
3.041376170270520688e-06
-1.314591841877096928e-06
2.891894795199868296e-07
1.022378052072649535e+00
-7.653276559437897572e-03
1.298892777575018755e-03
-2.167999391817032693e-04
3.509412385157975530e-05
-5.400556177255925257e-06
7.657480028236703918e-07
-9.381751411353887440e-08
8.022321158337399499e-09
2.480724198045868816e-10
-3.525283016141796318e-10
1.171085110371365030e-10
-3.005418353446931111e-11
6.848039702641466585e-12
-1.451811777917563829e-12
2.925317866282645623e-13
-5.670154243948579593e-14
1.098160251943602396e-14
-1.930754892182241279e-15
1.007082675623077517e+00
-5.410674991537888986e-03
2.066681736810123664e-03
-7.893915536523053895e-04
3.015118988573575981e-04
-1.151602548496123354e-04
4.398193489999126265e-05
-1.679568398992738781e-05
6.412635450719104582e-06
-2.447564046556972755e-06
9.336951175121505553e-07
-3.559000322743380509e-07
1.354996328095178357e-07
-5.150287033271579860e-08
1.953638238719110475e-08
-7.404187818215532009e-09
2.840576706499538896e-09
-1.208411769777998365e-09
3.959452013747128972e-10
1.001583734866585917e+00
-1.583734866585992905e-03
-6.083911424175671348e-20
5.534010093345294339e-20
-4.844937096239445341e-20
4.081051865316439421e-20
-3.305877140950052710e-20
2.573786519046389260e-20
-1.924464473590423355e-20
1.380737367116732539e-20
-9.495334726567141745e-21
6.251050706695755440e-21
-3.933631671729990958e-21
2.362351657255501669e-21
-1.352575965075285415e-21
7.401475073802674448e-22
-3.939635701784453298e-22
2.188999688403179583e-22
-8.035268491145813246e-23
2.226115288220551491e-01
