1.467966265760193734e+00
-2.315996278916693588e-02
1.710628211194607112e-04
-1.373550950432586522e-06
1.281125341898794030e-08
-1.372168154464006794e-10
1.595688416075149057e-12
-1.926850264386868840e-14
2.369291821223609799e-16
-2.931768866152182744e-18
4.592293489088331571e-01
-6.587933169327150340e-01
2.975244619868976925e-01
-7.823989939834419260e-02
-5.764694761681272636e-03
2.116620252131437910e-02
-1.464234600289951796e-02
6.438621263568746964e-03
-1.697843651053773054e-03
-8.688647992326776061e-05
4.091336426159717754e-04
-2.757996494028670050e-04
1.145128375247330012e-04
-2.667154389752754041e-05
-3.173017115765877328e-06
6.829987275914252149e-06
-3.615832962036015944e-06
7.805694222002132062e-07
8.114394819097776428e-08
8.658275486846686228e-03
-1.090432205041545755e-02
4.220865923093634377e-03
-1.212205532331706113e-03
2.865463368518535300e-04
-5.959277716749196988e-05
1.140822464839556856e-05
-2.071482394248050495e-06
3.632788596620389380e-07
-6.210163348226245821e-08
1.038183031871223870e-08
-1.696376355618442293e-09
2.701006809120354960e-10
-4.168252641637268601e-11
6.180707617343664382e-12
-8.675209431444080304e-13
1.118839399555504359e-13
-1.230347141062111443e-14
8.961840997396991247e-16
1.171682683978547907e-04
-2.240304673900677106e-04
1.958864054230866102e-04
-1.569698810561749515e-04
1.156416653980355528e-04
-7.864648785020045513e-05
4.961099317852476771e-05
-2.918072014243647903e-05
1.609355949024050036e-05
-8.370746126740050984e-06
4.130453890103005043e-06
-1.945125241612998799e-06
8.794243447551065834e-07
-3.839894104490859266e-07
1.629066434638198030e-07
-6.769486551434405313e-08
2.812820933518034981e-08
-1.289630472491957827e-08
4.412280305846890674e-09
-1.960010888250793182e-10
3.779926143324761756e-10
-3.387835608642690442e-10
2.819416219321889002e-10
-2.174780257557866268e-10
1.550677000627007340e-10
-1.018164254584339787e-10
6.123408719093278101e-11
-3.348176058586665518e-11
1.646659550694008246e-11
-7.167063122270323915e-12
2.688303939371195250e-12
-8.265271003380183456e-13
1.841588948315533047e-13
-1.582419919657700039e-14
-8.366567070462443993e-15
4.347568611657739931e-15
-6.073789320763556771e-16
-1.795708100097702190e-16
4.537858640890912731e-01
7.611095619201656975e-03
-4.417432697806964825e-05
1.747893216064178240e-07
-2.807628141329353731e-10
-1.210912520989342685e-12
-6.595443366702597630e-15
4.158965105158344210e-16
-7.075389665816186299e-18
1.028340026015195016e-19
7.905974864124208912e-01
2.194469469348704627e-01
-9.656338294928146215e-02
2.914120539565756562e-02
-1.246700278290517367e-04
-7.262886248481627283e-03
5.860732462660606448e-03
-2.807780098044635516e-03
7.272392958736816418e-04
1.346019702047772024e-04
-2.799408721315795262e-04
1.762874738426607345e-04
-6.187847522913561798e-05
1.914254899881807900e-06
1.416019578252858468e-05
-1.085794951819751887e-05
4.027975270014068041e-06
4.717250853591675538e-07
-9.106703636923851470e-07
9.565821510678439443e-01
1.460812186137322270e-02
-2.469914949454414966e-03
4.220557165809949102e-04
-7.336212693396513597e-05
1.302980184202220991e-05
-2.364230857428745394e-06
4.360066900770467604e-07
-8.107697276136628127e-08
1.508112316697890436e-08
-2.788292384277419137e-09
5.101405429979944155e-10
-9.208698075522473033e-11
1.636432001065789412e-11
-2.856727882803029858e-12
4.886611903704982153e-13
-8.166268600808803155e-14
1.358994265919232123e-14
-2.078785825168491582e-15
9.860859333925242609e-01
1.055537110259839595e-02
-4.003718929451104483e-03
1.518644562020668486e-03
-5.760417294487729873e-04
2.185054781284404273e-04
-8.288788397905025882e-05
3.144539866427250734e-05
-1.193132256818476344e-05
4.528242388640424812e-06
-1.719278860745893158e-06
6.531793796444352662e-07
-2.483802863209559077e-07
9.457658103129569942e-08
-3.608944003736124793e-08
1.384061606952441105e-08
-5.421132893820741174e-09
2.382877594228227754e-09
-7.991803175343034311e-10
9.968668461804580661e-01
3.130696914177899266e-03
2.454978748107210431e-06
1.925105118501756666e-09
1.509597389187491319e-12
1.183842974190020086e-15
8.703381841224604907e-19
4.587600071464478511e-20
-3.379861850383788814e-20
2.428386797743965253e-20
-1.672803452370289581e-20
1.102992582793269272e-20
-6.955022843639940170e-21
4.188011389416076348e-21
-2.401365228064621311e-21
1.317529314536080267e-21
-7.054653290939430338e-22
3.944648410127807194e-22
-1.442405050318966071e-22
9.766194446484658398e-01
3.840033446533778778e-03
-3.988897037766164880e-05
3.120631587311553698e-07
-2.254769280306858942e-09
1.805739398005753326e-11
-1.804980998325427296e-13
2.129148297248104689e-15
-2.657361286728293486e-17
3.356997628312804167e-19
1.037150004206427445e+00
8.753379883076390158e-03
-2.754814021747330546e-02
1.886397837902722974e-02
-6.717718279008712962e-03
-2.661364064739926358e-04
2.251806143164570770e-03
-1.801872772335997176e-03
8.556795331065523156e-04
-2.084976811649555286e-04
-5.702079686007361276e-05
9.750881121908049174e-05
-6.081855813554428494e-05
2.219356239491670411e-05
-1.870238998021980202e-06
-3.874077518098331918e-06
3.129788947904838619e-06
-1.275750074818499665e-06
2.513178694141175864e-07
1.022195299911919486e+00
-7.590956202639692618e-03
1.288379765360528296e-03
-2.150537432815901825e-04
3.480746748007593802e-05
-5.353099015272060171e-06
7.575256851567284637e-07
-9.227191778347189665e-08
7.705110007244929720e-09
3.171659145522851871e-10
-3.679008785154479765e-10
1.205065837199803100e-10
-3.078984122370609474e-11
7.003152122812255628e-12
-1.483620600883478206e-12
2.988772555448952881e-13
-5.793472323580815786e-14
1.122281710596881599e-14
-1.973635400809348312e-15
1.007024784225067471e+00
-5.366450421334341588e-03
2.049789961497338990e-03
-7.829399047006167962e-04
2.990479431990143732e-04
-1.142193831243737097e-04
4.362275759379388837e-05
-1.665863390783296915e-05
6.360383242905366521e-06
-2.427667092832131645e-06
9.261327895883120814e-07
-3.530334259393500246e-07
1.344169099669706347e-07
-5.109580369404549904e-08
1.938416771413627737e-08
-7.347533335400972729e-09
2.819326179387456591e-09
-1.199619561821526924e-09
3.931159203734344152e-10
1.001570789865183775e+00
-1.570789865183710434e-03
-6.061077517167997993e-20
5.515673407122316584e-20
-4.831890204351923150e-20
4.073354314472982449e-20
-3.302947618429063245e-20
2.574600598898328743e-20
-1.927799095174418359e-20
1.385401166496341385e-20
-9.545372149479444185e-21
6.297510281267923657e-21
-3.972568412998121512e-21
2.392400055402188337e-21
-1.374204630104411639e-21
7.548755470239752407e-22
-4.037101777578405377e-22
2.255388302034994792e-22
-8.304913417698931240e-23
2.001002506265664449e-01
