5.871125464007367345e-01
-2.846668267468092494e-03
6.800303823320105534e-06
-1.676418459358759304e-08
4.241113436079299057e-11
-1.096975200232397103e-13
2.890960331147295520e-16
-7.972346362671455889e-19
2.297298845831957843e-19
-5.798197693849299492e-20
2.803774923554347431e-01
-2.713339228823558047e-01
5.586887134616309869e-02
7.511589252662732689e-03
-1.083249245052131556e-02
4.491484413690917041e-03
-8.804903635808737899e-04
-1.360588361234806910e-04
1.857482419192295873e-04
-7.792723865383961149e-05
1.572275737271778715e-05
2.203737242775518339e-06
-3.244617281406641601e-06
1.398033812936237842e-06
-2.963706206556310020e-07
-3.167724118406043191e-08
5.523916286689383951e-08
-2.471488245591515834e-08
5.665314301577284409e-09
2.897420526925950299e-02
-2.702681988215149128e-02
7.370483401162202138e-03
-1.509946553096571005e-03
2.614254612576675575e-04
-4.059817439191973495e-05
5.773675251393226993e-06
-7.426651454094689449e-07
8.136885862767157724e-08
-6.013440917534622339e-09
-2.512046995492647555e-10
2.359835915909007171e-10
-6.710171829428308941e-11
1.476307906127829543e-11
-2.849155974341394644e-12
5.021552159946716986e-13
-8.200328273932695954e-14
1.264525654378260277e-14
-1.725972216774985271e-15
1.191649060314062692e-03
-2.213375293356643729e-03
1.778933326088229456e-03
-1.248532367356651939e-03
7.747655850046578476e-04
-4.310998996876405230e-04
2.182553027321488279e-04
-1.020140581748286453e-04
4.465108235264335758e-05
-1.855066090223955527e-05
7.407417746046356639e-06
-2.874270619792920661e-06
1.093633671346240025e-06
-4.108391696585641937e-07
1.531121533698019593e-07
-5.685678588197860684e-08
2.133474474456363931e-08
-8.856858438155972916e-09
2.859866229818686484e-09
1.320199065308030400e-09
-2.495586059448770446e-09
2.104587421260372776e-09
-1.577715466358081021e-09
1.044130063945005339e-09
-6.030792017192546849e-10
2.983282400897092988e-10
-1.222697904343053417e-10
3.880557392346818717e-11
-7.865932025855837236e-12
5.278085799890244312e-16
6.523535693554898292e-13
-1.912518063515953897e-13
-1.441715027134817940e-14
2.326977557581783896e-14
-2.891738709410228816e-15
-2.282443749976182892e-15
5.537138614275047216e-16
2.237313912627335805e-16
6.926082295255092669e-01
1.036934511229646062e-03
-2.437512396953019245e-06
6.017913043985269598e-09
-1.492841448586931194e-11
3.680616736257588838e-14
-9.008837497041938970e-17
2.807164431650500770e-19
2.829784935132488304e-20
-4.074655167723301586e-20
8.118234894840603566e-01
1.092116662050687942e-01
-1.762480650481680622e-02
-3.160346901788235307e-03
3.748935704011263897e-03
-1.557217134464762304e-03
3.256195324130034693e-04
3.835381875257967433e-05
-6.507549939417067958e-05
2.917693507080012052e-05
-6.379779324809547775e-06
-6.999926724810260549e-07
1.256465642815889287e-06
-5.605241926300198822e-07
1.178787265526516541e-07
1.624576488458608968e-08
-2.418013187914027130e-08
9.966819587086457869e-09
-1.955464546752360692e-09
9.299473206215616017e-01
2.286720027558617960e-02
-3.653545972989628333e-03
5.653171434256634579e-04
-8.400814066066739853e-05
1.190600384637452556e-05
-1.593354306974109819e-06
1.970836983028759626e-07
-2.132130408368292486e-08
1.661966302983988361e-09
2.725181082448759761e-11
-5.237392089861292228e-11
1.601283054940884582e-11
-3.726357491762362389e-12
7.635298858553791645e-13
-1.440790110350707471e-13
2.548580455472005778e-14
-4.349901674849819457e-15
6.657542959340377747e-16
9.772488104469859715e-01
1.718055310873902591e-02
-6.486109573579360542e-03
2.448048879803692551e-03
-9.235270522789635434e-04
3.481166431575406653e-04
-1.310490764919382430e-04
4.923796722832211680e-05
-1.844976714318362221e-05
6.888762543284444866e-06
-2.560854275586877956e-06
9.470841131103944114e-07
-3.482423978107881030e-07
1.272567404960197898e-07
-4.621176076183493242e-08
1.669929255681953104e-08
-6.077491077111649209e-09
2.433965935172263474e-09
-7.673546759317005528e-10
9.948537047330262562e-01
5.139665640587474417e-03
6.621085884067744904e-06
8.529500036706164873e-09
1.098798398539503262e-11
1.415338299406772487e-14
1.944633308354683364e-17
-7.859492896976032462e-19
5.043018778908868432e-19
-2.916062956990462768e-19
1.556249568079384404e-19
-7.602485397589733835e-20
3.359978750744884324e-20
-1.320460202908469308e-20
4.490541914245817832e-21
-1.248965523567811356e-21
2.393247965987551807e-22
-3.882325114095043864e-24
-1.249430251142385745e-23
1.112759010972701246e+00
-7.452986220767633977e-05
-3.482872713281887430e-07
1.811720783723650293e-09
-6.417387708367274266e-12
2.008708098625770345e-14
-5.930185595973644406e-17
1.715288300294400545e-19
1.874765080441501182e-20
-8.173435074092333629e-21
1.082322716024923803e+00
-3.391389656624224647e-02
-2.298489239646521020e-04
2.779456044513438102e-03
-8.010208019234076136e-04
-7.584755511304883786e-05
1.435312863462312504e-04
-5.046171407912081565e-05
5.961963752717933754e-07
7.970081883937616944e-06
-4.208343292556904608e-06
9.270757981915071261e-07
1.759035219269291654e-07
-2.382490317899385969e-07
9.969628334085496742e-08
-1.688741167117706839e-08
-5.897432538196548275e-09
6.094374258358307739e-09
-2.187599695551158466e-09
1.036102493385392842e+00
-1.191694289479292186e-02
1.858639659060171492e-03
-2.652746597952280777e-04
3.317843561935536630e-05
-3.296969793020253780e-06
1.584447611430782845e-07
3.461545226581242628e-08
-1.431077375740559722e-08
3.432896164783227997e-09
-6.743513803040465692e-10
1.168111719003553028e-10
-1.817508574026705427e-11
2.512178197820718436e-12
-2.920680232408582632e-13
2.293617839610071555e-14
8.487989015575826925e-16
-9.736055196263176501e-16
2.672206922173962556e-16
1.011549764082028346e+00
-8.820563746721066939e-03
3.366857031698151492e-03
-1.284187667653528386e-03
4.891488844670700180e-04
-1.858893392394321813e-04
7.038759187989530365e-05
-2.651093135661927380e-05
9.911785611855732946e-06
-3.670098896679942609e-06
1.342568988187633910e-06
-4.839766031305761465e-07
1.714718935608515609e-07
-5.953681439629963673e-08
2.018738178484490966e-08
-6.653929556208419243e-09
2.126608570244717662e-09
-6.970240356838720079e-10
1.857591214340646969e-10
1.002583116634039095e+00
-2.583116634039094115e-03
-5.553864907828871984e-18
4.784463545783175386e-18
-3.877844976485180264e-18
2.952954923393999851e-18
-2.108607815574890669e-18
1.408302046345122542e-18
-8.767906759892991700e-19
5.066075315258715501e-19
-2.700555731728657777e-19
1.317407708220515607e-19
-5.813678843708367123e-20
2.280485687848009991e-20
-7.722154482415450762e-21
2.131150872118521964e-21
-4.077982576963598612e-22
3.723038518424715042e-24
2.523342856840691847e-23
7.978997493734335533e-01
