1.333929730206541597e+00
-2.131616357581452015e-02
1.655604412655393878e-04
-1.390040711238600509e-06
1.311840276442739861e-08
-1.387010868826524979e-10
1.589544222770172419e-12
-1.908438869511808805e-14
2.350727811914430363e-16
-2.951091051937516738e-18
4.224236116805820118e-01
-5.967180622986085758e-01
2.655550772359994149e-01
-6.985805116233839707e-02
-4.120791192299035587e-03
1.797899370120954743e-02
-1.273971335175947371e-02
5.831602173097187591e-03
-1.717449317172072476e-03
7.247136470282057380e-05
3.006298083796971228e-04
-2.377120459694824560e-04
1.144530501617236349e-04
-3.647684592118393185e-05
4.182279916879295750e-06
3.847746454692778694e-06
-3.395389043582595073e-06
1.724514352944441034e-06
-5.176452323481428186e-07
9.469461856520075549e-03
-1.155645093615048115e-02
4.300213658489888263e-03
-1.188926332784169234e-03
2.718370030803453656e-04
-5.500722574732621131e-05
1.030535929610020166e-05
-1.839618108246894828e-06
3.180809940744170914e-07
-5.368092148088305783e-08
8.861188062616701624e-09
-1.429010482189459275e-09
2.243682444541983254e-10
-3.410284635401082486e-11
4.971643442076636822e-12
-6.839347242376856109e-13
8.587516749139942025e-14
-8.989441482386477118e-15
5.622615696378382998e-16
1.509124909574999771e-04
-2.877276295616368633e-04
2.494741255112226347e-04
-1.972240243487951097e-04
1.427046189355613665e-04
-9.496794967895170342e-05
5.845326110221033228e-05
-3.348022163210219514e-05
1.795975171892648121e-05
-9.082672970312501241e-06
4.359409959473600210e-06
-1.999136767421808979e-06
8.816827119119356077e-07
-3.763754385878870892e-07
1.565098262068817298e-07
-6.391395620857092956e-08
2.615938263406482200e-08
-1.183582891009551864e-08
4.021188340428950942e-09
-1.949636789755592966e-10
3.751713440097425419e-10
-3.340375986163321585e-10
2.748851623867167647e-10
-2.086262976727499302e-10
1.455600118208348440e-10
-9.292877418500605172e-11
5.392985156413663436e-11
-2.818153790811420792e-11
1.307442490844099843e-11
-5.265297988157731614e-12
1.767970239995745599e-12
-4.528833278912953121e-13
6.436725193884936797e-14
9.690572660643974295e-15
-8.865659382725833022e-15
2.163428224767177621e-15
2.029889549185543387e-16
-2.548384532902307602e-16
4.741039532312170124e-01
7.208041247561268461e-03
-4.740314709123558107e-05
2.551209792717896606e-07
-1.079361619632289745e-09
3.675630973668467332e-12
-2.155585636250572185e-14
3.698253982301907329e-16
-6.363758740448570478e-18
1.012771576822247589e-19
7.895243775844935641e-01
2.090625200105297177e-01
-8.755054180476813663e-02
2.537445368937491647e-02
-6.632265387006274231e-05
-6.105504335705331902e-03
4.930647614881616785e-03
-2.436981420291889789e-03
7.241453455000588331e-04
2.162249889085478253e-05
-1.887274060839360334e-04
1.380489674466775550e-04
-5.918828671013947912e-05
1.150610990041737777e-05
5.503223254252869788e-06
-6.718522231478957312e-06
3.409293933127622908e-06
-6.364471505243652714e-07
-1.469829078759670833e-07
9.525448068475949048e-01
1.592827289028311832e-02
-2.684064327151165861e-03
4.559594955948635718e-04
-7.841277527135245352e-05
1.368332920821858701e-05
-2.420684280857623515e-06
4.324075324772250721e-07
-7.756234351555962990e-08
1.389432417650474301e-08
-2.474575307177469854e-09
4.366701011535451714e-10
-7.614101081391510062e-11
1.308629699821617852e-11
-2.210855396758850999e-12
3.658909115498267490e-13
-5.906083644046776032e-14
9.439525415700312660e-15
-1.384184767233583401e-15
9.847711753426346970e-01
1.154513483255192874e-02
-4.376254009009595582e-03
1.658857204052851348e-03
-6.288132318616647268e-04
2.383672554337240210e-04
-9.036382545803497588e-05
3.425973573073115184e-05
-1.299104415745495473e-05
4.927413709941458595e-06
-1.869701514914155285e-06
7.098879415398164876e-07
-2.697638929597691528e-07
1.026378117382026849e-07
-3.912534941428491633e-08
1.498303424384181345e-08
-5.855405186189754247e-09
2.564934691960368585e-09
-8.581490672284905903e-10
9.965685287490499977e-01
3.428525251440180284e-03
2.943470299386308227e-06
2.527039111057145878e-09
2.169522984801209693e-12
1.862643377181070255e-15
1.554007404712718162e-18
3.592628592461959389e-20
-2.538337145575573048e-20
1.784092734429960974e-20
-1.197436793519825659e-20
7.672075171944799748e-21
-4.680291739073408339e-21
2.711310840909733160e-21
-1.490246233072472888e-21
7.809402903441517535e-22
-3.896461175298338417e-22
1.994895588672085587e-22
-7.010215466579857211e-23
1.021595752692810777e+00
2.988509473402091270e-03
-3.569476224820794009e-05
3.200443758801728871e-07
-2.629950727043890734e-09
2.227784339462948005e-11
-2.122838474326210145e-13
2.314929152523673799e-15
-2.763151505327147193e-17
3.508626779169776325e-19
1.051156705070030339e+00
-8.858790901296126341e-03
-1.785501329289164787e-02
1.486450739771568406e-02
-6.035038019449043452e-03
3.614559094278790331e-04
1.504151209202559585e-03
-1.359716932923173572e-03
7.090376924519985538e-04
-2.161840807591435291e-04
-9.579307265428496510e-06
6.232784062815926020e-05
-4.661730337842720891e-05
2.104052254668228400e-05
-5.009794631410674170e-06
-1.115056381992357313e-06
1.972005145079354552e-06
-1.327540557012720367e-06
4.737396449326763274e-07
1.024299875982254804e+00
-8.306290665430784287e-03
1.407929983130951470e-03
-2.345095750599724468e-04
3.788579136196270226e-05
-5.835018740243754737e-06
8.355723257137791802e-07
-1.061380600521740265e-07
1.048535150932530547e-08
-2.936919722470342558e-10
-2.286056263152084634e-10
8.884482186349318031e-11
-2.375560854107893824e-11
5.485889076579776468e-12
-1.166191997925218216e-12
2.344001494244372149e-13
-4.518880658074790776e-14
8.684669543743521336e-15
-1.515154701686193853e-15
1.007692062003785471e+00
-5.876195306830786329e-03
2.244485844953602368e-03
-8.572991395790541041e-04
3.274441711359114631e-04
-1.250607838709294278e-04
4.776014065762116729e-05
-1.823641553159526015e-05
6.961341086653014882e-06
-2.656134379343789238e-06
1.012747676953358028e-06
-3.857411447954175975e-07
1.467027069832377302e-07
-5.567928006996390408e-08
2.108007847221483220e-08
-7.969805608672547473e-09
3.048144544690067897e-09
-1.291656526389017394e-09
4.221365217360514723e-10
1.001719999520142013e+00
-1.719999520141966224e-03
-6.575612787082479368e-20
5.948822564660426930e-20
-5.168268171034343192e-20
4.310173605853345514e-20
-3.448554420343851769e-20
2.645230047282437012e-20
-1.943532451307183708e-20
1.366330601903605726e-20
-9.178897357539313463e-21
5.883203657586172841e-21
-3.590927744555635706e-21
2.082645780487681701e-21
-1.145286769936434972e-21
5.972975032490517805e-22
-2.994656156593303693e-22
1.550181591145195656e-22
-5.453864213849145127e-23
3.951979949874686593e-01
