1.313624896111994289e+00
-2.089795980197362707e-02
1.622636412642384617e-04
-1.360401977976131148e-06
1.276567518137525988e-08
-1.337368514829601473e-10
1.517447208647428883e-12
-1.805344196677215452e-14
2.205183853777769844e-16
-2.677864250602715484e-18
4.174787847907939775e-01
-5.878455113522447206e-01
2.604721227052796961e-01
-6.812876425501281086e-02
-4.191933889677732644e-03
1.761441333756256361e-02
-1.244496264957152022e-02
5.693696661644666833e-03
-1.681432609926045716e-03
7.641933557962619526e-05
2.901819906250227457e-04
-2.313206116232100330e-04
1.123009292246502343e-04
-3.638002756627313770e-05
4.574867004222021074e-06
3.574727743166411270e-06
-3.322452061394709744e-06
1.773953382010849816e-06
-5.597294809695957722e-07
9.632804802076034081e-03
-1.169788591806398929e-02
4.326386968997358688e-03
-1.189193098423663815e-03
2.705115471353289314e-04
-5.450865812868321776e-05
1.017750238486471448e-05
-1.811786212386826523e-06
3.125094841812698333e-07
-5.261667730151111865e-08
8.664039574713161541e-09
-1.393395736992783242e-09
2.180919159149416518e-10
-3.302603722450595720e-11
4.792408462044979673e-12
-6.551398948524573868e-13
8.144595549286377045e-14
-8.335620455213417903e-15
4.763397344936834468e-16
1.572721562121031432e-04
-2.997177484735450955e-04
2.595259200286038990e-04
-2.047346003477961698e-04
1.477217967399482043e-04
-9.797450752664459269e-05
6.007421300047642262e-05
-3.426766058521989590e-05
1.830396667920569808e-05
-9.217114338810536355e-06
4.405400880028910939e-06
-2.012166567133239062e-06
8.841487962366680061e-07
-3.761707368200025733e-07
1.559674596525210758e-07
-6.353232596857521737e-08
2.594706097739861351e-08
-1.171765939147849458e-08
3.977073750127645709e-09
-1.953659519990573848e-10
3.758176787786057411e-10
-3.342686324087280982e-10
2.745938714398007620e-10
-2.078784212681066817e-10
1.445456345525519779e-10
-9.187471808136665309e-11
5.301794601538040728e-11
-2.750531547698937744e-11
1.264079434615566597e-11
-5.025651851815643627e-12
1.655601518876192705e-12
-4.097422766965000588e-13
5.191597411551040350e-14
1.166272881804254609e-14
-8.543424987661041006e-15
1.844786847242619853e-15
2.740898161393797276e-16
-2.474432196797160093e-16
4.779689748803767624e-01
7.096545233421585989e-03
-4.711421054749320752e-05
2.605136222204917863e-07
-1.167801125257180158e-09
4.417897174077615636e-12
-2.495149181805812103e-14
3.611985308521933709e-16
-5.904014797319963590e-18
3.994558955604228957e-20
7.895934969762854472e-01
2.073237209040711682e-01
-8.607513261901302004e-02
2.468808374073346371e-02
3.852134554730385032e-05
-5.980897078500231265e-03
4.798443555282706427e-03
-2.367605976994687032e-03
7.072283471542080077e-04
1.514003241264380448e-05
-1.788465744227257499e-04
1.321731620418218516e-04
-5.741692639216075750e-05
1.180938798775693120e-05
4.746663107430597579e-06
-6.209327030148611932e-06
3.242871574722232296e-06
-6.864954981865269125e-07
-9.003643504409942314e-08
9.520178366194783637e-01
1.610014604044129535e-02
-2.711855001426187722e-03
4.603364492861740116e-04
-7.905874013926232527e-05
1.376540991556421291e-05
-2.427400416182582681e-06
4.318374728491792452e-07
-7.709589509098636732e-08
1.374115374185330392e-08
-2.434655642428244071e-09
4.274018474189959626e-10
-7.413959473185678428e-11
1.267573950956028814e-11
-2.129919792532001143e-12
3.504576963079457145e-13
-5.620237614514836606e-14
8.909184931534402347e-15
-1.294303491841235581e-15
9.845993088537869919e-01
1.167441780637178649e-02
-4.424876830419022071e-03
1.677143408347652647e-03
-6.356902821393015665e-04
2.409536485662893736e-04
-9.133663930840154070e-05
3.462570874005199288e-05
-1.312876611807696110e-05
4.979262928383332496e-06
-1.889231141401837559e-06
7.172471038809857005e-07
-2.725372698281923639e-07
1.036823878052603288e-07
-3.951815072299340117e-08
1.513046885031776165e-08
-5.911206540451240873e-09
2.588161681506225091e-09
-8.656318169854898522e-10
9.965295026330700523e-01
3.467484008095503712e-03
3.010742399251549296e-06
2.614163403133039468e-09
2.269822254734090963e-12
1.970892722510384039e-15
1.667819474851210070e-18
3.469371145443331653e-20
-2.432410958997784597e-20
1.703551951410903464e-20
-1.139346420389227440e-20
7.267102921030202623e-21
-4.407879693445813457e-21
2.538715385850405593e-21
-1.385755007621217682e-21
7.141514862085004182e-22
-3.556913163745330536e-22
1.828892065232107595e-22
-6.226071487543532864e-23
1.027432406685667043e+00
2.846140568973424840e-03
-3.449061136683437203e-05
3.127591620436963456e-07
-2.594967498563162682e-09
2.202791840392118264e-11
-2.078470670353304896e-13
2.228527032816920616e-15
-2.616200783158102772e-17
3.106610701024743155e-19
1.052895504003247495e+00
-1.103678701502035057e-02
-1.659971948773962536e-02
1.428327681615255453e-02
-5.879258719126803298e-03
4.027357447974072731e-04
1.418624507987929122e-03
-1.297458353962120930e-03
6.808905754269186468e-04
-2.103037464959228112e-04
-6.651331695928320632e-06
5.841059604837591695e-05
-4.431417493250100318e-05
2.028331749130788406e-05
-5.030905027752262774e-06
-9.047183387343714479e-07
1.826591090253092687e-06
-1.279458522166740853e-06
4.689522107503803968e-07
1.024575581822436465e+00
-8.399475470985991524e-03
1.423254945922130220e-03
-2.369153954912568000e-04
3.824100268591608707e-05
-5.884423606082530885e-06
8.423131466381915811e-07
-1.071438610328650588e-07
1.067244856143912478e-08
-3.367914228647195562e-10
-2.177792515000662591e-10
8.614376512952700500e-11
-2.310835088511617037e-11
5.337707605385016985e-12
-1.133676346869227591e-12
2.275290749261457182e-13
-4.378305846147145812e-14
8.395334804112166051e-15
-1.461443005845964959e-15
1.007779612816520398e+00
-5.943075886223106105e-03
2.270029863085062417e-03
-8.670543086985473252e-04
3.311688795214420703e-04
-1.264823966360673329e-04
4.830234832248507179e-05
-1.844296680760160837e-05
7.039872165166279203e-06
-2.685902046414808545e-06
1.023981312619854300e-06
-3.899540946303001348e-07
1.482694544340960689e-07
-5.625560432851261351e-08
2.128919772398062579e-08
-8.044488883057990539e-09
3.074554042536326115e-09
-1.301669158261379154e-09
4.251523193011135188e-10
1.001739576901508499e+00
-1.739576901508558182e-03
-6.694990288227738879e-20
6.051269857562820167e-20
-5.250468574703323395e-20
4.371354430225536832e-20
-3.490201567079860811e-20
2.670447653790245404e-20
-1.956245041045005237e-20
1.370526257835424378e-20
-9.170506047675899454e-21
5.851075069716165814e-21
-3.552744283461427262e-21
2.048228345761948130e-21
-1.118591108050759632e-21
5.785755735363103368e-22
-2.870866095196502394e-22
1.467388087781180965e-22
-5.121741954240421128e-23
4.152080200501253593e-01
