1.503930413738004290e+00
-2.334924615419357516e-02
1.674771574607339820e-04
-1.307089443866934494e-06
1.197755053292225534e-08
-1.269468073165378870e-10
1.459519606574923249e-12
-1.736396570227218486e-14
2.097261282287073672e-16
-2.514661351208945387e-18
4.705338380657163588e-01
-6.766911062311214975e-01
3.055394241717926951e-01
-7.940055214494719238e-02
-6.953277668951820915e-03
2.227981127408716275e-02
-1.511729106413186967e-02
6.482429921097306556e-03
-1.599588508709936683e-03
-1.733744375974666013e-04
4.480374063322975953e-04
-2.819035110549313527e-04
1.086087805700661988e-04
-2.047033928337569533e-05
-6.397160527748091019e-06
7.709367368141832743e-06
-3.449415467286742518e-06
3.303206101121128558e-07
3.191164092787915358e-07
8.515750272430610071e-03
-1.081280344768790341e-02
4.229286773781321639e-03
-1.226943402770217656e-03
2.926090529877932878e-04
-6.129610370671688348e-05
1.180049197473612905e-05
-2.151872448910871383e-06
3.786284385470393889e-07
-6.490287635326458907e-08
1.087636263242508200e-08
-1.781095544850021493e-09
2.841455548554031892e-10
-4.391916227218976104e-11
6.518358716118551843e-12
-9.146579333550303461e-13
1.176319101753081895e-13
-1.279545501336003703e-14
8.916162357583337318e-16
1.101247649284196417e-04
-2.107186408039202728e-04
1.846487257915050057e-04
-1.484857237575982992e-04
1.099058011091706986e-04
-7.517138763200623499e-05
4.772611674199773193e-05
-2.826989160039305058e-05
1.570659382925040248e-05
-8.231094023058039416e-06
4.091943977322536084e-06
-1.940942081112350867e-06
8.835243346433227524e-07
-3.882003144616091032e-07
1.656190183042788860e-07
-6.916201819619753347e-08
2.886213027859486281e-08
-1.328335343579446659e-08
4.553880740834908944e-09
-1.975168158432529225e-10
3.811346915377687343e-10
-3.421942870239012120e-10
2.856214939286378244e-10
-2.212538243491462891e-10
1.586572842921020124e-10
-1.049361782489754373e-10
6.369481203114853371e-11
-3.523359142882638114e-11
1.758529532360403409e-11
-7.802205981922523723e-12
3.004452933353124138e-12
-9.612618702104339750e-13
2.311504521042818823e-13
-2.785697879802328370e-14
-6.970318037697103986e-15
4.855237863440447209e-15
-9.357861287676200697e-16
-1.079073823191834689e-16
4.499118630924052731e-01
7.616111422188908894e-03
-4.191842662205051982e-05
1.448447721300335776e-07
-7.107681061773416010e-11
-1.973400966475796159e-12
-6.755798018473424981e-15
4.148416839525293332e-16
-6.457231843343816381e-18
5.903028057585627648e-20
7.913938183991667819e-01
2.219695217781168239e-01
-9.879811762291096366e-02
2.989759951100800020e-02
9.047537688292770191e-05
-7.695193789393393879e-03
6.125866437531512533e-03
-2.869538392901656125e-03
6.857878393882744757e-04
1.897274097097203008e-04
-3.115559985919442499e-04
1.842900903748794406e-04
-5.829538343013757881e-05
-3.558998714545466275e-06
1.753881213963736751e-05
-1.195275294775819256e-05
3.869643038634020072e-06
1.058161517497259524e-06
-1.233626757478025907e-06
9.578885748082958118e-01
1.417981185350286957e-02
-2.400254280342225231e-03
4.109944518479793636e-04
-7.170816300119133263e-05
1.281490073798692842e-05
-2.345675315212630016e-06
4.372707411924736643e-07
-8.227964321951792709e-08
1.548885809090004052e-08
-2.896616610564896805e-09
5.356114792686042662e-10
-9.762823882965045156e-11
1.750389474683446579e-11
-3.080857273191072225e-12
5.310820836709890106e-13
-8.941479511062143056e-14
1.499586930873294086e-14
-2.310452358417156779e-15
9.865106557368921170e-01
1.023534918577231195e-02
-3.883158225232375554e-03
1.473227787607833683e-03
-5.589330481123604057e-04
2.120605795824516925e-04
-8.045998458470716367e-05
3.053068771984084008e-05
-1.158664990634875961e-05
4.398334842593786891e-06
-1.670301653833794122e-06
6.347086046068977456e-07
-2.414132741254346811e-07
9.194922026920597237e-08
-3.509936666098462178e-08
1.346762258504799644e-08
-5.279034472392801464e-09
2.323076293982030948e-09
-7.797523543885874514e-10
9.969631300441552657e-01
3.034561256193911861e-03
2.306944523347234095e-06
1.753793245482442629e-09
1.333274600822622902e-12
1.013663249655484124e-15
7.082131748797194883e-19
4.936794846057589514e-20
-3.668778422928047932e-20
2.651237583897366484e-20
-1.838846745795181662e-20
1.221402073501001553e-20
-7.770478581185112657e-21
4.719681311317954317e-21
-2.738769443355487252e-21
1.523697512910231504e-21
-8.301583047360566383e-22
4.710304555997142678e-22
-1.746530351157162173e-22
9.626473539589732731e-01
4.023136063937658193e-03
-3.968922092835217675e-05
2.934175489549991967e-07
-2.005121895569104050e-09
1.565334843392640209e-11
-1.581988750309308744e-13
1.884056025146750233e-15
-2.328468783135619740e-17
2.768399160250699141e-19
1.032545218501675244e+00
1.449569246365629317e-02
-3.054031757134299807e-02
1.992617103504641315e-02
-6.746455028733874815e-03
-5.658123972066594464e-04
2.509277076500321564e-03
-1.921029099523676505e-03
8.739750019186878988e-04
-1.872127228023963007e-04
-7.953057171842407359e-05
1.090503380613983003e-04
-6.324556589067921398e-05
2.064835965157294051e-05
1.114246039683355126e-07
-5.002254770264757499e-06
3.406559808436379116e-06
-1.073439832867258435e-06
8.468536589860431746e-08
1.021517071781325114e+00
-7.359449837957307387e-03
1.249217505178155550e-03
-2.085092208368343662e-04
3.372140108276415997e-05
-5.170409869701836877e-06
7.252856339221405688e-07
-8.611959845923917874e-08
6.433494184824033259e-09
5.940112194722503477e-10
-4.292123468257180609e-10
1.339786451128867328e-10
-3.368898311182322841e-11
7.610990734804941043e-12
-1.607610119393915800e-12
3.234849434981724530e-13
-6.269209213992405583e-14
1.214785385936127714e-14
-2.137142307793509339e-15
1.006809994863217206e+00
-5.202367555518162129e-03
1.987117472131744774e-03
-7.590025076877960405e-04
2.899057855050169038e-04
-1.107282564805761989e-04
4.228990809783463473e-05
-1.614998405412030867e-05
6.166401377823903197e-06
-2.353768455613219501e-06
8.980259993721793886e-07
-3.423677661063113803e-07
1.303821895651459740e-07
-4.957555760696386611e-08
1.881399335683380486e-08
-7.134452249016507689e-09
2.738953222873801441e-09
-1.166105395835853476e-09
3.822719068295998221e-10
1.001522761228829772e+00
-1.522761228829676208e-03
-6.002430133830107086e-20
5.470734688308087814e-20
-4.802960593614871611e-20
4.060423853492285849e-20
-3.304001929779347779e-20
2.586263773396564156e-20
-1.946121959025095604e-20
1.406598913721139153e-20
-9.755298135778733466e-21
6.484388812930121363e-21
-4.125435840663036085e-21
2.508709263708497035e-21
-1.457280414948345804e-21
8.112767516677438021e-22
-4.410591176625306463e-22
2.510494989369668489e-22
-9.342888805771551321e-23
7.503759398496245847e-02
