1.506857761783975347e+00
-2.335863255008271966e-02
1.670951558355282095e-04
-1.300692825871509459e-06
1.189865131518491439e-08
-1.259710067451375611e-10
1.446544300258924568e-12
-1.718351217668558300e-14
2.073150763595780882e-16
-2.558878804872366740e-18
4.714840044107502792e-01
-6.781741801493199606e-01
3.061791645723272448e-01
-7.947129969503836933e-02
-7.065802257167323394e-03
2.237535584579619999e-02
-1.515461853674284279e-02
6.483177496964078086e-03
-1.589596565325677524e-03
-1.812354142291467741e-04
4.513004263327398554e-04
-2.822492345837493855e-04
1.079846209840094141e-04
-1.989612191253157738e-05
-6.674300597027361849e-06
7.774433765169886043e-06
-3.428295475888363560e-06
2.904776902631165734e-07
3.390350587267128866e-07
8.505518972521317056e-03
-1.080694854433364091e-02
4.230573765903344712e-03
-1.228323545258730876e-03
2.931490094199332933e-04
-6.144533810630264502e-05
1.183460360672156694e-05
-2.158830900278320466e-06
3.799518696326249940e-07
-6.514340567480462946e-08
1.091862450670528100e-08
-1.788293800012102072e-09
2.853300911449215968e-10
-4.410589476036976265e-11
6.546123870475418374e-12
-9.184355293165793357e-13
1.180682110102414805e-13
-1.282544811099097468e-14
8.888695592395121199e-16
1.095830807422031500e-04
-2.096946768382611259e-04
1.837838164576851771e-04
-1.478322327548240171e-04
1.094636812682511551e-04
-7.490346679822379753e-05
4.758093720178943657e-05
-2.819997561217243160e-05
1.567714401432665063e-05
-8.220689108153427950e-06
4.089257282875141535e-06
-1.940811123840869853e-06
8.839568647892235195e-07
-3.885896829466258358e-07
1.658615666332763418e-07
-6.929144610456233764e-08
2.892645266981834745e-08
-1.331715754150707443e-08
4.566231753048735860e-09
-1.976659458537279979e-10
3.814402486219062998e-10
-3.425169616286289544e-10
2.859592596375610175e-10
-2.215917436878949638e-10
1.589726528998666280e-10
-1.052068911254678923e-10
6.390674245760765822e-11
-3.538392889226714853e-11
1.768127346311740170e-11
-7.856851722415240094e-12
3.031821173700104824e-12
-9.730481972732709536e-13
2.353343417252875390e-13
-2.896667814033239789e-14
-6.821810459038882072e-15
4.892479109345053299e-15
-9.646436811353989814e-16
-1.008346378739522835e-16
4.496259407651497786e-01
7.614608238253815255e-03
-4.171346967379621867e-05
1.423561096490585100e-07
-5.522051423859864869e-11
-2.019332461603315059e-12
-6.841451790333134030e-15
4.142866776907732695e-16
-6.424103441706122110e-18
6.544239505029155616e-20
7.914689964342451756e-01
2.221712281800556354e-01
-9.897724963100069939e-02
2.995392532127492263e-02
1.130399461687343714e-04
-7.732977169603665567e-03
6.147619170882224170e-03
-2.873592301563564818e-03
6.814381279233877337e-04
1.947250392858813006e-04
-3.142247052644157076e-04
1.848452298288831347e-04
-5.789020080979314725e-05
-4.066912377316644083e-06
1.782823035911949470e-05
-1.203412098807829889e-05
3.846712644474838698e-06
1.111484333328231083e-06
-1.261502308994016055e-06
9.580001194293635836e-01
1.414321794768339836e-02
-2.394299355158448998e-03
4.100485424522231563e-04
-7.156673221828554175e-05
1.279655226603969013e-05
-2.344106831715344348e-06
4.373866332564512849e-07
-8.238515188983026434e-08
1.552450440541684441e-08
-2.906082396524973610e-09
5.378374767264078265e-10
-9.811254756424170089e-11
1.760347367963970333e-11
-3.100429800001553622e-12
5.347821060496037567e-13
-9.008961202754411173e-14
1.511784959493115708e-14
-2.330467909713353351e-15
9.865469035295028055e-01
1.020803061288680195e-02
-3.872864173580552443e-03
1.469348970455328605e-03
-5.574715385863640137e-04
2.115098961799248903e-04
-8.025248627929671330e-05
3.045249602071791018e-05
-1.155718069501692036e-05
4.387225981007564233e-06
-1.666112868089689681e-06
6.331287325643882816e-07
-2.408173226268586789e-07
9.172446896281483202e-08
-3.501466919748069238e-08
1.343571113336191057e-08
-5.266874558729401441e-09
2.317956626095031090e-09
-7.780885080881269336e-10
9.969713454545989784e-01
3.026358275864359827e-03
2.294528547828099766e-06
1.739668861780460297e-09
1.318984478075672449e-12
1.000106621401376503e-15
6.954920383051891257e-19
4.965933897899685794e-20
-3.694564868331184818e-20
2.670514486217240099e-20
-1.853663800466930927e-20
1.231230754646666193e-20
-7.844262274750782712e-21
4.764859503351969459e-21
-2.771126786624143136e-21
1.540061045916094808e-21
-8.428914864697723231e-22
4.761223856031560501e-22
-1.787011866583675151e-22
9.614754965025437139e-01
4.036889081968008004e-03
-3.964689713473587069e-05
2.916395345502114663e-07
-1.983091051134064152e-09
1.544719434036279962e-11
-1.562608721556971635e-13
1.861999822754045077e-15
-2.302853510868610032e-17
2.834958842500346440e-19
1.032153010327238052e+00
1.498276249968378583e-02
-3.079038398385112313e-02
2.001115079273904987e-02
-6.744925827523264028e-03
-5.930583180433034304e-04
2.531243387668111015e-03
-1.930509608509384115e-03
8.748763157545163009e-04
-1.850314387644871157e-04
-8.155230680922291933e-05
1.100018014563080231e-04
-6.339088364799852428e-05
2.047471521086246900e-05
2.962170056024795830e-07
-5.098832190451009768e-06
3.425816175051658212e-06
-1.052121159247925746e-06
6.878752649702222578e-08
1.021459212791885784e+00
-7.339685864671888216e-03
1.245867153856331216e-03
-2.079467597210099290e-04
3.362730076680777586e-05
-5.154394362654163361e-06
7.224214474707823292e-07
-8.556710334759888678e-08
6.318701728498799289e-09
6.190044430093457910e-10
-4.347317736111625152e-10
1.351867291748845859e-10
-3.394791200810414658e-11
7.665067159698644360e-12
-1.618599501658457449e-12
3.256578306996059736e-13
-6.311053451009226713e-14
1.222884401987837204e-14
-2.151394026381958585e-15
1.006791675026671884e+00
-5.188372561954090155e-03
1.981771977426086042e-03
-7.569608110956415952e-04
2.891260091971332991e-04
-1.104304726370826270e-04
4.217621244788883429e-05
-1.610658989473289871e-05
6.149849026074835932e-06
-2.347460654757095592e-06
8.956256224605475175e-07
-3.414561747474936385e-07
1.300369437263279664e-07
-4.944526000458626705e-08
1.876501578412725242e-08
-7.116093741874239991e-09
2.731999883891394221e-09
-1.163189376645110243e-09
3.813246288203088006e-10
1.001518664769360578e+00
-1.518664769360693724e-03
-5.999142590724162529e-20
5.468422113165181631e-20
-4.801777461012298836e-20
4.060353977472962653e-20
-3.304882325876828530e-20
2.587833790049721441e-20
-1.948082870602819070e-20
1.408669204021962524e-20
-9.774852780735838247e-21
6.501324811291175793e-21
-4.139059989154322706e-21
2.518971269547599294e-21
-1.464569882509753229e-21
8.162155270706627173e-22
-4.443318863534393884e-22
2.532900458748262446e-22
-9.434181857537004007e-23
5.252631578947375424e-02
