3.382209936115379567e-01
-5.794355357594867945e-04
4.684182004654844583e-07
-3.862795736566887252e-10
3.241206111099832485e-13
-2.732464886047760262e-16
1.421606969636796008e-18
-8.828499719146904453e-19
6.053066408621202306e-19
-2.824708898947593192e-19
2.168850624263583271e-01
-1.288635293989697228e-01
2.709181128728287754e-03
8.302005259385037209e-03
-2.544108796526754496e-03
1.556575305308777646e-04
1.335382551707937503e-04
-5.028960437921156629e-05
5.318988698009902345e-06
2.034596336664770321e-06
-9.893651192747431836e-07
1.478830986989099793e-07
2.766667572843969009e-08
-1.907522736150305741e-08
3.708603086411137229e-09
2.813413881272725240e-10
-3.548044170899621625e-10
7.870664833362746341e-11
1.062336771027370042e-12
5.035389269978101517e-02
-3.739926667227343182e-02
7.720614635296916411e-03
-1.130348479200968389e-03
1.230416000715985070e-04
-7.876959073872720292e-06
-5.790340552256338637e-07
3.293041790679189491e-07
-7.614086334154661975e-08
1.325245166974715309e-08
-1.880542464342396708e-09
2.109118937780771802e-10
-1.460299750843064262e-11
-8.461085999642235460e-13
5.685186254392824824e-13
-1.366199442285148162e-13
2.441470357387654833e-14
-3.591614548342084926e-15
4.151552378474285371e-16
3.313539672250370716e-03
-6.015677761908846434e-03
4.533705711422313274e-03
-2.887084574185061307e-03
1.587275222686777192e-03
-7.702784212954835253e-04
3.370982481446886387e-04
-1.357602619533804971e-04
5.126150399010225874e-05
-1.844549316478806338e-05
6.407088917293914884e-06
-2.166216689909532952e-06
7.148726552660529867e-07
-2.295064489810998938e-07
7.091640418472755690e-08
-2.060997787429526171e-08
5.327815702535558165e-09
-1.028342111096477407e-09
8.343433747332814545e-11
6.309288814742331699e-08
-1.178304565116606181e-07
9.574026104100157230e-08
-6.723681484315526558e-08
4.028496157366575303e-08
-2.011499416169302753e-08
8.003662819271953465e-09
-2.287807674243450133e-09
3.117440162978106559e-10
7.971764968955641253e-11
-5.077524979754494333e-11
4.581015228164082844e-12
4.477907089637753161e-12
-1.279742479195542434e-12
-3.754429553444122213e-13
2.025872260945221015e-13
3.774615025020488983e-14
-2.561780950451237168e-14
-5.259250159441310156e-15
7.793035454369545700e-01
2.272828076509854616e-04
-1.682909669882296242e-07
1.367184093968606817e-10
-1.151814169799595110e-13
9.850495283973332129e-17
-8.131709918113263791e-20
2.636583814773027011e-19
-3.886762039198825075e-19
1.452600396923466731e-19
8.308387457625532324e-01
5.618949925208831242e-02
7.167631557839129319e-04
-3.295484386684631797e-03
8.893537902202098590e-04
-4.497887248274284080e-05
-4.703495196973237012e-05
1.731258794345790945e-05
-1.886029454307624512e-06
-6.826754348243494872e-07
3.462469758347886149e-07
-5.499864132004320314e-08
-8.988821798723256382e-09
6.833827890759109516e-09
-1.401872638933668458e-09
-8.716639821162779704e-11
1.305929119469609843e-10
-2.995491034061905760e-11
-2.700310614131563859e-13
9.146615712919222707e-01
2.555960965062716375e-02
-3.420609089803829540e-03
3.867557304956702126e-04
-3.251553794017111653e-05
7.842664322696221760e-07
4.382575225858221931e-07
-1.300278918070548514e-07
2.536604931782275554e-08
-4.053501215539695487e-09
5.504823309225552443e-10
-6.108668711424959124e-11
4.442241438093980994e-12
1.691767429640883799e-13
-1.513518889312566294e-13
3.865856622383642509e-14
-7.321769420712247481e-15
1.163408393839511060e-15
-1.494898200180795553e-16
9.714447219369835018e-01
2.146640206463924436e-02
-8.052754854299969817e-03
3.009818538694248539e-03
-1.118046422463727122e-03
4.113902043613340922e-04
-1.493375459009756384e-04
5.324061342324331773e-05
-1.855179137762139898e-05
6.286010771375863924e-06
-2.059160641793170936e-06
6.472308897118683544e-07
-1.929404286154130815e-07
5.338254079774379689e-08
-1.304703673037963513e-08
2.392681375950011636e-09
1.150108224071234196e-11
-3.958455182196809657e-10
2.036203796042706977e-10
9.935152903452770801e-01
6.474179713059962683e-03
1.051284303853697994e-05
1.707085238164971981e-08
2.773204380182589903e-11
3.631549164581765439e-14
5.791017140572127386e-15
-3.445048816129979405e-15
1.888318777599891197e-15
-9.317108590964700275e-16
4.073657243449445293e-16
-1.538318907667853791e-16
4.783363186820322208e-17
-1.092392925765050794e-17
1.075981227216066757e-18
4.301033829854753997e-19
-2.428618331769579230e-19
3.705823566888779122e-20
8.363016788542982333e-21
1.100515144733170914e+00
-6.485322459104381210e-05
1.986426068200740268e-08
2.912146261393466327e-12
-1.553570941365061819e-14
2.272711567505813332e-17
9.556854294783145136e-20
7.604748393189188192e-21
-1.143783813689743549e-19
4.576562973342139306e-20
1.081412983266063055e+00
-2.202432404587680373e-02
-1.630693931164737447e-03
1.250265052164536766e-03
-1.542689477417391131e-04
-3.471208979863534726e-05
1.424478508743713272e-05
-3.326295915939107366e-07
-9.073587904250374253e-07
2.052013686239836525e-07
2.831279498626142766e-08
-2.443016794544436977e-08
4.005323131261541490e-09
1.007292071924501312e-09
-6.331749928705573263e-10
9.869064257701732942e-11
2.400380519425174152e-11
-1.488505891468027216e-11
2.532707675262880957e-12
1.043950887310066689e+00
-1.308993043424140808e-02
1.637615347618745455e-03
-1.513353892451019169e-04
5.054924394571055910e-06
1.727659549465291614e-06
-5.209001583056218784e-07
9.342190868306364575e-08
-1.254714120690816924e-08
1.194003716510760104e-09
-3.335919916314948964e-11
-1.796165830057435037e-11
5.499272379963577651e-12
-1.050669617793610774e-12
1.537195618397414717e-13
-1.677660353080072523e-14
9.033196830763085580e-16
1.702197014084860879e-16
-6.464477654591726032e-17
1.014544618730729431e+00
-1.108066464092295582e-02
4.207368245809437433e-03
-1.588271586433175281e-03
5.937984086657503106e-04
-2.187451153223421505e-04
7.890359222588055898e-05
-2.766221652987115154e-05
9.341721351658404545e-06
-3.003472620797442889e-06
9.029454486274216302e-07
-2.453135910499688236e-07
5.525361253687135433e-08
-6.978053480229322283e-09
-2.299791401324667307e-09
2.567072247218339046e-09
-1.573485141927885838e-09
9.027255504603193647e-10
-3.382212726549257369e-10
1.003258194416371207e+00
-3.258194416361893161e-03
-1.753287103723786297e-14
1.459637336935552308e-14
-1.126494097327954664e-14
8.037996324891533132e-15
-5.282767015285518932e-15
3.181175561135935017e-15
-1.742343379632609146e-15
8.588532664937397245e-16
-3.750141982889754255e-16
1.413431503979973315e-16
-4.381270538368777887e-17
9.939726274289744735e-18
-9.464144283810029060e-19
-4.068642886141387849e-19
2.243632941410894021e-19
-3.335482787346740027e-20
-8.060634226784525592e-21
8.729373433583960118e-01
