1.499444354894337916e+00
-2.333309765985574699e-02
1.680368288750599666e-04
-1.316619123886464278e-06
1.209548773570014915e-08
-1.284051394914468890e-10
1.478910696474691945e-12
-1.763407141067696291e-14
2.135745095981826676e-16
-2.561570380577561613e-18
4.690866964039221432e-01
-6.744261662570015803e-01
3.045552046100897248e-01
-7.928500903210090878e-02
-6.785532647722071660e-03
2.213480810670541768e-02
-1.505964899005345949e-02
6.480424548417179978e-03
-1.614306366310742404e-03
-1.615641225464129317e-04
4.430577216971198274e-04
-2.813244764917377278e-04
1.095215571351349258e-04
-2.133023734452235281e-05
-5.975959109478924970e-06
7.607165468164289110e-06
-3.479365931917185768e-06
3.905235697599804150e-07
2.886677360684946275e-07
8.531829649252651096e-03
-1.082224564624175052e-02
4.227493514931909314e-03
-1.224882537971199760e-03
2.917956020549131060e-04
-6.107060997895139226e-05
1.174887827037367920e-05
-2.141334708398786767e-06
3.766227889330606265e-07
-6.453807286736352641e-08
1.081220735224351919e-08
-1.770156158747179616e-09
2.823427929191760088e-10
-4.363440453858063608e-11
6.475889992605846828e-12
-9.088495598189481557e-13
1.169533757843593756e-13
-1.274636759155339346e-14
8.950925420218274774e-16
1.109638624021582864e-04
-2.123047575863914798e-04
1.859883344877118021e-04
-1.494977447047218344e-04
1.105904071674784273e-04
-7.558624888245884946e-05
4.795097173273357884e-05
-2.837825707031977544e-05
1.575232094050131484e-05
-8.247321427231099934e-06
4.096193591828586261e-06
-1.941205113392283362e-06
8.828910586650821305e-07
-3.876176242425512028e-07
1.652538797180320162e-07
-6.896669486579255634e-08
2.876494402584786734e-08
-1.323224576640383069e-08
4.535203124533809668e-09
-1.972959675808791176e-10
3.806813107690978681e-10
-3.417132767944622132e-10
2.851153468168275507e-10
-2.207451762981458982e-10
1.581809957311580516e-10
-1.045264049067200434e-10
6.337357388126750787e-11
-3.500556443897002543e-11
1.743971336869391766e-11
-7.719363328523618397e-12
2.963011740007440615e-12
-9.434506245020757838e-13
2.248490918032729416e-13
-2.619672950732227011e-14
-7.186930587009621684e-15
4.796780077353989935e-15
-8.921786820078546039e-16
-1.183679535665103245e-16
4.503585910474035559e-01
7.617861023105952992e-03
-4.222661602651916872e-05
1.486496054948600677e-07
-9.577886128099872068e-11
-1.898211697666502104e-12
-6.643688532356848127e-15
4.156246733721472459e-16
-6.550133991199796568e-18
5.060928697225361052e-20
7.912816811375936732e-01
2.216594376823668444e-01
-9.852283464659679357e-02
2.980972103569793155e-02
5.741338246827826073e-05
-7.638064104992470411e-03
6.092569624072830675e-03
-2.863023757409706264e-03
6.921580603119279872e-04
1.822190725042296825e-04
-3.074905091431415997e-04
1.834074135267222381e-04
-5.888119925184930764e-05
-2.799073227574362443e-06
1.709891834080529447e-05
-1.182522382439686025e-05
3.901605068341229986e-06
9.780270791072367754e-07
-1.191294738208389485e-06
9.577192168239798686e-01
1.423536511439515290e-02
-2.409293507766085973e-03
4.124301995156065439e-04
-7.192284219985134236e-05
1.284276247294780479e-05
-2.348062483552738527e-06
4.370974422286959857e-07
-8.212036308627221486e-08
1.543500168437553210e-08
-2.882313145831371106e-09
5.322478282392920393e-10
-9.689641176000170665e-11
1.735341596286762753e-11
-3.051276350455105456e-12
5.254887020083712752e-13
-8.839426039201872729e-14
1.481127697123895427e-14
-2.280138101042700525e-15
9.864556160784847538e-01
1.027682854731970866e-02
-3.898787549285985532e-03
1.479116670497476705e-03
-5.611518323781038023e-04
2.128965587715847638e-04
-8.077496866630800958e-05
3.064937829092215780e-05
-1.163138075182393212e-05
4.415196231352605499e-06
-1.676659352290800504e-06
6.371064704586107147e-07
-2.423177732513101062e-07
9.229033137569083368e-08
-3.522791324572786939e-08
1.351605430377522006e-08
-5.297488793420457864e-09
2.330845516434913153e-09
-7.822771300485663034e-10
9.969506549647250138e-01
3.047017395906056591e-03
2.325862625001846839e-06
1.775387616086944723e-09
1.355196538333218811e-12
1.034530522636467192e-15
7.278701680161431025e-19
4.891914832834805589e-20
-3.631362812706009015e-20
2.621339952863411564e-20
-1.816666170855876600e-20
1.206193775743244830e-20
-7.659834781181401537e-21
4.647075589445042201e-21
-2.697114337699792537e-21
1.497371287265746693e-21
-8.126410029105722964e-22
4.603104994970008757e-22
-1.701809249723711174e-22
9.644331680673015050e-01
4.001709375218502965e-03
-3.974650830459756581e-05
2.960706718648764663e-07
-2.038458106673948186e-09
1.596703517012399590e-11
-1.611412917504726203e-13
1.917441100304949223e-15
-2.373510020777749388e-17
2.707803720964667494e-19
1.033141097953965915e+00
1.375504392287297921e-02
-3.015894352016190369e-02
1.979542981913961358e-02
-6.747611760748544601e-03
-5.249110197117131402e-04
2.475900986359951678e-03
-1.906420471029079055e-03
8.724101796792825244e-04
-1.904200575178272622e-04
-7.648693529201896254e-05
1.075934359559141889e-04
-6.300584374343873415e-05
2.089979025755916701e-05
-1.649391085088503978e-07
-4.855374544146552912e-06
3.375902004374221073e-06
-1.104637199872852762e-06
1.083675052736043333e-07
1.021604932534244004e+00
-7.389458084274570619e-03
1.254302494841094207e-03
-2.093621786176419637e-04
3.386389027145988919e-05
-5.194609102230007963e-06
7.296029099009543625e-07
-8.695075148020703111e-08
6.606014325512348799e-09
5.564515258961785875e-10
-4.209139247511599360e-10
1.321610903848129850e-10
-3.329915202217068192e-11
7.529519610298764740e-12
-1.591042400781548582e-12
3.202068371648854228e-13
-6.206035281824134412e-14
1.202547333322524473e-14
-2.115589689472900680e-15
1.006837815136287562e+00
-5.223620170873750045e-03
1.995235065955311676e-03
-7.621029954606380356e-04
2.910899378895360178e-04
-1.111804622980707449e-04
4.246256103931900070e-05
-1.621587905971112100e-05
6.191535597884514356e-06
-2.363346082522357567e-06
9.016703358816555754e-07
-3.437515777805099383e-07
1.309061690307450977e-07
-4.977325184523847720e-08
1.888827464933928038e-08
-7.162280324953775807e-09
2.749485309165075093e-09
-1.170517672198358590e-09
3.837042211248675703e-10
1.001528982061668183e+00
-1.528982061668152483e-03
-6.007905113994062029e-20
5.474674312821883377e-20
-4.805119009101576602e-20
4.060821424730153691e-20
-3.302888470445894884e-20
2.584042613416679007e-20
-1.943257374380626133e-20
1.403529944135410621e-20
-9.726076834210803626e-21
6.458958590230543467e-21
-4.104917544768937147e-21
2.493226444430179556e-21
-1.446271529814636141e-21
8.038153463484256896e-22
-4.361154797504735352e-22
2.476665999612024268e-22
-9.205087901461212045e-23
1.000501253132832780e-01
