1.490939168069233878e+00
-2.329662649879667494e-02
1.690113352606476384e-04
-1.333752809599586315e-06
1.230877039932527126e-08
-1.310403019914305127e-10
1.513934004898172493e-12
-1.812291707942486162e-14
2.205820712791037892e-16
-2.772703340411535778e-18
4.663724792823985554e-01
-6.701577664314167793e-01
3.026767025124589838e-01
-7.904260644130949032e-02
-6.482960279606270713e-03
2.186463001452464833e-02
-1.494899379260198995e-02
6.473828349198774978e-03
-1.640254384073428287e-03
-1.399650470449396728e-04
4.336988104017469505e-04
-2.800719058710572661e-04
1.111097728308301977e-04
-2.289335739369430272e-05
-5.190461790150306201e-06
7.406150394812993838e-06
-3.528465965236029401e-06
5.016748376050899386e-07
2.313439811478258781e-07
8.563643948333327788e-03
-1.084170073587189045e-02
4.224682678633222971e-03
-1.221152791807779371e-03
2.902991735692301081e-04
-6.065354623068658097e-05
1.165317924008516128e-05
-2.121766241962336574e-06
3.728934462613698623e-07
-6.385881628215688927e-08
1.069256092122094392e-08
-1.749714991091443775e-09
2.789657288829941428e-10
-4.309913231128314913e-11
6.395644282593398109e-12
-8.977768905248586997e-13
1.156352128818522616e-13
-1.264322661957247838e-14
8.993060445853204106e-16
1.125849890927188118e-04
-2.153689150934453710e-04
1.885758043974416847e-04
-1.514519975448425570e-04
1.119121211289443943e-04
-7.638715053253208995e-05
4.838521695405954723e-05
-2.858778618984418257e-05
1.584099946113751335e-05
-8.279022737282774807e-06
4.104687544913509346e-06
-1.941908965683327108e-06
8.817874311448694297e-07
-3.865587536105467661e-07
1.645830556051455101e-07
-6.860624637562753833e-08
2.858521056568343473e-08
-1.313762065865141810e-08
4.500607005763433555e-09
-1.969025182488043536e-10
3.798705981969054838e-10
-3.408455560328205214e-10
2.841933231620716836e-10
-2.198109353182626181e-10
1.573008675641551482e-10
-1.037660877749936492e-10
6.277605023205754275e-11
-3.458091798026853554e-11
1.716858002827386207e-11
-7.565223761434342268e-12
2.886064746088626227e-12
-9.104956333765548445e-13
2.132592734952101625e-13
-2.317906809950152129e-14
-7.562538488612901983e-15
4.681684973185915615e-15
-8.115604550563696677e-16
-1.369710169422267504e-16
4.512340494579088479e-01
7.619329368696218727e-03
-4.279074001619192200e-05
1.558233973993069378e-07
-1.438721659592727930e-10
-1.739797059838657086e-12
-6.498581693731490041e-15
4.165370753851603451e-16
-6.770849423564796237e-18
1.101808837072127626e-19
7.910792060712646956e-01
2.210681608538221654e-01
-9.799829916262399465e-02
2.963797555455718186e-02
-2.980332707329551118e-07
-7.532293629703350028e-03
6.029590722157519150e-03
-2.849699709476116987e-03
7.032712502967552147e-04
1.684818735613104212e-04
-2.998696995283622901e-04
1.816344664588055984e-04
-5.987848577983137765e-05
-1.419311602162061606e-06
1.627803830792640331e-05
-1.157502666369430696e-05
3.952057855965317645e-06
8.314590661589664406e-07
-1.112464291332296423e-06
9.574032781366783595e-01
1.433897690200402163e-02
-2.426149357685655674e-03
4.151071972327512985e-04
-7.232313668679705878e-05
1.289474415394524212e-05
-2.352532684052619703e-06
4.367822948739271773e-07
-8.182606347702227223e-08
1.533536312587115522e-08
-2.855845188536211773e-09
5.260236316424839955e-10
-9.554223646787073691e-11
1.707494769454262294e-11
-2.996523214253781706e-12
5.151312715588813717e-13
-8.650322695095388294e-14
1.446883529012774212e-14
-2.223817526187472681e-15
9.863529239587652819e-01
1.035421387979904018e-02
-3.927943810314831440e-03
1.490101404135447515e-03
-5.652902735040683281e-04
2.144556900593571009e-04
-8.136237993929500275e-05
3.087070713797937830e-05
-1.171478721714579783e-05
4.446634642298435123e-06
-1.688512855518607731e-06
6.415769776079597484e-07
-2.440040561514321371e-07
9.292626528996182706e-08
-3.546755926591081873e-08
1.360634157686625726e-08
-5.331889300328850268e-09
2.345326047868257322e-09
-7.869823587505650604e-10
9.969273773154727625e-01
3.070259496276483112e-03
2.361370696438762602e-06
1.816156443151464171e-09
1.396826013724467965e-12
1.074389188600963506e-15
7.655845302481680144e-19
4.804744464942566158e-20
-3.560404195382592610e-20
2.567906214167547421e-20
-1.776585217293887091e-20
1.176767330432461320e-20
-7.459930659771824934e-21
4.519522612115226300e-21
-2.612138272656121125e-21
1.444565538703854623e-21
-7.805498781459880485e-22
4.422767546722667055e-22
-1.641681509645531597e-22
9.677854894975606026e-01
3.959944895290225600e-03
-3.982986413682129071e-05
3.008550017781546963e-07
-2.100120682641587340e-09
1.655294585634795819e-11
-1.666144898528846314e-13
1.978761852767590586e-15
-2.460683966667079001e-17
3.183276546335289629e-19
1.034253812843106690e+00
1.236996802809181561e-02
-2.944212055797818320e-02
1.954599082138905666e-02
-6.745958088481525741e-03
-4.501662894985476379e-04
2.413590124404693324e-03
-1.878486107076221545e-03
8.688536563716544540e-04
-1.960580385569017159e-04
-7.089949315251486387e-05
1.048393508643169877e-04
-6.249782692990945719e-05
2.132886366252665093e-05
-6.661109916649134738e-07
-4.581111758370923929e-06
3.314297687992866132e-06
-1.158977108580743375e-06
1.509959553480146631e-07
1.021768883361648506e+00
-7.445440980599588726e-03
1.263782421656634708e-03
-2.109499442658993205e-04
3.412842392163609878e-05
-5.239362157920729071e-06
7.375521837288115145e-07
-8.847568574907669689e-08
6.921987021866424237e-09
4.876650389726432955e-10
-4.057027348036916237e-10
1.288253224297995923e-10
-3.258275979931202714e-11
7.379610311136624268e-12
-1.560519741214806283e-12
3.141601353287923820e-13
-6.089354848801902817e-14
1.179909019557110982e-14
-2.075659078264432306e-15
1.006889731994094150e+00
-5.263280762091203033e-03
2.010383705607195204e-03
-7.678889532421108877e-04
2.932997255212726291e-04
-1.120243301975915018e-04
4.278474464629075088e-05
-1.633883960475748912e-05
6.238433191701015557e-06
-2.381214923094433364e-06
9.084683623396724627e-07
-3.463322256026541774e-07
1.318829596644487228e-07
-5.014159230004946607e-08
1.902657326410670114e-08
-7.214040322028227234e-09
2.769048421855900948e-09
-1.178698053349655971e-09
3.863562846064163931e-10
1.001540591084872700e+00
-1.540591084872716936e-03
-6.019730726430270378e-20
5.483453120566357171e-20
-4.810352988854658591e-20
4.062534091353554217e-20
-3.301554159410658015e-20
2.580439418348593344e-20
-1.938287252269958676e-20
1.398050798610287573e-20
-9.673109744563540148e-21
6.412450588825417229e-21
-4.067187296976412337e-21
2.464661553703878713e-21
-1.425924066888912136e-21
7.900155405564814427e-22
-4.269746238913726312e-22
2.414164869044374268e-22
-8.950615399608163083e-23
1.350676691729323364e-01
