1.422615422060546697e+00
-2.272960341866961387e-02
1.725376399843293982e-04
-1.421637837134544625e-06
1.344159466608557871e-08
-1.446765303004774273e-10
1.691068060062998360e-12
-2.060041274563677730e-14
2.561521876983957879e-16
-3.302291601867123294e-18
4.458925010654185006e-01
-6.370281514870966832e-01
2.870465464733995553e-01
-7.606403090984739657e-02
-4.749493829489402109e-03
1.992236851652480836e-02
-1.401309122079305060e-02
6.302322970620655856e-03
-1.761033513289961489e-03
-4.873833786721590951e-06
3.649801884109951308e-04
-2.645682975409504472e-04
1.178486131874572046e-04
-3.223850656999279987e-05
2.318362105308681916e-07
5.662219054084784244e-06
-3.638725048767685239e-06
1.230395217401312160e-06
-1.818788172743553297e-07
8.882566444241041248e-03
-1.107045431940286394e-02
4.228866257146215307e-03
-1.199082544342365639e-03
2.802861230810474490e-04
-5.775767591882662901e-05
1.097771027558750634e-05
-1.982265965030145640e-06
3.460864826514609221e-07
-5.893448051362815081e-08
9.816774896168827500e-09
-1.598364907599266888e-09
2.536001716008288519e-10
-3.900100051110424077e-11
5.764011481942188655e-12
-8.066137886243719033e-13
1.037837427288219218e-13
-1.140737714109933222e-14
8.364673373785224692e-16
1.271572561389878976e-04
-2.428997861090634574e-04
2.117936746196180588e-04
-1.689558514157137134e-04
1.237284571915191591e-04
-8.353941081793833027e-05
5.226656916474244709e-05
-3.047010371296812625e-05
1.664868985691018009e-05
-8.577805242230924492e-06
4.193134189075699297e-06
-1.956882159939944025e-06
8.772638429934837484e-07
-3.800832916182923612e-07
1.601368012671819511e-07
-6.614213185308535137e-08
2.733838847057836628e-08
-1.247607514751523082e-08
4.258026655807137320e-09
-1.948785333368341006e-10
3.755534320068165130e-10
-3.358542654528279373e-10
2.784571210185559094e-10
-2.136325980065628804e-10
1.512283700814809934e-10
-9.837436037496783638e-11
5.846936015293618104e-11
-3.149648911638498775e-11
1.519763611566753632e-11
-6.450927810236004854e-12
2.336589703334521025e-12
-6.800623806953016816e-13
1.350731037564984755e-13
-4.269809317406015486e-15
-9.203451555072632601e-15
3.624266746353502905e-15
-2.622811547424203318e-16
-2.344287581977862451e-16
4.596279400258209136e-01
7.542076159856797059e-03
-4.624045846414895984e-05
2.091175336748724488e-07
-5.677706208011162196e-10
2.121455499324140233e-13
-9.126793583890726169e-15
4.049629855483902486e-16
-7.306015175675322150e-18
1.353609786270670137e-19
7.899152787255809827e-01
2.161262173265303677e-01
-9.364469673137829075e-02
2.802593616080603645e-02
-2.444010988654854531e-04
-6.797128471085353389e-03
5.534614736281760587e-03
-2.703189801195694797e-03
7.509790250345369780e-04
8.104754936422557698e-05
-2.439940624478978816e-04
1.640801790200010948e-04
-6.328070913965983934e-05
6.897731336118284129e-06
1.049153219729903403e-05
-9.370695154838593023e-06
3.971523451074489403e-06
-8.195705156218385062e-08
-5.706409649506780520e-07
9.550862813168090604e-01
1.509788846419837620e-02
-2.549475986905525883e-03
4.346758085782467113e-04
-7.524776267891627123e-05
1.327498829202681732e-05
-2.385635359866869313e-06
4.347019202822439492e-07
-7.975826504406846437e-08
1.463264734197726158e-08
-2.669215454260054817e-09
4.821705181492558001e-10
-8.600588506812600548e-11
1.511355021223521706e-11
-2.610449543082693436e-12
4.419383230992336919e-13
-7.309076334470662092e-14
1.202503939526848522e-14
-1.818778601517475516e-15
9.855992002496258841e-01
1.092194604058838864e-02
-4.141752652250614043e-03
1.570619247976298444e-03
-5.956116609502258791e-04
2.258741496895384196e-04
-8.566255004826148971e-05
3.249031692827062366e-05
-1.232491021090247456e-05
4.676538499285852478e-06
-1.775174811790925447e-06
6.742556667378863517e-07
-2.563291257197800860e-07
9.757390009530602168e-08
-3.721874826211855061e-08
1.426592285950438917e-08
-5.583047304191999595e-09
2.450928619028822947e-09
-8.212652236950029796e-10
9.967564536344192261e-01
3.240913770376855838e-03
2.630458481707628377e-06
2.134987943068316686e-09
1.732843662944625947e-12
1.406512794104277967e-15
1.088467252150203358e-18
4.205054808456583052e-20
-3.059914825462075138e-20
2.182802061980793005e-20
-1.490734784881534642e-20
9.736788141771335802e-21
-6.074231932814035368e-21
3.607822341141940046e-21
-2.039642312881421350e-21
1.103720265415031711e-21
-5.746744381927939395e-22
3.130689800931789645e-22
-1.158054809518411022e-22
9.930980688088351105e-01
3.576462582410201967e-03
-3.930067498786037083e-05
3.260755577457346314e-07
-2.493936879889309928e-09
2.051264911463460514e-11
-2.022063360356295346e-13
2.338833671807503496e-15
-2.909128790021111221e-17
3.850651390947586928e-19
1.042418535611035368e+00
2.140034704933172025e-03
-2.400096103727751909e-02
1.749882148598472589e-02
-6.572548608711459815e-03
2.537887274391680827e-05
1.961417633469867295e-03
-1.648775979136309034e-03
8.169057097831323739e-04
-2.221861232708041310e-04
-3.481643911430769349e-05
8.390401223480820677e-05
-5.654350833751133011e-05
2.280491810566064663e-05
-3.623838454738393646e-06
-2.663312266795791059e-06
2.724754514805355227e-06
-1.393678257743504028e-06
3.889423541273249900e-07
1.022973432291875096e+00
-7.856089820589625891e-03
1.333001034855812788e-03
-2.224272981521515714e-04
3.600683975346960887e-05
-5.548966629288256017e-06
7.909219737838472552e-07
-9.846757815924281265e-08
8.969333259108211751e-09
4.147461556134159969e-11
-3.062641618713312764e-10
1.068017067630280238e-10
-2.780592415153630048e-11
6.370732290339332556e-12
-1.353318182142357733e-12
2.727687358358500699e-13
-5.283883562983093304e-14
1.022132618768284166e-14
-1.794820439836366350e-15
1.007271332764660965e+00
-5.554794178484588271e-03
2.121728412623510689e-03
-8.104158383527987342e-04
3.095410972097634422e-04
-1.182260790184953088e-04
4.515219628720181498e-05
-1.724213684899486931e-05
6.582799100804707149e-06
-2.512327147485041107e-06
9.582901887056618585e-07
-3.652118398683093824e-07
1.390105247267524360e-07
-5.281957887492644727e-08
2.002707461038435449e-08
-7.585989131259879032e-09
2.908336771229946219e-09
-1.236197284552432562e-09
4.048297280082013253e-10
1.001625920248689683e+00
-1.625920248689640812e-03
-6.182766654970397847e-20
5.615382401076786546e-20
-4.905637416177579171e-20
4.120674139107708352e-20
-3.326461574883193089e-20
2.579084816432170457e-20
-1.919028081791949919e-20
1.369055289838956764e-20
-9.353895291214343640e-21
6.112338720885058035e-21
-3.813934673529051829e-21
2.268448932727355720e-21
-1.284387193749116648e-21
6.935474310015734831e-22
-3.631343454585967874e-22
1.979550478877028802e-22
-7.186022558563670697e-23
2.851428571428571423e-01
