8.336168619582909889e-01
-7.604327956632366339e-03
3.475408098181696179e-05
-1.659530216035801675e-07
8.270987621266703176e-10
-4.299445986072357679e-12
2.327000132827547711e-14
-1.307277138245022659e-16
9.013215372806922704e-19
-5.320177689941360048e-20
3.256601106446043725e-01
-3.888845392119352207e-01
1.272745234801514469e-01
-1.332059372947753256e-02
-1.306551190740998063e-02
1.065094775085366312e-02
-4.650302050743510343e-03
1.186337479702031551e-03
3.187698530334723062e-05
-2.273034550859122209e-04
1.436614261112424608e-04
-5.481303360959614986e-05
1.102004021912885387e-05
2.305593399980238072e-06
-3.450153736370080037e-06
1.874604602567399402e-06
-6.141797055570340122e-07
3.214736469567875427e-08
5.681346202384691126e-08
1.809027072361633556e-02
-1.901092747167016511e-02
5.933300070119700703e-03
-1.388526545468921070e-03
2.740317918067622935e-04
-4.884586588908099457e-05
8.174394689182886841e-06
-1.307608164007733574e-06
2.007366836409676927e-07
-2.941306569938971889e-08
4.054888663990378492e-09
-5.104233126567145396e-10
5.448497079099841609e-11
-3.676711115438045195e-12
-3.035158777028662132e-13
1.998966784333518564e-13
-5.675185619654076117e-14
1.348786927824651656e-14
-2.652745152678180456e-15
5.264105004593111958e-04
-9.895259876432386734e-04
8.231763851197597664e-04
-6.094161917385021313e-04
4.047124406784160101e-04
-2.434027271667244159e-04
1.339490680623758184e-04
-6.817605727877715910e-05
3.243889890194878332e-05
-1.458277709973284824e-05
6.257405934001562075e-06
-2.587664639214504706e-06
1.040348315072463507e-06
-4.097476146462856095e-07
1.591292056308024005e-07
-6.136224613534124983e-08
2.391737295775816067e-08
-1.036078040901400426e-08
3.437524968809144000e-09
-1.711414602685882648e-10
3.260015672022890788e-10
-2.814396092579158844e-10
2.196993944099888916e-10
-1.544016287437744800e-10
9.701591710680763506e-11
-5.392201171200073082e-11
2.606936416913077782e-11
-1.065793464512601461e-11
3.489989829435608265e-12
-7.981991049070154883e-13
5.783525655389785641e-14
4.330006613340779851e-14
-1.902886272713096972e-14
1.522676003015716292e-15
1.493284604486563410e-15
-5.180089822078312589e-16
-6.373033680613483735e-17
7.033341166885398374e-17
6.111798635037832828e-01
2.741945579242280849e-03
-1.235468656595912836e-05
5.563984082370906378e-08
-2.445740194268278216e-10
1.050420820709784690e-12
-4.445476943042955573e-15
1.883586605315374486e-17
-8.604613983615575223e-20
-7.372978516015489226e-21
8.016329941461566300e-01
1.507749519930570992e-01
-4.259226627035318791e-02
4.396903669696717969e-03
4.309804599826844856e-03
-3.699324304687123983e-03
1.719253864685533692e-03
-4.785132078346800936e-04
2.643699083843062849e-06
8.736629244294758781e-05
-5.879018026852295305e-05
2.279925440204428114e-05
-4.165681619732461695e-06
-1.477805237995967495e-06
1.739229132787337260e-06
-8.622686542838588384e-07
2.291817915596289276e-07
3.933062148326963689e-08
-4.984185711539176954e-08
9.400123997190030778e-01
1.994090038263665599e-02
-3.306071382080732340e-03
5.455312668351063434e-04
-8.936411835723173723e-05
1.449776259665996040e-05
-2.324352240322557456e-06
3.674574761251360806e-07
-5.711442051039175867e-08
8.688531469404404435e-09
-1.284063221429863665e-09
1.820560054138988998e-10
-2.419851223158875947e-11
2.869252081979233529e-12
-2.616400516843248760e-13
4.130058467562872788e-15
6.367033160723223602e-15
-2.419295758791043508e-15
5.851273316917385313e-16
9.806548704443277531e-01
1.463515353898788181e-02
-5.535932878089333369e-03
2.094019509985760134e-03
-7.920696505728579096e-04
2.995934531569431928e-04
-1.133122453905720950e-04
4.285290202066129836e-05
-1.620384248773077708e-05
6.125710625966379429e-06
-2.315005652549356802e-06
8.744841711023926470e-07
-3.301396386809201784e-07
1.245491708042340602e-07
-4.696117524448674184e-08
1.773018072742032954e-08
-6.798577686326893485e-09
2.903169586810069008e-09
-9.548829799217023440e-10
9.956319382940694851e-01
4.363286410540808020e-03
4.770074894319134971e-06
5.214788202406173468e-09
5.700962061178834591e-12
6.232460882238448184e-15
6.814252080860182151e-18
6.929122306952241038e-21
3.556365802087212309e-22
-2.211633608960074359e-22
1.407100285886850172e-22
-7.851292239150738093e-23
4.136523933026535983e-23
-2.066531697990265747e-23
8.726279047388409138e-24
-4.683912747347397342e-24
2.979337869646260659e-24
9.002333338077133765e-25
-2.298353528023599770e-25
1.104862122967792404e+00
2.727789882464925022e-04
-4.142877123916355702e-06
2.897611669564268716e-08
-1.710615172311832473e-10
9.429703078007349872e-13
-5.050811611586332455e-15
2.689169026517019013e-17
-1.432684636651705224e-19
2.333360555085591816e-22
1.076667125214569865e+00
-3.552013034483390841e-02
-9.741760779006538012e-04
4.879869002956533676e-03
-1.959711856403115356e-03
2.167117913731356075e-05
4.291293758348255455e-04
-2.857241586121280473e-04
9.677526103619063622e-05
-3.638631921177408773e-06
-1.816798318918938244e-05
1.318282197925492856e-05
-5.251430155190943713e-06
8.943849139634299650e-07
4.476850275291492844e-07
-4.775409213123162734e-07
2.246504743078218998e-07
-4.508268045684742987e-08
-5.324368442737567025e-09
1.030861876230751983e+00
-1.043853944573980459e-02
1.722422245980951899e-03
-2.724477949152015769e-04
4.049103659643027507e-05
-5.506758433088419055e-06
6.516106933092676858e-07
-5.751224468396956002e-08
5.379700917562311460e-10
1.413870260879418432e-09
-4.717321972970486528e-10
1.135468141690638338e-10
-2.371682234458987292e-11
4.538775675747008414e-12
-8.131494206620205050e-13
1.374973387607521699e-13
-2.194890134389138094e-14
3.339628271371949525e-15
-4.507433887056574234e-16
1.009799223844134897e+00
-7.485540396534171546e-03
2.858864711270558967e-03
-1.091693412768512429e-03
4.167594050992137755e-04
-1.590188312783318426e-04
6.062265401442829720e-05
-2.307907802835870421e-05
8.767821395301957018e-06
-3.320961610878834717e-06
1.252762401656644270e-06
-4.700909536177315584e-07
1.752443099779991037e-07
-6.481669910150854485e-08
2.375733772474526588e-08
-8.629164161563641775e-09
3.137017562978429518e-09
-1.244045433541086760e-09
3.884079584685346186e-10
1.002191248132153323e+00
-2.191248132153472868e-03
-7.355476236511709302e-20
6.472771742606227848e-20
-5.407406069313282816e-20
4.284770642508913086e-20
-3.216577842204339817e-20
2.284119594957017343e-20
-1.531249620373708325e-20
9.667031415090105440e-21
-5.729111326021401304e-21
3.174435285427592771e-21
-1.635806300820671039e-21
7.784034769014465652e-22
-3.386655101376804270e-22
1.327187895099436622e-22
-4.576125338112386237e-23
1.377723517929527151e-23
-2.999683554492263673e-24
7.053533834586466211e-01
