2.589335209766383539e-01
-2.707743458762650675e-04
1.299796089475084031e-07
-6.326010788803071990e-11
3.126702334830868535e-14
-1.831486220406291910e-17
1.257041360332388675e-18
-3.764128045442435742e-20
-6.569281537032150702e-19
4.642837224916665652e-19
1.865955971878517639e-01
-8.174267621559207220e-02
-4.171103624500425988e-03
4.865285784813606906e-03
-7.761156032093293475e-04
-7.744790180100555332e-05
5.400039328188523265e-05
-7.438778352967752156e-06
-1.122025782406524723e-06
6.075398836815615125e-07
-7.199741575186638956e-08
-1.534793482106078792e-08
6.894253753823046197e-09
-6.884841930009157606e-10
-2.035038511263817221e-10
7.849908707067808229e-11
-6.454080956454716950e-12
-2.701595027904315621e-12
9.024765470493666171e-13
5.944880433109080847e-02
-3.815942024010970240e-02
6.428054797810574435e-03
-6.803852261163146221e-04
3.099787385101525193e-05
5.791441129624101237e-06
-1.961423486402855900e-06
3.540459560030044443e-07
-4.609270336522129301e-08
4.028294370850946939e-09
-4.563770602660637823e-11
-7.054344810845176273e-11
1.808212507896459933e-11
-2.966115784729161718e-12
3.540150262644486568e-13
-2.573905497396420030e-14
-9.681171906847590282e-16
7.912544456767661148e-16
-1.661288670524147254e-16
4.878652767879619948e-03
-8.731012001229226591e-03
6.325453983725066662e-03
-3.798081284915592014e-03
1.940825347039681903e-03
-8.659087691356109721e-04
3.453019103147163542e-04
-1.256514329016617903e-04
4.243978904125804283e-05
-1.345548938608017379e-05
4.010929806515187377e-06
-1.106655944566041826e-06
2.676382920757075182e-07
-4.634283781845175054e-08
-2.303705767234995025e-09
8.003772437722538170e-09
-5.700837429127215949e-09
3.532780808195323891e-09
-1.366374885338804756e-09
2.694981594320281654e-07
-5.002073953869683028e-07
3.987307176915348286e-07
-2.706314970796637261e-07
1.536990143904385697e-07
-7.065841592021019458e-08
2.451388554871660224e-08
-5.229875677029256854e-09
-6.735993599480529521e-11
4.757739402899038264e-10
-1.120467910889669641e-10
-2.740302887958671162e-11
1.740200219062770279e-11
1.135576253814993891e-12
-2.381893213966343938e-12
-1.230921277023360991e-14
3.560107990318734677e-13
-1.888785124579757389e-15
-5.468120486321580832e-14
8.115586827514489343e-01
1.134295400953868178e-04
-4.817263678467395195e-08
2.254969461904155275e-11
-1.104446280661613607e-14
5.479174625122370079e-18
1.167441508809227646e-18
-9.151724856009510675e-19
3.956436674534294964e-19
-1.606063965458284785e-19
8.440500557009621430e-01
3.745905062268248265e-02
2.895446216296616773e-03
-1.971441250112513591e-03
2.680315335784194133e-04
3.276473186975114985e-05
-1.921519355349271321e-05
2.507719997816936332e-06
3.999736066921529254e-07
-2.102273048271261226e-07
2.526952537697626298e-08
5.193170046770852513e-09
-2.412365346847908108e-09
2.549004181046638242e-10
6.925074777275601033e-11
-2.812969484824500127e-11
2.497585580059509119e-12
9.501791587375696073e-13
-3.312634237660306547e-13
9.102858195178975542e-01
2.462262600671056428e-02
-2.742355196053779254e-03
2.075897938111278000e-04
-2.400039115751267199e-07
-3.479767127240359143e-06
7.937701396584318712e-07
-1.211989248390351707e-07
1.392705563593343132e-08
-1.043644888420788541e-09
-1.579196786719213294e-11
2.432652017773812952e-11
-5.665674334972933451e-12
9.092097179930483133e-13
-1.099802248613944435e-13
8.642473852041350641e-15
1.293355430776559074e-16
-2.223475788480769032e-16
5.100418840330009476e-17
9.690812845662772901e-01
2.314554515738854318e-02
-8.617095980946736997e-03
3.177681049639758792e-03
-1.153888377810500165e-03
4.095160422569707774e-04
-1.407724679166864358e-04
4.636256415678935314e-05
-1.441960572435080292e-05
4.139834860083250190e-06
-1.047707229216048892e-06
2.044715601893734306e-07
-1.038654475624330310e-08
-1.818232634686059572e-08
1.380263981254189665e-08
-7.293373226281533353e-09
3.402852874956554589e-09
-1.640938336875510080e-09
5.672553604086418771e-10
9.929563416239315377e-01
7.031233212966804362e-03
1.240324506226800745e-05
2.187920987393333461e-08
3.887959271975027471e-11
-1.274633397869156677e-13
1.230969875958944146e-13
-7.000397352174695064e-14
3.568555760291350515e-14
-1.602627028476345921e-14
6.172428306960770879e-15
-1.937664781702452495e-15
4.374269595926793584e-16
-3.711601243257521065e-17
-2.044400862850060322e-17
1.035387959087168570e-17
-1.569493877663589340e-18
-5.469282772825604006e-19
3.000863388885972638e-19
1.089999382335012923e+00
-4.049281375198913042e-05
1.066925673917019514e-08
-2.210979122992426025e-12
-8.853518074166144436e-17
7.647431673734056415e-19
-1.786374979618293101e-19
1.143213902005788903e-20
1.583859656579956680e-19
-1.374929949369672476e-19
1.076737179053265603e+00
-1.574433068296470992e-02
-1.763415135049504730e-03
7.371350333819921396e-04
-4.487855269354007698e-05
-1.913194222632349058e-05
4.081489384478872873e-06
2.057424319496780595e-07
-1.850918465614286555e-07
1.212314605657772683e-08
7.417356792505682366e-09
-1.594527727217115949e-09
-1.853929789742536542e-10
1.237096045374665316e-10
-1.078519387805401648e-11
-5.411406498566011181e-12
1.708499646081016208e-12
4.485825692491502538e-15
-9.973261104907387404e-14
1.046109659119659252e+00
-1.247497211331262228e-02
1.267179829001014542e-03
-6.529468450894949710e-05
-7.321960091786275822e-06
2.629142760061824567e-06
-4.294408493462980603e-07
4.572949946647333494e-08
-2.196756906512659331e-09
-3.611914228006583350e-10
1.224472699728571171e-10
-2.075949776893270096e-11
2.343530521231328891e-12
-1.265348238506195642e-13
-1.806434352598388364e-14
6.855469429605048359e-15
-1.249930640749614940e-15
1.540481601123851621e-16
-1.083108684582279319e-17
1.015763241870284217e+00
-1.196177131034138405e-02
4.504527621097429053e-03
-1.674044461185275265e-03
6.091384231840474370e-04
-2.148139937089468116e-04
7.247229713581339740e-05
-2.298161525920426357e-05
6.658261131040627921e-06
-1.660332337540119134e-06
2.933315474755809356e-07
1.026073113021729855e-08
-4.471189923101305050e-08
2.966846628834526285e-08
-1.487668476803928821e-08
6.565070821472469469e-09
-2.712524423087483379e-09
1.172984619051785204e-09
-3.807569320777452050e-10
1.003540522539198232e+00
-3.540522538998175026e-03
-3.701511416886955968e-13
3.027357991949487199e-13
-2.277285810806318099e-13
1.569959676465642696e-13
-9.868054070985429522e-14
5.613454123106270391e-14
-2.858869358077649754e-14
1.282257076699754360e-14
-4.929192443878935851e-15
1.542524760097886789e-15
-3.458459400577742799e-16
2.813733623889324380e-17
1.672922289040006144e-17
-8.296555137170352653e-18
1.224001435920134598e-18
4.494794312433476394e-19
-2.411428227678818236e-19
8.954486215538847160e-01
