1.047146725683134827e+00
-1.355952470756724773e-02
8.808636372107651500e-05
-6.065167781457996946e-07
4.467377043895186868e-09
-3.524533594267000870e-11
2.956133353611775054e-13
-2.601826181557373749e-15
2.372760312482983350e-17
-2.280864569140790565e-19
3.628048453030827125e-01
-4.779740635719594288e-01
1.891923832974124198e-01
-3.888053301862573474e-02
-9.197096329504007503e-03
1.415434978626906905e-02
-8.387191756623174274e-03
3.277488124847074361e-03
-7.218512145265906354e-04
-1.218531626733286382e-04
2.301795986857413422e-04
-1.429847994835525468e-04
5.866257665363494654e-05
-1.468672431049151439e-05
-7.013058006711819549e-07
3.294971796920230544e-06
-2.213235740431011329e-06
1.024103405480745019e-06
-2.959694384363102665e-07
1.300100661894638271e-02
-1.469670773649260805e-02
4.988077586968107414e-03
-1.263638988649335663e-03
2.676545351850809131e-04
-5.080804866453115734e-05
9.024328245175854214e-06
-1.536819108508261392e-06
2.537822224517685167e-07
-4.075951590301053896e-08
6.354412917115482197e-09
-9.563385510131448567e-10
1.376011907886545952e-10
-1.860023370882197324e-11
2.278558281041640912e-12
-2.299208388062751239e-13
1.180680614562730274e-14
2.897859264452714584e-15
-1.179727451122923785e-15
2.905410628536311628e-04
-5.500154229186102325e-04
4.670486051632138837e-04
-3.571437570540802651e-04
2.473402550666635642e-04
-1.562362464044145585e-04
9.072503911048593707e-05
-4.883844810136639229e-05
2.458158385065251428e-05
-1.166864014409918958e-05
5.268658296262693263e-06
-2.281671820472258091e-06
9.552169259303554349e-07
-3.894198335500902269e-07
1.556473166588233899e-07
-6.147110438589132477e-08
2.445651371376638053e-08
-1.079581121386790686e-08
3.619984393114837992e-09
-2.081220340816444056e-10
3.984018739882848718e-10
-3.491345357426122011e-10
2.796359930006020683e-10
-2.040584732306893329e-10
1.350079506097742315e-10
-8.040118154723410857e-11
4.263676930830394367e-11
-1.980186917252260320e-11
7.834818052362571230e-12
-2.505481679213053509e-12
5.678825352411142920e-13
-4.441132934783683523e-14
-2.876120243615175978e-14
1.354633706204574636e-14
-1.569323401794866235e-15
-8.593166252555050902e-16
3.364771976388126078e-16
6.316898253738776560e-18
5.444624913644489084e-01
4.813876209926816301e-03
-2.954315903311116826e-05
1.720763232663963275e-07
-9.449877894188079499e-10
4.982880540032398275e-12
-2.637760668757666080e-14
1.523640991415657302e-16
-1.045684480234710619e-18
-3.667675250804857957e-22
7.945145157557961246e-01
1.796840372464922064e-01
-6.374667376001164065e-02
1.376829157645239297e-02
2.567534770497493721e-03
-4.865841477276118890e-03
3.135488660507379770e-03
-1.311121242350105640e-03
3.038791532937822992e-04
5.649336425834010063e-05
-1.066945441550602231e-04
6.597005036917658299e-05
-2.524957673604033903e-05
4.256606804886985530e-06
2.271440020349630514e-06
-2.491035270721374119e-06
1.233922527461090679e-06
-2.907473191254605037e-07
-5.927944154489574663e-09
9.458043925518465622e-01
1.811308442904272648e-02
-3.032868202376165067e-03
5.094566164386448489e-04
-8.589665898579824065e-05
1.452509439692628607e-05
-2.458330022078068583e-06
4.152569765765553852e-07
-6.979748930029210564e-08
1.163920444279642222e-08
-1.919834134857293448e-09
3.121712578856733081e-10
-4.982702883431743079e-11
7.761573285527135359e-12
-1.169775684918866732e-12
1.682072131468153073e-13
-2.248106242394504651e-14
2.636690204096177032e-15
-2.260391747489441506e-16
9.825668038069882426e-01
1.320157777787954803e-02
-4.998572732976449239e-03
1.892648746550553828e-03
-7.166410794684662704e-04
2.713612694229192157e-04
-1.027589850251926459e-04
3.891661280783886140e-05
-1.474072547407283894e-05
5.584771098899495057e-06
-2.116592448912939643e-06
8.025348953601870981e-07
-3.044667460630485014e-07
1.155935845190070860e-07
-4.393640858148808008e-08
1.675704225521530775e-08
-6.509688483141384988e-09
2.826994975193321942e-09
-9.401926946903543963e-10
9.960674562650287944e-01
3.928673831063858070e-03
3.866095645327383642e-06
3.804514241115853405e-09
3.743913705995216524e-12
3.684306970676065491e-15
3.603535041908969739e-18
1.981620040787550052e-20
-1.137992532872786205e-20
7.592813641827915348e-21
-4.780101935977439383e-21
2.842739841361689329e-21
-1.594813298393828764e-21
8.329498770693167805e-22
-4.076876394525466646e-22
1.922099293436619017e-22
-8.296307988389377981e-23
3.128642989402490321e-23
-7.048849840077469836e-24
1.082799685421046432e+00
1.113192582897907937e-03
-1.461392549450905527e-05
1.275720510310197483e-07
-9.872760653717534481e-10
7.348736123230229946e-12
-5.507009585209741626e-14
4.284101498627727312e-16
-3.512847173331681699e-18
2.604321682822383961e-20
1.069091938142895826e+00
-2.996144613394786244e-02
-5.014196001344208009e-03
8.009192828493470057e-03
-3.530699076156762310e-03
2.969936743514158071e-04
7.342945819326579049e-04
-6.425185995717657339e-04
3.091909984117714293e-04
-7.927214701722183805e-05
-1.386080051751549027e-05
2.930825832087201855e-05
-1.898474085738296560e-05
7.596595676603684002e-06
-1.415860243529496768e-06
-6.174186072890079147e-07
7.533103829214207800e-07
-4.540370094998560698e-07
1.531367037891852404e-07
1.027833120301450132e+00
-9.481523149341438902e-03
1.592716966269305118e-03
-2.606557059157280976e-04
4.094576900207514813e-05
-6.064449868511225004e-06
8.248161072818539288e-07
-9.755076126401863878e-08
8.417230011930894880e-09
4.129132416605976710e-11
-2.599800096091524134e-10
8.586843513731135275e-11
-2.118191424064917210e-11
4.593169423773069389e-12
-9.214705490266911719e-13
1.748310925961685691e-13
-3.172616766409170772e-14
5.686658267815283949e-15
-9.270347174371535589e-16
1.008819073057814375e+00
-6.737074088205527098e-03
2.573240110504876159e-03
-9.828114783973994871e-04
3.753374943203822631e-04
-1.433182667177968818e-04
5.470818526616240889e-05
-2.087301918479784237e-05
7.957363059649049343e-06
-3.029853705978459091e-06
1.151605755270439336e-06
-4.366363731385560046e-07
1.650150632540612484e-07
-6.210644146129995189e-08
2.326117568831939289e-08
-8.675637634882558498e-09
3.260798433487534482e-09
-1.350807364731980825e-09
4.347601420963755347e-10
1.001972022156523590e+00
-1.972022156523535377e-03
-9.169117647544865934e-20
8.178233776666329162e-20
-6.964040339816193984e-20
5.657955994201107186e-20
-4.382171386128218373e-20
3.232083183382914085e-20
-2.266998648083602826e-20
1.509610915870786208e-20
-9.523995646359305458e-21
5.677937671396724981e-21
-3.188392720408051551e-21
1.679464640458032781e-21
-8.254316232535928623e-22
3.761544456102777857e-22
-1.587441980997026279e-22
6.553200142834684327e-23
-1.964007990533922639e-23
6.028020050125313389e-01
