9.072553045715522346e-01
-9.513519695990858491e-03
5.008087514526978439e-05
-2.767149409638012770e-07
1.607631399902559976e-09
-9.822741962810813649e-12
6.294438272261665888e-14
-4.204897447869155564e-16
2.946747685538874465e-18
-5.339190972516551201e-20
3.383074628176930276e-01
-4.204552149651591963e-01
1.489545421362474809e-01
-2.181037091256637223e-02
-1.215096250531447902e-02
1.208013592336216330e-02
-5.972819401203727230e-03
1.860997049546334135e-03
-1.776991961717779803e-04
-2.194445269846423473e-04
1.829332601051528618e-04
-8.524942854836114147e-05
2.501312238337252239e-05
-1.582280013803772750e-06
-3.482910414722289999e-06
2.670598425410322667e-06
-1.167439006141230963e-06
2.785688539764428070e-07
-9.223765730498678746e-09
1.600706415145779563e-02
-1.728866590689247598e-02
5.566655707954826920e-03
-1.341805906740791777e-03
2.719794487612890808e-04
-4.968083516845462217e-05
8.517742920805361086e-06
-1.399404257867582795e-06
2.219154756850313992e-07
-3.392417771267864588e-08
4.962631706235087672e-09
-6.846282143025539317e-10
8.651142833773705965e-11
-9.326995927544743820e-12
6.525585066237149342e-13
4.527572172579723555e-14
-3.303707550682531608e-14
1.004158647100312557e-14
-2.213212710628394202e-15
4.241856005597870053e-04
-7.995072438307318377e-04
6.702981529791108770e-04
-5.023361670363184076e-04
3.388975290327376523e-04
-2.075897147711364512e-04
1.165425422884413755e-04
-6.055649089834384640e-05
2.941326779621624725e-05
-1.348693402350507543e-05
5.894445611244104961e-06
-2.478054192954964742e-06
1.010639818267903317e-06
-4.028905882644222906e-07
1.580467676077483507e-07
-6.145880905705671169e-08
2.413201199107287276e-08
-1.052726428917345030e-08
3.506913645661838214e-09
-2.018183780222260989e-10
3.851441784668228899e-10
-3.343634661176270930e-10
2.635342505398418793e-10
-1.878417837394702799e-10
1.203468870618354435e-10
-6.866628157597585038e-11
3.439780693172594638e-11
-1.478244456061406211e-11
5.226448858273367946e-12
-1.384807866356514138e-12
1.951823780917097335e-13
3.458269471127169291e-14
-2.818252743744079215e-14
5.587076882012124466e-15
1.158844026168295090e-15
-8.682662021018385305e-16
4.523857752607301153e-17
8.458512126778224439e-17
5.874460548741193833e-01
3.418433734456628129e-03
-1.755354930936633051e-05
8.866591962376721726e-08
-4.328632301317061354e-10
2.054025232905341237e-12
-9.620288600158257560e-15
4.566693335842874459e-17
-2.423617065388017272e-19
4.644137404902627585e-21
7.989958636022908012e-01
1.614387332731574143e-01
-5.010355682817469597e-02
7.505794354423350571e-03
3.875957230656647615e-03
-4.184433246644032878e-03
2.214892743709876224e-03
-7.435328629897001908e-04
8.611241356336711008e-05
8.650568418929148451e-05
-7.716814319062796483e-05
3.639988249118347025e-05
-9.932899545096663985e-06
-3.112472172391612357e-07
2.149404296026231376e-06
-1.391898964534844360e-06
4.990327038288909314e-07
-2.305359542328261555e-08
-5.237709224264579878e-08
9.422205103225083089e-01
1.925231910606304067e-02
-3.206327848581330339e-03
5.333752130667334139e-04
-8.850037541836674592e-05
1.461907037236444696e-05
-2.398962354150571805e-06
3.901813654019697477e-07
-6.273992311300977586e-08
9.941847422676453338e-09
-1.545617852370537323e-09
2.341949551873992076e-10
-3.422788200862501841e-11
4.740182641868948690e-12
-6.006939814242930884e-13
6.378554320087387459e-14
-3.801259418812376090e-15
-7.083268444437226932e-16
3.229272130865841624e-16
9.813865367577302434e-01
1.408690298722299963e-02
-5.330574957094079587e-03
2.017129742387363273e-03
-7.633012195359338949e-04
2.888432017604923184e-04
-1.093036956529372665e-04
4.136347572160425717e-05
-1.565350759491445206e-05
5.924076685781473210e-06
-2.242039274290507993e-06
8.485431747336290258e-07
-3.211461631342250676e-07
1.215420982891298018e-07
-4.600935471786455103e-08
1.745580444913788157e-08
-6.734475978229892191e-09
2.898160617333090006e-09
-9.580732096506775027e-10
9.957987074238758840e-01
4.196875153443486300e-03
4.412778009259484814e-06
4.639787710407003152e-09
4.878475623323480117e-12
5.129451381018553836e-15
5.386589889343089425e-18
1.043077298920441163e-20
-3.251664941136943609e-21
2.127812894248648355e-21
-1.273705183470873696e-21
7.137939272171797860e-22
-3.835467143180445097e-22
1.920287794489624505e-22
-8.152714895124372303e-23
3.113939989947788509e-23
-1.723453414741264202e-23
5.421160214592715750e-24
4.742896827069328311e-25
1.099031122937464078e+00
4.975963853329675715e-04
-6.830539257882128562e-06
5.232269858883262956e-08
-3.456394658325229096e-10
2.153279711583297003e-12
-1.316328311330517713e-14
8.094319244959564065e-17
-5.040108618522583452e-19
-3.616062660956976775e-21
1.074385010171888366e+00
-3.436543940364970157e-02
-1.947699818378537898e-03
5.790442757695964809e-03
-2.442028294046358176e-03
1.017465010942884298e-04
5.279473980767666105e-04
-3.945193329844310661e-04
1.572332598778059649e-04
-2.223350380235365135e-05
-1.935585867332670733e-05
1.876039355787877065e-05
-9.196652817223684270e-06
2.532698165915019969e-06
1.433738462545140987e-07
-6.210384893389961703e-07
3.923139993608046404e-07
-1.396061146815968275e-07
2.433443869584782855e-08
1.029708544842418583e+00
-1.008094457817028909e-02
1.676696672950349831e-03
-2.692152635044524735e-04
4.099696414183274189e-05
-5.792261870157987283e-06
7.314865145516526546e-07
-7.510257273017530590e-08
3.887305082384871197e-09
8.470737642061099668e-10
-3.871106184894019292e-10
1.030382603192609856e-10
-2.288627768385075053e-11
4.603741365526912264e-12
-8.650059047075291157e-13
1.538698346438613509e-13
-2.605574998323625436e-14
4.292730640588960124e-15
-6.392383315917623659e-16
1.009424005722929563e+00
-7.199057853829814169e-03
2.749576213915749801e-03
-1.050061780639336946e-03
4.009439584044846398e-04
-1.530399439086972397e-04
5.838080603673699619e-05
-2.224935829480585578e-05
8.466809599422978362e-06
-3.214980821447332413e-06
1.217095051282385862e-06
-4.589112674501566803e-07
1.721542714819342693e-07
-6.418003537749298232e-08
2.375414705444713825e-08
-8.730973285037930930e-09
3.221680421819204046e-09
-1.302929428478271305e-09
4.124624877064585499e-10
1.002107316552899530e+00
-2.107316552899460727e-03
-9.614848444563685886e-20
8.503788378877125832e-20
-7.155197870132285634e-20
5.723126253990467422e-20
-4.347051119566001750e-20
3.131252132565028695e-20
-2.135289909741345356e-20
1.375542147349306117e-20
-8.348178314468038518e-21
4.756846021183402064e-21
-2.533622241673428783e-21
1.254143848438895794e-21
-5.724174361588161694e-22
2.382250498023487608e-22
-8.917257735535335859e-23
3.076527780268551539e-23
-7.832263061934598428e-24
6.728370927318295669e-01
