1.078418861683831276e+00
-1.450100178962052816e-02
9.770969057189005927e-05
-6.994330912697015369e-07
5.379693440957306132e-09
-4.451909527056718484e-11
3.927633750704020508e-13
-3.639384009989899871e-15
3.490645662806795524e-17
-3.330444977906289427e-19
3.685140507850981906e-01
-4.906117455737311617e-01
1.979545928942239574e-01
-4.269495566141425641e-02
-8.434665732136453070e-03
1.453590406791774661e-02
-8.896327864662590540e-03
3.596688436130885541e-03
-8.556991321283962445e-04
-9.038049338011777895e-05
2.361128661142594871e-04
-1.546948538203526155e-04
6.643178358663615751e-05
-1.813489402272557723e-05
2.882849024482086806e-07
3.260361583191678293e-06
-2.397049817543042416e-06
1.198539438077007322e-06
-3.714192246415212781e-07
1.246668952834872023e-02
-1.422391263325286509e-02
4.880387659330541472e-03
-1.249119482991194055e-03
2.669712859180405073e-04
-5.106819601540852792e-05
9.131459386989771975e-06
-1.564993017681420244e-06
2.601831309426539834e-07
-4.211416995297553363e-08
6.628325176502350776e-09
-1.009740538111649435e-09
1.476761024782557318e-10
-2.044260045269140298e-11
2.605312001719003569e-12
-2.861023479993266223e-13
2.115933366904459789e-14
1.360716594625456309e-15
-9.485884502741932404e-16
2.684352681298574289e-04
-5.086131418737922186e-04
4.329996424540370650e-04
-3.324564458513332458e-04
2.314704229892071148e-04
-1.471328124662955894e-04
8.603444004353939106e-05
-4.665425492828004841e-05
2.365773830619652469e-05
-1.131251847501341181e-05
5.143512625050483505e-06
-2.241804058128417368e-06
9.439185064180481130e-07
-3.867292625392781296e-07
1.552208999681629881e-07
-6.151655797189591559e-08
2.454639013927970421e-08
-1.086333166503120687e-08
3.647677621281187075e-09
-2.066461897473709141e-10
3.958261583255548536e-10
-3.475421141516339306e-10
2.792730571224397486e-10
-2.047675346829235892e-10
1.363587739263698729e-10
-8.190453472672817667e-11
4.392572250747907608e-11
-2.070940779685180173e-11
8.367694955238334377e-12
-2.763943190982580484e-12
6.675694384619357563e-13
-7.189736076636823142e-14
-2.547003844576458242e-14
1.487042814208619559e-14
-2.403486419862312401e-15
-7.165267845906393850e-16
3.894550833239359978e-16
-2.444986160510955949e-17
5.354167357923805826e-01
5.128477533766334293e-03
-3.234939289379063344e-05
1.917930471113984255e-07
-1.064005938953547288e-09
5.646385572124633359e-12
-3.034235366841044589e-14
1.839110348470093767e-16
-1.451336253524319829e-18
4.461712637294697762e-20
7.936413625780954773e-01
1.834078023630340837e-01
-6.664060688429698787e-02
1.516970287644170585e-02
2.228878178672068569e-03
-4.987297636105106000e-03
3.333663775708483722e-03
-1.442105047651760525e-03
3.580973235305366545e-04
4.676517940136607415e-05
-1.126250065333513881e-04
7.295331000434550838e-05
-2.915450199940747565e-05
5.539954150430432728e-06
2.233089264407471840e-06
-2.757827923387867665e-06
1.430063622086302538e-06
-3.691553087062238624e-07
1.006789026825700454e-08
9.465347587866592693e-01
1.787837979705746844e-02
-2.996142276832312965e-03
5.040679439432403826e-04
-8.521278226313000156e-05
1.446740415774356481e-05
-2.461949901515505262e-06
4.186900471251949743e-07
-7.093126432589018892e-08
1.193365276051324275e-08
-1.987959108683333807e-09
3.268683882365745903e-10
-5.284930874398715990e-11
8.361029281053633621e-12
-1.285210157786228103e-12
1.898616575033238619e-13
-2.644701328027045464e-14
3.367081643302720775e-15
-3.493578242883757937e-16
9.828064570198155048e-01
1.302167730593576170e-02
-4.931055097343020957e-03
1.867311089445796877e-03
-7.071333907025505877e-04
2.677940539573069024e-04
-1.014208570372682221e-04
3.841483515075730848e-05
-1.455269131496877706e-05
5.514393335744759809e-06
-2.090307098671855353e-06
7.927520465443913163e-07
-3.008459088204134313e-07
1.142646035501542655e-07
-4.345452234288353700e-08
1.658520677850740157e-08
-6.449373466026943965e-09
2.804648416666392463e-09
-9.336250825436999258e-10
9.961219859791149434e-01
3.874250813129995284e-03
3.759555954793411597e-06
3.648256568599000677e-09
3.540252094121062986e-12
3.435477176602246786e-15
3.308814867648599762e-18
2.173164629333732162e-20
-1.302923926028698883e-20
8.714244819637254872e-21
-5.540268359731498451e-21
3.330884183880136480e-21
-1.888597624451038399e-21
1.004425216566925529e-21
-5.016290721341490998e-22
2.313346441276477674e-22
-9.811496048898895644e-23
4.195196488648246297e-23
-1.367285889995960100e-23
1.078118244358263755e+00
1.284547307181453267e-03
-1.680608872866227356e-05
1.496945414562336711e-07
-1.187723770935324708e-09
9.109722943179927927e-12
-7.087497559743353156e-14
5.775304789119588153e-16
-5.002196131147954350e-18
4.172479151284543691e-20
1.067683910550518478e+00
-2.853207635516722546e-02
-5.949073423453332329e-03
8.602781692583683429e-03
-3.800240057780964343e-03
3.411214167408136810e-04
7.874112023886133691e-04
-7.056012194087717864e-04
3.487905579477824035e-04
-9.506714893792644807e-05
-1.157631782065506677e-05
3.166191421712823004e-05
-2.149252820360873418e-05
9.008150118855284846e-06
-1.911603725258931094e-06
-5.706581954001989996e-07
8.371466472706704522e-07
-5.435928565498909269e-07
1.927651498530779605e-07
1.027450342608068556e+00
-9.356754502725533190e-03
1.574217946357163792e-03
-2.584168764610615242e-04
4.079671334828826305e-05
-6.087159343930374570e-06
8.370069568912044692e-07
-1.008299941629061823e-07
9.112133501617032555e-09
-8.519716661042330272e-11
-2.399173056636719489e-10
8.320843806307141591e-11
-2.094280849097837408e-11
4.602634735573894653e-12
-9.337476206184295226e-13
1.790417755457520256e-13
-3.284509299708628236e-14
5.961621046525420172e-15
-9.841302053701878122e-16
1.008696288293618792e+00
-6.643292167550046180e-03
2.537433871706865941e-03
-9.691474440034044194e-04
3.701283098918991469e-04
-1.413359660450234641e-04
5.395622360001302677e-05
-2.058925024434874029e-05
7.851142920892846354e-06
-2.990574036691521987e-06
1.137334053083674221e-06
-4.315793084949516673e-07
1.632859533930885210e-07
-6.154540131393372845e-08
2.309370128316534982e-08
-8.633037550139608074e-09
3.254298841792391224e-09
-1.353258712363941757e-09
4.366802921979953200e-10
1.001944563366769847e+00
-1.944563366769845678e-03
-8.833086976810804399e-20
7.892080860637476163e-20
-6.736727080533868520e-20
5.490657188841771889e-20
-4.269430921772555581e-20
3.164023564076165641e-20
-2.231895354552985554e-20
1.496163247810876356e-20
-9.512602328880904618e-21
5.722366069433803974e-21
-3.247027210806384500e-21
1.731247638972168389e-21
-8.631348226408359894e-22
4.002034200613589399e-22
-1.727293888243575868e-22
7.358452249166529811e-23
-2.260947480455506476e-23
5.852932330827067542e-01
