7.011853791482089981e-01
-4.717721442679734256e-03
1.579234620728587953e-05
-5.483853639157736579e-08
1.966866568979020250e-10
-7.268233630217617906e-13
2.763449048564087516e-15
-1.080698049264701118e-17
2.556748868668128849e-20
2.495223607065319584e-20
3.022944705598880621e-01
-3.284163224234343814e-01
8.821340396163707132e-02
-2.201934598637912363e-04
-1.296272926288094193e-02
7.493562017386152033e-03
-2.395223584694692546e-03
2.596649184843755780e-04
2.141027697412067323e-04
-1.660334609411182288e-04
6.508009215322363059e-05
-1.288194989361587162e-05
-2.431008800632855422e-06
3.443880455987766314e-06
-1.676739555452028018e-06
4.681199349154721616e-07
-1.649652529482758468e-08
-8.019606563908288765e-08
4.256426338444892947e-08
2.303229008800624159e-02
-2.285290313699900322e-02
6.684245481164657714e-03
-1.469373569920356514e-03
2.733908785630380042e-04
-4.598340936576295057e-05
7.224546128711176982e-06
-1.070231616917772964e-06
1.482247402437532937e-07
-1.864979575527987911e-08
1.976658634651258478e-09
-1.298678089800286886e-10
-1.173279679205726314e-11
7.251124839715811955e-12
-2.001999065413217042e-12
4.445838976073440198e-13
-8.823187175050274320e-14
1.671078915727176762e-14
-2.810623711210954369e-15
8.008437337582676634e-04
-1.496805139698446745e-03
1.224752627096429864e-03
-8.836506673114530959e-04
5.678201291881005601e-04
-3.287788378512834721e-04
1.736755851940787756e-04
-8.475750640242062268e-05
3.869252107858125913e-05
-1.672350619317762701e-05
6.922086241076533380e-06
-2.772588002823834653e-06
1.084464457266975129e-06
-4.173144828865881437e-07
1.589217035188272743e-07
-6.024665495594858512e-08
2.310884683204826858e-08
-9.844439362493347790e-09
3.232981544653241227e-09
1.005025444075514325e-10
-1.907212491259194093e-10
1.627631565805697166e-10
-1.245560051851242054e-10
8.500174594479699382e-11
-5.127044199960717739e-11
2.694749637557123078e-11
-1.205559440671764002e-11
4.397749394397872019e-12
-1.187644715601358076e-12
1.651855988958522022e-13
3.300628601571420634e-14
-2.480037781863201470e-14
4.158139204273779682e-15
1.378567365078413875e-15
-7.505283789726445381e-16
-1.181266593902812825e-18
7.820192020080316842e-17
-1.197585437604111005e-17
6.547276975007090272e-01
1.707899367481374242e-03
-5.674818462692329707e-06
1.935891904803682546e-08
-6.547968180997396951e-11
2.183588909032965275e-13
-7.190147741262905476e-16
2.375009797692146350e-18
-3.377187073811369328e-20
8.912195592552060429e-21
8.067712656777753510e-01
1.296453445391301806e-01
-2.894021125015598661e-02
-3.776963639732200092e-04
4.422090190654092388e-03
-2.606718476884296431e-03
8.826508682647441883e-04
-1.173293093983797473e-04
-7.187649884972343889e-05
6.249749713734082334e-05
-2.588914152575948424e-05
5.329955218837870355e-06
1.033399390540522892e-06
-1.481428912018461052e-06
7.113114440302700775e-07
-1.816953504697818491e-07
-8.222111535490943446e-09
4.081703551694019958e-08
-1.945749753066190602e-08
9.352061932968713798e-01
2.139056722895263038e-02
-3.497795142556767330e-03
5.632837523087708695e-04
-8.889335714556942966e-05
1.369909805814905768e-05
-2.055379014097904881e-06
2.989161349083572172e-07
-4.177383451828321533e-08
5.511300507861900431e-09
-6.601995605257802538e-10
6.451636699410813826e-11
-2.836074108127415848e-12
-8.798623169431304541e-13
3.721687728311500722e-13
-9.844697225799586293e-14
2.207268767449403779e-14
-4.671856640274971633e-15
8.626139485270713671e-16
9.790459900721560915e-01
1.583901804069807323e-02
-5.986098029908339287e-03
2.262185611139355592e-03
-8.547774458223630000e-04
3.229025631159135106e-04
-1.219304997274246901e-04
4.601245736864522127e-05
-1.734723335575425710e-05
6.531599663621571845e-06
-2.455096500061056693e-06
9.208697042135754913e-07
-3.445417883924025854e-07
1.285495467975832867e-07
-4.782794176681427599e-08
1.777449451037649243e-08
-6.686807536254186827e-09
2.789153524069989171e-09
-9.034514064181918243e-10
9.952647453285214940e-01
4.729642325107727245e-03
5.605694472614987240e-06
6.644014147423256470e-09
7.874657501295400041e-12
9.333242674409973545e-15
1.106582508914940376e-17
1.047659711974747013e-20
1.709081464996670364e-21
-1.024965916213138426e-21
5.782080217516900446e-22
-3.023866402363906926e-22
1.553590069971286223e-22
-6.606633076345302848e-23
2.980284363636448612e-23
-3.816318923806980683e-24
-3.567060925225365315e-24
-1.083086450292425758e-24
2.641245049557389766e-24
1.111265957769499657e+00
2.001104175187764966e-05
-1.341052536656954673e-06
7.811715838589088435e-09
-3.590445430331733940e-11
1.507511420181217861e-13
-6.058123352088994896e-16
2.387544260733484311e-18
-1.209525282093859908e-20
8.491857568490803720e-23
1.080104347463093362e+00
-3.573254197586474279e-02
-1.489387310448706241e-04
3.603994047514819891e-03
-1.256101879389108543e-03
-6.103408179041008933e-05
2.630317767420591230e-04
-1.326882627941992714e-04
2.590668930061162069e-05
1.001577959311251973e-05
-1.095230226098485314e-05
4.806370826746441958e-06
-9.288371880268744642e-07
-3.008965485498390755e-07
3.498397735176869349e-07
-1.604364986393662780e-07
3.493735186633945507e-08
1.220023448230400310e-08
-1.067702949613051500e-08
1.033367863726500024e+00
-1.118013967132149358e-02
1.803934239204452779e-03
-2.738094192663016019e-04
3.803135867708175787e-05
-4.622631768993515910e-06
4.362092279776038849e-07
-1.417557971397539251e-08
-7.054130021285894041e-09
2.577861239250541454e-09
-6.210473240455841367e-10
1.265672801088951634e-10
-2.326018284424879372e-11
3.940079774572290048e-12
-6.174717975208066428e-13
8.853240323386187219e-14
-1.119755461080839216e-14
1.101504872501776871e-15
-4.451329655205299727e-17
1.010625255973164771e+00
-8.115912980952133191e-03
3.099076414790926520e-03
-1.182987762793844076e-03
4.512865111237925574e-04
-1.719655713957046750e-04
6.540943962160533772e-05
-2.481001224768911097e-05
9.372654904968333951e-06
-3.521328173677819571e-06
1.313537566875647738e-06
-4.856372086205576550e-07
1.776402186361176318e-07
-6.417334410552544786e-08
2.285513430027082552e-08
-8.015505487689456384e-09
2.786800597938315311e-09
-1.039857126612032407e-09
3.102601997825613934e-10
1.002376080801054226e+00
-2.376080801054113699e-03
-2.863251467589214351e-20
2.493604514662276757e-20
-2.052493694731955085e-20
1.594975681572008924e-20
-1.168434510180448619e-20
8.053149921219022174e-21
-5.208438616611795674e-21
3.150554709411033056e-21
-1.774756399165904591e-21
9.257275299022636954e-22
-4.436571419998231508e-22
1.932381255088006342e-22
-7.525118249916732863e-23
2.548957986924073956e-23
-7.093068224229858118e-24
1.373484818917217639e-24
-1.044694869058870986e-25
7.578796992481202643e-01
