1.465795814942681519e+00
-2.314418845084898271e-02
1.712119756493137512e-04
-1.376798150499349804e-06
1.285277408676427488e-08
-1.377232828841133457e-10
1.602347911797260128e-12
-1.936183138731740182e-14
2.380960700438793832e-16
-2.919262794985060078e-18
4.585683476881073362e-01
-6.577317757972477308e-01
2.970320099549320081e-01
-7.815322904340289700e-02
-5.704145444957676482e-03
2.110259569547648720e-02
-1.461286750598806035e-02
6.434044173387097956e-03
-1.702363993844192847e-03
-8.227233453519646128e-05
4.068778316053432232e-04
-2.753372455286955296e-04
1.147706465726078598e-04
-2.699490008329231538e-05
-2.991447745557507493e-06
6.773985538447019644e-06
-3.621023877060114183e-06
8.052112082742787278e-07
6.742597317845719511e-08
8.667873450897745774e-03
-1.091099267453113017e-02
4.220784945781280544e-03
-1.211442916276266957e-03
2.862128629501712717e-04
-5.949733601813200285e-05
1.138606343771753470e-05
-2.066917962393752372e-06
3.624036818634036338e-07
-6.194122598780008965e-08
1.035337276232820456e-08
-1.691472603207328050e-09
2.692817260781678966e-10
-4.155081774145973173e-11
6.160537930970841627e-12
-8.646390125516389861e-13
1.115161852650042400e-13
-1.226707172204418754e-14
8.948705922730113647e-16
1.176172015775732866e-04
-2.248787467259623655e-04
1.966020919428242435e-04
-1.575097622780605644e-04
1.160063658461990522e-04
-7.886735132699833892e-05
4.973085937216860760e-05
-2.923879935709687220e-05
1.611840925477334407e-05
-8.379870680228545119e-06
4.133098973361173001e-06
-1.945526507494616379e-06
8.792465579808179824e-07
-3.837679611598630857e-07
1.627581549862990969e-07
-6.761329238208532455e-08
2.808710340321126917e-08
-1.287454233943317300e-08
4.404306986526689800e-09
-1.959278215072350790e-10
3.778381712930081768e-10
-3.386094819145016611e-10
2.817464027995832439e-10
-2.172715442717059570e-10
1.548672037519987079e-10
-1.016397625524237726e-10
6.109360384551903692e-11
-3.338136034391643278e-11
1.640245757526010365e-11
-7.130752573384418880e-12
2.670343805352007078e-12
-8.189556841540315118e-13
1.815670130465550407e-13
-1.518572442609187358e-14
-8.427901589195143413e-15
4.314550877620369237e-15
-5.891151426749649932e-16
-1.830461661819945066e-16
4.540411140266458756e-01
7.609391465141657901e-03
-4.429393117521141909e-05
1.765396141726863480e-07
-2.941277854582367117e-10
-1.153624638451235830e-12
-6.644301260272660384e-15
4.156320483391082755e-16
-7.039752301261736906e-18
7.275477863479906878e-20
7.905568130634776924e-01
2.192918184496172596e-01
-9.642637990996247299e-02
2.909183998761170897e-02
-1.341144626971128937e-04
-7.238635002374322301e-03
5.844890292813920835e-03
-2.803401273701294338e-03
7.290655714698627372e-04
1.316412984414310145e-04
-2.781127835305995696e-04
1.757463255943414807e-04
-6.201844516647791420e-05
2.200085628276933053e-06
1.396841593051446911e-05
-1.078798112748860474e-05
4.031010441767137518e-06
4.405090102415347542e-07
-8.925491381192398769e-07
9.565069028947027485e-01
1.463277592325630018e-02
-2.473922468040373746e-03
4.226917913429157248e-04
-7.345722466004829402e-05
1.304216985415636605e-05
-2.365307000283847959e-06
4.359383137134486446e-07
-8.100936098373711987e-08
1.505814169266654962e-08
-2.782186088499369092e-09
5.087051607280451274e-10
-9.177476862368502753e-11
1.630010369591264826e-11
-2.844090383899432713e-12
4.862664727285940384e-13
-8.122421412357782990e-14
1.351016199382304857e-14
-2.065586870988082871e-15
9.860614596001877619e-01
1.057380750949657965e-02
-4.010662810891432034e-03
1.521259808442957393e-03
-5.770266769695354568e-04
2.188764271814164436e-04
-8.302759590643444361e-05
3.149802420669019605e-05
-1.195114868966022378e-05
4.535713671782157612e-06
-1.722095293427098120e-06
6.542414443917556078e-07
-2.487808641904449216e-07
9.472763829596230822e-08
-3.614635996588508017e-08
1.386205705834180824e-08
-5.429298997596014150e-09
2.386312448712204441e-09
-8.002957447395634098e-10
9.968612967536025771e-01
3.136237656655865586e-03
2.463652912083684410e-06
1.935307950480191350e-09
1.520269611180984300e-12
1.194310015703352990e-15
8.804308517734769809e-19
4.568122707780779758e-20
-3.363211023667862400e-20
2.416703420651261806e-20
-1.663020120621445315e-20
1.095999623473221912e-20
-6.912354151273742551e-21
4.158354217610667137e-21
-2.383167107079246634e-21
1.306848067791038518e-21
-6.962454183597800840e-22
3.892297795232331402e-22
-1.446186882579444609e-22
9.774372731779539247e-01
3.828195039469733853e-03
-3.988201988561462102e-05
3.129859092088728009e-07
-2.268357703987428179e-09
1.819220438621432755e-11
-1.817272023485893143e-13
2.142015135890787783e-15
-2.669832276791373074e-17
3.165858261030500490e-19
1.037415533367339160e+00
8.421038147637924937e-03
-2.737247607221892157e-02
1.879905307277861259e-02
-6.713353885124534459e-03
-2.500622350803888088e-04
2.237023851688666517e-03
-1.794572834598183670e-03
8.541857138536124334e-04
-2.094705754509558330e-04
-5.580163259234003883e-05
9.682793304723285970e-05
-6.063964089457779159e-05
2.225431287688253826e-05
-1.972772495606430539e-06
-3.810201304924203185e-06
3.111298288126692310e-06
-1.284633331243532821e-06
2.596918336307572157e-07
1.022234400701551138e+00
-7.604292340661913084e-03
1.290630627093974480e-03
-2.154280255750753807e-04
3.486903230752753783e-05
-5.363321320088106047e-06
7.593028358731867738e-07
-9.260691426285159083e-08
7.773950668654806120e-09
3.021738189024385086e-10
-3.645684258777571006e-10
1.197708181677930808e-10
-3.063073820411165771e-11
6.969641511678110275e-12
-1.476755431073909129e-12
2.975090352600764493e-13
-5.766907426257082330e-14
1.117090992174227497e-14
-1.964416756681775987e-15
1.007037169794188669e+00
-5.375912046017202253e-03
2.053403875179634578e-03
-7.843202065263930184e-04
2.995750978349988954e-04
-1.144206810006994816e-04
4.369960418425892774e-05
-1.668795685523883282e-05
6.371563577136879279e-06
-2.431924770391190970e-06
9.277512370169526960e-07
-3.536470428430234741e-07
1.346487412415634903e-07
-5.118299971320107866e-08
1.941679109001790102e-08
-7.359684907968294404e-09
2.823888841552447671e-09
-1.201510062822852046e-09
3.937248962352677898e-10
1.001573559381470080e+00
-1.573559381470084452e-03
-6.065691413213441483e-20
5.519355996870875015e-20
-4.834478942762066594e-20
4.074838947270572217e-20
-3.303450905813907831e-20
2.574337175071641407e-20
-1.927024448339009233e-20
1.384363517319415998e-20
-9.534420075119629379e-21
6.287424245228532755e-21
-3.964154266257592170e-21
2.385923864544080707e-21
-1.369549790365117446e-21
7.517076468203154164e-22
-4.016135798609680023e-22
2.241100766499933246e-22
-8.246865351582543348e-23
2.051027568922305644e-01
