6.528215735627804772e-01
-3.854515370274819250e-03
1.128154947255378527e-05
-3.417402318074396948e-08
1.066031635310796761e-10
-3.413930200428371504e-13
1.120521606690637999e-15
-3.850662337965734122e-18
1.748844992790885875e-19
-7.227370924449135637e-20
2.932901622773909645e-01
-3.048458890688061640e-01
7.423555718969367112e-02
3.543048663365560864e-03
-1.228734022470576517e-02
6.220014271171358210e-03
-1.684626384136956668e-03
4.345667050786953525e-05
2.189250887375484460e-04
-1.289395331809094507e-04
4.058612991008085560e-05
-4.046292336743819290e-06
-3.651056616480137911e-06
2.658634368367197247e-06
-9.724678451459968653e-07
1.636024352535283178e-07
4.940612284494419545e-08
-5.909358864726863144e-08
2.356960345780123179e-08
2.532606369796498377e-02
-2.452163795572880403e-02
6.976909340245571189e-03
-1.492330398828971630e-03
2.702318064538662603e-04
-4.415867010381453235e-05
6.703614539208507304e-06
-9.485828804253490884e-07
1.226582161551781316e-07
-1.366720939474063492e-08
1.066819708154879339e-09
2.612389709015801457e-11
-3.673450551913025629e-11
1.094665478370379831e-11
-2.489373081740910575e-12
4.968553215252780848e-13
-9.107746440011661637e-14
1.600856037715516235e-14
-2.517263992154535600e-15
9.436605011039523065e-04
-1.759392207625251657e-03
1.429442336018493798e-03
-1.020086034805446629e-03
6.464393594769989038e-04
-3.683956930342029276e-04
1.913194217825574641e-04
-9.176372708799848752e-05
4.118733466985920546e-05
-1.752022635941237629e-05
7.147507626004255593e-06
-2.826520674552407562e-06
1.093432934903793280e-06
-4.168019541087144760e-07
1.574176367445270220e-07
-5.922169533233881431e-08
2.253881689679574423e-08
-9.516794530828989129e-09
3.107656781318150901e-09
4.041407009504247109e-10
-7.657278870535886667e-10
6.503602138696060378e-10
-4.935918826066861457e-10
3.327267183807371511e-10
-1.972519047553719823e-10
1.012162652740103468e-10
-4.375882144375385818e-11
1.514117077453342837e-11
-3.698064524559609409e-12
3.395491826460316536e-13
1.775189648478589360e-13
-8.501249106911078656e-14
6.794517623260528027e-15
6.942393757215174771e-15
-2.210487866072956284e-15
-3.775358617308446162e-16
2.794351195770053396e-16
7.155451555200725161e-18
6.707568184013215085e-01
1.398015553754702748e-03
-4.053708342031852483e-06
1.218471528526120468e-08
-3.651728861669031301e-11
1.082612353661398141e-13
-3.173846987647779129e-16
9.512673380122096142e-19
-5.858203529496207957e-20
3.256516515932518933e-20
8.088122563593721503e-01
1.212528591306953202e-01
-2.404601903951488623e-02
-1.738242923278304156e-03
4.222146274369787712e-03
-2.162066424869243768e-03
6.208624681276139496e-04
-3.286479309742378990e-05
-7.542701919287466046e-05
4.836176978197729686e-05
-1.613673023848898684e-05
1.790792006271178109e-06
1.455951727338579003e-06
-1.099393055130352988e-06
3.986692396480119168e-07
-5.753106099540402277e-08
-2.775950570875357069e-08
2.648141513683312414e-08
-9.670806897409413288e-09
9.331183821893134223e-01
2.199322791794329143e-02
-3.567540224752395201e-03
5.665571265161907294e-04
-8.755054191714569311e-05
1.310722850807770100e-05
-1.892625679132508957e-06
2.615211741205492515e-07
-3.400241272276806682e-08
4.000509057878539212e-09
-3.810587219432988880e-10
1.518315773088082683e-11
5.503652699538071956e-12
-2.220560029384012006e-12
5.743526247532021743e-13
-1.262291945736866251e-13
2.530440069787075064e-14
-4.897373931172014022e-15
8.435051789138201353e-16
9.783380528578092816e-01
1.636791916897671270e-02
-6.183469795388374553e-03
2.335696481925610916e-03
-8.820586952068846989e-04
3.329641149791122152e-04
-1.256031415080866172e-04
4.733131759936955147e-05
-1.780913105846145179e-05
6.687323714709638865e-06
-2.504562993389400137e-06
9.350667474607733502e-07
-3.478361858917086427e-07
1.288768721212397520e-07
-4.755847482273873900e-08
1.750717930883466459e-08
-6.512491606366170809e-09
2.679349484882849654e-09
-8.600781590562828371e-10
9.951029483484983285e-01
4.891049000263921441e-03
5.995293377408124211e-06
7.348841256417655154e-09
9.007977643259557633e-12
1.104157937276127424e-14
1.361792060768051406e-17
-4.018228132372871486e-20
3.624369474337506464e-20
-2.153081825203845409e-20
1.186966748369802547e-20
-6.047993124828745574e-21
2.811493148657765368e-21
-1.179756728485675791e-21
4.331302378058274354e-22
-1.378485596108457507e-22
3.894836138012938324e-23
-5.221041805600792672e-24
-1.574983045554401529e-24
1.112358414022318609e+00
-3.167141675404184863e-05
-8.027332516615744245e-07
4.396741328212791281e-09
-1.817488615053877742e-11
6.785549576409742307e-14
-2.410785830556510637e-16
8.443361417530125554e-19
-1.535000303918262492e-20
2.791050263860562421e-21
1.081143935024701630e+00
-3.520072377761922916e-02
-1.049869250279911772e-04
3.230498848782880402e-03
-1.047870291208787344e-03
-7.252886997759054469e-05
2.086693618677850357e-04
-9.206545027442211162e-05
1.167060496381005659e-05
1.011989997297964504e-05
-7.848673980367082878e-06
2.738844083769134153e-06
-2.248716247523352621e-07
-3.375612471515619183e-07
2.338026749869931257e-07
-7.943056995706665964e-08
6.997422724794997406e-09
1.162316728670467934e-08
-6.652523460168077522e-09
1.034454605130112448e+00
-1.148349571057634931e-02
1.830507471258367280e-03
-2.717756224578721713e-04
3.638054005986681604e-05
-4.137797066815132580e-06
3.296524145417770025e-07
5.457660894344936138e-09
-1.016382985202872704e-08
2.988093615261614317e-09
-6.588860996845303585e-10
1.260380649844410941e-10
-2.182595546655211370e-11
3.460422662695153468e-12
-4.982660304597077729e-13
6.289994926922140708e-14
-6.197373685624556256e-15
1.776941065020659422e-16
1.052791720541345547e-16
1.010989211052905512e+00
-8.393458471458382225e-03
3.204668728615355042e-03
-1.222985915452107133e-03
4.663173171590288585e-04
-1.775369738770070079e-04
6.742869843252782835e-05
-2.551615366636417675e-05
9.605849234294608309e-06
-3.591166105847561279e-06
1.330675183732260298e-06
-4.877162377825245432e-07
1.764527545985396653e-07
-6.288436913971251043e-08
2.202632265291236326e-08
-7.567185590737731581e-09
2.560691071359959151e-09
-9.187450312796454550e-10
2.656179537849075058e-10
1.002457557929909759e+00
-2.457557929909858722e-03
-4.857742872480926610e-19
4.211899053385532568e-19
-3.445411137359068238e-19
2.655754834879252476e-19
-1.925700086958427982e-19
1.310644948304288984e-19
-8.348951969408260828e-20
4.959141508591902260e-20
-2.733230128476239539e-20
1.388637366208739901e-20
-6.444715204876595861e-21
2.696515822400095049e-21
-9.964820069404876292e-22
3.136603790632478571e-22
-7.737726469159091467e-23
1.047720204822939795e-23
8.305876264587323856e-25
7.753884711779448491e-01
