1.474124066571194103e+00
-2.320203569218523901e-02
1.705973286111782600e-04
-1.363845893536221517e-06
1.268768347555035681e-08
-1.357047907940481966e-10
1.575752163971321324e-12
-1.898868616472383125e-14
2.328577868389950130e-16
-2.865023372499630364e-18
4.611175659648950598e-01
-6.618163177858924495e-01
2.989163747382738712e-01
-7.847576943279073458e-02
-5.943273903300276377e-03
2.134890238272463617e-02
-1.472553857977798933e-02
6.450459949491151035e-03
-1.684164719723900850e-03
-1.003549512794615971e-04
4.155996663225434767e-04
-2.770600845907061102e-04
1.137230566318950102e-04
-2.572257837434584155e-05
-3.697144734174662003e-06
6.987818691245909305e-06
-3.598390408447264810e-06
7.090150184178662995e-07
1.205600813582903755e-07
8.631663307639723948e-03
-1.088610306466476253e-02
4.221356052267869613e-03
-1.214445815162241938e-03
2.875119237470272269e-04
-5.986796138246543186e-05
1.147200286796310097e-05
-2.084603711968976820e-06
3.657923796096936231e-07
-6.256188613253058462e-08
1.046339504470277025e-08
-1.710413558102753140e-09
2.724412673973992081e-10
-4.205816445275568106e-11
6.238059889871777347e-12
-8.756765224480560995e-13
1.129152286534894465e-13
-1.240284267150135269e-14
8.989909134051724047e-16
1.159097783831493085e-04
-2.216523772600633834e-04
1.938797540427815750e-04
-1.554558599543890926e-04
1.146187099565946588e-04
-7.802690741669016984e-05
4.927476471335201822e-05
-2.901789002617956724e-05
1.602398907952865963e-05
-8.345289236928624964e-06
4.123146456130771220e-06
-1.944077493797083983e-06
8.799709526585816922e-07
-3.846374083126877739e-07
1.633370704648901069e-07
-6.793048302523305053e-08
2.824674200154557562e-08
-1.295900291870316216e-08
4.435244040115703423e-09
-1.962200121668057551e-10
3.784521381388071646e-10
-3.392966855372762191e-10
2.825117140760875199e-10
-2.180767187652556135e-10
1.556462110460517979e-10
-1.023245792087630954e-10
6.163743263029078950e-11
-3.376977102327522138e-11
1.665056594401449593e-11
-7.271278893228131892e-12
2.739922602675767105e-12
-8.483394684346137578e-13
1.916563206270426572e-13
-1.768697063872422991e-14
-8.179371424001281548e-15
4.440014388955211454e-15
-6.601603875522742543e-16
-1.692074545699358691e-16
4.530750093702055614e-01
7.615057926399963414e-03
-4.382430836447206513e-05
1.697795248693369355e-07
-2.432037964251310703e-10
-1.366739955166020465e-12
-6.495356123731145443e-15
4.164770644677572738e-16
-6.995967895000849946e-18
8.491093562117655132e-20
7.907173905865393371e-01
2.198851606730847785e-01
-9.695069692237223702e-02
2.927899861767823200e-02
-9.574156028346455182e-05
-7.332806122845195694e-03
5.905790245280185223e-03
-2.819823449460549889e-03
7.216547167743489260e-04
1.432258265768113627e-04
-2.851810807685078953e-04
1.777917307503930637e-04
-6.143689574257619459e-05
1.076256485431195024e-06
1.471244366945436273e-05
-1.105476803952173441e-05
4.015668980470631905e-06
5.629030849388720794e-07
-9.630115723525660064e-07
9.567977811434364988e-01
1.453746381145944178e-02
-2.458428085317355093e-03
4.202323313632992511e-04
-7.308950099039046697e-05
1.299434941267831534e-05
-2.361150094495545575e-06
4.362049251540081922e-07
-8.127163113153305929e-08
1.514726186797574793e-08
-2.805866365574011015e-09
5.142719756534332195e-10
-9.298566636576388573e-11
1.654915961789705089e-11
-2.893099160058403335e-12
4.955515996067044555e-13
-8.292379713437728615e-14
1.381924965369121659e-14
-2.116694485834132516e-15
9.861560588466067312e-01
1.050254218284606134e-02
-3.983820497089125834e-03
1.511149929763801365e-03
-5.732189831470351502e-04
2.174423300788138193e-04
-8.248744806713841689e-05
3.129455919342845539e-05
-1.187449314705383085e-05
4.506826052374700108e-06
-1.711205381692815308e-06
6.501348489636316075e-07
-2.472319700069922804e-07
9.414354869275426101e-08
-3.592626666714205429e-08
1.377914890348341306e-08
-5.397720686750390587e-09
2.373028617634771004e-09
-7.959816562164892448e-10
9.968827463501361841e-01
3.114821540753468735e-03
2.430211557082484424e-06
1.896072739709526277e-09
1.479332782769926310e-12
1.154261007280092165e-15
8.418514431714147938e-19
4.644658032029893703e-20
-3.426822716592326703e-20
2.464806837254044736e-20
-1.699619420114076170e-20
1.122465725827591552e-20
-7.088270630838466407e-21
4.270309780783687204e-21
-2.454820922267370763e-21
1.350678115067216372e-21
-7.264296748902627631e-22
4.063696484677829951e-22
-1.486481246349733459e-22
9.742833418966097003e-01
3.873154480433418489e-03
-3.989692334278287374e-05
3.093142785564116703e-07
-2.215199911785081998e-09
1.766737021061549899e-11
-1.769265372146289792e-13
2.091279571286146210e-15
-2.608207569083275271e-17
3.274427125153949722e-19
1.036389128760334843e+00
9.705028315058228730e-03
-2.804963865047846103e-02
1.904777965946382115e-02
-6.728551879958595723e-03
-3.129572382584564676e-04
2.294221914083373164e-03
-1.822537256771564673e-03
8.596927977606197251e-04
-2.055511682934254712e-04
-6.056630112560181222e-05
9.945306587259433739e-05
-6.130844784329236093e-05
2.200212328841368877e-05
-1.568836958589202617e-06
-4.058205877516513485e-06
3.181392414628659757e-06
-1.248584522634598745e-06
2.265320018347372947e-07
1.022083276280674191e+00
-7.552741360985212177e-03
1.281926573655795465e-03
-2.139794699142095059e-04
3.463040714488812183e-05
-5.323612546391007065e-06
7.523818427042483679e-07
-9.129956778714011567e-08
7.505036736109456411e-09
3.607320513418398127e-10
-3.775760071790481342e-10
1.226402779780267950e-10
-3.125070601371828230e-11
7.100116802034276650e-12
-1.503465568357632371e-12
3.028285627485795994e-13
-5.870115905027099234e-14
1.137241433766765596e-14
-2.000175526710600016e-15
1.006989301348398591e+00
-5.339344215191630348e-03
2.039436604761964405e-03
-7.789855254432524355e-04
2.975377097162350075e-04
-1.136426845319580073e-04
4.340259615947396858e-05
-1.657462276552860360e-05
6.328349629831589389e-06
-2.415467086473526391e-06
9.214946584702191016e-07
-3.512745779350767560e-07
1.337522046527417385e-07
-5.084569359346594723e-08
1.929053962492967780e-08
-7.312632364193086859e-09
2.806207920494976410e-09
-1.194176193664591981e-09
3.913606789905470485e-10
1.001562855600769408e+00
-1.562855600769282559e-03
-6.048652281802259224e-20
5.505823982041345558e-20
-4.825064188697437215e-20
4.069574564292339275e-20
-3.301866593044931243e-20
2.575616284285207141e-20
-1.930197654220645288e-20
1.388490918751100061e-20
-9.577475169755463747e-21
6.326837307007033788e-21
-3.996922489613186408e-21
2.411095208786263262e-21
-1.387622604707917878e-21
7.640020530906660122e-22
-4.097509344958402340e-22
2.296573995442571342e-22
-8.472296929096649940e-23
1.850927318295739754e-01
