1.316239471910379821e+00
-2.095357632961134323e-02
1.627202175889426190e-04
-1.364642439677561483e-06
1.281626848878365421e-08
-1.344400776277586007e-10
1.527557278372849595e-12
-1.819724446895082114e-14
2.226011921454835332e-16
-2.774469698884522629e-18
4.181073782461914856e-01
-5.889814989297545988e-01
2.611297680180926783e-01
-6.835713116298017256e-02
-4.178843620687448281e-03
1.765988643673362460e-02
-1.248295803717510560e-02
5.711989376202392804e-03
-1.686541065332353411e-03
7.616583682346718311e-05
2.914429608261626028e-04
-2.321435375612657137e-04
1.126013053004134510e-04
-3.641199839329878758e-05
4.534368030490926338e-06
3.606662371885345202e-06
-3.331886429782547511e-06
1.768764573871797685e-06
-5.550015447223920185e-07
9.611140085630709776e-03
-1.167903513824349038e-02
4.322816950518046375e-03
-1.189108288707549973e-03
2.706707483621879559e-04
-5.457043955826105375e-05
1.019349271317618797e-05
-1.815283563902907046e-06
3.132120689669902505e-07
-5.275131079030519852e-08
8.689058114135126584e-09
-1.397929605187254819e-09
2.188935449594033496e-10
-3.316406402190900160e-11
4.815478155605667037e-12
-6.588650062409994063e-13
8.202283435907142994e-14
-8.421682547677081076e-15
4.878249510766024592e-16
1.564317324013105861e-04
-2.981335293982839587e-04
2.581984444247766128e-04
-2.037434612817484118e-04
1.470603065734805417e-04
-9.757849379514882003e-05
5.986089430842484702e-05
-3.416409111349856173e-05
1.825868789517825895e-05
-9.199403613279491060e-06
4.399315665467670535e-06
-2.010421646594195109e-06
8.838029029697104808e-07
-3.761847887832068725e-07
1.560318706125144939e-07
-6.357906726663259920e-08
2.597333183755511180e-08
-1.173235105761196978e-08
3.982568066518671545e-09
-1.953067695168609216e-10
3.757203409242060922e-10
-3.342265539993421395e-10
2.746214970864719706e-10
-2.079673989195060057e-10
1.446711658519482840e-10
-9.200706485115777287e-11
5.313316719610532456e-11
-2.759096314121688034e-11
1.269571666466022664e-11
-5.055946970643604382e-12
1.669750997018486048e-12
-4.151372751681149460e-13
5.345236169156503494e-14
1.143000664680239052e-14
-8.588674174143928961e-15
1.885238724636191230e-15
2.656156075806896406e-16
-2.485950114200682028e-16
4.774601642801669654e-01
7.111587703922278049e-03
-4.716278245027532109e-05
2.599365018107927451e-07
-1.157237211146802588e-09
4.325918421363059420e-12
-2.451910766331992959e-14
3.623357826082237359e-16
-6.017636999132961645e-18
8.811950267773985879e-20
7.895815343244285689e-01
2.075503320155041298e-01
-8.626687815941716519e-02
2.477799893209584742e-02
2.386337669277101918e-05
-5.996345686776263610e-03
4.815355374426007022e-03
-2.376681300504875603e-03
7.095941688318183407e-04
1.584646954059845659e-05
-1.800649222410463776e-04
1.329238896134030319e-04
-5.765741017148799533e-05
1.178311595990544251e-05
4.836825381625353904e-06
-6.272567182601670001e-06
3.264611739241482704e-06
-6.813194916262367850e-07
-9.665570657831936240e-08
9.520847704929550348e-01
1.607832182564485068e-02
-2.708327805546582520e-03
4.597814075308086679e-04
-7.897696436670522280e-05
1.375505617791940724e-05
-2.426563651142016668e-06
4.319130164451678959e-07
-7.715564116846464998e-08
1.376066909667119890e-08
-2.439729331369925581e-09
4.285781447688188808e-10
-7.439339498933946710e-11
1.272778033624253311e-11
-2.140177980099607570e-12
3.524141875093604128e-13
-5.656493222066149408e-14
8.976511220680627782e-15
-1.305725447149175855e-15
9.846211422615067654e-01
1.165799536640178824e-02
-4.418700899690899270e-03
1.674820929467199212e-03
-6.348169153862188259e-04
2.406252086319972925e-04
-9.121311302995290589e-05
3.457924131757752898e-05
-1.311128076232896095e-05
4.972680498799793109e-06
-1.886751956208605030e-06
7.163129741465507569e-07
-2.721852761163002379e-07
1.035498368422776230e-07
-3.946832162435763319e-08
1.511177496331622166e-08
-5.904136718034821226e-09
2.585222491353687710e-09
-8.646857965556414818e-10
9.965344607775677988e-01
3.462534464821487908e-03
3.002152368648017725e-06
2.602983143246740947e-09
2.256887797343970341e-12
1.956864407872964764e-15
1.653007798025993521e-18
3.485087477423627630e-20
-2.445692298524127379e-20
1.714327660885832161e-20
-1.146643118501410298e-20
7.313636518927986171e-21
-4.442019541433237233e-21
2.562840692621766261e-21
-1.401936428309012063e-21
7.237797122983104680e-22
-3.584191717620012043e-22
1.829402880379863006e-22
-6.357052124548711361e-23
1.026694978059641272e+00
2.864553480768443003e-03
-3.465213192042683216e-05
3.138076249514305381e-07
-2.600788472279385182e-09
2.207352737825310349e-11
-2.085523684101946276e-13
2.241130854643235326e-15
-2.639273061197799921e-17
3.324801645427716841e-19
1.052676648303453089e+00
-1.076311602381098236e-02
-1.675817868450654724e-02
1.435749136174925382e-02
-5.899817539727485703e-03
3.980527293023718334e-04
1.429269056018765520e-03
-1.305376679413199330e-03
6.845578822056374527e-04
-2.111336540585486267e-04
-6.978022953854185800e-06
5.889447725566130336e-05
-4.460899651535042546e-05
2.038583742402179494e-05
-5.033097959085370802e-06
-9.291385018542481153e-07
1.844634997130831110e-06
-1.286076130486911678e-06
4.699359968165113513e-07
1.024540551366398100e+00
-8.387644889934080944e-03
1.421313635766635521e-03
-2.366121658765131584e-04
3.819668146581845208e-05
-5.878374590985044111e-06
8.415137287597642477e-07
-1.070291466748211024e-07
1.065149172799838468e-08
-3.318934663142498967e-10
-2.190403536943005780e-10
8.646497486857441704e-11
-2.318648548979574801e-11
5.355789333136208036e-12
-1.137675928089321401e-12
2.283795176379632111e-13
-4.395793507784406428e-14
8.431492980066806582e-15
-1.468179061912244882e-15
1.007768486447434997e+00
-5.934576406606393954e-03
2.266783633097870215e-03
-8.658145991814957757e-04
3.306955461806797216e-04
-1.263017475609621307e-04
4.823345425183448847e-05
-1.841672607331680750e-05
7.029898053738174657e-06
-2.682122927638181266e-06
1.022556112064915332e-06
-3.894201352311237019e-07
1.480711681601479140e-07
-5.618281428248642874e-08
2.126286116385157061e-08
-8.035120930896244059e-09
3.071261019812406185e-09
-1.300432416071812589e-09
4.247826870870306829e-10
1.001737088912175722e+00
-1.737088912175671282e-03
-6.678993675932492716e-20
6.037526250670111272e-20
-5.239421131357069853e-20
4.363107579511708678e-20
-3.484559129675669996e-20
2.666998440947751323e-20
-1.954468844497466050e-20
1.369894060815078159e-20
-9.171000662301791206e-21
5.854847963552756726e-21
-3.557437326224433737e-21
2.052522307617502941e-21
-1.121942239369801249e-21
5.809307528422413200e-22
-2.886434422063973067e-22
1.477783893994122197e-22
-5.163399922690151417e-23
4.127067669172932440e-01
