9.180709985695306719e-01
-9.809551473375434025e-03
5.262779798365647120e-05
-2.965650237623181776e-07
1.759261283100444056e-09
-1.099004580592195363e-11
7.207986847789976730e-14
-4.932668204145653454e-16
3.551834818149706919e-18
-2.413217573714107655e-20
3.401664568286481560e-01
-4.249980458178225229e-01
1.521169266453979985e-01
-2.310180951946678649e-02
-1.196987924473509254e-02
1.226862071135427154e-02
-6.165885983900921963e-03
1.966276882361471957e-03
-2.140535511591136746e-04
-2.154797033031475195e-04
1.879510994322855695e-04
-8.986197827031309018e-05
2.737477976491573570e-05
-2.360814556960259003e-06
-3.398627610275151399e-06
2.766978639967998627e-06
-1.254178229053637414e-06
3.261972806889819751e-07
-2.475393414162679066e-08
1.573354845899274657e-02
-1.705796940042017540e-02
5.516327776784887837e-03
-1.335154239424358232e-03
2.716277034129225610e-04
-4.978021199977567961e-05
8.561700257400735623e-06
-1.411349896136539264e-06
2.246944118348310097e-07
-3.452067487593587253e-08
5.083758428861135732e-09
-7.081316548604397872e-10
9.089014388421522713e-11
-1.011197363925963637e-11
7.880146531474322777e-13
2.281787219803578580e-14
-2.947621104098447159e-14
9.496897669652144470e-15
-2.138488404098768282e-15
4.113533099519956458e-04
-7.756071569480784376e-04
6.509593064285647051e-04
-4.886685807258611073e-04
3.303986303505548785e-04
-2.029012052627610671e-04
1.142286868944283044e-04
-5.952688175927354640e-05
2.899733472135920150e-05
-1.333358056917715085e-05
5.842701132330263504e-06
-2.462110752460840706e-06
1.006212108833387967e-06
-4.018286534558442567e-07
1.578598038602433646e-07
-6.146030066065671324e-08
2.415771165875129483e-08
-1.054862131223868219e-08
3.515941502112410651e-09
-2.038466439121635783e-10
3.891146035700037128e-10
-3.380739958632895419e-10
2.668156221608171286e-10
-1.905541357646363940e-10
1.224140967748340963e-10
-7.009851370985809345e-11
3.528610472362142068e-11
-1.526650028928929889e-11
5.452113653376656240e-12
-1.470804440407202488e-12
2.193933366378109978e-13
3.119059693031043470e-14
-2.905565946237495113e-14
6.246127971394514349e-15
1.031444938530511435e-15
-9.025425738924655173e-16
6.664891060516671275e-17
8.314363864833518517e-17
5.840089476642779109e-01
3.522491759493000599e-03
-1.839840891215510871e-05
9.429664970013736800e-08
-4.663730019837354857e-10
2.240177425750142936e-12
-1.062649267921963192e-14
5.123960828535608698e-17
-2.485641674740818557e-19
-3.120264108393009864e-21
7.986223280832329685e-01
1.629426224825830660e-01
-5.119210768060146466e-02
7.979178013195049185e-03
3.794043261232104940e-03
-4.247658499448568950e-03
2.287649985087419294e-03
-7.851335818923483581e-04
1.005798965014294353e-04
8.539733333942149088e-05
-7.971868517823881061e-05
3.855118635724173542e-05
-1.093787819005552873e-05
-5.963117294344496533e-08
2.189053417648029582e-06
-1.473854949584411373e-06
5.463608037957215753e-07
-3.705504035871308918e-08
-5.115596950454678037e-08
9.425226990897412893e-01
1.915720232881817572e-02
-3.192209686304358068e-03
5.315447382795421066e-04
-8.833512199687915199e-05
1.462448889212287680e-05
-2.406841321771184798e-06
3.928529972543608108e-07
-6.343430396579429669e-08
1.010139829351698039e-08
-1.579693927101241789e-09
2.411210118391749759e-10
-3.558417799592745017e-11
4.997717089041904010e-12
-6.482472633941034060e-13
7.232886379202216976e-14
-5.293616171308135814e-15
-4.489858682886728401e-16
2.817108671576020119e-16
9.814863741780205375e-01
1.401205806801553155e-02
-5.302525494419002908e-03
2.006620637983164753e-03
-7.593657095526170926e-04
2.873706260509526237e-04
-1.087534759544754511e-04
4.115837771183151258e-05
-1.557734791040687764e-05
5.895962786386190555e-06
-2.231752195511182138e-06
8.448266861698183246e-07
-3.198275142968431273e-07
1.210860277403684127e-07
-4.585734017038569416e-08
1.740795296968511865e-08
-6.720865271666041012e-09
2.894987585404282088e-09
-9.576074255010447737e-10
9.958214533382160338e-01
4.174176973769002860e-03
4.365118442227532234e-06
4.564794241949749675e-09
4.773603898702673440e-12
4.991975714528756875e-15
5.212338921792031548e-18
1.116822813420452559e-20
-3.879263858577264032e-21
2.540889814987034826e-21
-1.544526869041233475e-21
8.638337340306838712e-22
-4.624999571372113950e-22
2.254726705583739394e-22
-1.037915026103286383e-22
4.445877798303563376e-23
-2.045265633602938478e-23
6.082250316387554856e-24
-1.629364554198308093e-25
1.098027221005101639e+00
5.362472131367154206e-04
-7.305403254455033426e-06
5.664851341891408057e-08
-3.798173686497397399e-10
2.405075023308643892e-12
-1.496817523584428258e-14
9.388185144188580137e-17
-6.002063919949996508e-19
3.325868340754494227e-21
1.074024440590571894e+00
-3.413161054048290816e-02
-2.125323230947080179e-03
5.938156921719483713e-03
-2.518395741031453309e-03
1.153021365792217294e-04
5.428240299056246538e-04
-4.117848169500066126e-04
1.673267795167664607e-04
-2.567240312094775653e-05
-1.928971126040993845e-05
1.959031466213441260e-05
-9.856597839505702486e-06
2.837034434331904650e-06
6.877717735756115590e-08
-6.349256262311697409e-07
4.191143901731634340e-07
-1.578787252405518666e-07
3.091807666768717101e-08
1.029550590378413233e+00
-1.003127803241473867e-02
1.670070212944074111e-03
-2.686507360784001069e-04
4.103502721381522905e-05
-5.824771486144504478e-06
7.412388606297731580e-07
-7.732793816950547003e-08
4.322521642792785030e-09
7.714645486945803092e-10
-3.754439227856258247e-10
1.015060788349293348e-10
-2.274296289100120381e-11
4.605495140533616371e-12
-8.706199040684246561e-13
1.558358548569698907e-13
-2.657259966708227289e-14
4.416821831418866048e-15
-6.643910002215783589e-16
1.009372821437540590e+00
-7.159973372238215110e-03
2.734661977310494461e-03
-1.044377132147301978e-03
3.987819330642240995e-04
-1.522208735347122053e-04
5.807254903870715337e-05
-2.213456826140601484e-05
8.424753658051483118e-06
-3.199942587471589471e-06
1.211907865980594414e-06
-4.572170517873736741e-07
1.716480111467270868e-07
-6.405262316168207926e-08
2.373509138747279941e-08
-8.736615091939199850e-09
3.229634512912284327e-09
-1.309258992948373556e-09
4.151543264986754857e-10
1.002095868191025696e+00
-2.095868191025682548e-03
-9.723176446881232344e-20
8.605570031077814222e-20
-7.248050931029662655e-20
5.804970789148201085e-20
-4.416406591006329479e-20
3.187508165514657736e-20
-2.178793232552138212e-20
1.407487982209806785e-20
-8.570062239769516829e-21
4.902044346483416175e-21
-2.622766717064459866e-21
1.305232763251772008e-21
-5.995784351941599147e-22
2.515268501078995823e-22
-9.516642744370682005e-23
3.339255754814664525e-23
-8.648051827201448159e-24
6.678345864661654474e-01
