1.099892566743853273e+00
-1.514703203796806223e-02
1.044193635419253817e-04
-7.659367273981614693e-07
6.055991592751794711e-09
-5.167909336773845969e-11
4.710292319720460009e-13
-4.510850942209065486e-15
4.449190692945961506e-17
-3.577861097051054055e-19
3.725100143991122437e-01
-4.992820273763568517e-01
2.039152248007414236e-01
-4.528631517494782766e-02
-7.911174736764716928e-03
1.478901611993066814e-02
-9.239165705157899658e-03
3.813268488589166387e-03
-9.475325440740395722e-04
-6.806936957769872773e-05
2.395809790418636459e-04
-1.624197600847204152e-04
7.166375352969657465e-05
-2.049983017732956474e-05
9.930574434549765101e-07
3.213764439194682379e-06
-2.509844063058138596e-06
1.311911062612629060e-06
-4.212494532023806998e-07
1.212458304494346342e-02
-1.391964326743363317e-02
4.811036882623337570e-03
-1.239909924350747180e-03
2.666109238621551503e-04
-5.126110690904516371e-05
9.206543771032013113e-06
-1.584384529241232993e-06
2.645393585344347091e-07
-4.302862158104620134e-08
6.812154641939812863e-09
-1.045438920456280485e-09
1.543944836132112501e-10
-2.166957959402242859e-11
2.822848557643510957e-12
-3.235242935626391721e-13
2.739764509523281877e-14
3.327045537468432065e-16
-7.934517035404769600e-16
2.545234711202413861e-04
-4.825357047787900435e-04
4.115014086759103220e-04
-3.168091300102108035e-04
2.213616898341634490e-04
-1.413004214876906618e-04
8.301027965237186342e-05
-4.523693244321260669e-05
2.305453144094358941e-05
-1.107873773646301362e-05
5.061047721018371414e-06
-2.215514701356838964e-06
9.365103359356572209e-07
-3.850043009040420240e-07
1.549753461093770543e-07
-6.156718680794396268e-08
2.461634683696138932e-08
-1.091354464843031784e-08
3.668017547091283441e-09
-2.054688126560935297e-10
3.937371285382580295e-10
-3.461513934481453218e-10
2.787653823947600507e-10
-2.050478195528845940e-10
1.371380383884511461e-10
-8.284419104794399980e-11
4.476300609596889936e-11
-2.131469089951117709e-11
8.731396916114170169e-12
-2.944739449566022112e-12
7.395456853252607326e-13
-9.283941610229702382e-14
-2.241389115624642235e-14
1.561925930886470593e-14
-3.000684383355443211e-15
-5.888491371081772760e-16
4.197037160534907723e-16
-4.708697883456394757e-17
5.293583716251338833e-01
5.341618783955275063e-03
-3.424311603688617872e-05
2.048527275341320187e-07
-1.139954068022470386e-09
6.049772233344698642e-12
-3.276362889566753535e-14
2.057808867699222987e-16
-1.588567419257082518e-18
-3.150764731705962866e-20
7.930765595154305458e-01
1.858900434811894264e-01
-6.858910781976790272e-02
1.612271468038748226e-02
1.993988105547714156e-03
-5.067327094410970303e-03
3.468236901291083842e-03
-1.531871239364749563e-03
3.955150989041310706e-04
3.998969566543982441e-05
-1.167328234210956783e-04
7.782277011942869208e-05
-3.188454183511943722e-05
6.433642084241494486e-06
2.214479495702979307e-06
-2.952074864435415545e-06
1.571070651677880287e-06
-4.241942009318698920e-07
2.069215112165212201e-08
9.470279312611679101e-01
1.771951576655379085e-02
-2.971136139712052780e-03
5.003501924175578989e-04
-8.472674740799888255e-05
1.442217132124146813e-05
-2.462976125929470503e-06
4.207212764104628963e-07
-7.164371295462093182e-08
1.212332479778562069e-08
-2.032476694884606502e-09
3.365656621333906778e-10
-5.485766822196493118e-11
8.761637031714746578e-12
-1.362727521367091589e-12
2.044682446197963500e-13
-2.913407176386024054e-14
3.864423548506866897e-15
-4.337351011474378448e-16
9.829681430433325762e-01
1.290027911799057625e-02
-4.885483835162901002e-03
1.850205404052378743e-03
-7.007130021319667472e-04
2.653844202328549352e-04
-1.005165903232648373e-04
3.807555385133763298e-05
-1.442544238281514871e-05
5.466705578668496415e-06
-2.072462255350635686e-06
7.860920086007339756e-07
-2.983710338470939661e-07
1.133511583120599984e-07
-4.312076066517499570e-08
1.646492006719046487e-08
-6.406487037884140151e-09
2.788355723637098301e-09
-9.287346338106637158e-10
9.961587678579674199e-01
3.837540063586933857e-03
3.688529729264036771e-06
3.545305413994144631e-09
3.407642406400147199e-12
3.275359268412154906e-15
3.121308615318163674e-18
2.298056235288795271e-20
-1.409248536783782420e-20
9.477645534496063320e-21
-6.063461443693846418e-21
3.664732490197473834e-21
-2.089320971384547770e-21
1.126645762556932799e-21
-5.668691038261900605e-22
2.621878960353814687e-22
-1.105882104182958908e-22
5.057079720740472259e-23
-1.768987344634051101e-23
1.074655187850657834e+00
1.408847794547709057e-03
-1.838697428506964738e-05
1.657016022929667490e-07
-1.334289048633969181e-09
1.042439079906953433e-11
-8.308112681315834833e-14
6.979553269798906524e-16
-6.235780253736862985e-18
4.470905322855412962e-20
1.066657995308303075e+00
-2.744523556695754873e-02
-6.649677018179874811e-03
9.032354395294367802e-03
-3.989462652865964458e-03
3.697299966039380029e-04
8.263593054074914318e-04
-7.507149424990243371e-04
3.769675923705496099e-04
-1.063160515744615017e-04
-9.924530597285958686e-06
3.332134506471259080e-05
-2.327711499371438075e-05
1.001932586541785920e-05
-2.270156799456718447e-06
-5.348020822359850531e-07
8.965502555997192217e-07
-6.080453705138748598e-07
2.214200200591040002e-07
1.027191779636610125e+00
-9.272053327711173021e-03
1.561478250809680791e-03
-2.568126726202756460e-04
4.066890400436232520e-05
-6.095731728326711446e-06
8.437447591110372464e-07
-1.027415532641087252e-07
9.523794836438785529e-09
-1.601826262790817303e-10
-2.281813768130322570e-10
8.171486311633241059e-11
-2.082987456814116073e-11
4.616463590518340405e-12
-9.431197407402267802e-13
1.820328316726286090e-13
-3.361927495820125593e-14
6.149409625485506749e-15
-1.022885039675809769e-15
1.008613464146356664e+00
-6.580030140091380937e-03
2.513278765637449140e-03
-9.599284021257998645e-04
3.666127767733445321e-04
-1.399974932388809942e-04
5.344802983572621602e-05
-2.039717522999948105e-05
7.779063852350059593e-06
-2.963813766613246842e-06
1.127552087926658023e-06
-4.280813570059078479e-07
1.620732083556762664e-07
-6.114317605295211597e-08
2.296900531687088339e-08
-8.598700094804665643e-09
3.247261325815138746e-09
-1.353535188277556784e-09
4.374731392463609324e-10
1.001926041430135417e+00
-1.926041430135373798e-03
-8.597184634654480715e-20
7.690124362276942357e-20
-6.575014726591892594e-20
5.370235729925147668e-20
-4.186834897337354102e-20
3.112735656057108228e-20
-2.204051509778724293e-20
1.484071934444862171e-20
-9.484555343851044879e-21
5.739703636959903564e-21
-3.279484319062168641e-21
1.762670533394157050e-21
-8.871372068760834930e-22
4.160483842952730387e-22
-1.822333206772986575e-22
7.922581035879230939e-23
-2.472482931054234143e-23
5.727869674185464000e-01
