4.031427532278043097e-02
-2.388111371820627448e-06
5.209706317631512829e-11
-1.057398793300118547e-15
2.118246901139392256e-20
2.237793225198751985e-23
3.004508663859816960e-23
-2.962998539357648283e-23
4.300058231262286979e-23
-3.354073718849213900e-23
3.920924477875260133e-02
-1.421366028413578860e-03
-3.110492228009868439e-04
8.566637443060151033e-06
8.591889264086469438e-07
-3.529005607889019199e-08
-2.042349825943773405e-09
1.246989689500802825e-10
4.253211495430848840e-12
-4.038428432573165047e-13
-7.048067553652703482e-15
1.228405250787599560e-15
4.771449282623524661e-18
-3.537933665615925253e-18
3.447462734113998087e-20
3.707871516260083577e-21
3.750193579575625424e-21
1.606765836885949720e-21
-4.833418507374362886e-21
3.417611531247332496e-02
-3.490517435460302204e-03
-1.631536403217453350e-04
1.725594306510192864e-05
-5.490593969821620593e-08
-4.825228618551068365e-08
1.724641173320826163e-09
7.809372284082959846e-11
-7.387427137998188628e-12
2.944907751118458561e-14
1.956968633259710065e-14
-7.407878479216360430e-16
-2.962345141679336851e-17
3.077257144921694664e-18
-3.558560633168002209e-20
-1.104066330874781201e-20
1.711330430749253051e-20
5.968514538081496095e-22
-7.346512618580885091e-21
1.125149019774504891e-02
-1.430884427780580379e-02
4.667316378101430720e-03
-6.177805612819956644e-04
-1.580534184717215891e-04
1.123520737073658378e-04
-3.220270734439423325e-05
4.481644277048276641e-06
5.269411301208958497e-07
-5.268301661193727039e-07
1.735241679366424251e-07
-3.239629126120846149e-08
7.033899961894991277e-10
2.041828243284908114e-09
-8.830492031709409600e-10
2.131391831441182309e-10
-2.300928754428846711e-11
-7.441866657577118763e-12
4.231083662296684291e-12
2.116492015856276181e-04
-3.653236621207097941e-04
2.302180516686600431e-04
-9.760217325601560484e-05
2.016043837485507955e-05
3.577652242240030758e-06
-2.939429990188063252e-06
-1.181188599783769649e-07
4.221757964579446927e-07
2.357484258551007914e-08
-6.898076081593616118e-08
-1.211515770915206057e-08
1.110463199364188548e-08
4.626095558592815284e-09
-1.206670840978022529e-09
-1.343754447157937912e-09
-1.761167473087463505e-10
2.515405733243252455e-10
1.299089006061486264e-10
9.526902514827915169e-01
1.566786049248483551e-06
-2.960444515459864151e-11
5.544403401418100051e-16
-1.035450360383877543e-20
1.163015039467575339e-23
-1.466221416376608542e-23
1.283943528887993624e-23
-2.917303013530167606e-24
-2.948965775248594546e-24
9.534189932067606010e-01
9.384383579534828160e-04
2.068768463736954020e-04
-4.901378860438259254e-06
-4.973164527895679586e-07
1.868212361179523273e-08
1.104110912076253681e-09
-6.204844405084862917e-11
-2.200957243456607931e-12
1.905292549147436353e-13
3.609306260760930648e-15
-5.539344330003653025e-16
-3.044546749676604928e-18
1.538551217728365927e-18
-1.061472156006203327e-20
-4.790061999782167020e-21
-6.848448526040970155e-23
4.952781574113749483e-22
1.992977922398692780e-22
9.567947553105992098e-01
2.368955596612527022e-03
1.229057759929722752e-04
-1.025743583615065774e-05
-5.371397492787587153e-09
2.732869155595618300e-08
-8.365370572779453922e-10
-4.516573418018141536e-11
3.610365124237940985e-12
2.661007925952187262e-15
-9.554446963689449039e-15
3.042199674276482387e-16
1.532070332291815519e-17
-1.317306604136075772e-18
4.184651832691098530e-21
3.078672183341763981e-21
-1.516054093257926815e-21
4.007278020531236159e-22
6.060134285357317055e-22
9.757636345340804374e-01
1.370728029447128120e-02
-2.805905701671348226e-03
1.955276609040676656e-04
1.329416595697996829e-04
-6.948892730258008276e-05
1.794398366788034569e-05
-2.012539679578479293e-06
-4.922838225623145802e-07
3.308519230447672419e-07
-9.381033167422462111e-08
1.367008088416934163e-08
1.073205928830260036e-09
-1.345454643508176719e-09
4.538426105144678781e-10
-8.699882373392517096e-11
3.326272125957031144e-12
5.235408456996805881e-12
-2.124680693282736644e-12
9.934572176424477652e-01
6.531249710898442799e-03
1.208697249974765644e-05
-8.854979815250037425e-07
4.819397646750462198e-07
-1.996048372454550444e-07
5.645367638301642020e-08
-5.683747920298240985e-09
-3.309440368956432138e-09
1.495772310431659496e-09
2.830413380526690478e-11
-1.869528355966186214e-10
2.360652976828690331e-11
2.325364172895726602e-11
-5.146951890343979297e-12
-3.309660722134868370e-12
8.707602599168822285e-13
4.439133463005700551e-13
-1.218578484455910297e-13
1.023846410132972062e+00
-7.772629862303479021e-07
1.425143796581420590e-11
-2.563781993491361752e-16
4.561035451385519365e-21
8.476683917830451836e-25
9.471552685140089873e-25
-6.905019013477925564e-24
3.651322989929969560e-24
3.344957228285347675e-25
1.023484542236690276e+00
-4.660945952614751076e-04
-1.028865802086876446e-04
2.366929661489164142e-06
2.414134558479850407e-07
-8.696482555613038904e-09
-5.212320628277443691e-10
2.764480818993253763e-11
1.014739935280535618e-12
-8.078045083844213070e-14
-1.671987384914926534e-15
2.225193965324953550e-16
1.768418641275235972e-18
-5.842353304584571585e-19
1.647755820328471416e-21
1.792346578124983533e-21
-7.506309019150156331e-23
-1.057511299294130948e-22
1.754479820183204116e-23
1.021803500086646332e+00
-1.181882360065707920e-03
-6.221416348226835617e-05
5.031129964887622609e-06
9.471237050355892340e-09
-1.324510894267908064e-08
3.695809684211542734e-10
2.240615281963361874e-11
-1.597969200621395250e-12
-8.078917552654486561e-15
4.251344479116902713e-15
-1.090556094228647570e-16
-7.371627434661279527e-18
5.013092576925211618e-19
3.444760004157614206e-21
-9.717816656846210537e-22
2.168900385367760525e-22
-2.855848964984700624e-22
-1.506118893701259560e-22
1.012235222201567364e+00
-6.940305159238536331e-03
1.411804050890166006e-03
-9.154822456243026771e-05
-6.986110159107240152e-05
3.537013713198591044e-05
-8.841885145203828953e-06
8.813447358592736320e-07
2.865796652219842720e-07
-1.705177804891556918e-07
4.525709023085229350e-08
-5.656423899733331650e-09
-8.965717820931566608e-10
7.243023402598145895e-10
-2.180646270857776051e-10
3.530684962304581018e-11
1.090201875854250190e-12
-3.070028786810526888e-12
1.047502743178542494e-12
1.003287478082696804e+00
-3.287038460467209874e-03
-7.499059680035159889e-07
4.898203695742390415e-07
-2.611769783225697435e-07
1.080171577120559649e-07
-3.044903826436692617e-08
3.006209113818294316e-09
1.812958045431236334e-09
-8.092204453064096611e-10
-1.834466720116189556e-11
1.019304398238660403e-10
-1.249292750889453452e-11
-1.274370044482433875e-11
2.759279913819269755e-12
1.819252531232612642e-12
-4.677592033239405345e-13
-2.445434027319827132e-13
6.548708859044248389e-14
9.754887218045112940e-01
