1.508034455304910315e+00
-2.336214928904075186e-02
1.669378947294703679e-04
-1.298082632948449055e-06
1.186651539881933768e-08
-1.255735488814545355e-10
1.441259526796564991e-12
-1.710991964608983680e-14
2.063070011138894871e-16
-2.562114782938413847e-18
4.718672464366182040e-01
-6.787714660771171360e-01
3.064357546386278219e-01
-7.949869536607370724e-02
-7.111718285862727966e-03
2.241396617019561846e-02
-1.516955701251159611e-02
6.483351672775281710e-03
-1.585493389534968836e-03
-1.844293932053558136e-04
4.526147440686213871e-04
-2.823808448261846396e-04
1.077273124878568733e-04
-1.966240580932036416e-05
-6.786175516962272676e-06
7.800201923367251219e-06
-3.419447251639523233e-06
2.743418618968533948e-07
3.470489321985994918e-07
8.501464486652562241e-03
-1.080466346789227608e-02
4.231117225147029010e-03
-1.228886237949531387e-03
2.933681063444582102e-04
-6.150579479158992471e-05
1.184841229378576912e-05
-2.161646421963534201e-06
3.804871394649185299e-07
-6.524064770331202145e-08
1.093570176593868962e-08
-1.791200699441485783e-09
2.858080655466630203e-10
-4.418115989029837046e-11
6.557296077901778765e-12
-9.199510966559082698e-13
1.182421136043356120e-13
-1.283703497741444148e-14
8.876536272934500594e-16
1.093666374035126034e-04
-2.092855185932395042e-04
1.834381950960072623e-04
-1.475710764468918538e-04
1.092869852809617143e-04
-7.479639050248101202e-05
4.752292318960561632e-05
-2.817204875863810195e-05
1.566539273231068181e-05
-8.216547727635186658e-06
4.088196607246546052e-06
-1.940767584075387472e-06
8.841350486350549162e-07
-3.887482451027208734e-07
1.659600232621790799e-07
-6.934391428847037900e-08
2.895251118187714208e-08
-1.333084768618038597e-08
4.571233084508288413e-09
-1.977270142179181930e-10
3.815652455262575487e-10
-3.426486358271709654e-10
2.860967072139698771e-10
-2.217289228095781875e-10
1.591004465170470884e-10
-1.053164543043512573e-10
6.399245063419060868e-11
-3.544470608871612079e-11
1.772007400756520196e-11
-7.878949744757270232e-12
3.042895743956651018e-12
-9.778228085943758364e-13
2.370323673533826850e-13
-2.941869057336322001e-14
-6.760489111287557957e-15
4.907239012328602043e-15
-9.763324982211389465e-16
-9.793608347608735061e-17
4.495122516847103178e-01
7.613923776084682501e-03
-4.163024110703346723e-05
1.413546893401352858e-07
-4.890708209168136250e-11
-2.037096914074296067e-12
-6.878553294866337695e-15
4.139673604638909192e-16
-6.408465515296091645e-18
8.653153620371690692e-20
7.914996630058992455e-01
2.222521688802047701e-01
-9.904914439567120976e-02
2.997633844218157775e-02
1.223321346430379913e-04
-7.748277408332983340e-03
6.156368087111118402e-03
-2.875177208724914984e-03
6.796463558008806246e-04
1.967557767427484991e-04
-3.153007859868767865e-04
1.850635768706098338e-04
-5.772215507404639167e-05
-4.273757394903418963e-06
1.794506692388286658e-05
-1.206639186268309620e-05
3.837024139458514461e-06
1.133144907463381398e-06
-1.272759767284132727e-06
9.580451883968348348e-01
1.412843132302877766e-02
-2.391892987807770106e-03
4.096662909066335167e-04
-7.150958011969525154e-05
1.278913928375820838e-05
-2.343473985615676972e-06
4.374338638752500539e-07
-8.242792017829049894e-08
1.553894705403326140e-08
-2.909917273795119391e-09
5.387392905088888374e-10
-9.830875415795809858e-11
1.764381463451213192e-11
-3.108358343832160631e-12
5.362807284654452341e-13
-9.036287548709299472e-14
1.516722646203290164e-14
-2.338565378286966948e-15
9.865615485459701128e-01
1.019699294020890573e-02
-3.868704903712935801e-03
1.467781709402449361e-03
-5.568809909575220349e-04
2.112873775461788887e-04
-8.016863884361683705e-05
3.042089899547937432e-05
-1.154527201716756498e-05
4.382736740397200280e-06
-1.664420097049100017e-06
6.324902677632842952e-07
-2.405764822983557068e-07
9.163364037869371639e-08
-3.498044032334230826e-08
1.342281461817109601e-08
-5.261960225087452392e-09
2.315887471865763001e-09
-7.774160298331284975e-10
9.969746646015935632e-01
3.023044141241722649e-03
2.289521866467961321e-06
1.733984067859793805e-09
1.313243862018385977e-12
9.946709744905327926e-16
6.903981109726728409e-19
4.978027058294391961e-20
-3.705720885190131778e-20
2.678833700907386703e-20
-1.858769488780601799e-20
1.235649198008354113e-20
-7.869887842415356377e-21
4.784985366651472785e-21
-2.783450580086280426e-21
1.550482185601631059e-21
-8.459710462456336528e-22
4.786296051686302512e-22
-1.794173396473465654e-22
9.610029992141128075e-01
4.042365853886205687e-03
-3.962878764070769519e-05
2.909146238214925649e-07
-1.974176675174519471e-09
1.536403521342783825e-11
-1.554782042055616070e-13
1.852987202407901152e-15
-2.289823636370382553e-17
2.896505358979532543e-19
1.031994602635885938e+00
1.517938651350307817e-02
-3.089116735750924159e-02
2.004523197011815264e-02
-6.744136544995224698e-03
-6.041346556103068064e-04
2.540114303060698499e-03
-1.934308131315071047e-03
8.752114732409257015e-04
-1.841348140706472057e-04
-8.237285892502881556e-05
1.103843267622675183e-04
-6.344675069202801887e-05
2.040275923118813083e-05
3.714843592355918100e-07
-5.137803713355307859e-06
3.433381775283038266e-06
-1.043336075786652336e-06
6.229864470031318226e-08
1.021435837153632509e+00
-7.331700433734752997e-03
1.244513195420917121e-03
-2.077193513653925998e-04
3.358922433730222716e-05
-5.147906341911664426e-06
7.212596106518068904e-07
-8.534274723219450217e-08
6.272061977150857528e-09
6.291595119122383128e-10
-4.369738396494571782e-10
1.356772952921118663e-10
-3.405301545042892751e-11
7.687009494493938989e-12
-1.623056977743597567e-12
3.265388588648379101e-13
-6.328013100742846142e-14
1.226165476254255382e-14
-2.157164381714116385e-15
1.006784273766655469e+00
-5.182718548562073591e-03
1.979612383100784554e-03
-7.561359595360298523e-04
2.888109767289899184e-04
-1.103101664975306124e-04
4.213027856512699789e-05
-1.608905813831726489e-05
6.143161549401453032e-06
-2.344912096615897169e-06
8.946557419121965164e-07
-3.410878144195918560e-07
1.298974191907995444e-07
-4.939259424971324114e-08
1.874521490055669994e-08
-7.108669480306812228e-09
2.729186778886274396e-09
-1.162008983369791755e-09
3.809410250514159915e-10
1.001517009789592905e+00
-1.517009789592910088e-03
-5.997884078681188461e-20
5.467550167209632000e-20
-4.801352269994848545e-20
4.060368202249530073e-20
-3.305270563682255180e-20
2.588491886292397890e-20
-1.948891636424822079e-20
1.409516560917650608e-20
-9.782822306983230134e-21
6.508209397796408990e-21
-4.144589387524053767e-21
2.523132026341653392e-21
-1.467523839396360099e-21
8.182165346973263074e-22
-4.456580066001578471e-22
2.541981389827914517e-22
-9.471188593190898790e-23
4.002005012531328898e-02
