1.196873789810101618e+00
-1.797931862239294729e-02
1.341575590451488879e-04
-1.072720323701680234e-06
9.391342739506904983e-09
-9.005618466377895809e-11
9.292819424102080956e-13
-1.008130899824259846e-14
1.129389160165699593e-16
-1.311013605907091551e-18
3.915511951013318503e-01
-5.386899076537499109e-01
2.302291367138870615e-01
-5.648979225592639514e-02
-5.734106427323130972e-03
1.592809001510597094e-02
-1.072884035326442109e-02
4.744010034593623866e-03
-1.339161175266832468e-03
2.635970573908520302e-05
2.542450341416374365e-04
-1.946985807990047137e-04
9.331339139474325445e-05
-3.018568974056445444e-05
3.861681010650081010e-06
2.995565846093017077e-06
-2.912154895278912924e-06
1.705408744403383737e-06
-5.899325669789837727e-07
1.080450871339068940e-02
-1.273833444500158465e-02
4.544527951747654240e-03
-1.206953304225414801e-03
2.664291110406272613e-04
-5.236631473158724089e-05
9.581156423046265636e-06
-1.676599299094932981e-06
2.846376598554692015e-07
-4.715221329916684495e-08
7.626471167324216376e-09
-1.201406001364550078e-09
1.834351058950998184e-10
-2.692891586591761783e-11
3.749004942425942440e-12
-4.819486105987634172e-13
5.367724182217107713e-14
-3.977423218060232906e-15
-1.457741948701655095e-16
2.023950246701749361e-04
-3.846615930533605525e-04
3.304281763737839739e-04
-2.573554637571529241e-04
1.825774779580776946e-04
-1.186695044016453955e-04
7.113276972062849892e-05
-3.960233376687787612e-05
2.062965789712731506e-05
-1.013083200840077334e-05
4.725471424078775340e-06
-2.109201196577625818e-06
9.073850031150694321e-07
-3.788360529573710539e-07
1.545180070992910085e-07
-6.206906300727622646e-08
2.504982403706426533e-08
-1.119617301246423245e-08
3.779327743158745382e-09
-1.999337040055158928e-10
3.838256887400809753e-10
-3.392998622776819904e-10
2.758254642349453867e-10
-2.056713046712833064e-10
1.401200238519435020e-10
-8.672308183518715244e-11
4.836027786698120894e-11
-2.400218294868818798e-11
1.040254296106663162e-11
-3.810561231522224792e-12
1.104519971181846787e-12
-2.098622794455698704e-13
3.409993868455125581e-16
1.687632360060413711e-14
-5.766385815458586314e-15
2.729561271323603081e-16
4.709829795568267877e-16
-1.532531538840852761e-16
5.038274036773336961e-01
6.244347711358594344e-03
-4.187866025081828021e-05
2.518890913669643180e-07
-1.357033905079115422e-09
6.818228624722922498e-12
-3.737919293401416539e-14
2.948897633882504657e-16
-3.360492738183267340e-18
4.723437351561106602e-20
7.909509613261489491e-01
1.963449044223091189e-01
-7.696578738257761620e-02
2.026410167787466576e-02
9.712680479519455404e-04
-5.426912661057171558e-03
4.066853333350428472e-03
-1.928850301034174550e-03
5.578791052284630446e-04
1.404834759303963435e-05
-1.379679801106886152e-04
1.008758907834014540e-04
-4.427555135202553021e-05
1.013193626470640406e-05
2.481780286234156710e-06
-4.040883639130211175e-06
2.275268093821906386e-06
-6.500202892451965922e-07
4.372906565868345017e-08
9.492263219994933054e-01
1.700829650629209072e-02
-2.858030233487686336e-03
4.831488614471226499e-04
-8.236434101039011844e-05
1.416896688561834870e-05
-2.455721070886355644e-06
4.273538991263959842e-07
-7.436773222860383141e-08
1.289066586329894959e-08
-2.218219778931827419e-09
3.778376195368748682e-10
-6.352513366479148825e-11
1.050855342007750517e-11
-1.703533901275842026e-12
2.691312357521565541e-13
-4.110450378034116317e-14
6.094418432049905178e-15
-8.143057985328883014e-16
9.836877266324224323e-01
1.235974987243891772e-02
-4.682481582304262591e-03
1.773969179727747248e-03
-6.720838119686558003e-04
2.546332491464569237e-04
-9.647907195571040157e-05
3.655923079432474591e-05
-1.385597213579269093e-05
5.252867532574750494e-06
-1.992206947054434638e-06
7.560082316949847561e-07
-2.871210786850172884e-07
1.091617195047360755e-07
-4.157091318042635992e-08
1.589666418148412331e-08
-6.198733625796146114e-09
2.706294214662964875e-09
-9.033227874583599332e-10
9.963223923853519182e-01
3.674223706392064966e-03
3.380794591837292344e-06
3.110799174405004639e-09
2.862365949953827060e-12
2.633816857899318278e-15
2.388890564298415798e-18
2.825405175277336098e-20
-1.871813876646102069e-20
1.283460612785349283e-20
-8.376572803074761487e-21
5.200797328878419857e-21
-3.056132354595862394e-21
1.694946623773599872e-21
-8.861290379603991508e-22
4.352544530710338154e-22
-2.035255588902726641e-22
9.570967482074657707e-23
-3.173547715079256983e-23
1.056271591719870173e+00
2.028025258193798946e-03
-2.597157125952034558e-05
2.409847377144857467e-07
-2.022479963530957816e-09
1.679379670102095929e-11
-1.467802676307386873e-13
1.396920805924809920e-15
-1.446489216855944873e-17
1.584390112284628622e-19
1.061313587743710540e+00
-2.135699438229361063e-02
-1.045817085941402533e-02
1.119989737330433568e-02
-4.867548264399704575e-03
4.617496220483421573e-04
1.038506874166295361e-03
-9.750412358065254064e-04
5.120955666510170791e-04
-1.583629122424438289e-04
-3.492414963806850949e-06
4.199774713559075871e-05
-3.203336737434192880e-05
1.483372788958664465e-05
-3.899392038252832995e-06
-4.318973832205574061e-07
1.212227311983862315e-06
-9.192901846317953116e-07
3.550245285751013570e-07
1.026038655436190883e+00
-8.890559004021220124e-03
1.502445142254591609e-03
-2.488002559062709763e-04
3.983805361005227704e-05
-6.066761013520674553e-06
8.584133505816360820e-07
-1.080334694066653017e-07
1.072058614714499119e-08
-3.739542471025475590e-10
-1.977821606262327417e-10
7.891324711809363801e-11
-2.098349625097843376e-11
4.786412971399454146e-12
-1.002129284519929862e-12
1.980020582294618002e-13
-3.745570096186040206e-14
7.040629132413306495e-15
-1.202483748644943136e-15
1.008245106705324190e+00
-6.298661591543456249e-03
2.405833534703625577e-03
-9.189114783174896859e-04
3.509643554398161392e-04
-1.340343232112038111e-04
5.118024240320613117e-05
-1.953764820554526919e-05
7.455025860471701621e-06
-2.842633549303747438e-06
1.082760581794547483e-06
-4.117945219843425983e-07
1.562834383085816445e-07
-5.914801660716373811e-08
2.231101389104028718e-08
-8.395724036950949646e-09
3.191700237762761287e-09
-1.341912747353359343e-09
4.362577173211198323e-10
1.001843668245860464e+00
-1.843668245860401395e-03
-7.598692207859785463e-20
6.830531839228519964e-20
-5.880875030477096626e-20
4.847081378604096048e-20
-3.821870729655685442e-20
2.880410610215313131e-20
-2.072759020535316474e-20
1.422280582859050749e-20
-9.290989742728268882e-21
5.766610725613252457e-21
-3.392402804788979178e-21
1.885944096547426797e-21
-9.873615860596296490e-22
4.855363891368370227e-22
-2.259987147392076700e-22
1.065516195236652235e-22
-3.526035569488581199e-23
5.102556390977444067e-01
