1.460107692249691613e+00
-2.310052025164590142e-02
1.715657628128165085e-04
-1.384872045306373715e-06
1.295643879775274674e-08
-1.389833113100208567e-10
1.618863347451739610e-12
-1.959347143092539675e-14
2.414004416283069812e-16
-2.958342538204415714e-18
4.568471777438012360e-01
-6.549595329431058266e-01
2.957369544781622284e-01
-7.791746680254542368e-02
-5.551328128661920866e-03
2.093785415648445614e-02
-1.453525235350921693e-02
6.421069299854670342e-03
-1.713474104144286931e-03
-7.050953892173383018e-05
4.010268038251067562e-04
-2.740831839549760871e-04
1.153965379110050903e-04
-2.781485773268802862e-05
-2.523775264709919420e-06
6.626591705136953460e-06
-3.632377439929482446e-06
8.683368941953714460e-07
3.194186661782892808e-08
8.693566455535850154e-03
-1.092908846931090090e-02
4.220798039990935474e-03
-1.209510391768713619e-03
2.853556744729652118e-04
-5.925099514814782976e-05
1.132876089312043303e-05
-2.055102905493708693e-06
3.601362594812108815e-07
-6.152526214047485647e-08
1.027950218869367538e-08
-1.678728055451756805e-09
2.671501460489559316e-10
-4.120733436337880626e-11
6.107790673836340807e-12
-8.570689642488294608e-13
1.105421866907298517e-13
-1.216835828574807827e-14
8.906384639821161024e-16
1.188071304926249956e-04
-2.271270636780588475e-04
1.984987262987290000e-04
-1.589402247240212854e-04
1.169724805455442656e-04
-7.945235704473825502e-05
5.004836997065072651e-05
-2.939271380258603130e-05
1.618434673531412557e-05
-8.404158370828918631e-06
4.140201912883953343e-06
-1.946656567642966646e-06
8.788170500181279575e-07
-3.832045911320104765e-07
1.623768779857282951e-07
-6.740310913657656828e-08
2.798101715060139891e-08
-1.281832973825231751e-08
4.383705100911635796e-09
-1.957453574237572326e-10
3.774518564671493830e-10
-3.381698739664640804e-10
2.812487787800361680e-10
-2.167414988448173874e-10
1.543500742198419817e-10
-1.011827303851593903e-10
6.072952763190724354e-11
-3.312094550849359148e-11
1.623608323727193874e-11
-7.036617352906200173e-12
2.623842509501090306e-12
-7.993961172655433971e-13
1.748971469232876384e-13
-1.355607939758476043e-14
-8.577539327255176886e-15
4.227040752962227146e-15
-5.420912447646524915e-16
-1.917245510542645844e-16
4.547216628399047833e-01
7.604163699624788379e-03
-4.459789544343621014e-05
1.810846802022693375e-07
-3.294307020825002783e-10
-9.978006489358372118e-13
-6.806079595067724125e-15
4.147239729318290039e-16
-7.079712653653697177e-18
7.905868675121834300e-20
7.904541228488735083e-01
2.188835698705840216e-01
-9.606611139837969993e-02
2.896051248177332338e-02
-1.570300548909693799e-04
-7.176042771012027324e-03
5.803474664349908725e-03
-2.791603786844162449e-03
7.335063900148921070e-04
1.240762035869054814e-04
-2.733701745134309888e-04
1.743029785397928006e-04
-6.234762351142447560e-05
2.925821394473133868e-06
1.347312785181771474e-05
-1.060340944814864111e-05
4.035880710637810184e-06
3.609796688838749700e-07
-8.458939306911453493e-07
9.563115330381553036e-01
1.469677802118110610e-02
-2.484324814697155218e-03
4.243426888018565052e-04
-7.370402769352254883e-05
1.307427028022199812e-05
-2.368102986141717362e-06
4.357625678846317075e-07
-8.083454916013157939e-08
1.499870460794435772e-08
-2.766394274108682818e-09
5.049934205195061979e-10
-9.096747225385377955e-11
1.613405543666436240e-11
-2.811409217228583609e-12
4.800722139060372613e-13
-8.008961966210406088e-14
1.330358498900614314e-14
-2.031377966659891395e-15
9.859979119949734416e-01
1.062167653789810283e-02
-4.028691367253828086e-03
1.528049523955172942e-03
-5.795836871565012392e-04
2.198394007065989720e-04
-8.339026865049109418e-05
3.163462728651654905e-05
-1.200261059595599661e-05
4.555105997632517050e-06
-1.729405398567376769e-06
6.569980071596657008e-07
-2.498205425353357848e-07
9.511969567359110555e-08
-3.629408905699901012e-08
1.391770291767473430e-08
-5.450491087143862349e-09
2.395225209309024780e-09
-8.031897630320879836e-10
9.968468867060472638e-01
3.150625080987126941e-03
2.486249444700184764e-06
1.961971400175859457e-09
1.548248336485002174e-12
1.221838061611278084e-15
9.070758127272585142e-19
4.517534490396446602e-20
-3.320743104942274728e-20
2.383391654185371306e-20
-1.639236219800204758e-20
1.078858115703096022e-20
-6.791112230303957912e-21
4.081739893275402741e-21
-2.334910810731111214e-21
1.277137358503415071e-21
-6.809010475769688855e-22
3.783896574282577849e-22
-1.388470601384021697e-22
9.795667257595132016e-01
3.796773558497792099e-03
-3.985357156316445926e-05
3.152880991405016951e-07
-2.303042742340099893e-09
1.853844651985992759e-11
-1.848698169589526012e-13
2.174517521907788840e-15
-2.711119378602690064e-17
3.280774775835790822e-19
1.038104886937759153e+00
7.557681072741366871e-03
-2.691485909479988947e-02
1.862859823814810162e-02
-6.700598827795342140e-03
-2.089842887943558645e-04
2.198701817758573918e-03
-1.775409530770493674e-03
8.500814278798051902e-04
-2.118607471216446829e-04
-5.268196095858355298e-05
9.505548102656598177e-05
-6.015622806444724215e-05
2.239732792622352832e-05
-2.232384265267836049e-06
-3.645430475189897139e-06
3.062187518783864958e-06
-1.306246484442269086e-06
2.807510234007791194e-07
1.022335939548906669e+00
-7.638918291396709463e-03
1.296471864157347888e-03
-2.163982749842615684e-04
3.502831718595502254e-05
-5.389693592667676986e-06
7.638724297948208242e-07
-9.346594615732185190e-08
7.950259454346780390e-09
2.637713685457100999e-10
-3.560245200283026572e-10
1.178822691030667259e-10
-3.022189405260961235e-11
6.883439721776397023e-12
-1.459078527533663542e-12
2.939827929768518132e-13
-5.698379819247198703e-14
1.103687142028079775e-14
-1.940589637147707254e-15
1.007069334766295343e+00
-5.400483608137301127e-03
2.062789095090038910e-03
-7.879048000014028750e-04
3.009440936498168889e-04
-1.149434378745984784e-04
4.389916644641782040e-05
-1.676410322115800454e-05
6.400595455370243498e-06
-2.442979753297929737e-06
9.319529710463294279e-07
-3.552397776384401603e-07
1.352503250333661212e-07
-5.140917706447847147e-08
1.950136698714014884e-08
-7.391164789407411511e-09
2.835696954270986102e-09
-1.206395747274910114e-09
3.952971234175781387e-10
1.001580751738545549e+00
-1.580751738545422549e-03
-6.078359559310446137e-20
5.529528008670879743e-20
-4.841714508764746134e-20
4.079105009597762595e-20
-3.305070412177906750e-20
2.573879032928533748e-20
-1.925167743068184838e-20
1.381769711055084287e-20
-9.506603243725221283e-21
6.261601895154512814e-21
-3.942515647852403898e-21
2.369225935769215767e-21
-1.357531166404599190e-21
7.435237007812226904e-22
-3.961976684687329345e-22
2.204210140773668007e-22
-8.097028995399025051e-23
2.176090225563910296e-01
