1.247154188176600842e+00
-1.932846980740599366e-02
1.478598020458646680e-04
-1.216278448134331026e-06
1.105342261857647858e-08
-1.109155259950633915e-10
1.201464899629455613e-12
-1.367297634250367790e-14
1.601726816296678160e-16
-1.905256094927430746e-18
4.022404079666238030e-01
-5.595298391309144748e-01
2.434569367610421586e-01
-6.181560734855962025e-02
-4.867734870437304129e-03
1.658435372120251397e-02
-1.147397119038093445e-02
5.181723629044946398e-03
-1.510647935765825666e-03
6.070022259507174055e-05
2.655419226744022113e-04
-2.104918871486364412e-04
1.026800059856642613e-04
-3.386354583175185798e-05
4.704464500677721218e-06
3.064106335187928896e-06
-3.086930198478534332e-06
1.800858376001298692e-06
-6.167324574670131606e-07
1.024903471863461771e-02
-1.224171534048660616e-02
4.436645712872496622e-03
-1.196094808935130663e-03
2.675114381891486020e-04
-5.315413773083244210e-05
9.812666295928151923e-06
-1.730380241481510055e-06
2.959153614062945724e-07
-4.939523140576064220e-08
8.057924992307464493e-09
-1.282205752950157181e-09
1.981880185863168586e-10
-2.955388646983583326e-11
4.203556101025947190e-12
-5.583941778671441097e-13
6.612691581897221646e-14
-5.973281267193746914e-15
1.465813272120505003e-16
1.809940831361931833e-04
-3.444016523952376434e-04
2.968895826286685057e-04
-2.325409892469841534e-04
1.662046688603059099e-04
-1.089908435490925278e-04
6.598349061749829631e-05
-3.712764242252998684e-05
1.955319623016911471e-05
-9.707538360592678315e-06
4.576134352590940371e-06
-2.062961397471012605e-06
8.955994590081122419e-07
-3.769477293473313835e-07
1.548245554411902781e-07
-6.256115952560961406e-08
2.537543084092123595e-08
-1.139120192927970129e-08
3.854053549353608642e-09
-1.975459691356287968e-10
3.795795180020141224e-10
-3.364532246896466479e-10
2.747721811026042687e-10
-2.062559590038296336e-10
1.417882589208762636e-10
-8.879252718399596427e-11
5.027079611949401241e-11
-2.544669858748381444e-11
1.132216772803499949e-11
-4.304400949380782468e-12
1.324177204843887391e-12
-2.868713151816174800e-13
1.880006079346476811e-14
1.574308785215750498e-14
-7.103639982450383803e-15
8.875057678685444473e-16
4.268639528387084998e-16
-2.020911041335109854e-16
4.919670903951567920e-01
6.651185956503282391e-03
-4.481504155771122840e-05
2.635309302203096862e-07
-1.344734090392668209e-09
6.245217723063393097e-12
-3.420301086184838259e-14
3.284056609720349381e-16
-4.396679503024175959e-18
4.053047590440122360e-20
7.901808831172772996e-01
2.012834141582106051e-01
-8.102117306458406221e-02
2.226067319935089855e-02
5.113916094889465460e-04
-5.638236579516256626e-03
4.377583394167348062e-03
-2.124842131565495961e-03
6.312086139736523740e-04
8.199532685874757072e-06
-1.526927221915002947e-04
1.138038344791854535e-04
-5.037464172593427575e-05
1.142515666056953502e-05
3.087991172255294535e-06
-4.827581807524784263e-06
2.682764744162000106e-06
-7.173130674058391778e-07
1.871561813806061418e-08
9.503906072075165579e-01
1.663006185340755103e-02
-2.797317825247874930e-03
4.737284566219370136e-04
-8.101532455303984829e-05
1.400867521741059966e-05
-2.445787016399869286e-06
4.296091576767332206e-07
-7.557565722767218703e-08
1.325676851750983019e-08
-2.310144361760708973e-09
3.987228937402137673e-10
-6.797594370213426993e-11
1.141461082640599625e-11
-1.881524430496371594e-12
3.030659487157147813e-13
-4.740775498177526556e-14
7.271461587914279119e-15
-1.015467304558378708e-15
9.840681820281869108e-01
1.207380056059470866e-02
-4.575027910884536808e-03
1.733591884727874117e-03
-6.569115966877603309e-04
2.489319159563619516e-04
-9.433643604435737267e-05
3.575385089811730090e-05
-1.355316371440823640e-05
5.138983346556228528e-06
-1.949367170266877684e-06
7.398951456698086330e-07
-2.810654497379158568e-07
1.068904186884617692e-07
-4.072214306058656095e-08
1.558102959767946245e-08
-6.080944430829673713e-09
2.658308408555350820e-09
-8.881096580646814847e-10
9.964088548592138217e-01
3.587918594906591273e-03
3.223646916205626010e-06
2.896358756677887122e-09
2.602299221000760549e-12
2.338143196542003749e-15
2.062392230753352595e-18
3.093887429661091548e-20
-2.106221543489180032e-20
1.457953013064937997e-20
-9.625378618521211284e-21
6.046430639160049151e-21
-3.597984031040974444e-21
2.031822794355284052e-21
-1.087468498868298146e-21
5.440864437360777329e-22
-2.589450563548768133e-22
1.268196301715700092e-22
-4.345251459387140848e-23
1.044809238591282607e+00
2.376153703805119859e-03
-2.987543277102117567e-05
2.767884420624679307e-07
-2.331950044615201050e-09
1.968714457505081574e-11
-1.786242328443324385e-13
1.797389484229554164e-15
-1.976044089078840921e-17
2.248138553133033017e-19
1.057993454479563500e+00
-1.735053427565422593e-02
-1.288291795186707715e-02
1.246851505133588466e-02
-5.319495999720965339e-03
4.676616862763283210e-04
1.181355445367407268e-03
-1.106404165445917017e-03
5.851781689220702338e-04
-1.835161087956770803e-04
-2.554969921676546119e-06
4.795697110580150556e-05
-3.708575753908642037e-05
1.732367541265115489e-05
-4.584291983788362916e-06
-5.103576369750012815e-07
1.434315879774993723e-06
-1.083759141586173288e-06
4.166170753562278703e-07
1.025428047202752158e+00
-8.686406468865121022e-03
1.469890788923626035e-03
-2.440429154942983772e-04
3.923703949557996045e-05
-6.008637081715799270e-06
8.560769080461179070e-07
-1.086433229292663127e-07
1.090687887150424408e-08
-3.998976929385003262e-10
-1.980976052019803158e-10
8.042221385642719526e-11
-2.159472726861021966e-11
4.967530592031464905e-12
-1.048575521823705614e-12
2.089099912838581528e-13
-3.986784113517706731e-14
7.569965114774130500e-15
-1.305415962529251906e-15
1.008050624542055296e+00
-6.150100738480089937e-03
2.349097566146201178e-03
-8.972480605736613338e-04
3.426958987981238293e-04
-1.308807756617404248e-04
4.997908605812644912e-05
-1.908115915507623266e-05
7.282159547057762808e-06
-2.777526400996341279e-06
1.058432498888939523e-06
-4.028043207520597827e-07
1.530108855814113022e-07
-5.798042564359706080e-08
2.190536440707448565e-08
-8.259728191626540221e-09
3.148171196645418105e-09
-1.328098248028414653e-09
4.327510897337203511e-10
1.001800178774715944e+00
-1.800178774715890549e-03
-7.164346715989396043e-20
6.455631245870925375e-20
-5.577062128798480061e-20
4.617113409062119549e-20
-3.660664725200187912e-20
2.777314698955217242e-20
-2.014339645952388806e-20
1.394926824149134622e-20
-9.209451842965608821e-21
5.786176629508718044e-21
-3.451950589781217472e-21
1.950258657064316889e-21
-1.040374388048074386e-21
5.232323714098242277e-22
-2.505970152735675812e-22
1.225559989631261310e-22
-4.157306993846704019e-23
4.727368421052631220e-01
