1.501850866261479789e+00
-2.334202579328872179e-02
1.677404857688062460e-04
-1.311548461854986789e-06
1.203267496880783296e-08
-1.276284993525605288e-10
1.468584090343822839e-12
-1.748990397810883984e-14
2.115169069056553304e-16
-2.624736974819763310e-18
4.698616611868535187e-01
-6.756400025239721607e-01
3.050837556885589996e-01
-7.934805867901723042e-02
-6.874813643743264875e-03
2.221238041471455468e-02
-1.509063541858832874e-02
6.481628794796697769e-03
-1.606500269511584129e-03
-1.678640000309880608e-04
4.457257162626639319e-04
-2.816423759022176356e-04
1.090384435662718969e-04
-2.087197972684542164e-05
-6.201360956540845642e-06
7.662350744081175983e-06
-3.463657826850639702e-06
3.583590357041055946e-07
3.049880225160428106e-07
8.523143773865801687e-03
-1.081710986997488737e-02
4.228428640162591561e-03
-1.225979958955420801e-03
2.922298736037916528e-04
-6.119109508771960343e-05
1.177646713028192710e-05
-2.146968774294278265e-06
3.776953445124222681e-07
-6.473320063162123128e-08
1.084653178054787423e-08
-1.776010790736576785e-09
2.833079997776872593e-10
-4.378695024722393045e-11
6.498659825575568667e-12
-9.119682664908114305e-13
1.173188496913272515e-13
-1.277316946375746533e-14
8.933377138384349112e-16
1.105123771375098355e-04
-2.114513394386306375e-04
1.852675714972502668e-04
-1.489532574781407320e-04
1.102220876114524246e-04
-7.536305358108983147e-05
4.782999222707728091e-05
-2.831994116727476186e-05
1.572770122325275642e-05
-8.238573924853954107e-06
4.093894042438272719e-06
-1.941054658705883790e-06
8.832263436715739076e-07
-3.879281062440411691e-07
1.654487735153036490e-07
-6.907102244532099159e-08
2.881687148918851410e-08
-1.325955795149853015e-08
4.545185203207410834e-09
-1.974132870739682585e-10
3.809222930996742947e-10
-3.419692907610309790e-10
2.853851472874935037e-10
-2.210166585486728031e-10
1.584354488797767434e-10
-1.047454640196387983e-10
6.354537063438503152e-11
-3.512753503179996135e-11
1.751758536041926234e-11
-7.763669157949991762e-12
2.985167905100013057e-12
-9.529678632553087001e-13
2.282129457399009790e-13
-2.708134630782550692e-14
-7.072361259803321375e-15
4.828342982760298596e-15
-9.154787079323469278e-16
-1.128129798459809074e-16
4.501176581127357412e-01
7.617005947387287153e-03
-4.206218633010599218e-05
1.466100232341463413e-07
-8.246810259153152911e-11
-1.939267901251996094e-12
-6.700972021136603545e-15
4.152204458368902962e-16
-6.507020755521147732e-18
7.557236109614089660e-20
7.913413753056494082e-01
2.218259287875915253e-01
-9.867062478269936210e-02
2.985709693711428164e-02
7.492189570466405407e-05
-7.668595018590249404e-03
6.110425336714853106e-03
-2.866563503137296940e-03
6.887850270286408538e-04
1.862242555126023122e-04
-3.096676693051739074e-04
1.838856291405275764e-04
-5.857217970643584969e-05
-3.203958327200787755e-06
1.733433402656587452e-05
-1.189404784213149813e-05
3.884931592520704291e-06
1.020774997945267880e-06
-1.213943143216907399e-06
9.578098312412255400e-01
1.420564261028713256e-02
-2.404457419057964146e-03
4.116620717464143414e-04
-7.180798725981351813e-05
1.282785472828160852e-05
-2.346784398933420216e-06
4.371897725737514577e-07
-8.220544991092795261e-08
1.546377793033026366e-08
-2.889955980989804421e-09
5.340451430872790586e-10
-9.728745193497550993e-11
1.743382300549160830e-11
-3.067083239920286593e-12
5.284777882756701623e-13
-8.893969287700803607e-14
1.490995211511366188e-14
-2.296345985821617037e-15
9.864850655677729341e-01
1.025463491122442956e-02
-3.890425149475511268e-03
1.475965891278533922e-03
-5.599647127874375066e-04
2.124492892884379024e-04
-8.060644652761194437e-05
3.058587746167345638e-05
-1.160744949364520691e-05
4.406175377922730791e-06
-1.673258005923429342e-06
6.358236278854155702e-07
-2.418338738994465083e-07
9.210784025246136807e-08
-3.515914223176645500e-08
1.349014398272681108e-08
-5.287616082099029842e-09
2.326689217627253709e-09
-7.809264749194738889e-10
9.969573299595739790e-01
3.040352544759666702e-03
2.315730510790567238e-06
1.763811176490885412e-09
1.343433375497864169e-12
1.023322719041061605e-15
7.173194491367420850e-19
4.914463352989791723e-20
-3.652423763204827938e-20
2.637854133572775692e-20
-1.828296956895955760e-20
1.214384743187857204e-20
-7.717718072326200580e-21
4.685866230378535789e-21
-2.719565843020281560e-21
1.509673555494802277e-21
-8.228440084948035396e-22
4.667210551309801714e-22
-1.724665383901572706e-22
9.634766914756260903e-01
4.013255989220141859e-03
-3.971691799395438881e-05
2.946583159196745938e-07
-2.020640973479122631e-09
1.579911661490628284e-11
-1.595672092715642049e-13
1.899613834025740824e-15
-2.351912705837445958e-17
2.947261720144808216e-19
1.032822218405521797e+00
1.415149141754970009e-02
-3.036324967778141273e-02
1.986564008206622226e-02
-6.747168444017827282e-03
-5.467244507708170003e-04
2.493761984755763200e-03
-1.914268794442910765e-03
8.732769531874053949e-04
-1.887197852699258604e-04
-7.811142833644846165e-05
1.083747411161493419e-04
-6.313695921782876944e-05
2.076710436747015076e-05
-1.771490028956808098e-08
-4.933991403797914300e-06
3.392516065288078301e-06
-1.088122077804136389e-06
9.576602638306073786e-08
1.021557920868733094e+00
-7.373402173701169154e-03
1.251582067805787242e-03
-2.089059621382041568e-04
3.378771004548479083e-05
-5.181679139751824441e-06
7.272977266156221869e-07
-8.650721185014753314e-08
6.513975704193112687e-09
5.764891255072180236e-10
-4.253416214756407173e-10
1.331310489956753589e-10
-3.350723188936864571e-11
7.573014999770698020e-12
-1.599889200883640237e-12
3.219576165270677818e-13
-6.239782377779418242e-14
1.209086401882515840e-14
-2.127108203191103186e-15
1.006822929185816173e+00
-5.212248414927846477e-03
1.990891540314608868e-03
-7.604440010363318131e-04
2.904563277215245856e-04
-1.109384987385209146e-04
4.237017924106327172e-05
-1.618062067667317495e-05
6.178087189452676631e-06
-2.358221528675413366e-06
8.997204689303236717e-07
-3.430112129300507538e-07
1.306258470237477552e-07
-4.966749695269816000e-08
1.884854305267686862e-08
-7.147397941375668230e-09
2.743853975386452389e-09
-1.168159194613320421e-09
3.829387680648039506e-10
1.001525653445379582e+00
-1.525653445379685034e-03
-6.004902554130582745e-20
5.472501457093793109e-20
-4.803909244703592164e-20
4.060564533508683471e-20
-3.303450406902209534e-20
2.585206410885736764e-20
-1.944773005310912669e-20
1.405160742631255994e-20
-9.741640820299782726e-21
6.472522128881515652e-21
-4.115870591526621317e-21
2.501495745156335865e-21
-1.452152986651698959e-21
8.078019779880592684e-22
-4.387567517910708284e-22
2.494737751106839456e-22
-9.278696635596796625e-23
8.754385964912281271e-02
