4.257396520781442928e-01
-1.125230418542159331e-03
1.432168945594307674e-06
-1.868072229459707492e-09
2.485327186129753369e-12
-3.357340403226444029e-15
4.863800945674965658e-18
3.539271481536185277e-19
-5.233397302019251098e-19
2.296200010403844439e-19
2.430521809680294132e-01
-1.813237028746053359e-01
1.704721657712635410e-02
1.058277001009409746e-02
-5.449797294623198382e-03
1.062417656667123417e-03
1.055246777325893567e-04
-1.397813378599419096e-04
4.347121396337872340e-05
-3.411601440922221745e-06
-2.832743566564586699e-06
1.420581720447592298e-06
-2.779000913983264875e-07
-2.898531736851980188e-08
3.810788123173534803e-08
-1.206533220105748840e-08
1.030668282563118915e-09
8.745825531754011800e-10
-4.156554468280145242e-10
4.129501041754741336e-02
-3.403805794362046999e-02
8.022213276591140876e-03
-1.396009076772090777e-03
1.984905294506363331e-04
-2.340315084804799059e-05
2.035622826895197828e-06
-3.177762546921408441e-08
-3.974531444261204102e-08
1.236779913302976270e-08
-2.646066791080001454e-09
4.717820403802428169e-10
-7.329195793598900867e-11
9.889229064344660954e-12
-1.095963447621410927e-12
7.763085511968641548e-14
4.354133312130950563e-15
-3.392813231272446261e-15
8.415202919041189879e-16
2.245272262070328959e-03
-4.118609391103229302e-03
3.194987180210350809e-03
-2.124790582045520387e-03
1.232753723317603790e-03
-6.357510920638125658e-04
2.969432989648181044e-04
-1.279104954326921182e-04
5.169459305160396329e-05
-1.991298324702761886e-05
7.411748391858893531e-06
-2.694706821368981822e-06
9.641782954090891246e-07
-3.408734706924548296e-07
1.191816073765413815e-07
-4.117102665699691030e-08
1.411683454383228921e-08
-5.178389339085024401e-09
1.524986464956772155e-09
1.538484231313367215e-08
-2.887878364469345910e-08
2.383546091969194210e-08
-1.720876565760561572e-08
1.075912139670354422e-08
-5.724157335073054554e-09
2.511984360864454021e-09
-8.537825723182998064e-10
1.892974025119702516e-10
-5.500885522263362852e-12
-1.402381646167250060e-11
4.417043535393658837e-12
3.400305556194523805e-13
-5.448680070492231194e-13
5.389359509643327984e-14
5.876612448114488533e-14
-1.368838367371214149e-14
-5.855969880014042118e-15
2.197318798767081991e-15
7.474142139883345193e-01
4.230707477429632504e-04
-5.099000628466184236e-07
6.656576578189619947e-10
-8.910020591774272416e-13
1.200590285398791077e-15
-1.601686490871980458e-18
4.127405243144191129e-19
2.153172613378112788e-20
-2.130474921600055239e-19
8.218068727973777410e-01
7.616959758046827622e-02
-4.153014625752303284e-03
-4.188719209740066930e-03
1.903641937847273986e-03
-3.587585103840378042e-04
-3.552239243074288647e-05
4.781919027845137879e-05
-1.540429267250102480e-05
1.411945158113401935e-06
9.570117933898361246e-07
-5.160107764797593907e-07
1.078316581388400151e-07
8.974883100240246426e-09
-1.423313067585125390e-08
4.671877470220283058e-09
-4.110802659538423676e-10
-3.448599505165574086e-10
1.640773160009568593e-10
9.204433697370578704e-01
2.500357383950010948e-02
-3.694828879981826818e-03
5.000782009910460096e-04
-6.009058618660111296e-05
5.993701055676036489e-06
-3.777220447921145337e-07
-2.484071094028208056e-08
1.555496926306022262e-08
-3.927084582691592960e-09
7.827461583772294921e-10
-1.367813800460034302e-10
2.154433176909773469e-11
-3.049420069919884191e-12
3.745760978364718743e-13
-3.542134593163707367e-14
1.083894385599437205e-15
6.405795098352405204e-16
-2.081269673740495759e-16
9.738144465388139936e-01
1.972977646678228392e-02
-7.427394941129168877e-03
2.792195775718780797e-03
-1.047117606535463751e-03
3.911470119440717632e-04
-1.452617060849000928e-04
5.351336358799910512e-05
-1.950929029834595524e-05
7.022166656266398254e-06
-2.490053503315133620e-06
8.681761026189664980e-07
-2.970879040282329736e-07
9.959031593327928280e-08
-3.262494344832288666e-08
1.040780960864519229e-08
-3.228078449686346145e-09
1.029367244940529399e-09
-2.696849458438415788e-10
9.940646798472728696e-01
5.926500052995368854e-03
8.806992746056454183e-06
1.308750803474329945e-08
1.944906211055599383e-11
2.849591637813092193e-14
3.190397730939662562e-16
-1.738753360325019064e-16
1.008034980149820980e-16
-5.334786484393462697e-17
2.551673491401124531e-17
-1.086144991913724754e-17
4.012739954952748930e-18
-1.228567296399055246e-18
2.794197766758705967e-19
-2.903113644187121728e-20
-9.778653200531023940e-21
5.893276986263219163e-21
-1.251560790605783223e-21
1.107764668720346624e+00
-8.723087242137888978e-05
7.684901112891175311e-09
8.883910743745943829e-11
-2.240634189341062119e-13
4.205539547290481483e-16
-7.883338358115997543e-19
5.346534696295464686e-20
9.691966027520314170e-20
-8.697006020500879631e-20
1.083258003572406869e+00
-2.759262326847024271e-02
-1.131422238296563021e-03
1.798710754384747184e-03
-3.351079247635529675e-04
-5.219158461811887099e-05
3.909663027785222761e-05
-4.892984182780342655e-06
-2.705985380837883214e-06
1.405133155016289284e-06
-1.726501593360882692e-07
-9.965144082679467463e-08
5.711132626237700419e-08
-1.045343134546034716e-08
-2.397025670094125594e-09
2.104333720142781649e-09
-5.577106946505055667e-10
-4.132048953371305194e-11
6.917703146141130972e-11
1.041009816172279612e+00
-1.291576485740227563e-02
1.819466603320210466e-03
-2.149870219635410459e-04
1.826384850475373749e-05
-2.103059837345513875e-07
-3.435188838474571184e-07
9.745799568091823883e-08
-1.883126561054772771e-08
2.948126885410597890e-09
-3.789222267157530259e-10
3.594893458683831064e-11
-9.417478243620862860e-13
-6.299537514557079248e-13
2.077888787916838698e-13
-4.487285486686053648e-14
7.879637654075958323e-15
-1.183972618919943230e-15
1.429938269338953529e-16
1.013320840199268380e+00
-1.016433514070617071e-02
3.872456320599532847e-03
-1.471451079941541373e-03
5.565772534402958164e-04
-2.090074488204796013e-04
7.765427263038887152e-05
-2.842932650339597347e-05
1.020861889574193777e-05
-3.577196402764342734e-06
1.215983559115538318e-06
-3.979822992177291797e-07
1.240443068374726391e-07
-3.612214420330605605e-08
9.435802315318793444e-09
-1.960090007425625175e-09
1.235223641724178611e-10
2.285721675909635846e-10
-1.300077311017097541e-10
1.002980925046842886e+00
-2.980925046842252454e-03
-9.160054853308073347e-16
7.736945145154745630e-16
-6.096438509068139310e-16
4.472222953317213144e-16
-3.045523287166528413e-16
1.917737356606852827e-16
-1.110686043095820115e-16
5.873273349291276586e-17
-2.806255885165354238e-17
1.192792376651051811e-17
-4.397654739521111708e-18
1.341938334493240044e-18
-3.030552458959876233e-19
3.045521501933022583e-20
1.107890330095822496e-20
-6.498647606394108741e-21
1.364516742978423840e-21
8.479248120300751923e-01
