1.372614424088576035e+00
-2.201996859658817557e-02
1.701575547745830068e-04
-1.424190095206442281e-06
1.351414313757792558e-08
-1.446481225230121110e-10
1.680083247776165014e-12
-2.040375993258528342e-14
2.536743178536339684e-16
-3.228918576370780597e-18
4.322671068480684609e-01
-6.139678936114512098e-01
2.750783395851905122e-01
-7.285241569377649828e-02
-4.194093764567284784e-03
1.875204934174124621e-02
-1.329888742510012753e-02
6.065614533518335835e-03
-1.760928900054520210e-03
5.146079621337621481e-05
3.248932139938558736e-04
-2.497937706197104037e-04
1.172744991441261803e-04
-3.562424198494167028e-05
2.916061436358509867e-06
4.524643146194707754e-06
-3.525703343113735696e-06
1.568118310886571809e-06
-4.020718483006240962e-07
9.188686991794094497e-03
-1.131823871624621988e-02
4.260343596773886153e-03
-1.191000780688666492e-03
2.749600334193773288e-04
-5.608456415366031120e-05
1.057412541493941563e-05
-1.897276332014518715e-06
3.294974707812346470e-07
-5.583976447340760091e-08
9.257107858247073667e-09
-1.499795341541376061e-09
2.367053615682267652e-10
-3.619350721395906233e-11
5.314586072752945319e-12
-7.380201797848974600e-13
9.398544995824248496e-14
-1.013780035209394126e-14
7.037698392868565524e-16
1.397952237847933888e-04
-2.667566740286283675e-04
2.318663870218686332e-04
-1.840368138117883282e-04
1.338700083016421604e-04
-8.965787324274013422e-05
5.558299117552244683e-05
-3.208398300576227022e-05
1.735014191068670814e-05
-8.846082981637384550e-06
4.279896308253446701e-06
-1.977700778913415976e-06
8.784352663595347311e-07
-3.774021564760837787e-07
1.578259941512631748e-07
-6.476669520830716543e-08
2.662005800502753239e-08
-1.208859698071773221e-08
4.115054113837177206e-09
-1.945780177358703945e-10
3.746688770739482939e-10
-3.342374561959538711e-10
2.759574454391769555e-10
-2.104388816947344879e-10
1.477654694941502653e-10
-9.512056645402202279e-11
5.578772276935412083e-11
-2.954798664106594863e-11
1.395029519598911440e-11
-5.752185162617594128e-12
1.999126781130775874e-12
-5.435918209088964136e-13
9.166180708756467802e-14
4.780890672093918611e-15
-9.261625063368231636e-15
2.793300942131410341e-15
3.233679389069539159e-17
-2.577590086329611474e-16
4.673004075462546258e-01
7.385288329890380039e-03
-4.738223825025776034e-05
2.392477644411595514e-07
-8.754367867072349997e-10
2.147906618125133457e-12
-1.529418077679182440e-14
3.858848490768800818e-16
-6.963828869223033149e-18
1.125498825135096336e-19
7.895504453601954742e-01
2.122455311606308015e-01
-9.027654727765116460e-02
2.660315508107765139e-02
-2.042142964942098601e-04
-6.375226778029615023e-03
5.188519465202762540e-03
-2.561330964770532678e-03
7.461709092550607766e-04
4.084993820600031752e-05
-2.103448762902409219e-04
1.494478953931932996e-04
-6.183041398758073017e-05
1.022225930647495501e-05
7.326715725866980422e-06
-7.799412202702260012e-06
3.700133879866106140e-06
-4.696608253214483812e-07
-2.941886945944640706e-07
9.536000691096711002e-01
1.558376463842146668e-02
-2.628282853596974802e-03
4.471522884224691532e-04
-7.710679966078660659e-05
1.351575074266435640e-05
-2.406525770665138391e-06
4.334188630574771453e-07
-7.847779925710740984e-08
1.419949869711043191e-08
-2.554675092891155844e-09
4.553443752835625805e-10
-8.018340317158730364e-11
1.391648819742961135e-11
-2.374530899868418602e-12
3.970735510799893260e-13
-6.482527876156504752e-14
1.050545895872761421e-14
-1.564102546938187511e-15
9.851151527887765935e-01
1.128631540916401506e-02
-4.278886770320048175e-03
1.622229197269319792e-03
-6.150345452064861660e-04
2.331838708842506262e-04
-8.841372409048644523e-05
3.352593517403246615e-05
-1.271484323569966026e-05
4.823409862561908786e-06
-1.830519680029046361e-06
6.951201440022805697e-07
-2.641967576061017694e-07
1.005399450093686986e-07
-3.833583105167856771e-08
1.468630509167788435e-08
-5.742855825023951502e-09
2.517925027669993305e-09
-8.429653512280598433e-10
9.966466157637119405e-01
3.350570664068773259e-03
2.811211562764101738e-06
2.358675952024023607e-09
1.978987322653032837e-12
1.660479515236814864e-15
1.344761430406644603e-18
3.843916776608937963e-20
-2.752252235596451107e-20
1.947088200283516573e-20
-1.316869899532608109e-20
8.505778390952904607e-21
-5.242620737106152935e-21
3.075116548451911149e-21
-1.711937768733073420e-21
9.045892781120333816e-22
-4.613278514167898238e-22
2.442396870166223010e-22
-8.690744072383908097e-23
1.009770722717972191e+00
3.253668989063133402e-03
-3.762985804351724815e-05
3.280713506692335045e-07
-2.628850792548925293e-09
2.207173230723443380e-11
-2.137929242294974284e-13
2.399530399794396905e-15
-2.931123377789136230e-17
3.696031223418015979e-19
1.047583902659100286e+00
-4.365772485166542760e-03
-2.040379743468645132e-02
1.599882094805721300e-02
-6.302581516571995925e-03
2.486789588984094669e-04
1.686193420721002634e-03
-1.482853126078092967e-03
7.598412449966241485e-04
-2.232550420614314891e-04
-1.789083469965746916e-05
7.084073768500321732e-05
-5.103978893664506148e-05
2.217818603242671047e-05
-4.693921518812005158e-06
-1.657775515060559728e-06
2.280777378156262475e-06
-1.391847545787523325e-06
4.612618755391053569e-07
1.023748436146582286e+00
-8.119463727617758086e-03
1.376994017078287226e-03
-2.295777895799229159e-04
3.713537131832113873e-05
-5.724890800566495321e-06
8.192453408756695073e-07
-1.034704170713917782e-07
9.969160726574214203e-09
-1.781686690635590762e-10
-2.560968535686395596e-10
9.537428603635414367e-11
-2.526182187654619541e-11
5.820938858342275387e-12
-1.238096921379272119e-12
2.493265470330126861e-13
-4.819724335227708013e-14
9.295349873868895626e-15
-1.627271691874586937e-15
1.007517067176665559e+00
-5.742514848023841899e-03
2.193427851774261764e-03
-8.377996173040990792e-04
3.199983590518262972e-04
-1.222185369682511147e-04
4.667581378215208710e-05
-1.782315287165517630e-05
6.804092709788333904e-06
-2.596451259698111374e-06
9.901792550114293205e-07
-3.772517752294542902e-07
1.435318044782679900e-07
-5.450566862181159014e-08
2.065057768254578446e-08
-7.814578404465376154e-09
2.992288825080092023e-09
-1.269902149550815069e-09
4.154424522294977025e-10
1.001680868807500069e+00
-1.680868807500017232e-03
-6.378769024812889336e-20
5.780704922767100876e-20
-5.034454985905161868e-20
4.211895764897773282e-20
-3.383184614283594212e-20
2.607380455001599702e-20
-1.926426147344111225e-20
1.363105135735083839e-20
-9.225787627889673548e-21
5.963963246763173674e-21
-3.675882938087245247e-21
2.155836205939656682e-21
-1.200948529002894599e-21
6.360515613035529571e-22
-3.251010951790333588e-22
1.722450058766139793e-22
-6.147126257041049815e-23
3.526766917293233661e-01
