1.452779458859329020e+00
-2.303931384747493621e-02
1.719419647727986236e-04
-1.394328681058995949e-06
1.307875036152618927e-08
-1.404592115376243741e-10
1.638080990141932671e-12
-1.986309429415789956e-14
2.454312640580141874e-16
-3.100921275909567347e-18
4.546532096398332445e-01
-6.514085197474092093e-01
2.940590861059374506e-01
-7.759557853687258644e-02
-5.366828127429890127e-03
2.072977746559835979e-02
-1.443454091347947700e-02
6.402308479233502492e-03
-1.726235573693466656e-03
-5.605844161232803629e-05
3.936253937137329344e-04
-2.723832380131806816e-04
1.160992896941936698e-04
-2.881282057291994741e-05
-1.939380201563888554e-06
6.435988566868258859e-06
-3.642467454808092468e-06
9.465236272963243215e-07
-1.270651817276889445e-08
8.727820792406538672e-03
-1.095370889794568259e-02
4.221292018190616301e-03
-1.207159945510140201e-03
2.842865365170903257e-04
-5.894156269624122241e-05
1.125656163567890770e-05
-2.040189047054762100e-06
3.572698342529801563e-07
-6.099860520694478577e-08
1.018581395259609686e-08
-1.662532082216355186e-09
2.644346273386397298e-10
-4.076834587516068720e-11
6.040070428388646731e-12
-8.472807984919050048e-13
1.092662361808623609e-13
-1.203430956644070277e-14
8.835457865605947522e-16
1.203691768845104016e-04
-2.300782420590406871e-04
2.009877174937664589e-04
-1.608168405406935387e-04
1.182394874272903336e-04
-8.021937851684425060e-05
5.046469468224473558e-05
-2.959466854553773494e-05
1.627103723575220530e-05
-8.436248561410364681e-06
4.149716082674113659e-06
-1.948278572035860656e-06
8.783405772108084391e-07
-3.825145546972147403e-07
1.619022123557131447e-07
-6.713987760333603102e-08
2.784778605827939740e-08
-1.274762991391023037e-08
4.357779269506641022e-09
-1.955304558953608259e-10
3.769930923791618696e-10
-3.376385486637245006e-10
2.806371524906285677e-10
-2.160819361895165115e-10
1.537012894359770294e-10
-1.006063849202184971e-10
6.026902902892981873e-11
-3.279109499687875940e-11
1.602531316776225518e-11
-6.917477842706623428e-12
2.565116800334911667e-12
-7.747870215259502498e-13
1.665596684838033529e-13
-1.154704310843967988e-14
-8.747497920160121239e-15
4.112407106752955260e-15
-4.832975129509196366e-16
-2.020099118011137779e-16
4.556232285432750273e-01
7.595801339933405325e-03
-4.496889749931366498e-05
1.868425963950339762e-07
-3.754200082315789181e-10
-7.853066774452775733e-13
-7.088063355295084894e-15
4.134025733778879039e-16
-7.179169091915293958e-18
9.413528439171492554e-20
7.903300864216251664e-01
2.183538771997884931e-01
-9.559930310517258945e-02
2.878718328434867052e-02
-1.826919044096072533e-04
-7.097434676013555585e-03
5.750344856749963623e-03
-2.775738488927665965e-03
7.385049242943739645e-04
1.147402721506815776e-04
-2.673661745038662736e-04
1.723940005242136780e-04
-6.269394565798864702e-05
3.811618179983916482e-06
1.285106011929261382e-05
-1.036363395259237217e-05
4.035884458391692523e-06
2.633705773841435075e-07
-7.876187340060925703e-07
9.560636653031019394e-01
1.477796094445710771e-02
-2.497517049379482153e-03
4.264359839573996272e-04
-7.401692140414530127e-05
1.311496857440952300e-05
-2.371652971664376502e-06
4.355429470579716140e-07
-8.061419933575788176e-08
1.492375673364454773e-08
-2.746484323776110540e-09
5.003146509252941962e-10
-8.994996720705281723e-11
1.592476779247723273e-11
-2.770210580755423440e-12
4.722606897626616304e-13
-7.865789977627979398e-14
1.304263946040795011e-14
-1.988111862556636994e-15
9.859172774279434392e-01
1.068241230959626753e-02
-4.051564130253533340e-03
1.536662970507750173e-03
-5.828272754419831954e-04
2.210608516078252210e-04
-8.385025618701956094e-05
3.180787319629910318e-05
-1.206787293084838562e-05
4.579697488214082238e-06
-1.738675012401523224e-06
6.604933839752117930e-07
-2.511388513101091102e-07
9.561681512330893136e-08
-3.648140109169120372e-08
1.398825469891643911e-08
-5.477356725262437923e-09
2.406521578854701116e-09
-8.068571019261677588e-10
9.968286006839758295e-01
3.168882243325341248e-03
2.515074951321602046e-06
1.996161903582392723e-09
1.584311487578754816e-12
1.257504119349061829e-15
9.417463750083562768e-19
4.453839068251188781e-20
-3.267747710939538069e-20
2.341799860564620532e-20
-1.609121508603806216e-20
1.057799142338324332e-20
-6.637191630492239172e-21
3.979756747050440176e-21
-2.276517712768133590e-21
1.242296990739269205e-21
-6.596444439681204619e-22
3.648482168809582914e-22
-1.326087229010220015e-22
9.822805762367631255e-01
3.755468455462335035e-03
-3.979515783587726292e-05
3.180022789464819410e-07
-2.345664518902650430e-09
1.896839019140373696e-11
-1.887400920983156918e-13
2.213723997311707656e-15
-2.763477025313328288e-17
3.532976066667825098e-19
1.038979211639453837e+00
6.461581766171213374e-03
-2.633121807798482691e-02
1.840844235816524802e-02
-6.681429777609512385e-03
-1.582679001488615847e-04
2.150226793862155573e-03
-1.750669552584259870e-03
8.444044517330637038e-04
-2.146065061721545361e-04
-4.882327214223499968e-05
9.279959818613790204e-05
-5.950449986137504787e-05
2.254804089000898431e-05
-2.547595130970655591e-06
-3.438965464764418541e-06
2.997733378772244453e-06
-1.330637069640825864e-06
3.060160598674013179e-07
1.022464805282972566e+00
-7.682850105957418803e-03
1.303876700660088362e-03
-2.176259712730316655e-04
3.522920144226165240e-05
-5.422790721269621277e-06
7.695744986633735854e-07
-9.453283589373972092e-08
8.168764239622035219e-09
2.161628094505439985e-10
-3.454151193452280303e-10
1.155324243993856547e-10
-2.971217827233727142e-11
6.775773973295427729e-12
-1.436963112453897351e-12
2.895641459083011709e-13
-5.612374412830377666e-14
1.086835276877323480e-14
-1.910584550570960903e-15
1.007110159496851898e+00
-5.431670539051631011e-03
2.074701067635231592e-03
-7.924544471242210564e-04
3.026816420305486911e-04
-1.156069188529317341e-04
4.415244334100754846e-05
-1.686074064118153412e-05
6.437436754622929737e-06
-2.457006530329022870e-06
9.372830506031954936e-07
-3.572595633980482184e-07
1.360128417508184159e-07
-5.169566678354596957e-08
1.960839694367710346e-08
-7.430952555615342320e-09
2.850595585313562393e-09
-1.212545225778720074e-09
3.972726489577555624e-10
1.001589880493921392e+00
-1.589880493921211986e-03
-6.095912905564414930e-20
5.543742989028846727e-20
-4.851996311165753833e-20
4.085398931996201247e-20
-3.307794768321200895e-20
2.573780431131934207e-20
-1.923141939015138006e-20
1.378692605643370226e-20
-9.472626228093328199e-21
6.229612372137846350e-21
-3.915499656744922957e-21
2.348285494747606817e-21
-1.342422668183351337e-21
7.332257808028002722e-22
-3.893836040179487350e-22
2.157830991254283340e-22
-7.908746580134630534e-23
2.326165413533834991e-01
