5.090901366579965170e-01
-1.887494443441122341e-03
3.415847251937513813e-06
-6.358293746444972040e-09
1.210560133177706046e-11
-2.347251863214285476e-14
4.523400921268705206e-17
2.617033452220758639e-19
6.434532729390456997e-20
3.369925211750685864e-20
2.635945472458271488e-01
-2.291652542451366736e-01
3.562469320435505959e-02
1.024468168274882303e-02
-8.435616419808654801e-03
2.611441161048507365e-03
-2.228676726357759006e-04
-1.961705182983929606e-04
1.147923178705327466e-04
-2.985692662682527202e-05
4.121941876799734679e-07
3.274589275738535345e-06
-1.556713997055362406e-06
3.368316686129550166e-07
2.620754488784365876e-08
-5.162582203792392625e-08
2.058652648703468895e-08
-2.615525221123645629e-09
-9.009424647292305050e-10
3.426227310331052267e-02
-3.032442956160246242e-02
7.782572213675898777e-03
-1.494253215534787358e-03
2.405384813110827524e-04
-3.409079898565517809e-05
4.243747743659381895e-06
-4.297910199146241413e-07
2.349522000448642939e-08
3.747484734393021968e-09
-1.738352242663060161e-09
4.338815851249950903e-10
-8.780398597268229269e-11
1.566820060141341353e-11
-2.529601961424367903e-12
3.699885494539407805e-13
-4.795472386645962702e-14
5.101610266520499057e-15
-3.340885469501491447e-16
1.599626341588643915e-03
-2.955379209396403594e-03
2.339543374127689684e-03
-1.604385202813270791e-03
9.670928989056811354e-04
-5.207158752828665218e-04
2.545898766765265103e-04
-1.148722023193270164e-04
4.858346357411721597e-05
-1.954397421351339762e-05
7.577276673389724777e-06
-2.863129615570726693e-06
1.063557055813213926e-06
-3.907132373589007494e-07
1.424487410099711071e-07
-5.167993983908110182e-08
1.887004951440516222e-08
-7.564524561512228329e-09
2.384058749503731906e-09
4.370916139009594120e-09
-8.236697103479329079e-09
6.880238326617782985e-09
-5.072790991662322715e-09
3.274294514354202956e-09
-1.824724349303320594e-09
8.575017165544132759e-10
-3.252195819853742773e-10
9.008703907710028920e-11
-1.242296455959876015e-11
-2.775480361756297997e-12
1.931631419911639997e-12
-2.567934282765789986e-13
-1.373893547851287080e-13
5.559254981350411985e-14
6.587018554801833958e-15
-7.885934710569281347e-15
-5.020810296541790973e-17
1.043676203975007115e-15
7.187751763697600715e-01
6.945645380779861926e-04
-1.218917886301113403e-06
2.281495318505299799e-09
-4.331863415900530242e-12
8.223548462705356236e-15
-1.550340138556883733e-17
2.948379614601289255e-20
1.000419981987583760e-19
-9.313982826181357879e-20
8.159997354259933555e-01
9.387784862616881110e-02
-1.057460861656152155e-02
-4.116549001037696567e-03
2.935893391569172235e-03
-8.992651214178195955e-04
8.489224054842788318e-05
6.501186396915255923e-05
-4.055419332963593567e-05
1.125512112748603017e-05
-3.957597926545578172e-07
-1.173033433754172171e-06
5.946639924847479902e-07
-1.345740314652697496e-07
-9.559980916593466203e-09
2.070218612129102723e-08
-8.264990371284003315e-09
9.181057379705741920e-10
4.413115625090986567e-10
9.256463433374170213e-01
2.394664566531873318e-02
-3.721211951358504438e-03
5.491530743916208258e-04
-7.591648412576499922e-05
9.666794748675207587e-06
-1.093893222520378713e-06
9.863630690068259357e-08
-3.533761287367775389e-09
-1.325284954957750763e-09
4.929305091463887645e-10
-1.185246109168310227e-10
2.413346507426172125e-11
-4.443948333466643616e-12
7.564052651422649861e-13
-1.194810098799801717e-13
1.734854745742060107e-14
-2.266715726637929116e-15
2.409989596408441641e-16
9.757348956097939841e-01
1.830721727300131316e-02
-6.904051319822621970e-03
2.602159004425181731e-03
-9.797347631061940204e-04
3.682341455395427639e-04
-1.380278672210239540e-04
5.153756863985401972e-05
-1.914325651168401093e-05
7.063896477632933580e-06
-2.586107283483469841e-06
9.382973574776326930e-07
-3.370950106062186995e-07
1.198454060563600793e-07
-4.215148368391803564e-08
1.467719535940234521e-08
-5.108386092236840441e-09
1.932492083104785593e-09
-5.852564646121729303e-10
9.945065825852240637e-01
5.485862626469569132e-03
7.544398630469057662e-06
1.037538748973924276e-08
1.426872100729407337e-11
1.959781727876701190e-14
4.455133552608284302e-17
-1.140148864737038671e-17
6.905201099461013073e-18
-3.842841059104055262e-18
1.956753591117703024e-18
-9.018924425073811918e-19
3.703207283816450933e-19
-1.319810278659833465e-19
3.887861219220650568e-20
-8.395042304527022877e-21
7.180220996249458746e-22
4.003746376782107962e-22
-1.860341638355358532e-22
1.111500317134672899e+00
-9.339108404444051591e-05
-8.675030219238801232e-08
5.130981730852605716e-10
-1.504618008199558241e-12
3.722907213531247581e-15
-8.535296827559429084e-18
-5.148994868294214792e-21
-4.210964563826920508e-21
9.818460247193519803e-21
1.083233176630771011e+00
-3.146006332843855058e-02
-5.966566102045174364e-04
2.297029481502075969e-03
-5.537542764674861090e-04
-6.756163207648850622e-05
8.261354763114352033e-05
-1.990952973786787197e-05
-3.591441593047566444e-06
4.310620292953068121e-06
-1.391769673651625788e-06
2.632766163647571750e-08
1.807918875383495597e-07
-8.766305557173193643e-08
1.649726688818035614e-08
3.995347165604925399e-09
-3.982277134411694033e-09
1.212440618072919885e-09
-9.148326002323703992e-11
1.038330559839087952e+00
-1.243747650603956728e-02
1.868093940005993540e-03
-2.489532826524204034e-04
2.744466678875673014e-05
-1.982420119282589773e-06
-7.970286738371734982e-08
6.969790522507436830e-08
-1.818019005269417014e-08
3.590295710981023816e-09
-6.035027406071787343e-10
8.826697815067779507e-11
-1.090583004712000855e-11
9.873828940318311316e-13
-1.159821362856888376e-14
-2.293396502881075818e-14
7.402487165700254301e-15
-1.728426215321998877e-15
3.182857189827605815e-16
1.012329883881572190e+00
-9.413870761186970623e-03
3.591248497879320246e-03
-1.368168424952064324e-03
5.199923739348432045e-04
-1.968571591019272870e-04
7.408094250182221561e-05
-2.764098720726290039e-05
1.019559115228262222e-05
-3.705807625241301240e-06
1.322736659672919768e-06
-4.619283249865092730e-07
1.571575175617120480e-07
-5.180432471508961515e-08
1.640895107337318597e-08
-4.920981565391576902e-09
1.353721638847224162e-09
-3.240635470657898382e-10
5.537344185419052267e-11
1.002758068440747996e+00
-2.758068440747996931e-03
-6.652517319793036290e-17
5.681143250677180990e-17
-4.547611704818683542e-17
3.406454800944247756e-17
-2.382263710047823069e-17
1.550589730350176864e-17
-9.354639945442532343e-18
5.201983534953761976e-18
-2.646186983812854271e-18
1.218142507760406971e-18
-4.993204286076346368e-19
1.774926935741835196e-19
-5.205324758083579464e-20
1.114081265095239234e-20
-9.189316740466967015e-22
-5.517883598148479659e-22
2.602812419227889376e-22
8.229122807017543728e-01
