2.939422629250733054e-01
-3.878998568250120716e-04
2.381930583571127362e-07
-1.487470069300202498e-10
9.440793043357005041e-14
-6.182223479758103168e-17
1.380203103269147722e-18
-6.684524279093067936e-19
-2.279372594648541291e-20
3.618530112940146944e-20
2.009541216175727840e-01
-1.022519632708116660e-01
-1.915972177771985445e-03
6.447836363155500655e-03
-1.424873310010350402e-03
-2.827593127501112983e-05
9.015234171736440669e-05
-2.058094358779206516e-05
-2.402676494042568123e-07
1.287074713667669903e-06
-3.072320061075437530e-07
-4.166543696116496426e-10
1.864278699605094563e-08
-4.667594427236081132e-09
4.611522971236101288e-11
2.723583072784801909e-10
-7.179417278068660904e-11
1.850090591278865305e-13
4.175428448304696187e-12
5.543380739909389149e-02
-3.828225053266364614e-02
7.159939267200488011e-03
-9.048958504380657424e-04
7.276253141212841872e-05
3.952397355364751222e-07
-1.590134053986109613e-06
3.950604013786889132e-07
-6.736044116883549133e-08
8.866589205694469161e-09
-8.371638172983382563e-10
2.485005762079091758e-11
1.169239454870347499e-11
-3.567643135277671572e-12
6.709332251786484885e-13
-9.645587875456845011e-14
1.041849729717329728e-14
-5.686844758379027963e-16
-7.182657717433499679e-17
4.095604604481938547e-03
-7.382533799276580835e-03
5.454930557121547875e-03
-3.372776027798636729e-03
1.787635323923410322e-03
-8.320007621586593752e-04
3.478620283395960754e-04
-1.334253594895019998e-04
4.783055247569670281e-05
-1.627006478323472059e-05
5.304106126826158829e-06
-1.661374360383862249e-06
4.959947365126128623e-07
-1.376185973717544526e-07
3.321625852525194719e-08
-5.431837758374646014e-09
-7.436055226480919433e-10
1.610037924944350716e-09
-7.848909103724745559e-10
1.380612732122759516e-07
-2.570174065939384123e-07
2.067815501814174774e-07
-1.426922586298183634e-07
8.318388082312830146e-08
-3.983250879895959769e-08
1.480881175855990073e-08
-3.696052359510280166e-09
2.537710896872377780e-10
2.301254811234802875e-10
-8.514831075622708061e-11
-4.463103793342510358e-12
1.026628233585925685e-11
-9.816579514165509465e-13
-1.189948529143849682e-12
2.252534376644871818e-13
1.612936451258436669e-13
-3.130007854656121317e-14
-2.467227567027601556e-14
7.967656010460720806e-01
1.572183210580343636e-04
-8.674816137293029488e-08
5.271331761545220602e-11
-3.338969004427426534e-14
2.078248022874794332e-17
3.753457458650948969e-19
-1.439762583861690134e-19
-3.664548069596944152e-19
3.338248063347377413e-19
8.374054918434313821e-01
4.572842840754545723e-02
2.222521773684173890e-03
-2.582292289915137824e-03
4.964729958513693303e-04
1.725374474274589591e-05
-3.194369820848269771e-05
7.049874756423822627e-06
8.631160017481382654e-08
-4.426832052831531848e-07
1.079167979851377295e-07
-6.352882674285679612e-10
-6.453735547156118639e-09
1.688640810630097968e-09
-3.226598816527867989e-11
-9.646197175690473324e-11
2.658560754379751991e-11
-2.474578318121230938e-13
-1.524669293020820500e-12
9.119797303187602289e-01
2.530088248542149837e-02
-3.108412142536471842e-03
2.958081222168342525e-04
-1.465775959191662532e-05
-1.868816466188139802e-06
7.234027681851991099e-07
-1.423623617002216503e-07
2.147675755296446542e-08
-2.598719004764770420e-09
2.271713420465523694e-10
-4.514245688961193155e-12
-3.668004269385832453e-12
1.064659310829426596e-12
-2.015427060618100136e-13
2.999670215339949874e-14
-3.494836008524104883e-15
2.509630805267247705e-16
9.366816496117057671e-18
9.701341166471970645e-01
2.240863577113940894e-02
-8.378196736931161140e-03
3.113197216756150628e-03
-1.145124755981670461e-03
4.148097836466804571e-04
-1.470707051936346471e-04
5.068127778005928117e-05
-1.683920099993846717e-05
5.340385618880469431e-06
-1.592822974404907722e-06
4.349767196103642698e-07
-1.021650374707537050e-07
1.647865146511139576e-08
1.333454568248898214e-09
-3.016060752051999205e-09
2.003033977282017483e-09
-1.179016253292186461e-09
4.447960132922625015e-10
9.932076187528853239e-01
6.780827512507805847e-03
1.153408193363153911e-05
1.961920566055432374e-08
3.343885944054515317e-11
9.955824968944311647e-15
3.018074095128495151e-14
-1.760863760639768654e-14
9.303263291821386577e-15
-4.378598002246977360e-15
1.798232585464610637e-15
-6.215742088960808604e-16
1.675963474179963250e-16
-2.771064511216529011e-17
-1.702918272411921533e-18
2.882192674550610551e-18
-8.435124863669036616e-19
-2.135678592693584650e-20
7.995832197431086148e-20
1.095190708917813671e+00
-5.120310684499714845e-05
1.516602133355583898e-08
-2.275762046234892724e-12
-2.236119026485701496e-15
3.710096997405744558e-18
1.450588695070674846e-19
-3.401552841103376598e-19
2.161058610018950913e-19
-2.438202715278414812e-20
1.079275120992203796e+00
-1.863887205998187094e-02
-1.759558008038972308e-03
9.620392307307199398e-04
-8.574043990426271809e-05
-2.591916289573541066e-05
7.509306488034518358e-06
1.353435959174004318e-07
-4.002927493780192230e-07
5.033708253297571810e-08
1.707378483837329122e-08
-6.472952107605843753e-09
9.229746100463327950e-11
4.432500614080050768e-10
-1.074369680920869290e-10
-6.385883054146346210e-12
9.148585129906050531e-12
-1.585314902432364616e-12
-2.229233212222587705e-13
1.045288496222844143e+00
-1.288399340603396323e-02
1.461021685745649131e-03
-1.060796950559538714e-04
-2.209878925192586391e-06
2.418384590645288130e-06
-5.083287820661105793e-07
7.127761198002428317e-08
-6.794544950799418276e-09
1.927628394383926505e-10
9.225927474684797945e-11
-2.651860727706753862e-11
4.581168531163583978e-12
-5.690547455480401303e-13
4.283868242595891419e-14
1.731981324760532744e-15
-1.397236977931364676e-15
3.256409975932462384e-16
-5.071267598176237014e-17
1.015220987088715887e+00
-1.157632999896459312e-02
4.379908747763730341e-03
-1.642184396589879301e-03
6.067085942256934643e-04
-2.192514768195093103e-04
7.680080854218381784e-05
-2.578420798956326807e-05
8.171077542667160902e-06
-2.385047450703242328e-06
6.096590114491885932e-07
-1.172168257651075340e-07
3.011086088805611109e-09
1.307398880795344404e-08
-9.567406726474414639e-09
5.049525133245183454e-09
-2.366351957677119103e-09
1.146739747557830135e-09
-3.975064601207338388e-10
1.003413571790801484e+00
-3.413571790751653619e-03
-9.065956484617868502e-14
7.478826468066292645e-14
-5.696253474812464790e-14
3.993294434066216039e-14
-2.565231054170088549e-14
1.500533378984084546e-14
-7.921219827852061711e-15
3.723978710766897099e-15
-1.526976506673761142e-15
5.265278709749556456e-16
-1.413331031481678137e-16
2.306135141467729851e-17
1.598002123122621414e-18
-2.473230771433244939e-18
7.124167092695089624e-19
2.220815917443968622e-20
-6.899041037585997263e-20
8.854436090225563660e-01
