1.087093880446289074e+00
-1.476222653737290121e-02
1.004139706511924813e-04
-7.260786891523753076e-07
5.648423758211755065e-09
-4.733636400317778511e-11
4.232409648059944340e-13
-3.975330793298418848e-15
3.865273145567501821e-17
-3.388738464097749213e-19
3.701203766273625795e-01
-4.941143194430895891e-01
2.003681965143736809e-01
-4.374511280160052473e-02
-8.222711748603218213e-03
1.463882168751028633e-02
-9.035476249444271413e-03
3.684495766035228610e-03
-8.928624732905600814e-04
-8.140324192775528773e-05
2.375617764240478959e-04
-1.578459319623375340e-04
6.855819790119254775e-05
-1.909303925541605472e-05
5.718972064424028816e-07
3.243281072023427118e-06
-2.443901809206522843e-06
1.245120980864032293e-06
-3.918399727805117420e-07
1.232612881337661649e-02
-1.409903360714489032e-02
4.851920439877833828e-03
-1.245321973842013728e-03
2.668141363456077476e-04
-5.114449468598511093e-05
9.161590298169563124e-06
-1.572811415306919223e-06
2.619446430310582458e-07
-4.248473377159615709e-08
6.702935338527509259e-09
-1.024245416036441592e-09
1.504079578295377711e-10
-2.094175868471865393e-11
2.693833132016992351e-12
-3.013314517033313558e-13
2.369779345097996466e-14
9.425401859737429758e-16
-8.855119465081624333e-16
2.626970922377413662e-04
-4.978591081364239874e-04
4.241390196272674484e-04
-3.260130456377985505e-04
2.273125442674222771e-04
-1.447370784523126599e-04
8.479403322714034689e-05
-4.607378094230101071e-05
2.341103965985712106e-05
-1.121702207878148548e-05
5.109852998641858647e-06
-2.231073140055490916e-06
9.408892791819468411e-07
-3.860193806858614628e-07
1.551166154044063565e-07
-6.153490939251263474e-08
2.457375580870862743e-08
-1.088319616479070841e-08
3.655749287866047993e-09
-2.061817064621170589e-10
3.950042187126519490e-10
-3.470011763540874284e-10
2.790867017850596367e-10
-2.048962258622891789e-10
1.366849890402600867e-10
-8.229140170989090786e-11
4.426773286258215470e-11
-2.095528795729740684e-11
8.514701213849812500e-12
-2.836619196393014342e-12
6.962936874639872126e-13
-8.015257683646653531e-14
-2.431531559529783844e-14
1.518989687424105264e-14
-2.642805859854837366e-15
-6.678219233116112808e-16
4.023389331836401143e-16
-3.347538508511425469e-17
5.329535346446331312e-01
5.214942749962408336e-03
-3.311911005219560688e-05
1.971333918550026121e-07
-1.095423768997910568e-09
5.815833651154345444e-12
-3.135877411525286049e-14
1.927122175031042414e-16
-1.520193847432050336e-18
2.292236233708124539e-20
7.934096077616539233e-01
1.844179114257921692e-01
-6.743165461289511720e-02
1.555579900574642453e-02
2.134059042367397567e-03
-5.019881379401729127e-03
3.388165528901142774e-03
-1.478404858270577224e-03
3.732164049767732524e-04
4.402397998291798407e-05
-1.142757896073041555e-04
7.491268221040023561e-05
-3.025370176372011889e-05
5.900843379523017671e-06
2.224203261380676613e-06
-2.835000726363029270e-06
1.486402198897454702e-06
-3.913474174502184669e-07
1.444049812102543453e-08
9.467346712712397805e-01
1.781401784515873263e-02
-2.986024845164672072e-03
5.025682096400888206e-04
-8.501801073050848701e-05
1.444965346142358293e-05
-2.462498636708946099e-06
4.195403887661183131e-07
-7.122506913996783002e-08
1.201140269813365734e-08
-2.006145215161445007e-09
3.308208507229958322e-10
-5.366652981676315178e-11
8.523829451534674215e-12
-1.316677665742839477e-12
1.957852520448141287e-13
-2.753568617115570081e-14
3.568370304451501842e-15
-3.834738162373211320e-16
9.828720109030982810e-01
1.297246015491913644e-02
-4.912580586163527163e-03
1.860376852141990608e-03
-7.045308752303248252e-04
2.668173746010045434e-04
-1.010543708119544234e-04
3.827734685298958051e-05
-1.450113533230267347e-05
5.495077623387498888e-06
-2.083082136335331035e-06
7.900572027269529343e-07
-2.998453823656032481e-07
1.138957761474998137e-07
-4.331998589372171960e-08
1.653683421791157827e-08
-6.432186402535084396e-09
2.798154677470545031e-09
-9.316847326820558058e-10
9.961368995294003215e-01
3.859366184573732959e-03
3.730676259083737764e-06
3.606277477868233990e-09
3.486026712772301921e-12
3.369818799069938729e-15
3.231719815706036227e-18
2.221934392875379386e-20
-1.344689247204397065e-20
9.037624823016184536e-21
-5.767651934907746543e-21
3.461818190173140277e-21
-1.963629158791170588e-21
1.051787024239714173e-21
-5.269492048507308221e-22
2.457712988484915309e-22
-1.050454587281214703e-22
4.468332811436712669e-23
-1.457772826692211647e-23
1.076744145299256994e+00
1.334130660618436034e-03
-1.743799317574371957e-05
1.560918542037656791e-07
-1.246184324107980903e-09
9.631631893880128585e-12
-7.568064523278557328e-14
6.243918309982413933e-16
-5.490061200139361444e-18
5.605627565599015198e-20
1.067275516328683338e+00
-2.810360311515430407e-02
-6.226229734743678017e-03
8.774148605971076112e-03
-3.876316452465274759e-03
3.528902072671814632e-04
8.028773674834553589e-04
-7.236448603043829208e-04
3.600818317596206483e-04
-9.957835800916907778e-05
-1.091309672592496892e-05
3.232651021474220880e-05
-2.220726397588936453e-05
9.412950379010581999e-06
-2.055051965161770749e-06
-5.563384169868186775e-07
8.609087564967243515e-07
-5.693643334262951709e-07
2.042227328971091073e-07
1.027345540066208596e+00
-9.322462816755737805e-03
1.569077497699649607e-03
-2.577754974937030439e-04
4.074754290533777305e-05
-6.091297393546015003e-06
8.398862081617803756e-07
-1.016351851727759998e-07
9.284839236853667464e-09
-1.166637350217926728e-10
-2.349712888619749159e-10
8.257092941009026485e-11
-2.089177949629183795e-11
4.607414883259902925e-12
-9.374226124754809931e-13
1.802365259297430424e-13
-3.315654415353229807e-14
6.037447495841047976e-15
-9.998074881142899592e-16
1.008662706476765702e+00
-6.617642145878665887e-03
2.527640152117338959e-03
-9.654096811820938847e-04
3.687030592564584743e-04
-1.407933906558614249e-04
5.375026000190872091e-05
-2.051143245735933185e-05
7.821957440283248256e-06
-2.979748372101789386e-06
1.133382312658875402e-06
-4.301691471945791076e-07
1.627985937548549906e-07
-6.138456034973635246e-08
2.304425463136203628e-08
-8.619649208083549187e-09
3.251699778197068557e-09
-1.353503609928901844e-09
4.370503643372844804e-10
1.001937053447043091e+00
-1.937053447043140348e-03
-8.737845050229309627e-20
7.810633189799158595e-20
-6.671610393961462649e-20
5.442274607714638959e-20
-4.236355196587446507e-20
3.143590900255285102e-20
-2.220901684971244542e-20
1.491484577112411239e-20
-9.502793685272005123e-21
5.730393763212785010e-21
-3.260759996029496220e-21
1.744275282257157956e-21
-8.729838079541314147e-22
4.066568549897778388e-22
-1.765737401854389922e-22
7.585092475324756001e-23
-2.345615773406002807e-23
5.802907268170426347e-01
