1.494278709152585316e+00
-2.331186018545955072e-02
1.686423144923196264e-04
-1.327173597560148199e-06
1.222667687038474251e-08
-1.300264795019076619e-10
1.500463571158098550e-12
-1.793478848818041656e-14
2.179754129457940555e-16
-2.732208138552870777e-18
4.674336430853477387e-01
-6.718297488923901106e-01
3.034162208369012292e-01
-7.914139860493088485e-02
-6.599364703606495040e-03
2.196997264743604308e-02
-1.499264816554568558e-02
6.476848734158724592e-03
-1.630369449586675399e-03
-1.483215710981366413e-04
4.373595350053833771e-04
-2.805870693298103411e-04
1.105081036521836986e-04
-2.229012971065082860e-05
-5.496716266905742240e-06
7.486115159918961110e-06
-3.510354251972263856e-06
4.585112478794335107e-07
2.537750480580724959e-07
8.550944664386040533e-03
-1.083381986268992445e-02
4.225694914151232467e-03
-1.222589786775016285e-03
2.908796614984925566e-04
-6.081569083177526872e-05
1.169042239071409370e-05
-2.129386451168064864e-06
3.743464694526887811e-07
-6.412361472395851908e-08
1.073923329300838591e-08
-1.757695020810467826e-09
2.802854190890256697e-10
-4.330859247835404892e-11
6.427109844800062748e-12
-9.021336637573771431e-13
1.161576333099232524e-13
-1.268526032887390155e-14
8.980094885856724494e-16
1.119436918203334648e-04
-2.141568051705226362e-04
1.875523357769596860e-04
-1.506790734050705946e-04
1.113894188961909147e-04
-7.607042358908367168e-05
4.821346656444263268e-05
-2.850487668616177986e-05
1.580587005172360123e-05
-8.266429425879165643e-06
4.101284426966254592e-06
-1.941600751153672575e-06
8.822057343679780517e-07
-3.869674185960887240e-07
1.648431364351829027e-07
-6.874625056810427568e-08
2.865508372280746660e-08
-1.317442434184490557e-08
4.514065251365405572e-09
-1.970530878535908730e-10
3.801813467990882285e-10
-3.411794092224823939e-10
2.845495326925631494e-10
-2.201731043563277033e-10
1.576429131287851254e-10
-1.040620656506012139e-10
6.300889063793128148e-11
-3.474647202384493702e-11
1.727428861571704505e-11
-7.625296197531855479e-12
2.916028119240875118e-12
-9.233101603485790822e-13
2.177551253259708930e-13
-2.434401106392518011e-14
-7.420405063322713209e-15
4.727510891056517481e-15
-8.428927550120232981e-16
-1.298559329474938436e-16
4.508858484241881626e-01
7.619042200125836391e-03
-4.257244186276008379e-05
1.530138052815697959e-07
-1.247992960230115496e-10
-1.804463257496008278e-12
-6.544654715108202032e-15
4.162640580849082572e-16
-6.719648037709092513e-18
1.056865491960120731e-19
7.911571332284770275e-01
2.213008657245503774e-01
-9.820467238672174470e-02
2.970620796752435414e-02
2.159267803407055922e-05
-7.573429367946275456e-03
6.054294046321540348e-03
-2.855080361334746269e-03
6.990565422337241585e-04
1.737981775942780882e-04
-3.028478086153872911e-04
1.823455200637375613e-04
-5.950429303386514261e-05
-1.951578013131140871e-06
1.659821040387299059e-05
-1.167448637703785456e-05
3.933792450528810149e-06
8.881627340861097382e-07
-1.143181107470013172e-06
9.575265361728418911e-01
1.429855815983737712e-02
-2.419574412808458714e-03
4.140630328719585151e-04
-7.216699971803123138e-05
1.287446406469501279e-05
-2.350786244911195775e-06
4.369040240090784861e-07
-8.194044976967355264e-08
1.537410897802839968e-08
-2.866138361184517182e-09
5.284441422088241363e-10
-9.606885332549143620e-11
1.718324267107153280e-11
-3.017818315838259012e-12
5.191602443416242931e-13
-8.723902454472206272e-14
1.460213989212256938e-14
-2.245754910496305292e-15
9.863929898764316473e-01
1.032402251125677690e-02
-3.916569054433898314e-03
1.485816058373753360e-03
-5.636758433936484578e-04
2.138474829990649794e-04
-8.113324161736773922e-05
3.078437334252158642e-05
-1.168225370357231669e-05
4.434372063286062761e-06
-1.683889472164475392e-06
6.398333082162874427e-07
-2.433463467845298552e-07
9.267823019236682533e-08
-3.537409002806752714e-08
1.357112723931441757e-08
-5.318472613696482370e-09
2.339678759763709435e-09
-7.851474445242161704e-10
9.969364595093814785e-01
3.061191204756090987e-03
2.347484305066294834e-06
1.800175877378052661e-09
1.380470562989257133e-12
1.058693497881783251e-15
7.506995429832327094e-19
4.839864593234935485e-20
-3.588038228341859624e-20
2.588461160498115561e-20
-1.792155507469817242e-20
1.188245395879461994e-20
-7.536090443015111935e-21
4.569161141355008020e-21
-2.643451639868202481e-21
1.468702706908010866e-21
-7.938876888577395270e-22
4.474079339337947144e-22
-1.660021230267350024e-22
9.664744418756093802e-01
3.976519523707666183e-03
-3.980108564365588439e-05
2.990155374492103680e-07
-2.076161402605083357e-09
1.632439628718151776e-11
-1.644832255280273570e-13
1.955003245184378313e-15
-2.429077596460013764e-17
3.154724416529137946e-19
1.033819552216609594e+00
1.291083159904612629e-02
-2.972259716118691442e-02
1.964416377212543571e-02
-6.747198921305127065e-03
-4.790802491843611341e-04
2.437903921969727938e-03
-1.889488935302216250e-03
8.703402932087826033e-04
-1.939127623507789632e-04
-7.306467725839475521e-05
1.059190940830348200e-04
-6.270537010981497793e-05
2.116771456748017431e-05
-4.728934364650820394e-07
-4.688099315667428301e-06
3.338998645442076854e-06
-1.138382729149702174e-06
1.346130144762411911e-07
1.021704913461473518e+00
-7.423599850454246432e-03
1.260084968372182212e-03
-2.103310492168366228e-04
3.402542359957943841e-05
-5.221964363448784889e-06
7.344674486530553006e-07
-8.788479736914996893e-08
6.799640008957187201e-09
5.142992571210707570e-10
-4.115947585429367364e-10
1.301181008763816263e-10
-3.286054887907828913e-11
7.437769875356033450e-12
-1.572367479521429661e-12
3.165084214768473650e-13
-6.134692665354252950e-14
1.188711036882683439e-14
-2.091194316719084875e-15
1.006869474673974585e+00
-5.247805689681099908e-03
2.004472896378871934e-03
-7.656313473720470497e-04
2.924374968402870573e-04
-1.116950660069892425e-04
4.265903464028191421e-05
-1.629086343511068326e-05
6.220135392717746515e-06
-2.374243433444897672e-06
9.058163117534179720e-07
-3.453255681739219096e-07
1.315019927373972701e-07
-4.999796381874951151e-08
1.897266199932637257e-08
-7.193871461800690287e-09
2.761429652476089413e-09
-1.175514680261917197e-09
3.853247923793953778e-10
1.001536061386050447e+00
-1.536061386050389813e-03
-6.014862072054623621e-20
5.479802140405804137e-20
-4.808120141979131715e-20
4.061712466375639804e-20
-3.301957386197023962e-20
2.581759864004511358e-20
-1.940167337507223552e-20
1.400149660750532046e-20
-9.693531097424581083e-21
6.430448756850415794e-21
-4.081821652140623471e-21
2.475756063605906651e-21
-1.433832838249145209e-21
7.953808045897510656e-22
-4.305281687220821599e-22
2.438454818160789815e-22
-9.049492299311284519e-23
1.225614035087719822e-01
