7.975747271660882376e-01
-6.745143300381301749e-03
2.853773384033670777e-05
-1.258854489059241330e-07
5.777476561936349544e-10
-2.755388466572059862e-12
1.363549611494900163e-14
-6.979799308876203412e-17
3.752761343656926857e-19
-2.638689984722740922e-20
3.194237662345814632e-01
-3.729524736582586208e-01
1.166091879475039811e-01
-9.424196674889405781e-03
-1.327896566314475113e-02
9.859383190424465468e-03
-4.009329791715737952e-03
8.914601573446408493e-04
1.072753857380944392e-04
-2.191535104980594953e-04
1.221914531614547682e-04
-4.124857000844820635e-05
5.774387074546402796e-06
3.290641053666990210e-06
-3.107230784346787090e-06
1.446651941914214836e-06
-3.898551205602233606e-07
-3.604217387745327360e-08
6.560674665571905984e-08
1.926703979857227050e-02
-1.995665579831686076e-02
6.127229455648483016e-03
-1.411664149365578474e-03
2.746206951538593855e-04
-4.828903191331689672e-05
7.968220502868319989e-06
-1.254058115372488018e-06
1.885853205253015777e-07
-2.686343796828664745e-08
3.550226925874526264e-09
-4.153992337990340326e-10
3.740289774048721819e-11
-7.434627614728449645e-13
-7.833494555539627328e-13
2.741273185532214178e-13
-6.744067272416111476e-14
1.488179773948795055e-14
-2.800169231208259241e-15
5.876737282120167655e-04
-1.103107692413373255e-03
9.138696313221055835e-04
-6.721891559840457867e-04
4.427020420791783080e-04
-2.636985140334965221e-04
1.436119333749877097e-04
-7.231171453941997540e-05
3.404191696566773189e-05
-1.514851050633414739e-05
6.439514102707516079e-06
-2.640833650941765611e-06
1.054098951196474271e-06
-4.126490942728887385e-07
1.594462385001987901e-07
-6.122097148896738785e-08
2.376986484625582108e-08
-1.025726302147881325e-08
3.395403855394051461e-09
-1.378300436907937641e-10
2.622948936055300520e-10
-2.257772678626556494e-10
1.753595285206470598e-10
-1.223262185851310542e-10
7.607375058951164932e-11
-4.169514474634625186e-11
1.977557795600351539e-11
-7.865758988250491135e-12
2.464833762267054813e-12
-5.131045045750391109e-13
1.376142753891665545e-14
3.698573037775217311e-14
-1.286194551059308131e-14
1.429083400669808404e-16
1.262007255303971843e-15
-3.060641295635513480e-16
-7.955739976766146150e-17
4.943732075896759811e-17
6.229548227180310427e-01
2.435103278259611627e-03
-1.019271178378886626e-05
4.296145262671347234e-08
-1.775264454227853908e-10
7.185306486315331150e-13
-2.865940897780000281e-15
1.136978575826420987e-17
-3.091033305841164212e-20
-4.019485836797328186e-21
8.029792384917553427e-01
1.452798470509701623e-01
-3.887424884402005537e-02
2.972851215425065252e-03
4.432086967377918234e-03
-3.427406514031518768e-03
1.480493458613723213e-03
-3.633661017848280198e-04
-2.758431577033838684e-05
8.357754474663124297e-05
-4.945989012801022233e-05
1.701124769956473739e-05
-2.088172748866560874e-06
-1.709973128654825789e-06
1.470426327339483641e-06
-6.331773757806253686e-07
1.331649291549320625e-07
5.076047911432051284e-08
-4.316418767426228569e-08
9.388219077264234880e-01
2.030686861429680315e-02
-3.357081628314524582e-03
5.511171526088322033e-04
-8.956265109796214693e-05
1.437022505023137647e-05
-2.271449734322004831e-06
3.528772065313105715e-07
-5.369091978098184557e-08
7.953189830291563571e-09
-1.135038568466301348e-09
1.531156360843223762e-10
-1.877124514721564547e-11
1.883308494530744315e-12
-8.813195216859064580e-14
-2.537100570547946142e-14
1.118736804133648001e-14
-3.183715322236216791e-15
6.940268058485681524e-16
9.802586421567525132e-01
1.493186027174945099e-02
-5.646985395297645510e-03
2.135558789464067977e-03
-8.075899319916000473e-04
3.053807216305494854e-04
-1.154629261340949783e-04
4.364776311906782582e-05
-1.649511727848435890e-05
6.231096233094668358e-06
-2.352435009928247274e-06
8.874281399840992615e-07
-3.344456008127203911e-07
1.258992493231882645e-07
-4.734392838360279273e-08
1.781732275410519760e-08
-6.805062479302965457e-09
2.891682681167353710e-09
-9.480647339165088218e-10
9.955415702608163553e-01
4.453454711215719050e-03
4.969476483514990898e-06
5.545289695658795563e-09
6.187822385282413946e-12
6.904802331360995764e-15
7.707148641886349551e-18
7.009043802236831662e-21
1.051841169097767288e-21
-6.729201733004474336e-22
3.900670967267689425e-22
-2.150518356117066288e-22
1.203776222265900242e-22
-4.617582050127063833e-23
1.644298000681188181e-23
-1.237563765989834239e-23
5.964466678024183076e-24
-3.736490043536263059e-25
-1.565230297717981703e-24
1.107108338930073099e+00
1.859274557958539241e-04
-3.148527995621903471e-06
2.097834981234892310e-08
-1.163922846631615651e-10
5.998703576122483808e-13
-2.991233728796313839e-15
1.475867206162288004e-17
-7.609010758908074516e-20
-6.130190994792579421e-22
1.077684178650053504e+00
-3.581427901312377732e-02
-6.384905594211280405e-04
4.490339298100085724e-03
-1.747727429787385286e-03
-8.813705289893660434e-06
3.821858099254343377e-04
-2.383473993338340396e-04
7.263883664911183896e-05
2.430127634344226470e-06
-1.667591103882050334e-05
1.060223887961566252e-05
-3.707826349488583923e-06
3.648003177967800403e-07
4.831791927952814543e-07
-3.881649873540894590e-07
1.564429041391430444e-07
-1.708078865809581073e-08
-1.137029195433690613e-08
1.031483135302843968e+00
-1.062721615559292405e-02
1.745021138400399676e-03
-2.735274886889524490e-04
4.005450412934499229e-05
-5.319820327112468209e-06
6.029793984303614563e-07
-4.725873178834036357e-08
-1.343069590220605377e-09
1.719392445673987206e-09
-5.147767195167502537e-10
1.183125656169668550e-10
-2.393709083812094265e-11
4.454657271424951207e-12
-7.757459589474189024e-13
1.270390569454036499e-13
-1.948776714132130933e-14
2.796040566799894099e-15
-3.472029246843416647e-16
1.010002520714369911e+00
-7.640728620689718649e-03
2.918040082273894945e-03
-1.114214179460890032e-03
4.252991562063191690e-04
-1.622363643561684830e-04
6.182207998463616150e-05
-2.351871357208288251e-05
8.924845531196839204e-06
-3.374881286010295006e-06
1.270174919096669224e-06
-4.751569929641983249e-07
1.764294342233137883e-07
-6.493118635897105488e-08
2.365498529478318629e-08
-8.528690437814995524e-09
3.071756671428156695e-09
-1.203146395447238044e-09
3.722999545643392253e-10
1.002236729001189985e+00
-2.236729001190016636e-03
-4.924199464151343035e-20
4.321697347214105850e-20
-3.596792836871626835e-20
2.836030108347605598e-20
-2.115873095805653132e-20
1.491201718735507449e-20
-9.906863086345917589e-21
6.187606158034872499e-21
-3.620812338369542031e-21
1.976352912970529355e-21
-1.000391560306721335e-21
4.658987481840684354e-22
-1.973977995305070314e-22
7.477733813580839248e-23
-2.458401320236300066e-23
6.795395287424001000e-24
-1.313131176487411427e-24
7.203609022556390906e-01
