1.481524856728128059e+00
-2.324733795970094011e-02
1.699556658658278705e-04
-1.351236924008814205e-06
1.252819390013856634e-08
-1.337453691271448324e-10
1.549827057525572067e-12
-1.862525782555957340e-14
2.276489576213171947e-16
-2.813146823527679618e-18
4.634124199682371215e-01
-6.654718697359464086e-01
3.005788351254688462e-01
-7.873935541104980229e-02
-6.171335772808080565e-03
2.157285942078578100e-02
-1.482459795624202319e-02
6.462392477219362080e-03
-1.666033003606654178e-03
-1.172793114083334052e-04
4.234914227626669571e-04
-2.784674619576043468e-04
1.126568980623045892e-04
-2.452023669552131925e-05
-4.343780446179089267e-06
7.174696191898659126e-06
-3.571816274966746868e-06
6.198666376513742470e-07
1.688119731105562998e-07
8.600887816637568101e-03
-1.086559283202279298e-02
4.222458906239623389e-03
-1.217290238342023196e-03
2.887111502528199865e-04
-6.020746857760775355e-05
1.155045779443667830e-05
-2.100715745338705503e-06
3.688742175662445341e-07
-6.312534158495214949e-08
1.056307631471222067e-08
-1.727533261536250974e-09
2.752884791322554728e-10
-4.251354128144802812e-11
6.307241815397540912e-12
-8.854355983156116704e-13
1.141302482836791729e-13
-1.251438848617179103e-14
9.004891150473700389e-16
1.144265347615295648e-04
-2.188493652339179162e-04
1.915140350354602877e-04
-1.536703744133283687e-04
1.134119661219621647e-04
-7.729588306209278004e-05
4.887812850185541222e-05
-2.882597972425567811e-05
1.594219265065332142e-05
-8.315536894745468240e-06
4.114751242891857006e-06
-1.942997212294601784e-06
8.807114361667404184e-07
-3.854553296542824030e-07
1.638725577847275152e-07
-6.822198572856691815e-08
2.839300409798276905e-08
-1.303626096499847827e-08
4.463525596752905437e-09
-1.965049870211526980e-10
3.790466503422647619e-10
-3.399514808714491227e-10
2.832290630422650480e-10
-2.188218442269016439e-10
1.563607626465923028e-10
-1.029491487539053122e-10
6.213174108355644732e-11
-3.412224521738377369e-11
1.687568201003096341e-11
-7.398930507989042576e-12
2.803289724515685051e-12
-8.752188218162577639e-13
2.009561161707783910e-13
-2.002921252591252890e-14
-7.927578606322637704e-15
4.548475382244660465e-15
-7.254853746293352894e-16
-1.557436735518121049e-16
4.522467006579253268e-01
7.618116338619581457e-03
-4.338316023742395060e-05
1.636813649290062733e-07
-1.988524059814794226e-10
-1.540563901093560316e-12
-6.448193381118161963e-15
4.167462620376740149e-16
-6.861596948422129753e-18
8.369410815233593846e-20
7.908703911466928860e-01
2.204082208070460847e-01
-9.741355167084449207e-02
2.944013913230607640e-02
-5.673781290918700887e-05
-7.419048621950296088e-03
5.960149359548212906e-03
-2.833530654628436864e-03
7.141382495766695647e-04
1.540321569035641889e-04
-2.915801880474752118e-04
1.795339233163291046e-04
-6.081631741164890062e-05
1.557110894228834248e-08
1.539151952319707802e-05
-1.128730007494066351e-05
3.993297727347100831e-06
6.775888929349241816e-07
-1.027663661771498067e-06
9.570612170236590943e-01
1.445112118497813604e-02
-2.444388625153273362e-03
4.180034064788675625e-04
-7.275621612037153725e-05
1.295102047011384472e-05
-2.357393919834503361e-06
4.364521321797733449e-07
-8.151137504184791906e-08
1.522865535143399905e-08
-2.827493821135533880e-09
5.193569761690441449e-10
-9.409186257405550996e-11
1.677667028480411338e-11
-2.937857861658391530e-12
5.040275416185767149e-13
-8.447405879539493936e-14
1.410081532638393683e-14
-2.163174878415074226e-15
9.862417186864866903e-01
1.043800531443519856e-02
-3.959510228529076158e-03
1.501992870969544704e-03
-5.697698326263014824e-04
2.161431535513756556e-04
-8.199807452387430505e-05
3.111020474079242022e-05
-1.180503229848458385e-05
4.480648072385121136e-06
-1.701336438661161899e-06
6.464131289554337296e-07
-2.458282077865032110e-07
9.361417925726318387e-08
-3.572678769951259182e-08
1.370400199877592701e-08
-5.369095109302018724e-09
2.360984154817076711e-09
-7.920693536715167689e-10
9.969021672406485068e-01
3.095430763998508698e-03
2.400132895459352431e-06
1.861013330736652430e-09
1.442991100482837928e-12
1.118938801730219681e-15
8.080202149866999120e-19
4.713908747588344767e-20
-3.485165162551095491e-20
2.509920920291763814e-20
-1.732586418545931858e-20
1.145605777168499556e-20
-7.249791700168664759e-21
4.379835993129257865e-21
-2.522992936393409918e-21
1.392282759338693557e-21
-7.478325721204918979e-22
4.213360590063397209e-22
-1.561288943504548688e-22
9.714447956019902630e-01
3.912026123980054393e-03
-3.988342489350822612e-05
3.057595845067504104e-07
-2.165754558057169812e-09
1.718505356465524312e-11
-1.724812314372737281e-13
2.043284373476893736e-15
-2.541924171143281254e-17
3.100340095498740927e-19
1.035459782129260375e+00
1.086596100997242777e-02
-2.865839939062966163e-02
1.926779090883142670e-02
-6.738459253622936483e-03
-3.716411049714576074e-04
2.346125245234087497e-03
-1.847261561717808550e-03
8.640593427074957662e-04
-2.016381793654147697e-04
-6.499691328009530656e-05
1.018115720687483479e-04
-6.186016630247722194e-05
2.173360004478584869e-05
-1.185934705797763529e-06
-4.284909723462230174e-06
3.241488050608506634e-06
-1.211988743436577439e-06
1.947116053622629683e-07
1.021946461625645730e+00
-7.506056268602303259e-03
1.274036611064901679e-03
-2.126636686613949507e-04
3.441284872926272790e-05
-5.287212671260155028e-06
7.459977779678950387e-07
-9.008747243262809591e-08
7.255122843432580237e-09
4.151425581016819690e-10
-3.896430146341492856e-10
1.252968016509818666e-10
-3.182348997593459345e-11
7.220430011307978785e-12
-1.528050940605531543e-12
3.077164001408246390e-13
-5.964781598808275297e-14
1.155686857975996604e-14
-2.032844909580197038e-15
1.006945969404850150e+00
-5.306241902005739801e-03
2.026792986221184062e-03
-7.741563846918136883e-04
2.956933803890728638e-04
-1.129383986735217214e-04
4.313372004690545718e-05
-1.647201796221789896e-05
6.289223121085636067e-06
-2.400563798933050953e-06
9.158276356189544630e-07
-3.491248842829996639e-07
1.329394188285165467e-07
-5.053966796460573036e-08
1.917587879300627415e-08
-7.269840364127651257e-09
2.790097249820653247e-09
-1.187475827118910232e-09
3.891966361980778141e-10
1.001553166223927427e+00
-1.553166223927379382e-03
-6.035018387737364405e-20
5.495160079774943372e-20
-4.817878646913921021e-20
4.065881545283441489e-20
-3.301250218781644230e-20
2.577366579037559965e-20
-1.933477681746376007e-20
1.392493569221153888e-20
-9.618108358187216846e-21
6.363504113892236835e-21
-4.027156895015062206e-21
2.434208202449972733e-21
-1.404173955370686858e-21
7.752498512035999222e-22
-4.171970808289005297e-22
2.347382088773204621e-22
-8.678892352300145381e-23
1.650827067669172754e-01
