1.537329208951295767e-01
-6.453036618259171608e-05
1.167342563748352870e-08
-2.106001807242488443e-12
3.841192342829328401e-16
-7.074324932907997375e-20
1.594699079209910396e-22
-2.177945222069037317e-22
-1.823706029013919610e-22
2.532616309176266829e-22
1.301631957768970838e-01
-2.872530844950209675e-02
-4.193307811666572779e-03
1.047825612090219497e-03
-3.656320306339754879e-06
-2.279813905197523708e-05
2.257789512396764923e-06
2.902439739773210632e-07
-7.867627961000180375e-08
1.121900233364392961e-09
1.668535081180479495e-09
-1.886896601090514150e-10
-1.946194441832339260e-11
6.216375935948249046e-12
-1.665474073013309069e-13
-1.260508637077665398e-13
1.627637522430109418e-14
1.314629341383343472e-15
-5.055528618276287827e-16
6.673675680821923584e-02
-2.908500636630965280e-02
2.520094557496471363e-03
2.861670375909568226e-05
-3.864109146685586351e-05
5.776071756401685142e-06
-4.190044101521008488e-07
-9.338937620685515757e-09
7.260321359807952513e-09
-1.077894146148708658e-09
7.939395415302902529e-11
1.679311454005899058e-12
-1.385105275736332150e-12
2.087629143845893348e-13
-1.568649695043284971e-14
-2.865205478929763547e-16
2.680821210791825468e-16
-4.106200408840567908e-17
3.161003717171350506e-18
8.450315656991939928e-03
-1.452019354038401426e-02
9.440943507607898674e-03
-4.825871705936740294e-03
2.003255246749389377e-03
-6.886788139453763448e-04
1.954258594282982421e-04
-4.289701593195182928e-05
4.766754648212135653e-06
1.849609633007838597e-06
-1.746534894447052212e-06
9.287437279774347387e-07
-4.071956578754215893e-07
1.592801854124973065e-07
-5.683876673503740572e-08
1.847177179541033704e-08
-5.325244925649893086e-09
1.286801703245158652e-09
-2.125246305857572788e-10
3.106279268247892647e-06
-5.685714626545495096e-06
4.339184903406950070e-06
-2.720613043457840612e-06
1.357148373360492273e-06
-5.016746095351670711e-07
1.110746891439553707e-07
2.558653436148686845e-09
-1.085257706269270895e-08
2.151129495706884273e-09
8.532994717171857547e-10
-3.735459922390763209e-10
-8.023544999987653943e-11
5.635573119759061443e-11
1.130373006372091210e-11
-8.553264298069397110e-12
-2.459229542154683388e-12
1.110662168197598321e-12
5.638509820705699598e-13
8.647611414597019541e-01
3.143347294023829782e-05
-4.834905099055894404e-09
8.059882800622721381e-13
-1.408514274532567131e-16
2.536898646838076551e-20
-3.288144475707557761e-24
-6.774804823019355802e-24
1.605503306383533527e-22
-1.261227458948276626e-22
8.767155182364027022e-01
1.471499338471220913e-02
2.346456264776963611e-03
-4.590244791592950745e-04
-3.435837326677500443e-06
9.339454001051986234e-06
-8.059515903437592536e-07
-1.176026894569918984e-07
2.855420801591276023e-08
-2.480398962777295567e-10
-6.030377844353807570e-10
6.529369530041948283e-11
7.041091292904416214e-12
-2.179250480436936089e-12
5.732809123734397794e-14
4.414985706420793912e-14
-5.739204151404270918e-15
-4.531540004710022688e-16
1.783295700414530719e-16
9.121743657209937517e-01
1.796337909741258648e-02
-9.651588552299000595e-04
-5.516755386484636345e-05
1.951602358648900124e-05
-2.326306395745814710e-06
1.257181954237486736e-07
8.748190800506149756e-09
-2.983947225031727095e-09
3.745436891622189942e-10
-2.291578506647701938e-11
-1.140377741176615208e-12
4.986759105256211699e-13
-6.865508997524224570e-14
4.799521228366532657e-15
1.328606103148863209e-16
-8.946359442637870494e-17
1.341860397221659314e-17
-1.041963333620029747e-18
9.666413057237995821e-01
2.446605614493355466e-02
-8.745013380730543712e-03
2.993463864925342745e-03
-9.572130985933540196e-04
2.751017582547203859e-04
-6.564385313507225281e-05
9.766746197355175095e-06
1.522596644325917040e-06
-2.146953952999248348e-06
1.205222715287111178e-06
-5.252212368092072328e-07
1.983652331614023544e-07
-6.724404236462351354e-08
2.059094122452996497e-08
-5.580753300829304403e-09
1.225760930652579247e-09
-1.189621498312094104e-10
-3.740849931587994803e-11
9.922941682403106922e-01
7.690958094024504671e-03
1.484500114339828567e-05
2.857636056643290128e-08
1.098440628948601533e-10
-3.457958665340295376e-11
1.959207116974857725e-11
-9.676943842525957031e-12
4.074126911222811287e-12
-1.393845133997601351e-12
3.459594222924747246e-13
-3.744186313701376230e-14
-1.410334886478078828e-14
8.074576345468851017e-15
-1.169821009856823876e-15
-4.814448941627200902e-16
2.478300889168900422e-16
4.510575217508081036e-18
-2.842065316832880233e-17
1.067395341939431308e+00
-1.387716266919984968e-05
1.755815661535310645e-09
-2.254101715478961060e-13
2.799313671500156301e-17
-3.231179688272866819e-21
3.900983430387994639e-23
2.174801879584069010e-23
-8.296400515954543635e-23
4.510275004089583261e-23
1.061934644841300512e+00
-6.772513447757780476e-03
-1.146222747084084176e-03
1.881025918082269044e-04
5.027748636727119321e-06
-3.493029238155506594e-06
1.659869541235036584e-07
4.763128399548936032e-08
-6.097744219835410350e-09
-4.174961583818957677e-10
1.310796406884461390e-10
-1.976499618306683589e-13
-2.322208075121755652e-12
1.096833850185079096e-13
4.084389623250850195e-14
-3.868948577676049837e-15
-7.788636308559982299e-16
1.256416044316810005e-16
1.373639866796179289e-17
1.044884988047785956e+00
-8.960181667448417070e-03
4.107006092454335705e-04
3.910111112331006119e-05
-1.004390549597525067e-05
9.618143263296577359e-07
-2.021023263475122239e-08
-8.354185636100351809e-09
1.445702532700896469e-09
-1.096888371092314928e-10
-1.659640638865222573e-12
1.618642156378244186e-12
-2.205149972106272140e-13
1.222685439051231809e-14
1.044075890795059525e-15
-3.222467437368833187e-16
3.541236931044284419e-17
-9.977076650732270931e-19
-3.250348146157795531e-19
1.016998904760014533e+00
-1.261675193615054667e-02
4.541854367481569163e-03
-1.553923974234188354e-03
4.905917684124863837e-04
-1.360531404108135303e-04
2.947612316902200615e-05
-2.609551634370579524e-06
-1.895882199057376996e-06
1.541284797384586395e-06
-7.661915002790243481e-07
3.099027434435535011e-07
-1.089875544416284663e-07
3.380453732491717188e-08
-9.042671167143105315e-09
1.880330202542247300e-09
-1.378361895178972415e-10
-1.747823934361178672e-10
9.876323576983703055e-11
1.003875297604201355e+00
-3.875297568054786573e-03
-6.583510573862848573e-11
5.169327649899771482e-11
-3.663916049449127342e-11
2.328938809192604524e-11
-1.314420117165101423e-11
6.485063885061642057e-12
-2.725802033879846798e-12
9.300205116274189680e-13
-2.295209437901888962e-13
2.415843523790965964e-14
9.686571800715078363e-15
-5.419953297683094461e-15
7.627668046907344293e-16
3.309144015733756144e-16
-1.662819280004558088e-16
-3.902051602557785612e-18
1.930865306901201042e-17
9.279649122807017703e-01
