1.207388795566425754e+00
-1.827060024159060311e-02
1.371716740898485613e-04
-1.104401392475862405e-06
9.753348407973655427e-09
-9.450287259593331583e-11
9.860321422658600803e-13
-1.081523226224701823e-14
1.223847682931575921e-16
-1.436654217517518840e-18
3.937338509146121046e-01
-5.430159621431662753e-01
2.330197458113050235e-01
-5.763670377368732695e-02
-5.532894374595838730e-03
1.605908131569494524e-02
-1.088578411608239968e-02
4.838589574865542232e-03
-1.377414838344046509e-03
3.475646226640257628e-05
2.562360891007760375e-04
-1.980250748600645471e-04
9.539727534506125357e-05
-3.105596010568938917e-05
4.090318905238025476e-06
2.992833536706466620e-06
-2.949252603720332053e-06
1.732551926792389195e-06
-5.997838177075157323e-07
1.068157430194887660e-02
-1.262820329200488485e-02
4.520244832070420896e-03
-1.204306618961543084e-03
2.665801341586972119e-04
-5.251661560540859196e-05
9.626943872497571725e-06
-1.687401469217202188e-06
2.869267014897819121e-07
-4.761143622481611194e-08
7.715476284472064186e-09
-1.218187259211490188e-09
1.865180756411230579e-10
-2.748068233121418841e-11
3.845111235953442733e-12
-4.982121894907854405e-13
5.634463390929021761e-14
-4.408981139680299030e-15
-8.188221789418466712e-17
1.976417084534914286e-04
-3.757236741950284258e-04
3.229924163036808457e-04
-2.518654540622945878e-04
1.789648223235533160e-04
-1.165403906006035978e-04
7.000356438345221833e-05
-3.906120116280547270e-05
2.039476842041384184e-05
-1.003851970439511717e-05
4.692823114812593412e-06
-2.099000705736710775e-06
9.047150841833806996e-07
-3.783578271724099169e-07
1.545469444498602003e-07
-6.215683524631138650e-08
2.511129403641675228e-08
-1.123375678271680567e-08
3.793827733066234390e-09
-1.993913378185924215e-10
3.828566814734846451e-10
-3.386369423803696847e-10
2.755551290450465521e-10
-2.057604418861334499e-10
1.404488007591243752e-10
-8.714394175670661053e-11
4.875218167279174415e-11
-2.429872009967564235e-11
1.059061357403304393e-11
-3.910773956681220368e-12
1.148527496937982678e-12
-2.249568325465386604e-13
3.785890851136404934e-15
1.675695960458656442e-14
-6.056998983182209473e-15
3.927015911308900997e-16
4.663007632961794290e-16
-1.641445398043881206e-16
5.012625288893591824e-01
6.333686529342408278e-03
-4.256556304933980806e-05
2.552096706687637869e-07
-1.362781716782271897e-09
6.759828587471633801e-12
-3.704831717108881954e-14
3.026756811339287896e-16
-3.573919330634449098e-18
6.582745585522638426e-20
7.907689869242349179e-01
1.974045918559467760e-01
-7.783045360386055267e-02
2.069169062571004150e-02
8.694625136598878356e-04
-5.468714647428906013e-03
4.131558746875693688e-03
-1.970547215949924186e-03
5.740740580359063143e-04
1.222039364723398889e-05
-1.407616180554796417e-04
1.035141517550366497e-04
-4.558460807747574466e-05
1.045405731422633604e-05
2.572616438396583221e-06
-4.189646889232921172e-06
2.358334797859193646e-06
-6.684467178982890111e-07
4.147260242856664524e-08
9.494667985468731031e-01
1.693024857751656079e-02
-2.845527477647992378e-03
4.812171815902235275e-04
-8.209016171525591388e-05
1.413706225396038280e-05
-2.453951048844193710e-06
4.278780059969645617e-07
-7.462804627814503274e-08
1.296811218186786522e-08
-2.237491426257948910e-09
3.821927512151848767e-10
-6.445008494524238669e-11
1.069643626435479568e-11
-1.740393254734931346e-12
2.761536147072023236e-13
-4.240859063916081035e-14
6.337997070845401502e-15
-8.559579134271107415e-16
9.837663400932198376e-01
1.230067344132609181e-02
-4.660285418663602172e-03
1.765629974041318852e-03
-6.689507692701719471e-04
2.534561262762814174e-04
-9.603677090646539996e-05
3.639300962119547785e-05
-1.379349044841421629e-05
5.229375751408279288e-06
-1.983373862036401438e-06
7.526880083518300891e-07
-2.858744541626392348e-07
1.086947970760553395e-07
-4.139677841893023897e-08
1.583209457907405051e-08
-6.174739673205342346e-09
2.696581908220618115e-09
-9.002584862362478169e-10
9.963402608715621334e-01
3.656388053194668721e-03
3.348006799015682983e-06
3.065634545188016263e-09
2.807077627594705671e-12
2.570372349859162262e-15
2.318209531118198153e-18
2.881605180349613051e-20
-1.919297227075700239e-20
1.319489164594469447e-20
-8.636401137974497492e-21
5.375421310941714322e-21
-3.163859786305421768e-21
1.762344754594082732e-21
-9.293021901445673060e-22
4.581603572927146055e-22
-2.130157286331187852e-22
1.015494861650353643e-22
-3.287263852568854769e-23
1.053989291493777403e+00
2.099740088883915098e-03
-2.680262309622715366e-05
2.488642206747950194e-07
-2.092478960026469898e-09
1.745053846289265108e-11
-1.538064032152136753e-13
1.481709750389832001e-15
-1.554862231853562314e-17
1.796878906596033365e-19
1.060653751100655962e+00
-2.057050831337222177e-02
-1.093863954056160416e-02
1.145723499642685786e-02
-4.963046828686859188e-03
4.660663531947049345e-04
1.066156428939406091e-03
-1.001602826265507928e-03
5.272983358784950935e-04
-1.638358403521474938e-04
-3.090232303361079605e-06
4.313357880586227015e-05
-3.305903553375413102e-05
1.536197476220971115e-05
-4.058625121128173400e-06
-4.370008919813338443e-07
1.254281967040456749e-06
-9.539863022422683243e-07
3.687993762421618822e-07
1.025912513263858239e+00
-8.848492593343578599e-03
1.495786328597767303e-03
-2.478442934163060029e-04
3.972244125211240077e-05
-6.057065548657314466e-06
8.584865645335372487e-07
-1.082821982032249556e-07
1.078455052153869220e-08
-3.843656860585524877e-10
-1.968811480595973937e-10
7.904580268414289418e-11
-2.107747561853830968e-11
4.818171312408522030e-12
-1.010761725539577035e-12
2.000968380526944210e-13
-3.792881006464689433e-14
7.146079013514905971e-15
-1.223200692449371805e-15
1.008204901035024248e+00
-6.267949609738188849e-03
2.394104762214505685e-03
-9.144333083116270742e-04
3.492553014713955660e-04
-1.333826223931236705e-04
5.093210270190413669e-05
-1.944340272491927997e-05
7.419372879027267729e-06
-2.829227395703789839e-06
1.077763782462432759e-06
-4.099549161398136739e-07
1.556174602318849415e-07
-5.891229195808080811e-08
2.223006959308052521e-08
-8.369069935420093342e-09
3.183429653460830138e-09
-1.339456014056762614e-09
4.356827666265856906e-10
1.001834677529209072e+00
-1.834677529208939960e-03
-7.502395714038583817e-20
6.747414260213845892e-20
-5.813511550207679238e-20
4.796071748813438402e-20
-3.786075892875004439e-20
2.857462244439459709e-20
-2.059680288420651454e-20
1.416062929058767326e-20
-9.271258298328373832e-21
5.769327928467455978e-21
-3.404150290203192270e-21
1.898998350387578959e-21
-9.981875883253188388e-22
4.932229440989899421e-22
-2.309845354066200447e-22
1.097683701264640845e-22
-3.652301883882379362e-23
5.027518796992480610e-01
