1.484066077779794268e+00
-2.326156407471373019e-02
1.697148115376222134e-04
-1.346674507012683172e-06
1.247075135173337247e-08
-1.330380550488092738e-10
1.540450706887799841e-12
-1.849381368503110871e-14
2.258267703207726888e-16
-2.872997608140443017e-18
4.642068964364776673e-01
-6.667327680498730258e-01
3.011470026979769510e-01
-7.882478020441265054e-02
-6.253064395355982345e-03
2.165085980101716032e-02
-1.485836203715841519e-02
6.465898227979142814e-03
-1.659376077625758202e-03
-1.232756436948552860e-04
4.262292050814623658e-04
-2.789218506418448401e-04
1.122606461028655849e-04
-2.409182629123475525e-05
-4.569778784530539905e-06
7.237954421789887585e-06
-3.561201316563396767e-06
5.884816468720895331e-07
1.855761003146666376e-07
8.590624430217406668e-03
-1.085890048263072130e-02
4.222968098799127420e-03
-1.218305692256074551e-03
2.891328403437233140e-04
-6.032629488558294371e-05
1.157785948625019440e-05
-2.106335983789690339e-06
3.699480868886774207e-07
-6.332146189256434942e-08
1.059772857659848096e-08
-1.733475656919920607e-09
2.762749012491581466e-10
-4.267090673001647450e-11
6.331060568639311289e-12
-8.887752271162368320e-13
1.145410691572606334e-13
-1.255063603613457356e-14
9.005179202527146155e-16
1.139244961163386462e-04
-2.179005669134989034e-04
1.907131326309870461e-04
-1.530657759235777484e-04
1.130032529572443187e-04
-7.704826493072785307e-05
4.874379842374719892e-05
-2.876103166882191725e-05
1.591456254067314229e-05
-8.305533365148155535e-06
4.111966583506485243e-06
-1.942671734273126840e-06
8.809869814975022703e-07
-3.857461699545309537e-07
1.640610771714751139e-07
-6.832421059173769771e-08
2.844420069254528876e-08
-1.306327727641790457e-08
4.473411697178954584e-09
-1.966084029979856818e-10
3.792615401785429814e-10
-3.401860252221802631e-10
2.834835911995968706e-10
-2.190842384317059348e-10
1.566110538008749731e-10
-1.031671608444455970e-10
6.230392665012715069e-11
-3.424490345027767540e-11
1.695401332352963423e-11
-7.443380591941106124e-12
2.825390691543529781e-12
-8.846197050579314128e-13
2.042240756392057286e-13
-2.086031181477003168e-14
-7.834099391764109278e-15
4.584987107066948997e-15
-7.483916048497362222e-16
-1.508605557539514176e-16
4.519688321360529892e-01
7.618738636444201927e-03
-4.322664350122312180e-05
1.615703574101487137e-07
-1.838439054224740006e-10
-1.596784643747283433e-12
-6.449877729190304699e-15
4.167615160564269592e-16
-6.863596296106622775e-18
1.148776887519569934e-19
7.909251840336366524e-01
2.205869455186439676e-01
-9.757183248877236703e-02
2.949433456665708636e-02
-4.226267771424574172e-05
-7.449224095677790293e-03
5.978863114343307451e-03
-2.838037827231029188e-03
7.113506811812546566e-04
1.578547088149766264e-04
-2.938018182413105377e-04
1.801142741697718097e-04
-6.057986126066566758e-05
-3.622519171490698282e-07
1.562839456330752973e-05
-1.136594290380855328e-05
3.983615756407116483e-06
7.182471498068371018e-07
-1.050281879869524999e-06
9.571527733861308063e-01
1.442110806364090003e-02
-2.439507742196666152e-03
4.172284268034912686e-04
-7.264033184014497143e-05
1.293595866244906688e-05
-2.356090821146023646e-06
4.365394446154911556e-07
-8.159521890714837810e-08
1.525710135551142562e-08
-2.835052077918619820e-09
5.211341880197654825e-10
-9.447849698607831567e-11
1.685618622427390519e-11
-2.953498821730085987e-12
5.069885735266819022e-13
-8.501536814184817284e-14
1.419904844319585355e-14
-2.179374249274887512e-15
9.862714862664276882e-01
1.041557683925992128e-02
-3.951061189434488564e-03
1.498810144582495441e-03
-5.685709378147448196e-04
2.156915447795288939e-04
-8.182795302804645485e-05
3.104611397209168646e-05
-1.178088308751270089e-05
4.471546487885324822e-06
-1.697905082786754366e-06
6.451190852336491269e-07
-2.453401117109022366e-07
9.343011252935998304e-08
-3.565742598960140969e-08
1.367787152897609436e-08
-5.359140591978069782e-09
2.356795146812873176e-09
-7.907085269522125209e-10
9.969089157850574701e-01
3.088692639295677680e-03
2.389725281867548806e-06
1.848933380566875876e-09
1.430521936037119530e-12
1.106870347523744432e-15
7.964827332707018017e-19
4.737790651278489297e-20
-3.505497577842162216e-20
2.525074248259229255e-20
-1.744098854625085988e-20
1.154107541594083468e-20
-7.306621735978749546e-21
4.418631143081095188e-21
-2.544354576075662405e-21
1.404868768588118853e-21
-7.603239418390324148e-22
4.268039252820603018e-22
-1.564743299232911618e-22
9.704623695952873108e-01
3.925132094012935904e-03
-3.987298096132924335e-05
3.044772593907568330e-07
-2.148327918451565046e-09
1.701634028078195485e-11
-1.709195963804075751e-13
2.026223882454642577e-15
-2.522497472722692516e-17
3.321408749158497909e-19
1.035136890261682652e+00
1.126893200507296522e-02
-2.886892940646168873e-02
1.934308285312576897e-02
-6.741055836136483972e-03
-3.924066805930089626e-04
2.364178300517696864e-03
-1.855717532489304386e-03
8.654392688144937418e-04
-2.001991632886375471e-04
-6.656085584184221946e-05
1.026261599127568539e-04
-6.203964829704498754e-05
2.163143611356880817e-05
-1.049234892284256836e-06
-4.364037773418926159e-06
3.261572378434976193e-06
-1.198402631209784596e-06
1.832698032250783851e-07
1.021898923284598970e+00
-7.489831548602039410e-03
1.271292978565841461e-03
-2.122055346124279273e-04
3.433692857544937962e-05
-5.274468518348224143e-06
7.437541583382623111e-07
-8.966017973188639933e-08
7.166894359206261302e-09
4.343500133287024266e-10
-3.938989012415016971e-10
1.262326050975061228e-10
-3.202501803620557066e-11
7.262712440977345371e-12
-1.536681766988909941e-12
3.094304885690782877e-13
-5.997943532457455499e-14
1.162140531165450608e-14
-2.044262062802509456e-15
1.006930913887907009e+00
-5.294740625908455310e-03
2.022400003524188906e-03
-7.724785123562213050e-04
2.950525700392485720e-04
-1.126936930050742380e-04
4.304029679803263094e-05
-1.643636591863944393e-05
6.275627091411457917e-06
-2.395384592020731536e-06
9.138579372235725857e-07
-3.483775450190602944e-07
1.326567629590023168e-07
-5.043319541600544038e-08
1.913596108251047621e-08
-7.254930341010405000e-09
2.784477295462891026e-09
-1.185134736488746763e-09
3.884396701171016670e-10
1.001549799688176146e+00
-1.549799688176104135e-03
-6.030664864852066122e-20
5.491794608700684822e-20
-4.815668602288357668e-20
4.064828489904366480e-20
-3.301211697778647627e-20
2.578102116798764780e-20
-1.934705126319758287e-20
1.393941819734183179e-20
-9.632585583579600036e-21
6.376459024164330890e-21
-4.037786743660432079e-21
2.442310712955111252e-21
-1.409967011565476593e-21
7.791842223676585565e-22
-4.198020497722991891e-22
2.365167284997864611e-22
-8.751237196067360902e-23
1.575789473684210407e-01
