1.478856644866769265e+00
-2.323166891654941321e-02
1.701972932708721836e-04
-1.355900068381433594e-06
1.258704758655342717e-08
-1.344692610935725145e-10
1.559414356208551109e-12
-1.875954572762127049e-14
2.295937787246428151e-16
-2.884968562168522897e-18
4.625818230879626958e-01
-6.641510991654464569e-01
2.999807953185659182e-01
-7.864685319635102145e-02
-6.087409548856925409e-03
2.149156581932441107e-02
-1.478900621303362931e-02
6.458383891642886961e-03
-1.672784651428031169e-03
-1.110849838395609626e-04
4.206318238938917820e-04
-2.779741899882103907e-04
1.130562412458046878e-04
-2.496149760158829475e-05
-4.108627056701891979e-06
7.107742706124459058e-06
-3.582129256626901588e-06
6.523975611679431667e-07
1.513135127278195227e-07
8.611831331251299307e-03
-1.087281253269549962e-02
4.221996254700186718e-03
-1.216245447279139203e-03
2.882738652166960550e-04
-6.008394815032644772e-05
1.152194263374190825e-05
-2.094863243879901019e-06
3.677553468261806481e-07
-6.292088487502372092e-08
1.052692735847312177e-08
-1.721329315456317120e-09
2.742576156166420709e-10
-4.234886579251428594e-11
6.282267788853530806e-12
-8.819227336915846356e-13
1.136953448671768352e-13
-1.247518523132338196e-14
9.001897860199918052e-16
1.149576413429554317e-04
-2.198530696818763958e-04
1.923612167526122748e-04
-1.543098372528545193e-04
1.138442004339717775e-04
-7.755773741898377570e-05
4.902019418970966996e-05
-2.889469437918169167e-05
1.597145446537666770e-05
-8.326157327960138002e-06
4.117729069090261391e-06
-1.943364031538422810e-06
8.804338721243653146e-07
-3.851554739676577764e-07
1.636771867002261268e-07
-6.811583066889897172e-08
2.833978789507799862e-08
-1.300816454609612781e-08
4.453242274409817511e-09
-1.963994738217170987e-10
3.788269562677770269e-10
-3.397105746300454725e-10
2.829663505952193482e-10
-2.185499512670683033e-10
1.561006923109573755e-10
-1.027222076527691501e-10
6.195230943922928476e-11
-3.399435927680360971e-11
1.679400832692538616e-11
-7.352601531950343965e-12
2.780274045034596485e-12
-8.654430554528108877e-13
1.975662468884314004e-13
-1.917147776255695466e-14
-8.021822090707035792e-15
4.509726372942135514e-15
-7.016959885443936362e-16
-1.607267557994893200e-16
4.525420569081400890e-01
7.617227733143058267e-03
-4.354474537922421935e-05
1.658888510175184673e-07
-2.147356986253548095e-10
-1.479615681272847675e-12
-6.456194494388011645e-15
4.166637297802743014e-16
-6.904490307927174341e-18
1.071393478337387690e-19
7.908141046250215522e-01
2.202200858916512627e-01
-9.724700575866956909e-02
2.938260885444037712e-02
-7.133826081706209411e-05
-7.387675509761690990e-03
5.940526456949447691e-03
-2.828687454395306406e-03
7.169507845856136529e-04
1.500802979071503098e-04
-2.892607530528379205e-04
1.789145219887223895e-04
-6.105161354665351457e-05
4.047643034225348927e-07
1.514481448499583361e-05
-1.120403427029649861e-05
4.002348097052222203e-06
6.356008393364260017e-07
-1.004141816070319736e-06
9.569656941836858222e-01
1.448243181482342101e-02
-2.449480133833631650e-03
4.188117839930521717e-04
-7.287709277321365866e-05
1.296673337632447951e-05
-2.358754825593716840e-06
4.363618211916208351e-07
-8.142418953445231166e-08
1.519906471327620756e-08
-2.819631237119238314e-09
5.175082724841241418e-10
-9.368968416336526310e-11
1.669395585716322912e-11
-2.921586425662067436e-12
5.009466610639798154e-13
-8.391069397201836574e-14
1.399853632581590261e-14
-2.146300394150299495e-15
9.862106597090657401e-01
1.046140607069904332e-02
-3.968325261175694764e-03
1.505313362302694883e-03
-5.710205829482034806e-04
2.166142812040559547e-04
-8.217554352473841904e-05
3.117706169496384493e-05
-1.183022315667637907e-05
4.490142034745639945e-06
-1.704915661382022162e-06
6.477629199959377649e-07
-2.463373269662285441e-07
9.380617296577500371e-08
-3.579913599337069547e-08
1.373125716575139731e-08
-5.379477718916435889e-09
2.365353011021634100e-09
-7.934885266972214461e-10
9.968951257101993368e-01
3.102461397920462573e-03
2.411016748793051175e-06
1.873674163089914283e-09
1.456088873015774520e-12
1.131643802246347781e-15
8.201549336605219350e-19
4.688306285882550028e-20
-3.463337858749335731e-20
2.493483991192948683e-20
-1.721042010317660522e-20
1.137437691871968060e-20
-7.190510364677474522e-21
4.337614911266602691e-21
-2.498908580660453958e-21
1.378583118941493726e-21
-7.399320601945820296e-22
4.149495555616036415e-22
-1.534354089132046245e-22
9.724720565506995706e-01
3.898131417404808192e-03
-3.989119474636317508e-05
3.070722608051760749e-07
-2.183809721997592917e-09
1.736054399368581953e-11
-1.741020476685880178e-13
2.060865146136285488e-15
-2.567147993663032108e-17
3.302104851473949199e-19
1.035796724331384144e+00
1.044524203569357698e-02
-2.843817004230237214e-02
1.918859210979206864e-02
-6.735286354655587934e-03
-3.501775527249076370e-04
2.327296712089755616e-03
-1.838363588259785478e-03
8.625440392382419151e-04
-2.030963256123764662e-04
-6.337823639126752469e-05
1.009587631486844961e-04
-6.166613050654280346e-05
2.183534393485455491e-05
-1.326590250625004359e-06
-4.202520977890634145e-06
3.220086085411232501e-06
-1.225688342887576636e-06
2.064409576257479373e-07
1.021996065548677279e+00
-7.522984189318468809e-03
1.276898291365530062e-03
-2.131411986322227824e-04
3.449189027114384570e-05
-5.300458072548706102e-06
7.483250648777883624e-07
-9.052999028333783546e-08
7.346425890848298871e-09
3.952651334914728479e-10
-3.852366143887903743e-10
1.243273044531698321e-10
-3.161457496888498644e-11
7.176571671572465396e-12
-1.519093389458948957e-12
3.059364435878226923e-13
-5.930325980290932889e-14
1.148977253021865812e-14
-2.020968005672178266e-15
1.006961679547006439e+00
-5.318243259629113623e-03
2.031376975800850380e-03
-7.759072089437439763e-04
2.963620508245402071e-04
-1.131937420216741925e-04
4.323120363249427592e-05
-1.650921888306950354e-05
6.303409408568021887e-06
-2.405967596075792619e-06
9.178825912815518323e-07
-3.499044816734576642e-07
1.332342255913564320e-07
-5.065069126388459690e-08
1.921748913799256901e-08
-7.285375822228646166e-09
2.795949416899574810e-09
-1.189911606663035345e-09
3.899837564458379978e-10
1.001556679139689043e+00
-1.556679139689081314e-03
-6.039770083965014138e-20
5.498856814387474290e-20
-4.820340812201615106e-20
4.067105705700825369e-20
-3.301386112558674509e-20
2.576668498737230701e-20
-1.932244749822525086e-20
1.391013748711169771e-20
-9.603197924012520906e-21
6.350103543383152214e-21
-4.016133292442560413e-21
2.425792863392650090e-21
-1.398152272996109549e-21
7.711589072574485299e-22
-4.144886585183705338e-22
2.328896284736673760e-22
-8.603712304686778891e-23
1.725864661654135102e-01
