1.686808816569423386e-01
-8.280924224073632641e-05
1.772846746911146470e-08
-3.798349362933154967e-12
8.234467321999460026e-16
-1.129030789177356997e-18
3.066902364409881721e-18
-1.407741777091484780e-18
-1.215480454789576184e-18
1.019714052456726609e-18
1.396630765214851300e-01
-3.502206445489516873e-02
-4.667544135508861110e-03
1.423780906421720375e-03
-3.248609057975494643e-05
-3.281715157302744578e-05
4.453421776756276551e-06
3.508962672732691441e-07
-1.547962906515875311e-07
8.243482608867726637e-09
3.124497813868792463e-09
-5.697551604661321498e-10
-1.785787239240107288e-11
1.709045390884208534e-11
-1.469188327090995222e-12
-2.867623537921361356e-13
7.189408896007513041e-14
-2.957366326204891989e-16
-1.899580186236559152e-15
6.668507157353793791e-02
-3.146652937734020078e-02
3.184441819935194054e-03
-4.719412140025940202e-05
-3.854720923206080387e-05
7.338619786213388685e-06
-7.311510613482832354e-07
2.252820158189696009e-08
6.783297074289075728e-09
-1.558009142525486402e-09
1.799109286212522105e-10
-9.146547117716647235e-12
-1.055628831101026456e-12
3.302527412637054079e-13
-4.409200979418061964e-14
3.020532283319614825e-15
1.195406290149236026e-16
-6.990759943099741397e-17
1.085248605152961203e-17
7.820842948892542390e-03
-1.355912320233915169e-02
9.023784724663098597e-03
-4.776033107959706120e-03
2.076631391354448204e-03
-7.596668696516615431e-04
2.362237292935261276e-04
-6.134672306595165519e-05
1.193474312055910441e-05
-6.308242005985148260e-07
-9.807796031821802839e-07
7.277319642653071796e-07
-3.709525056392069062e-07
1.619806649004386907e-07
-6.411426375538050361e-08
2.341414766563400673e-08
-7.923726786916791248e-09
2.612415818491565380e-09
-6.775345565149817680e-10
2.077021515746026799e-06
-3.812152434173803261e-06
2.934377850106044850e-06
-1.869145888896765049e-06
9.574795693312221157e-07
-3.710078802243111831e-07
9.191228265066680784e-08
-3.512325841497776438e-09
-7.123040980630025076e-09
2.031069291077177795e-09
4.025032107821844020e-10
-3.003400261604049215e-10
-2.140828161739875247e-11
4.255897159091923756e-11
1.990158590698781813e-12
-6.467899019436511012e-12
-6.389616051255534287e-13
8.758800863187370622e-13
2.099393216975990153e-13
8.560987278937670641e-01
3.925448434701986892e-05
-7.175440651903391794e-09
1.428434863607983372e-12
-2.974608479142237133e-16
1.154932186274899300e-18
-1.069433568356310143e-18
-1.161964404326927899e-19
6.861839582461919901e-19
-3.877029825191103766e-19
8.704940564583139029e-01
1.757347319911637534e-02
2.612521960884804043e-03
-6.133065252843961524e-04
6.272515079069257481e-06
1.331471658639900715e-05
-1.597260562597079266e-06
-1.456177180487428122e-07
5.593981341968214068e-08
-2.674378858364723394e-09
-1.125689530889132142e-09
1.983601827982627295e-10
6.579537024381190497e-12
-5.979239974559991473e-12
5.159647871696188851e-13
9.954544100047592576e-14
-2.529455225897482120e-14
1.603262687138915342e-16
6.415313569668807457e-16
9.107648895395312749e-01
1.947581541918963141e-02
-1.257627263849170904e-03
-2.936976694629821717e-05
2.055483872922647575e-05
-3.030393972460465720e-06
2.424271568255808727e-07
-1.213732631663395936e-09
-3.088669961068565226e-09
5.637029013204450810e-10
-5.725711568389373711e-11
2.241158402559351745e-12
4.275503542419408933e-13
-1.114522993279194980e-13
1.412945439897188001e-14
-9.322208063282948813e-16
-4.091982774094880104e-17
2.227851050775279788e-17
-3.568813568854948529e-18
9.668158766075060084e-01
2.447265776007155960e-02
-8.845233827612958288e-03
3.090109817956795350e-03
-1.023544916105616209e-03
3.127003775908008686e-04
-8.401980524725927667e-05
1.763392035381024830e-05
-1.433434307633476193e-06
-1.185942372705043668e-06
9.484830215428995542e-07
-4.794278926323489283e-07
2.015511691127985110e-07
-7.560796694888859982e-08
2.596350715551553542e-08
-8.204317717597988510e-09
2.354117509169153743e-09
-6.058092926840369346e-10
1.180185721666938761e-10
9.923625046858787213e-01
7.622884563788298075e-03
1.458281793614993437e-05
2.786521061939452597e-08
7.634523964912137600e-11
-1.475136252753744570e-11
8.575749158714573532e-12
-4.362947536104244895e-12
1.914395225873412326e-12
-6.972859783086784754e-13
1.941873918413682696e-13
-3.148070053736047658e-14
-3.102856420876123465e-15
3.766822385182310000e-15
-9.307321362255532491e-16
-9.351352383067751628e-17
1.206688630538123331e-16
-1.395442687714473566e-17
-9.686726914089833578e-18
1.071396144857447608e+00
-1.691223448157388396e-05
2.465730375118884093e-09
-3.613232202962894615e-13
5.002014424060767384e-17
-2.030609134087297235e-19
-1.734173567426309134e-19
2.522864816538419536e-19
-1.955127728482419461e-20
-4.841669540021384764e-20
1.064916520167163094e+00
-7.986945773841026483e-03
-1.286482889055109730e-03
2.465327404103958534e-04
3.565484424527876686e-06
-4.967758448468115449e-06
3.327596569655377727e-07
7.020331743469988455e-08
-1.183100260877287842e-08
-5.364843536672896672e-10
2.723624570917657565e-10
-5.521640610962868844e-12
-5.512676517392358823e-12
3.993492771637974450e-13
1.164636812493076150e-13
-1.666578938471246325e-14
-2.373750704708324437e-15
6.364061595952537340e-16
2.803644642084203535e-17
1.045653618732608647e+00
-9.732900717318722708e-03
5.453734632552019240e-04
3.064959536268161029e-05
-1.124303739779485127e-05
1.332615681939703838e-06
-6.400202808305614846e-08
-7.012492210429232879e-09
1.931981129718324374e-09
-2.143835145565669111e-10
8.393720854347047769e-12
1.580703454007411270e-12
-3.753206302048207142e-13
3.936904748150564663e-14
-1.123010283525684274e-15
-3.885854478106205888e-16
8.225228316242330351e-17
-7.747782457476189217e-18
-8.900337361774751916e-20
1.016915423144927555e+00
-1.263060216132527204e-02
4.602329214556332392e-03
-1.609887026428739572e-03
5.282224257122797306e-04
-1.569391046679993209e-04
3.940591762906842018e-05
-6.695343454107419402e-06
-4.527423587447788057e-07
1.121075160253951962e-06
-6.798233042217198503e-07
3.092552297842492860e-07
-1.205908949247694062e-07
4.194885022181554120e-08
-1.311261664876239296e-08
3.603313102951126269e-09
-7.895702186810785477e-10
6.421161337056552553e-11
3.171337012771017233e-11
1.003840733044426337e+00
-3.840733029154534076e-03
-2.789859917517292782e-11
2.208325817047014966e-11
-1.583875395860976110e-11
1.023348038102576999e-11
-5.903926065526558962e-12
3.000662525435971947e-12
-1.314707236868105481e-12
4.777495297512121327e-13
-1.324662950538625208e-13
2.118059084965343481e-14
2.272078894909663825e-15
-2.607298486282486142e-15
6.328310589477133693e-16
6.871775904294690616e-17
-8.364636125119239070e-17
9.281884587141931799e-18
6.821572706678418202e-18
9.229624060150376508e-01
