5.795529441851778873e-01
-2.742677716349953103e-03
6.389795992507773457e-06
-1.535751780696050591e-08
3.786548918885392985e-11
-9.541228869123385139e-14
2.449601061520949870e-16
-2.920810509641525169e-19
9.535398814013689289e-21
-1.089993147775681656e-19
2.788292791891218703e-01
-2.673627613520975221e-01
5.382018419669321735e-02
7.874611963810751805e-03
-1.062862252862662067e-02
4.297850537362602960e-03
-8.019060020576276307e-04
-1.486032455587124428e-04
1.798142811219229239e-04
-7.246735816649732456e-05
1.357162942022700419e-05
2.554392578035739735e-06
-3.105082153055802196e-06
1.265471915182508151e-06
-2.436702791485737781e-07
-4.096370574372447855e-08
5.249568782705084299e-08
-2.147342447255998826e-08
4.408858091253058257e-09
2.943806772061272406e-02
-2.733212205896467031e-02
7.414192710784100852e-03
-1.510526942562034599e-03
2.599750281528989747e-04
-4.008905890344159482e-05
5.647256898545237910e-06
-7.156485902840232231e-07
7.613564547567945942e-08
-5.080772736935266700e-09
-4.040960189774211633e-10
2.587266599447777379e-10
-7.005523846619223921e-11
1.505987631270579847e-11
-2.858949310191986819e-12
4.964946792426198737e-13
-7.982522828047715981e-14
1.206722509420479621e-14
-1.607070078355488380e-15
1.225073733811137423e-03
-2.274385700085603500e-03
1.825507040230295308e-03
-1.278575422663393761e-03
7.913501570340688174e-04
-4.390319211735551784e-04
2.215758152126839030e-04
-1.032381185718886797e-04
4.504772593465092376e-05
-1.866139714849631640e-05
7.432057996929462014e-06
-2.877087513711103080e-06
1.092439817819145054e-06
-4.096254070971972004e-07
1.523913358528320016e-07
-5.648811432576996927e-08
2.115376393208342549e-08
-8.759885126865931411e-09
2.823803481806886198e-09
1.489829112605841419e-09
-2.815441441227047324e-09
2.372270171951609251e-09
-1.775705641973596568e-09
1.172507567737253067e-09
-6.750551547087892763e-10
3.324133821415023685e-10
-1.353221140616773491e-10
4.246486466328328948e-11
-8.378357639376155596e-12
-1.162246689955645013e-13
7.362005551950889022e-13
-2.035693433452845024e-13
-2.019646585354896743e-14
2.590029829346878582e-14
-2.687286109463373267e-15
-2.650670791036942271e-15
5.664376915139196397e-16
2.716549117074073779e-16
6.951297962837366118e-01
9.997497561352929139e-04
-2.289446980160361343e-06
5.514753423211580573e-09
-1.335926620555579666e-11
3.218268544376226459e-14
-7.679155140639791452e-17
1.198110859083769515e-19
-9.373932696762493506e-20
7.906560412557088246e-20
8.121939396638890862e-01
1.077766275046061345e-01
-1.690973906502468704e-02
-3.289249737858251227e-03
3.680820623190098929e-03
-1.489425127098712581e-03
2.968232512743957546e-04
4.347434433088955685e-05
-6.307215510573609780e-05
2.713524209172857131e-05
-5.540280428939569464e-06
-8.415147479205160569e-07
1.199945117343646577e-06
-5.062584703333267781e-07
9.672692186906667748e-08
1.943348553167708368e-08
-2.268995793910510061e-08
8.573864810112459471e-09
-1.465353753661153780e-09
9.295563948006746458e-01
2.297089115908000287e-02
-3.662240150078650228e-03
5.645863893976801754e-04
-8.343641969217586128e-05
1.173191240556227684e-05
-1.552242740353182638e-06
1.885828337755496845e-07
-1.970994861423411667e-08
1.376339163637343737e-09
7.487733425709717251e-11
-5.980411961639278387e-11
1.707633894455927659e-11
-3.859151032542660507e-12
7.758133981165512930e-13
-1.441311371060073595e-13
2.511685916170512148e-14
-4.214500141380719699e-15
6.334942917779117147e-16
9.771131453802107680e-01
1.728165909946120793e-02
-6.523702362036693306e-03
2.461967118885800745e-03
-9.286401215626635805e-04
3.499699087391425255e-04
-1.317060833133715443e-04
4.946274489738315076e-05
-1.852236323091895507e-05
6.909978921871310602e-06
-2.565883335415456186e-06
9.476142575639417086e-07
-3.478424125231486557e-07
1.268534972970435034e-07
-4.595728124289842316e-08
1.656247624654869820e-08
-6.008400289151574394e-09
2.396721802061275487e-09
-7.535646003562136980e-10
9.948226338542307534e-01
5.170656173529268249e-03
6.701275978962040121e-06
8.684990496435162544e-09
1.125592795640236028e-11
1.458567845160836853e-14
2.049645603412265475e-17
-1.035685192110428048e-18
6.586746203118462213e-19
-3.795622282831700112e-19
2.017008511202324176e-19
-9.803388590638292031e-20
4.306597382291383471e-20
-1.678950247645830918e-20
5.634258535515562207e-21
-1.534426995880979692e-21
2.916687875809744279e-22
2.860867120731579225e-24
-2.130528596174739975e-23
1.112722234172470737e+00
-7.771892857356576710e-05
-3.119676186204326239e-07
1.621161545175596351e-09
-5.638127032252592613e-12
1.727158506863154601e-14
-4.983660492101533359e-17
1.442532530280258053e-19
3.083179402813534293e-21
-1.184441796620891086e-21
1.082437436801246156e+00
-3.372178040503076568e-02
-2.562185948272885589e-04
2.730783272427890224e-03
-7.750318080791290289e-04
-7.551056226220325459e-05
1.367996706893776816e-04
-4.665017732941181768e-05
-1.668105460053389461e-07
7.629197112357582002e-06
-3.857415011989428545e-06
7.873815354339904694e-07
1.920891154573267076e-07
-2.224804821220373232e-07
8.782755223530839989e-08
-1.282862691757814763e-08
-6.182261901308326239e-09
5.452048885973483947e-09
-1.836664662684835970e-09
1.036305376672792988e+00
-1.196776186834512881e-02
1.860968176664463394e-03
-2.641665376550321269e-04
3.272438081768872398e-05
-3.185220314912878970e-06
1.368456735054271387e-07
3.807646915062431237e-08
-1.475748025931794090e-08
3.470073321190193886e-09
-6.724060028398351449e-10
1.149567728363680243e-10
-1.761111186688134259e-11
2.380861489944263846e-12
-2.656486304012447879e-13
1.817635857851359401e-14
1.620963113164158017e-15
-1.085407308032354412e-15
2.803580725740449359e-16
1.011619626278549733e+00
-8.873755626385773643e-03
3.387023765168731184e-03
-1.291772821929322189e-03
4.919610426301544671e-04
-1.869065955678043045e-04
7.074087059852549844e-05
-2.662552508146017447e-05
9.944611353412768936e-06
-3.677129615625191503e-06
1.342654312292655118e-06
-4.828540817302761719e-07
1.705588514635976501e-07
-5.899587701295599577e-08
1.990822990748989296e-08
-6.520794816776974852e-09
2.065276714814258324e-09
-6.665356738623110082e-10
1.749298588511410808e-10
1.002598772597015797e+00
-2.598772597015834400e-03
-7.131319621625576409e-18
6.138536485087657731e-18
-4.969716307911261266e-18
3.778771287864375168e-18
-2.693218558666989511e-18
1.794580317420615951e-18
-1.114128243469227590e-18
6.415401135500176023e-19
-3.405649637125515538e-19
1.652918254289910758e-19
-7.247750965216280165e-20
2.819408753632188522e-20
-9.436563958482691424e-21
2.556347019484789100e-21
-4.692735887712762824e-22
-5.970352561022758629e-24
3.300131605261597570e-23
8.004010025062656686e-01
