1.506297397823538331e+00
-2.335690615300573675e-02
1.671693004096058265e-04
-1.301928031353583862e-06
1.191387076129028678e-08
-1.261592412603572450e-10
1.449047319654598374e-12
-1.721817136537583389e-14
2.076921415557015844e-16
-2.548734784337007994e-18
4.713017612295717362e-01
-6.778899714774714313e-01
3.060568575268608482e-01
-7.945804280545226694e-02
-7.044074415948279287e-03
2.235701007681233782e-02
-1.514749114810649312e-02
6.483069006271807017e-03
-1.591533065119546484e-03
-1.797212501363567325e-04
4.506750482656811559e-04
-2.821850642284646246e-04
1.081058588685241751e-04
-2.000683820350371463e-05
-6.621117205020751948e-06
7.762083223981691279e-06
-3.432436422985329010e-06
2.981378423411749733e-07
3.352199485147700627e-07
8.507461517730857334e-03
-1.080805053728931160e-02
4.230320235328712333e-03
-1.228057180461623139e-03
2.930450860840132059e-04
-6.141664237676087057e-05
1.182804724782062845e-05
-2.157493826997517178e-06
3.796976301438376534e-07
-6.509720985342929766e-08
1.091051006728218963e-08
-1.786912196897092766e-09
2.851028406621573187e-10
-4.407009348494185719e-11
6.540805790181296532e-12
-9.177132006384113363e-13
1.179850878739239835e-13
-1.281982828561832280e-14
8.894255354145416271e-16
1.096864157185411680e-04
-2.098900166770218355e-04
1.839488188643549258e-04
-1.479569071468839008e-04
1.095480327466041907e-04
-7.495458311364446144e-05
4.760863368506390385e-05
-2.821331056280203996e-05
1.568275763871008368e-05
-8.222669587750116245e-06
4.089766287373421672e-06
-1.940833695308133281e-06
8.838728829209398657e-07
-3.885145865858778555e-07
1.658148737666745299e-07
-6.926654918842433130e-08
2.891408415604408588e-08
-1.331065865863874552e-08
4.563857430562194879e-09
-1.976370907110110466e-10
3.813811615455472987e-10
-3.424546536818288053e-10
2.858941432483598948e-10
-2.215266885144257789e-10
1.589120025143615353e-10
-1.051548658091188692e-10
6.386603159716507590e-11
-3.535505573331847979e-11
1.766284051882811241e-11
-7.846354980430544955e-12
3.026562113008337613e-12
-9.707819030641612470e-13
2.345289967258384822e-13
-2.875262611109258446e-14
-6.850683158640117934e-15
4.885407398957759649e-15
-9.590951759126472090e-16
-1.022037517572922318e-16
4.496803319187294701e-01
7.614918032013238448e-03
-4.175293558527843528e-05
1.428328039591797051e-07
-5.823933282184257003e-11
-2.010731695461181651e-12
-6.824301531188718521e-15
4.143453733961256386e-16
-6.421858007937059463e-18
7.886503514247197156e-20
7.914544827368990010e-01
2.221326549720358534e-01
-9.894298985226539223e-02
2.994320575473237434e-02
1.086596687618708368e-04
-7.725713630284144692e-03
6.143453760407949389e-03
-2.872828501781881684e-03
6.822826456151866214e-04
1.937623711845647665e-04
-3.137129214492068749e-04
1.847402722483265809e-04
-5.796917976342202326e-05
-3.968949440684493262e-06
1.777268988925300637e-05
-1.201866365984681717e-05
3.851230960216362011e-06
1.101214662020950271e-06
-1.256151654011869790e-06
9.579787035913100990e-01
1.415024402995059341e-02
-2.395442747753978759e-03
4.102301679381820587e-04
-7.159388815540534447e-05
1.280007489195326796e-05
-2.344407728848483522e-06
4.373642725389464497e-07
-8.236485728924852397e-08
1.551764965175469034e-08
-2.904262223348555356e-09
5.374094416120020251e-10
-9.801942035181422456e-11
1.758432607330963967e-11
-3.096666442491716256e-12
5.340707296742240464e-13
-8.995988534543806725e-14
1.509440433805105061e-14
-2.326621972890504655e-15
9.865399443809893532e-01
1.021327553443737886e-02
-3.874840568865974347e-03
1.470093690879161613e-03
-5.577521478990364514e-04
2.116156287564414289e-04
-8.029232703948912750e-05
3.046750944119664371e-05
-1.156283908619081045e-05
4.389359019920533761e-06
-1.666917173973700811e-06
6.334320922509071402e-07
-2.409317549547206240e-07
9.176762496478654527e-08
-3.503093256506659391e-08
1.344183870969263646e-08
-5.269209508305696223e-09
2.318939728229016332e-09
-7.784080134604514970e-10
9.969697682158831231e-01
3.027933130799716557e-03
2.296909619927322181e-06
1.742374608198744643e-09
1.321718991256308312e-12
1.002697960325710882e-15
6.979222514881493891e-19
4.959954597301881915e-20
-3.690403775227032214e-20
2.667133008675624355e-20
-1.849517672789590789e-20
1.229912048214186544e-20
-7.828212196644064806e-21
4.757166887106948271e-21
-2.767162298415788624e-21
1.539628256007293424e-21
-8.359561516922074362e-22
4.753451242292365855e-22
-1.787101196915579486e-22
9.617002165354893162e-01
4.034270533802532081e-03
-3.965530031839603885e-05
2.919827036673695393e-07
-1.987324577887294948e-09
1.548673932367483759e-11
-1.566328837791562523e-13
1.866197732843901000e-15
-2.306387951754757548e-17
2.908808095415250440e-19
1.032228295046942579e+00
1.488929544990762188e-02
-3.074244233712051036e-02
1.999490482286004484e-02
-6.745266380408861291e-03
-5.878086686631109857e-04
2.527027172333149753e-03
-1.928698158067917653e-03
8.747112101957001682e-04
-1.854544241219438267e-04
-8.116313067117228279e-05
1.098196438675085718e-04
-6.336376148552197354e-05
2.050854584201862910e-05
2.605719899210796398e-07
-5.080302895543470212e-06
3.422177605436192325e-06
-1.056261206540030981e-06
7.185782600585143405e-08
1.021470320801558529e+00
-7.343480393478973682e-03
1.246510473007491184e-03
-2.080547895321076311e-04
3.364538271419291807e-05
-5.157473914642527207e-06
7.229726091158399703e-07
-8.567348708787282120e-08
6.340812039852824856e-09
6.141903591587287552e-10
-4.336687973218903661e-10
1.349541143549073929e-10
-3.389806653510585455e-11
7.654659345085184059e-12
-1.616484880090751795e-12
3.252398045021902613e-13
-6.303005227651994398e-14
1.221327071673100974e-14
-2.148654111898056498e-15
1.006795192105053527e+00
-5.191059348666565709e-03
1.982798216333576079e-03
-7.573527803136398569e-04
2.892757124338172603e-04
-1.104876419646625958e-04
4.219804011563492636e-05
-1.611492090300289408e-05
6.153026857584681130e-06
-2.348671691255453245e-06
8.960864851628038421e-07
-3.416312045068289361e-07
1.301032368933210408e-07
-4.947028172000127791e-08
1.877442239323476990e-08
-7.119620271723801829e-09
2.733335881728223328e-09
-1.163749835504642034e-09
3.815067366458468920e-10
1.001519451215692857e+00
-1.519451215692863314e-03
-5.999754621893789834e-20
5.468848973812481307e-20
-4.801990108649097586e-20
4.060355740949783358e-20
-3.304704372051428757e-20
2.587525843420553217e-20
-1.947701869960246125e-20
1.408268741455816473e-20
-9.771079614097714302e-21
6.498061785509258072e-21
-4.136437492833000071e-21
2.516997076705553469e-21
-1.463167975147397292e-21
8.152658047121642809e-22
-4.437025034247354512e-22
2.528591070767816704e-22
-9.416621291756602094e-23
5.752882205513787373e-02
