1.343567154631395644e+00
-2.150327373449843413e-02
1.669185607365602695e-04
-1.401369440145702943e-06
1.325212566007065231e-08
-1.406344461504703097e-10
1.618209379118617564e-12
-1.949838385305033700e-14
2.410025285778479789e-16
-3.094041854091023725e-18
4.248226556251074038e-01
-6.009714005619863908e-01
2.679477310506523935e-01
-7.064213748870326604e-02
-4.112462762531601118e-03
1.816159218286176810e-02
-1.287934401402074380e-02
5.893581188115446998e-03
-1.731490380692327731e-03
6.894961068764097947e-05
3.061289459469392895e-04
-2.407412226760167497e-04
1.153217938631002188e-04
-3.639650651238955501e-05
3.931695818149013271e-06
3.997428014220418537e-06
-3.429400486071667040e-06
1.693452491557430156e-06
-4.932700807276126256e-07
9.395826885052126556e-03
-1.149328784638125982e-02
4.289045288574293811e-03
-1.189120110866104816e-03
2.725396020030523077e-04
-5.525944010764900148e-05
1.036910778867431641e-05
-1.853389744117180840e-06
3.208222204886661085e-07
-5.420181997457469814e-08
8.957187551791231293e-09
-1.446261668077960154e-09
2.273915382523067584e-10
-3.461836655594568505e-11
5.056837411236246758e-12
-6.974990862975058593e-13
8.793637094657236204e-14
-9.287820998338573872e-15
6.003373138530789747e-16
1.480242508273774138e-04
-2.822807937187015912e-04
2.449041336220667518e-04
-1.938051405270229527e-04
1.404172627263354186e-04
-9.359503550265923079e-05
5.771201653010350438e-05
-3.311983228626310083e-05
1.780227612680391707e-05
-9.021343328712511380e-06
4.338602303285089951e-06
-1.993375766517720322e-06
8.806922418650007492e-07
-3.765511669883968844e-07
1.568020261038817801e-07
-6.411050186359031112e-08
2.626703360734255839e-08
-1.189529460676730645e-08
4.043326287224496527e-09
-1.948198384140130239e-10
3.749546525505205492e-10
-3.340068386680018680e-10
2.750869238176260474e-10
-2.090285922626819722e-10
1.460745558875698559e-10
-9.345118823235217632e-11
5.437713509738760315e-11
-2.851186719846835772e-11
1.328622424781394414e-11
-5.382707313137873641e-12
1.823376421920772316e-12
-4.743948955141899076e-13
7.071047558999017432e-14
8.615931325667625724e-15
-8.993261871987282005e-15
2.317946239711016204e-15
1.648942983576775004e-16
-2.570242510299393690e-16
4.723396084378893578e-01
7.256596688602594790e-03
-4.746856876951994645e-05
2.518386211405823074e-07
-1.032537343377769670e-09
3.304643731810438166e-12
-1.994154263260441139e-14
3.738877348389243760e-16
-6.576502680327527735e-18
1.297656874772974941e-19
7.895110868880310662e-01
2.098711313105405263e-01
-8.823994268915733019e-02
2.569045604034714617e-02
-1.085724874793876296e-04
-6.168547902048435866e-03
4.994125568138060335e-03
-2.468975524715156730e-03
7.309476161301390077e-04
2.553346894987230619e-05
-1.937626567807790333e-04
1.408699668290774192e-04
-5.994465771207915653e-05
1.127786511895583850e-05
5.909148444853217840e-06
-6.974573948565753679e-06
3.485730714841346989e-06
-6.042418471160597590e-07
-1.786840118730239157e-07
9.528010300718338099e-01
1.584466378531818390e-02
-2.670535419565329884e-03
4.538258544561157653e-04
-7.809706131740747190e-05
1.364299285875796976e-05
-2.417322979238808819e-06
4.326666329004078095e-07
-7.778638534157979976e-08
1.396850706797194149e-08
-2.493983585590163433e-09
4.411862777434688424e-10
-7.711753236172350785e-11
1.328674395246091669e-11
-2.250374547709420192e-12
3.734236166776154561e-13
-6.045474117694410952e-14
9.697727641310714028e-15
-1.427858613371403905e-15
9.848547174434332252e-01
1.148228366513658928e-02
-4.352612772127663517e-03
1.649964956225067952e-03
-6.254686055813767206e-04
2.371092107392297737e-04
-8.989058139895023212e-05
3.408168033526634154e-05
-1.292403160101286137e-05
4.902182429405873568e-06
-1.860196866718254142e-06
7.063059484578606901e-07
-2.684137395425904232e-07
1.021291400760011487e-07
-3.893398137229968712e-08
1.491115311424719126e-08
-5.828167074011673897e-09
2.553575612720120033e-09
-8.544844923402595695e-10
9.965874963513120521e-01
3.409590104497865759e-03
2.911056649786370290e-06
2.485416298972769008e-09
2.122010912981723134e-12
1.811798269450038808e-15
1.500949678542070301e-18
3.653004172338114381e-20
-2.589417182475265992e-20
1.823209309229770528e-20
-1.226270115097572950e-20
7.873397930420494184e-21
-4.816045852773768255e-21
2.799251629199308629e-21
-1.543540638343306148e-21
8.054481702706152915e-22
-4.072369251369395612e-22
2.117438725606447774e-22
-7.400410567103268770e-23
1.018736759864633523e+00
3.055452461363827085e-03
-3.622343732636258473e-05
3.227865071144070747e-07
-2.638134025335003091e-09
2.231101679093905444e-11
-2.135282555193894454e-13
2.346284433593807638e-15
-2.820700022740046289e-17
3.693800451818183286e-19
1.050299255674618237e+00
-7.782167838383748266e-03
-1.847069720148057995e-02
1.514406709922794768e-02
-6.105585351978692898e-03
3.377392196787113517e-04
1.547102517836286507e-03
-1.389863870036029412e-03
7.220884049203385403e-04
-2.184887085053336655e-04
-1.129855024479746209e-05
6.431788754128380859e-05
-4.771852508423775422e-05
2.136525554273405072e-05
-4.967108991659568839e-06
-1.232196010696821356e-06
2.045194626675857446e-06
-1.347340096016278674e-06
4.735138811701088386e-07
1.024165899220178977e+00
-8.260951279696700580e-03
1.400446784286407372e-03
-2.333252847768581208e-04
3.770812727697178408e-05
-5.809584814989387427e-06
8.319391656448657825e-07
-1.055671019530815424e-07
1.037669282642936907e-08
-2.690949974992634774e-10
-2.345918582557384356e-10
9.029700893332536502e-11
-2.409628186960887567e-11
5.562660316649566312e-12
-1.182836625322146769e-12
2.378840723939518007e-13
-4.589596220019275975e-14
8.829167249379949367e-15
-1.541825833269088117e-15
1.007649532250376012e+00
-5.843706463750301776e-03
2.232077125098359469e-03
-8.525602084274070975e-04
3.256346892627826929e-04
-1.243701057998147948e-04
4.749667694007536585e-05
-1.813602529436822401e-05
6.923156399634736814e-06
-2.641650302927179182e-06
1.007275883673126864e-06
-3.836857824965903918e-07
1.459365746206347865e-07
-5.539654040406823513e-08
2.097702066970397883e-08
-7.932766680668478768e-09
3.034924592692149958e-09
-1.286571339640131360e-09
4.205869585581650438e-10
1.001710489393915937e+00
-1.710489393915779269e-03
-6.522837971256058100e-20
5.903630789291978526e-20
-5.132138178871240582e-20
4.283441965009355382e-20
-3.430543571862435757e-20
2.634535625316151703e-20
-1.938382535994871805e-20
1.364927226657602975e-20
-9.186659084537148547e-21
5.900822228406570665e-21
-3.610518240286891433e-21
2.099891288125031174e-21
-1.158528989648387376e-21
6.065508977163921925e-22
-3.055859642199725967e-22
1.591218555642796102e-22
-5.618759148596042685e-23
3.851929824561404203e-01
