1.498923556757609354e+00
-2.333108467938455749e-02
1.680997718266136393e-04
-1.317703727941414196e-06
1.210894104306422920e-08
-1.285714574201549241e-10
1.481122189732865521e-12
-1.766483814133072991e-14
2.140245164214106495e-16
-2.655066851673904214e-18
4.689193924647915290e-01
-6.741638337534054948e-01
3.044406459598636983e-01
-7.927104057566092266e-02
-6.766425173910270256e-03
2.211808571018533329e-02
-1.505292379977843029e-02
6.480125065869664532e-03
-1.615968614385789818e-03
-1.602116515923224173e-04
4.424814036699458797e-04
-2.812534994311817124e-04
1.096241296915056150e-04
-2.142848518006325889e-05
-5.927352678258638825e-06
7.595117542839014751e-06
-3.482657595019299794e-06
3.974438422612152245e-07
2.851406578647408843e-07
8.533727719255861099e-03
-1.082337856041190767e-02
4.227299298462394023e-03
-1.224647503940456787e-03
2.917022562557531826e-04
-6.104468072465963127e-05
1.174293766296853758e-05
-2.140121128232422920e-06
3.763916921661810292e-07
-6.449601690768663644e-08
1.080480673755921707e-08
-1.768893299695038254e-09
2.821344773439163198e-10
-4.360145563073884922e-11
6.470966035141823161e-12
-9.081737737621219058e-13
1.168738340407551693e-13
-1.274043107137288701e-14
8.954447588718097310e-16
1.110619847497729899e-04
-2.124902302341793439e-04
1.861449710213500903e-04
-1.496160665333190411e-04
1.106704424346313534e-04
-7.563474847949680729e-05
4.797726240364899900e-05
-2.839093349666505290e-05
1.575767630145844412e-05
-8.249227410933119287e-06
4.096697285615030082e-06
-1.941240514305992289e-06
8.828198435242389874e-07
-3.875510683085911053e-07
1.652119999981715576e-07
-6.894425411611587559e-08
2.875376911222206482e-08
-1.322636661957585935e-08
4.533054204487501011e-09
-1.972709281878916983e-10
3.806298362541041882e-10
-3.416584853481009798e-10
2.850574799447049293e-10
-2.206868420633575520e-10
1.581262465936335260e-10
-1.044792282058385488e-10
6.333655509296636983e-11
-3.497927524977950957e-11
1.742292878504302081e-11
-7.709815682717126076e-12
2.958239450288505300e-12
-9.414023055205322439e-13
2.241260868376998878e-13
-2.600710169806837842e-14
-7.211233978387161561e-15
4.789888935551873296e-15
-8.871646141409722451e-16
-1.195530172143601361e-16
4.504111248193617412e-01
7.618020603418105066e-03
-4.226192510756631088e-05
1.490904977329456791e-07
-9.867727048306869847e-11
-1.889107205155509205e-12
-6.632232404660247522e-15
4.156424828328450007e-16
-6.555380769851029432e-18
8.174943911385548545e-20
7.912689027145596299e-01
2.216233610209943361e-01
-9.849081522997028826e-02
2.979939720299459860e-02
5.369327881052329582e-05
-7.631492045113450438e-03
6.088707384192459590e-03
-2.862244134155029866e-03
6.928746309058937247e-04
1.813591825659250745e-04
-3.070205135236670825e-04
1.833025159706937570e-04
-5.894649376955736741e-05
-2.712294299040013440e-06
1.704814738430287889e-05
-1.181020836025250885e-05
3.905071327144634221e-06
9.688493759057350893e-07
-1.186412345355128705e-06
9.576996783347934139e-01
1.424177362291150113e-02
-2.410336179761383198e-03
4.125958054959728491e-04
-7.194760487722588358e-05
1.284597701816317897e-05
-2.348338312923883070e-06
4.370776502959543629e-07
-8.210205686618515056e-08
1.542880867429391551e-08
-2.880668229123721994e-09
5.318610047251345946e-10
-9.681225108561877703e-11
1.733611023518075587e-11
-3.047874114038521980e-12
5.248452758753064581e-13
-8.827683368188596375e-14
1.479002803191500304e-14
-2.276646865661155959e-15
9.864492658987319418e-01
1.028161406382008258e-02
-3.900590663990282682e-03
1.479796034380579132e-03
-5.614077917489462312e-04
2.129929945085973371e-04
-8.081130307373765175e-05
3.066306923123789032e-05
-1.163654031310247691e-05
4.417141094707231659e-06
-1.677392662379884624e-06
6.373830415342050720e-07
-2.424220977310738784e-07
9.232967474332126925e-08
-3.524273958005109332e-08
1.352164027004493102e-08
-5.299617203965621196e-09
2.331741525838480856e-09
-7.825682952578395090e-10
9.969492156128018090e-01
3.048454557581460958e-03
2.328050367411275418e-06
1.777890538022747247e-09
1.357743200089486420e-12
1.036960189211295641e-15
7.301573192990044739e-19
4.884564461171058485e-20
-3.626778923435830627e-20
2.618840216253442620e-20
-1.814428521733118518e-20
1.204026421471140736e-20
-7.645551684627296106e-21
4.641995847261829433e-21
-2.690788537609785570e-21
1.492133204384520177e-21
-8.101362514840948689e-22
4.597517816689119078e-22
-1.706454607955768109e-22
9.646397006503425464e-01
3.999194678083924266e-03
-3.975256395842228092e-05
2.963729708111823572e-07
-2.042293346300435350e-09
1.600326023391628356e-11
-1.614805907564161208e-13
1.921259809982955890e-15
-2.380202175083042703e-17
2.960048105345475317e-19
1.033209871754733333e+00
1.366951205448288867e-02
-3.011481463896262950e-02
1.978021317843854654e-02
-6.747654134379189698e-03
-5.202291308573735304e-04
2.472048923050105661e-03
-1.904718577447256584e-03
8.722143594884574020e-04
-1.907818700597775359e-04
-7.613789343806122445e-05
1.074244429167272138e-04
-6.297671485051613098e-05
2.092784219697019148e-05
-1.964862082959877921e-07
-4.838416612842028500e-06
3.372256825157530201e-06
-1.108144476983630145e-06
1.110633117233185673e-07
1.021615069930803754e+00
-7.392920127661087304e-03
1.254888994287439502e-03
-2.094605015387757238e-04
3.388029868852992431e-05
-5.197391675621680648e-06
7.300985078791062635e-07
-8.704603340253531993e-08
6.625778437405000337e-09
5.521487883700459671e-10
-4.199629659986973289e-10
1.319527102141002124e-10
-3.325443646082473933e-11
7.520169983607448230e-12
-1.589140198529940054e-12
3.198302880756058024e-13
-6.198775075220373559e-14
1.201140069576030746e-14
-2.113109549312406962e-15
1.006841025126411937e+00
-5.226072363660261635e-03
1.996171698754440737e-03
-7.624607388836092056e-04
2.912265686102361592e-04
-1.112326388236453716e-04
4.248248197017551187e-05
-1.622348200740394094e-05
6.194435505950054050e-06
-2.364451074154678121e-06
9.020907636405110299e-07
-3.439112050433628367e-07
1.309666030876306140e-07
-4.979604861316132064e-08
1.889683788803082228e-08
-7.165487178451198691e-09
2.750698381599089269e-09
-1.171025510966609446e-09
3.838689943321857198e-10
1.001529699840904675e+00
-1.529699840904577774e-03
-6.008574933439270937e-20
5.475162635039629557e-20
-4.805396587982643521e-20
4.060890282560979886e-20
-3.302777612519518314e-20
2.583799171453850562e-20
-1.942935760090925923e-20
1.403181728387611027e-20
-9.722742403263996226e-21
6.456046978179107077e-21
-4.102563455424131226e-21
2.491447856802049998e-21
-1.445006016572204260e-21
8.029574176527088964e-22
-4.355471082538589712e-22
2.472777868203050374e-22
-9.189252700248398231e-23
1.025513784461152822e-01
