5.946192650271351354e-01
-2.952341497042531519e-03
7.227768444148937987e-06
-1.826607201857408856e-08
4.739000147832824426e-11
-1.257573451251050127e-13
3.402972378227888486e-16
-9.848499290886351414e-19
1.593295152644082842e-19
-6.002196851723276276e-20
2.819007196524145331e-01
-2.752532396205045195e-01
5.791835615142090776e-02
7.131199010673576998e-03
-1.102793747507235453e-02
4.685369209056896786e-03
-9.615340382774103210e-04
-1.220120616953015877e-04
1.912987429379301265e-04
-8.347332530007664877e-05
1.800699131332685632e-05
1.788274403875481709e-06
-3.370232234316402991e-06
1.534307686062251419e-06
-3.538587760237148848e-07
-2.018560977671014843e-08
5.753121626946094368e-08
-2.814756749613803047e-08
7.075930456356315692e-09
2.852310812949461483e-02
-2.672703236228171630e-02
7.326601799392656530e-03
-1.509022906523403706e-03
2.627647494903967949e-04
-4.108131009421039578e-05
5.894946881336719529e-06
-7.687903963274760113e-07
8.647020089507253032e-08
-6.931094903647611533e-09
-9.898141936826298203e-11
2.129559052388203959e-10
-6.402600765656381871e-11
1.443336181772655084e-11
-2.832023628349376232e-12
5.063668497181648547e-13
-8.392241166326324163e-14
1.318058476860451376e-14
-1.838837630527791876e-15
1.159561524417902474e-03
-2.154766831268613639e-03
1.734108133973268941e-03
-1.219531089088800400e-03
7.586933243226382526e-04
-4.233758320572011112e-04
2.150029486365555385e-04
-1.008063912960373168e-04
4.425590314443815114e-05
-1.843861826162937768e-05
7.381654571412705413e-06
-2.870832567315514459e-06
1.094531275973215989e-06
-4.119202285155373705e-07
1.537749825909107243e-07
-5.720024001812602175e-08
2.150453873567174026e-08
-8.948256856496301096e-09
2.893924434106038076e-09
1.168667378499968312e-09
-2.209758195810278367e-09
1.865127689388130776e-09
-1.400270985479409800e-09
9.287503061858971396e-10
-5.381265530451968913e-10
2.673857013537566750e-10
-1.103106268169359332e-10
3.539435053525005706e-11
-7.359134065777195770e-12
9.574978520808901430e-14
5.760474622030054090e-13
-1.787374198716541369e-13
-9.557608038690256477e-15
2.081271958153414945e-14
-3.010055363012346120e-15
-1.951683478935430195e-15
5.342446151418131670e-16
1.818097394314599460e-16
6.901062478143439316e-01
1.074736727712166965e-03
-2.591722652385534359e-06
6.554355806968589278e-09
-1.663996260863356638e-11
4.196343282769679188e-14
-1.047903764387790039e-16
3.241992845820513881e-19
-1.004393080158103478e-19
4.277001052216290995e-20
8.114613206481743335e-01
1.106262566738887981e-01
-1.834043643318341438e-02
-3.024975376446011142e-03
3.813951690663306381e-03
-1.625095363972945111e-03
3.553272338795815627e-04
3.266776270241574794e-05
-6.693280649818705646e-05
3.125282287176433084e-05
-7.271746032588475599e-06
-5.332119189486171494e-07
1.308041154207538328e-06
-6.166784670911910226e-07
1.410787547295467212e-07
1.219774333933129199e-08
-2.554158256792897082e-08
1.146641278090060229e-08
-2.515354073088407587e-09
9.303300773242904054e-01
2.276474366846384725e-02
-3.644598962144540450e-03
5.659029361433507354e-04
-8.453814441032887869e-05
1.207085294578127842e-05
-1.632728407874282713e-06
2.052984675766876018e-07
-2.289177990986056706e-08
1.942926514789605697e-09
-2.011322169607973013e-11
-4.487719652774595597e-11
1.491681097441634036e-11
-3.584281516292393105e-12
7.490582446946791719e-13
-1.435666474649645557e-13
2.576600793839734027e-14
-4.469115262914057311e-15
6.954357317981839745e-16
9.773813202668705236e-01
1.708177429838622294e-02
-6.449367941890439028e-03
2.434436862335871005e-03
-9.185207517304560219e-04
3.462984742279795144e-04
-1.304023313067082261e-04
4.901543032445907438e-05
-1.837717404645367855e-05
6.867137866706059350e-06
-2.555483990706171029e-06
9.463446239795081891e-07
-3.485306331477829283e-07
1.276052111159678975e-07
-4.644095600668882524e-08
1.682492390538756366e-08
-6.141711492045238496e-09
2.468898097178397015e-09
-7.803424110010139613e-10
9.948840468150575989e-01
5.109401551995761126e-03
6.543242742072789485e-06
8.379459929964627101e-09
1.073097278334553168e-11
1.374109655098221210e-14
1.851895619340483529e-17
-5.937186872593454175e-19
3.850158594544436544e-19
-2.233979143059570176e-19
1.197139463082954037e-19
-5.876853069387994603e-20
2.612912499499330139e-20
-1.036273538261118290e-20
3.557466517929875576e-21
-1.001399819559227224e-21
2.052803970115301085e-22
-9.394408953057130952e-24
-1.233274124910665581e-23
1.112778233840896247e+00
-7.103472392130026310e-05
-3.872061735103436228e-07
2.019013261019037385e-09
-7.282372880685517940e-12
2.328165281643313253e-14
-7.026830816288727831e-17
1.975017546562447730e-19
-3.535457146008414883e-21
3.227583095672416076e-21
1.082204079329301516e+00
-3.409540778092030183e-02
-2.059341642193252150e-04
2.828347993107021684e-03
-8.272946649346909782e-04
-7.605496291415299553e-05
1.503816096062834441e-04
-5.444030689734629530e-05
1.447239482153904994e-06
8.296623813580969087e-06
-4.572436995273302902e-06
1.078916505274587332e-06
1.548781909993435993e-07
-2.535848310008711995e-07
1.123032782710953026e-07
-2.148757506158487419e-08
-5.434740795030316703e-09
6.754150055927937234e-09
-2.571975547374444231e-09
1.035903788018243121e+00
-1.186658958679602353e-02
1.856103519640875691e-03
-2.662918792643488184e-04
3.361024727581345080e-05
-3.404735658517696537e-06
1.795203108378830277e-07
3.118977274670703986e-08
-1.385794668594311630e-08
3.392467547020894564e-09
-6.754086828070912378e-10
1.184752400538876693e-10
-1.870454589839980412e-11
2.638204471530662708e-12
-3.178558649923817258e-13
2.766071150042187995e-14
6.687686297902655202e-17
-8.568540955871191578e-16
2.527894703291914176e-16
1.011481536080957699e+00
-8.768606905478138619e-03
3.347150857277653505e-03
-1.276769857597233326e-03
4.863946154812655276e-04
-1.848902963199426500e-04
7.003894977175856437e-05
-2.639683438789323325e-05
9.878502631395003931e-06
-3.662589321491687804e-06
1.342168148755018182e-06
-4.849250110499041072e-07
1.722983785236493669e-07
-6.003778021310845434e-08
2.044909500064888730e-08
-6.779785410968629572e-09
2.184970162436572208e-09
-7.262056324913541543e-10
1.961557947214820648e-10
1.002567828675490436e+00
-2.567828675490582604e-03
-4.316883923868647036e-18
3.721742771328272375e-18
-3.019842408822211614e-18
2.302948952007798178e-18
-1.647495861350744190e-18
1.102838624236025419e-18
-6.885143833442609157e-19
3.991551172416231128e-19
-2.136414385536088470e-19
1.047398190989263158e-19
-4.650965986037951129e-20
1.839180377544377350e-20
-6.297879926883629982e-21
1.768935801442616856e-21
-3.515100286498011194e-22
1.006010011454883871e-23
1.907253401603893817e-23
7.953984962406015491e-01
