1.506583999113601857e+00
-2.335779329229039844e-02
1.671314389737871395e-04
-1.301296910619393425e-06
1.190609351465464364e-08
-1.260630522370971891e-10
1.447767783552668605e-12
-1.720025986534981405e-14
2.075560758843612751e-16
-2.567247647818790608e-18
4.713949492667326435e-01
-6.780353130474917611e-01
3.061194213191922864e-01
-7.946484006585213811e-02
-7.055176107218998245e-03
2.236638979925265058e-02
-1.515113756521220371e-02
6.483126549425067588e-03
-1.590544041753982158e-03
-1.804951235672338909e-04
4.509948581505747694e-04
-2.822180044419115609e-04
1.080439554608386574e-04
-1.995025883426373872e-05
-6.648310507170731818e-06
7.768406296901004187e-06
-3.430324354287260258e-06
2.942219631216085969e-07
3.371710966721772356e-07
8.506467047342657767e-03
-1.080748580529090723e-02
4.230449480142294688e-03
-1.228193285406425526e-03
2.930982048708394142e-04
-6.143131133148312442e-05
1.183139895699713729e-05
-2.158177380327163132e-06
3.798276087474025884e-07
-6.512082789763773859e-08
1.091465878814710986e-08
-1.787618606814648526e-09
2.852190393952223401e-10
-4.408840091256920080e-11
6.543525565528670872e-12
-9.180826873724401043e-13
1.180276295403417698e-13
-1.282271632527827552e-14
8.891462412580059012e-16
1.096335434398935753e-04
-2.097900694064259010e-04
1.838643942977375269e-04
-1.478931169757510952e-04
1.095048741315691717e-04
-7.492842934081364549e-05
4.759446258986873256e-05
-2.820648745288613778e-05
1.567988511320426379e-05
-8.221655993498733336e-06
4.089505640754344358e-06
-1.940822003063574902e-06
8.839157656549715417e-07
-3.885529617164054479e-07
1.658387394751985989e-07
-6.927927565778443845e-08
2.892040679837078261e-08
-1.331398088891766726e-08
4.565071195053257489e-09
-1.976518305741523126e-10
3.814113466254747069e-10
-3.424864893989336034e-10
2.859274201166635877e-10
-2.215599394408813265e-10
1.589430058037364452e-10
-1.051814623169900698e-10
6.388684494599595597e-11
-3.536981743255969103e-11
1.767226456241314954e-11
-7.851721445513717305e-12
3.029250693707066215e-12
-9.719404113920812672e-13
2.349406306013820721e-13
-2.886200736272641163e-14
-6.835942537001644559e-15
4.889027688220693570e-15
-9.619315434760865412e-16
-1.015044144873524461e-16
4.496524930834629452e-01
7.614760889463154103e-03
-4.173276419425877616e-05
1.425890128463332693e-07
-5.669435914220581099e-11
-2.015141920695228232e-12
-6.832978357586836971e-15
4.143325876307248496e-16
-6.472732707076269351e-18
8.358931349871562480e-20
7.914618985739187984e-01
2.221523856976144740e-01
-9.896051399528228709e-02
2.994869204240055080e-02
1.108963763644639033e-04
-7.729426777638949940e-03
6.145584101607231252e-03
-2.873219877796360979e-03
6.818514171403573321e-04
1.942543779445528383e-04
-3.139746219739624725e-04
1.847940316582031108e-04
-5.792886976800288489e-05
-4.019009566056620077e-06
1.780108829118763866e-05
-1.202657652826181339e-05
3.848927716131985377e-06
1.106463466087721004e-06
-1.258887430863697116e-06
9.579896530706507596e-01
1.414665175530380875e-02
-2.394858159632705635e-03
4.101373075568487295e-04
-7.158000400700343106e-05
1.279827383530762796e-05
-2.344253871779701667e-06
4.373756985207290964e-07
-8.237523125600301502e-08
1.552115369710440613e-08
-2.905192673473193333e-09
5.376282479870417042e-10
-9.806702586517997032e-11
1.759411411880955155e-11
-3.098590236969404595e-12
5.344343812127661495e-13
-9.002620410611770571e-14
1.510639127871532847e-14
-2.328587568988044381e-15
9.865435024624007454e-01
1.021059390957058423e-02
-3.873830078715553155e-03
1.469712931345446482e-03
-5.576086786416533086e-04
2.115615701504099599e-04
-8.027195741983396968e-05
3.045983345364318881e-05
-1.155994609609188824e-05
4.388268453293594113e-06
-1.666505953982235230e-06
6.332769927115185920e-07
-2.408732488537431310e-07
9.174556049516140400e-08
-3.502261755765142896e-08
1.343870585210822213e-08
-5.268015715731368500e-09
2.318437097674148872e-09
-7.782446603165977645e-10
9.969705746296724236e-01
3.027127935950022029e-03
2.295692065446593686e-06
1.740990857069621801e-09
1.320320351564961673e-12
1.001372367954608418e-15
6.966886292574560021e-19
4.965396882743813992e-20
-3.691912853132526900e-20
2.668802408193138475e-20
-1.851593879395091866e-20
1.231213919008133328e-20
-7.829932151377141264e-21
4.765651142714776161e-21
-2.767094136461469795e-21
1.541113881633541169e-21
-8.357941895458828898e-22
4.781843499471898450e-22
-1.783139978325588250e-22
9.615853057789797154e-01
4.035610642131988446e-03
-3.965102027757829914e-05
2.918073534484195570e-07
-1.985160265966678046e-09
1.546651857600453674e-11
-1.564426495164348313e-13
1.864045452706576656e-15
-2.304692036072529778e-17
2.796957430957139988e-19
1.032189802502128551e+00
1.493708607102079040e-02
-3.076695805598712169e-02
2.000321518458959141e-02
-6.745095043361119813e-03
-5.904916087552770443e-04
2.529182910427689446e-03
-1.929624835864130524e-03
8.747960961383376925e-04
-1.852384082391920215e-04
-8.136204897713430356e-05
1.099128084342047937e-04
-6.337767475527735471e-05
2.049127806417159008e-05
2.787868016230234505e-07
-5.089777379874014501e-06
3.424041426320614979e-06
-1.054147263935130750e-06
7.028910372382552464e-08
1.021464641472071389e+00
-7.341540327177016947e-03
1.246181561446575064e-03
-2.079995585188776570e-04
3.363613868786251244e-05
-5.155899679002123775e-06
7.226908856546697026e-07
-8.561911347165399811e-08
6.329511681030754344e-09
6.166507823948849450e-10
-4.342120811826933832e-10
1.350730058696212091e-10
-3.392354364355206205e-11
7.659979139495134342e-12
-1.617565762894099985e-12
3.254534812040158785e-13
-6.307119189001261043e-14
1.222123233319195799e-14
-2.150055300960658769e-15
1.006793393882526200e+00
-5.189685640201181435e-03
1.982273517801680113e-03
-7.571523731164785543e-04
2.891991717220876337e-04
-1.104584122686826445e-04
4.218688000828579778e-05
-1.611066140635560788e-05
6.151402090842957710e-06
-2.348052511921167192e-06
8.958508558586544472e-07
-3.415417159758809527e-07
1.300693430395215234e-07
-4.945748894930470534e-08
1.876961317736607968e-08
-7.117817336327364686e-09
2.732652872485809917e-09
-1.163463319880359425e-09
3.814136426017172338e-10
1.001519049119018678e+00
-1.519049119018740356e-03
-5.999440333665804303e-20
5.468629733949706738e-20
-4.801880571020570267e-20
4.060354142647735902e-20
-3.304794815295509400e-20
2.587682910406821976e-20
-1.947896406118106166e-20
1.408473310861989287e-20
-9.773007623067634225e-21
6.499729443060514378e-21
-4.137777929055620308e-21
2.518006199368735057e-21
-1.463884597852004308e-21
8.157512922468310167e-22
-4.440242328243633679e-22
2.530793909763105813e-22
-9.425597683828828649e-23
5.502756892230575847e-02
