7.914343401245972354e-01
-6.604076363405785022e-03
2.756098279388276143e-05
-1.198823455884868821e-07
5.422476829050798891e-10
-2.547186059502162077e-12
1.240852826830980952e-14
-6.257233236096812011e-17
3.021639257197821766e-19
3.042409790436838538e-20
3.183549282272364334e-01
-3.702023056488204511e-01
1.147916547397012932e-01
-8.781620844307730031e-03
-1.329825558237708594e-02
9.718826775696446166e-03
-3.901383912379527853e-03
8.440583585443599615e-04
1.182078118756333741e-04
-2.170337062240775027e-04
1.184657082033458732e-04
-3.906972311268449883e-05
4.997960912855814060e-06
3.401140992141906791e-06
-3.032849852056983713e-06
1.374696436838306109e-06
-3.558581672098332283e-07
-4.437679352953000999e-08
6.582861008329085551e-08
1.947898641101201631e-02
-2.012492042177650708e-02
6.161146091142962258e-03
-1.415574839855514517e-03
2.746791831141786634e-04
-4.818101736783193627e-05
7.929878496573656462e-06
-1.244233631912444862e-06
1.863747750215867446e-07
-2.640317878164933461e-08
3.459874601530108134e-09
-3.985454787995986595e-10
3.440641425169146504e-11
-2.357941885122219778e-13
-8.649811032644161289e-13
2.864627540621750829e-13
-6.915477863611192411e-14
1.509044781877604138e-14
-2.819115038585359059e-15
5.989782115496723215e-04
-1.124043466044726165e-03
9.305341471326336643e-04
-6.836666803701475737e-04
4.496036726682040409e-04
-2.673576518809108729e-04
1.453390948715515586e-04
-7.304394961249902562e-05
3.432281669664875254e-05
-1.524652009900064524e-05
6.470650899678840600e-06
-2.649773446224767442e-06
1.056351742794316395e-06
-4.130975242182981565e-07
1.594795295209580931e-07
-6.118784839007083134e-08
2.374067395331675116e-08
-1.023754241463968415e-08
3.387461355867375534e-09
-1.302419633841817186e-10
2.478127192254726532e-10
-2.132016744802512616e-10
1.654455538171689028e-10
-1.152598169313099806e-10
7.154943658265093898e-11
-3.911884124965125741e-11
1.849077457957622265e-11
-7.318691269324730092e-12
2.275103096516025566e-12
-4.651259667205158543e-13
8.293572210097139526e-15
3.510407754973615079e-14
-1.173670469575924700e-14
-2.462562509943478415e-17
1.193817271762270927e-15
-2.705231654143801315e-16
-7.884587549729865915e-17
4.521238488435060725e-17
6.249683358353012030e-01
2.384619576351057306e-03
-9.850377087385699159e-06
4.102494678398412369e-08
-1.676327373296271479e-10
6.711951152677914786e-13
-2.648567283489187852e-15
1.043742382115791450e-17
-3.277251054696309814e-20
-1.154585927656930502e-20
8.032121806643890416e-01
1.443251252844853783e-01
-3.823961289047696915e-02
2.738245885121505865e-03
4.446403511542256284e-03
-3.378943991060083096e-03
1.440364909238927606e-03
-3.448850430291759413e-04
-3.199322243281949485e-05
8.267531808331721709e-05
-4.787388894090253744e-05
1.609471205657602723e-05
-1.785052800989023997e-06
-1.729259681768318886e-06
1.422037665096351950e-06
-5.969319083309670846e-07
1.192508294070591019e-07
5.165667643439192657e-08
-4.179572163133606638e-08
9.386110129180618156e-01
2.037127144152036176e-02
-3.365896310707060940e-03
5.520304571025735777e-04
-8.957720124159683202e-05
1.434293523837700977e-05
-2.261140419898849785e-06
3.501261388439836210e-07
-5.305708391789519411e-08
7.818935599280782724e-09
-1.108150034093167679e-09
1.479513118877172870e-10
-1.781356899178240311e-11
1.711437078200701016e-12
-5.830544483232626342e-14
-3.035717428790987697e-14
1.198445691561884842e-14
-3.306060526082003815e-15
7.107054079097296251e-16
9.801883084447453598e-01
1.498451337138549666e-02
-5.666685972141515155e-03
2.142924494724144941e-03
-8.103401506351885645e-04
3.064051700095459289e-04
-1.158430019510874395e-04
4.378786319747783742e-05
-1.654624598048385953e-05
6.249479554351657796e-06
-2.358902995457703086e-06
8.896334435843137161e-07
-3.351632732894225348e-07
1.261161713695763310e-07
-4.740118275663747915e-08
1.782791239070303694e-08
-6.804005682689494782e-09
2.888550536790588280e-09
-9.464659883702408466e-10
9.955255250370678155e-01
4.469464044069168702e-03
5.005307186177164334e-06
5.605392454431038388e-09
6.277421828263010591e-12
7.030017603075041569e-15
7.875156511794525890e-18
7.203254745266248334e-21
1.079946791354063094e-21
-6.740197436401805580e-22
4.031484217285849480e-22
-2.172031002079532932e-22
1.029717405677299524e-22
-5.165306857012493676e-23
2.380454642782439566e-23
-7.928525729791580493e-24
2.779219925082634087e-24
5.747888973376151854e-25
5.980437154221225194e-25
1.107452757517292996e+00
1.725605826250321644e-04
-2.998192702148496671e-06
1.980844127385619025e-08
-1.086955544887770714e-10
5.535447870272220725e-13
-2.725508430016414493e-15
1.326956252358744303e-17
-6.813595148261821717e-20
-5.222649428864142727e-22
1.077851326585139491e+00
-3.584686223311575604e-02
-5.899853250972781011e-04
4.427370681205075771e-03
-1.713177180440133944e-03
-1.340539621590757626e-05
3.742910021871014232e-04
-2.306840378878911098e-04
6.889147627409058876e-05
3.273943835901856296e-06
-1.637399208215098884e-05
1.017962191104349544e-05
-3.472065161333751638e-06
2.914602260399691718e-07
4.831959730706895473e-07
-3.725356980754431446e-07
1.459731709680630904e-07
-1.339375304727482755e-08
-1.195194390202093499e-08
1.031593153916191996e+00
-1.066032025800934049e-02
1.748867414981393736e-03
-2.736692291537627902e-04
3.996531571683058936e-05
-5.284414162645431574e-06
5.940034485707012190e-07
-4.539889797931310854e-08
-1.678727500947798726e-09
1.772850704440149139e-09
-5.220831676257342623e-10
1.190673434797551457e-10
-2.395556120923019225e-11
4.435596830191877458e-12
-7.683635035795289534e-13
1.250636794435910773e-13
-1.903484108097414352e-14
2.698135484964119571e-15
-3.288723022142823573e-16
1.010038616111706755e+00
-7.668279659083216022e-03
2.928543392162708588e-03
-1.118209688876315149e-03
4.268128997413232675e-04
-1.628057843630885827e-04
6.203375892662456824e-05
-2.359594576646208432e-05
8.952225495126599526e-06
-3.384169594691601301e-06
1.273112698497955254e-06
-4.759777816597347474e-07
1.766015590446622710e-07
-6.493372708207937853e-08
2.362889954041457773e-08
-8.507460216343566030e-09
3.058743377969453461e-09
-1.195235998170321429e-09
3.692208405212501500e-10
1.002244804648632526e+00
-2.244804648632438109e-03
-4.420877716802024853e-20
3.878384591760518234e-20
-3.225725440333508549e-20
2.541203639471276805e-20
-1.893850894361429675e-20
1.332972656974756993e-20
-8.841584937890348631e-21
5.511779848172961110e-21
-3.218133376564295527e-21
1.751918743146879908e-21
-8.839764557367973194e-22
4.101007199565154813e-22
-1.729351348328891972e-22
6.511111897514543007e-23
-2.121895429537020686e-23
5.770407290463867224e-24
-1.087647101625763350e-24
7.228621553884712059e-01
