1.763524602649721162e-01
-9.341349552241283774e-05
2.169971839890359723e-08
-5.052586408307731051e-12
1.193750979418029249e-15
-1.263347625861915383e-18
1.203647241526035297e-18
-9.625733970038500354e-19
-8.066472492621766744e-20
1.601325751582912817e-19
1.443261585439989669e-01
-3.845371618465623365e-02
-4.867881725509611707e-03
1.642563267763535182e-03
-5.443987631044061907e-05
-3.858956905430877357e-05
6.055438140981827595e-06
3.458224409697839223e-07
-2.099078608693684097e-07
1.558183872450168866e-08
4.015271730212607735e-09
-9.251190912057162305e-10
-1.376656117470350677e-12
2.640387514034246279e-11
-3.174008968155027053e-12
-3.655793243614883672e-13
1.352610683645866261e-13
-5.369818468279202917e-15
-3.214822182157249843e-15
6.646432756062164993e-02
-3.252802560654115271e-02
3.521409522192328525e-03
-9.248723302545834232e-05
-3.699564192882429938e-05
8.007982900537917209e-06
-9.041364507779388104e-07
4.513069089492098332e-08
5.492381519142547223e-09
-1.724829776988933097e-09
2.379324810271964094e-10
-1.777297157856454507e-11
-3.814418393999840250e-13
3.510151572946130272e-13
-6.026119149460531816e-14
5.852738897114700931e-15
-1.538913980914685469e-16
-6.450036954276645257e-17
1.469874527674902230e-17
7.512332282464341884e-03
-1.307612606000319727e-02
8.793738095741184674e-03
-4.727320072074883521e-03
2.097886752313300393e-03
-7.880685825025848541e-04
2.541955628068755138e-04
-7.000209704405447187e-05
1.549501747755191360e-05
-1.944438014937859875e-06
-5.384580655621136565e-07
5.934578634119302792e-07
-3.364409682707977877e-07
1.561924884205183707e-07
-6.493244004878414460e-08
2.488617146353689793e-08
-8.919033374485734164e-09
3.205629898135456929e-09
-9.016949374581224696e-10
1.704317549657252205e-06
-3.132049899018845314e-06
2.420448001862688763e-06
-1.553043464848131239e-06
8.052325984519726703e-07
-3.186320347015874458e-07
8.270897331657930286e-08
-5.208888919892752247e-09
-5.676957593413356688e-09
1.888125637397962544e-09
2.496825340235576255e-10
-2.603438393473897515e-10
-3.611460519979241825e-12
3.557162481870365931e-11
-6.734530095431647922e-13
-5.354743170574162940e-12
-1.042698634145444995e-13
7.315370657247890147e-13
9.822598209896978781e-14
8.518272541964048150e-01
4.370416521392459983e-05
-8.689315506748278971e-09
1.885440909431218304e-12
-4.280015891905511688e-16
3.345027905503153853e-19
-7.532591170388648477e-19
6.537137927308130429e-19
-3.340441157930234770e-19
4.689393892577777298e-20
8.675475969425451295e-01
1.910649532835084416e-02
2.731425020046393363e-03
-7.021332424973996235e-04
1.383664169066728328e-05
1.560060149269141869e-05
-2.173221853940550228e-06
-1.478279770230467222e-07
7.570557374503689518e-08
-5.202246826399949960e-09
-1.445268037296220033e-09
3.224116340521708251e-10
8.289730483328491757e-13
-9.221112025763694129e-12
1.116216348941504445e-12
1.256502977748993198e-13
-4.760548809080334593e-14
2.000522949238133792e-15
1.130297239033320331e-15
9.102491134736547806e-01
2.016909902733997687e-02
-1.407007553042376267e-03
-1.338253504544235211e-05
2.051549827681227963e-05
-3.350946831887852012e-06
3.086009184162152535e-07
-8.652776837964954501e-09
-2.791912438056009177e-09
6.379004916293227271e-10
-7.757430537643347636e-11
5.024183456084459147e-12
2.266499528209778254e-13
-1.202683620680407107e-13
1.946220984445777685e-14
-1.848527920573458948e-15
4.816089832709247091e-17
2.076061652622746415e-17
-4.759816830001042759e-18
9.669424154327029841e-01
2.443521078204954206e-02
-8.872465907287836392e-03
3.125851295449752574e-03
-1.050436955181252964e-03
3.288114744769494633e-04
-9.228079862395955680e-05
2.135489148985283452e-05
-2.919737202488682774e-06
-6.606826264129144342e-07
7.875458887708323751e-07
-4.394923191993715129e-07
1.956715195389337743e-07
-7.691129507882039053e-08
2.766604601209657925e-08
-9.225263545203176673e-09
2.852704609997775240e-09
-8.469549464215143918e-10
2.004957804433363150e-10
9.924032559524363917e-01
7.582288953154432513e-03
1.442760117331155361e-05
2.743195501131015561e-08
6.726142718521600013e-11
-9.685854847175367983e-12
5.706406233344444093e-12
-2.942241288051639125e-12
1.315000254405878067e-12
-4.921231483803933137e-13
1.435828936556399264e-13
-2.636732489856748951e-14
-7.687915350401081876e-16
2.479902334873433085e-15
-7.451891260496766079e-16
-1.459742141612727639e-17
7.923449572356750380e-17
-1.438930998347343712e-17
-4.924817322300751940e-18
1.073332494583768337e+00
-1.858093684159486231e-05
2.897512833000626053e-09
-4.511366235026811192e-13
6.462663302759242105e-17
-1.512535049997731556e-19
-1.116015427374303666e-20
3.154797804491271437e-20
-1.266638190254600212e-19
1.018327295639025133e-19
1.066311071367570307e+00
-8.627153513564737863e-03
-1.353115410818974762e-03
2.796509141266541407e-04
2.262434649745429168e-06
-5.841808558481814827e-06
4.522380068180331312e-07
8.337820934649503751e-08
-1.606560548145474769e-08
-5.627320157172977961e-10
3.850209364418224487e-10
-1.156030930070144355e-11
-8.392207645410479752e-12
7.418418675459854715e-13
1.909083575278941846e-13
-3.381386222972404735e-14
-3.665943199765902353e-15
1.358669618113525049e-15
6.824885905441815256e-19
1.045940745826730689e+00
-1.008999796475703106e-02
6.149269098067497007e-04
2.501700244065028995e-05
-1.165499361129456589e-05
1.521774909403434296e-06
-9.137199922846711534e-08
-5.377228283775043287e-09
2.111798371134930331e-09
-2.752172209773933338e-10
1.634824568611506486e-11
1.178236379938491575e-12
-4.385747382687051700e-13
5.784478249637732662e-14
-3.415310805868389648e-15
-2.870823201478205027e-16
1.032665309329044742e-16
-1.373720686819082374e-17
7.971644673250272044e-19
1.016852950105709530e+00
-1.261549046159082810e-02
4.620135103441284224e-03
-1.631117019884043701e-03
5.437662933795382172e-04
-1.660515603064898578e-04
4.395920857194905625e-05
-8.675367315266130236e-06
2.983359866534720033e-07
8.768564358352101309e-07
-6.159866195755992969e-07
2.992074941621178766e-07
-1.225290147578389446e-07
4.470612397821862378e-08
-1.477882222819859776e-08
4.395429417678763170e-09
-1.122073776348618311e-09
2.028191614211655270e-10
-1.134250050025123074e-11
1.003820122823012140e+00
-3.820122813000777391e-03
-1.831401334186540342e-11
1.455062889093899444e-11
-1.049323591799847541e-11
6.830687411386982006e-12
-3.980471461480274458e-12
2.050410914973118233e-12
-9.151266094370118088e-13
3.417354999481453512e-13
-9.931500894894581437e-14
1.804183586077636740e-14
6.395366455355451921e-16
-1.743990700940028977e-15
5.154275682741046899e-16
1.326163108939528228e-17
-5.584161511596846095e-17
9.856422916782519738e-18
3.546999522777661388e-18
9.204611528822055355e-01
