1.274644156883632196e+00
-2.001156506182768038e-02
1.544229598735033331e-04
-1.283650526282774947e-06
1.185025511076448892e-08
-1.213381181898142503e-10
1.343194682710432740e-12
-1.561085778868569562e-14
1.865801636754669788e-16
-2.233602484745975146e-18
4.083764263061466782e-01
-5.711174994883785327e-01
2.505613199602223506e-01
-6.453852945803241481e-02
-4.513501990067564015e-03
1.698329621355204946e-02
-1.187690079021044495e-02
5.403754516227886155e-03
-1.590180472546886018e-03
7.200929212827435102e-05
2.741234385177527947e-04
-2.190846612454348233e-04
1.070895307938535767e-04
-3.527591305586856633e-05
4.848691682226552464e-06
3.208174071475842474e-06
-3.182910113337611872e-06
1.812976498084754038e-06
-6.072512628025292142e-07
9.978582891297450505e-03
-1.200158749272671639e-02
4.386530110320371358e-03
-1.192161563357289596e-03
2.685177606692198504e-04
-5.366647274135887382e-05
9.954399768560897533e-06
-1.762412503749045202e-06
3.025047714203633515e-07
-5.068463970532840587e-08
8.302331478883849411e-09
-1.327361038618396345e-09
2.063279685734075620e-10
-3.098412056218115355e-11
4.448013705969433166e-12
-5.989202451451321673e-13
7.261575497986113658e-14
-6.989910804279889775e-15
2.914076651966914842e-16
1.706077108853908922e-04
-3.248449675695936419e-04
2.805552420300118496e-04
-2.204062052408497098e-04
1.581565370954505882e-04
-1.042056078005181089e-04
6.342271233188858759e-05
-3.589061305988405754e-05
1.901329245959015792e-05
-9.495283222628073954e-06
4.501803370013914190e-06
-2.040478860244165888e-06
8.902612708128781240e-07
-3.763713589813967024e-07
1.551866396013449389e-07
-6.291442822273375312e-08
2.559044666559010507e-08
-1.151577833959790105e-08
3.901238815422603532e-09
-1.964937198806997600e-10
3.777370583232708434e-10
-3.353026455547762494e-10
2.745048286414141005e-10
-2.067879202632654605e-10
1.428355223113604320e-10
-9.000734053090272526e-11
5.136850265883827560e-11
-2.627286176444684773e-11
1.185080019144318943e-11
-4.592001611773919139e-12
1.454998015000000752e-12
-3.345180196269617390e-13
3.118028055248629491e-14
1.445626190607175195e-14
-7.758059145932510744e-15
1.265446040054253718e-15
3.777506583936179897e-16
-2.241958459769965231e-16
4.859350962599381374e-01
6.849437275325816719e-03
-4.600554792021321979e-05
2.649749782178994126e-07
-1.293683889636422670e-09
5.623010363699598989e-12
-3.091090440010463356e-14
3.431090339289130069e-16
-5.062889516871974427e-18
7.428064880159759478e-20
7.898741881136932541e-01
2.038475727344760402e-01
-8.315348369619422753e-02
2.329633388725685025e-02
2.940903515325828804e-04
-5.769288452226147175e-03
4.549755816069059496e-03
-2.227838718847505173e-03
6.660556561578837020e-04
8.690467403329295572e-06
-1.624498610286454121e-04
1.212245304922675223e-04
-5.347348558358216113e-05
1.180637733135937679e-05
3.636242299680944857e-06
-5.347569124918837272e-06
2.913993268560473766e-06
-7.254228669176755088e-07
-1.362208963215809381e-08
9.510480730061278143e-01
1.641611471982082696e-02
-2.762859764849338699e-03
4.683436515869280475e-04
-8.023293963693356912e-05
1.391258489830391506e-05
-2.438870462082673230e-06
4.306133318546188972e-07
-7.620828252679352711e-08
1.345531289123901501e-08
-2.360822588218257799e-09
4.103481657614369476e-10
-7.046825474319707183e-11
1.192384105849654238e-11
-1.981763981719201951e-12
3.221920699420039124e-13
-5.095943275039161040e-14
7.933781940244283161e-15
-1.128434437995417928e-15
9.842828582603613263e-01
1.191240057648661026e-02
-4.514358361588066346e-03
1.710787278984794756e-03
-6.483398180895773646e-04
2.457098361818845726e-04
-9.312514210445866660e-05
3.529838904723504026e-05
-1.338185100905108476e-05
5.074522269322480338e-06
-1.925102607395420212e-06
7.307597114280243010e-07
-2.776271318105711969e-07
1.055979836404407725e-07
-4.023762524621388502e-08
1.540001546747687519e-08
-6.012926601899268300e-09
2.630309555815758459e-09
-8.791640341041438294e-10
9.964576274249643539e-01
3.539233110528190902e-03
3.136682124483701052e-06
2.779917129798342762e-09
2.463730384371981239e-12
2.183557506581344636e-15
1.894765337737254457e-18
3.245574033342451100e-20
-2.238727511807020917e-20
1.556952599206589229e-20
-1.032950962177622503e-20
6.535832397449300944e-21
-3.922108259647955257e-21
2.229929891965795253e-21
-1.199795816607790614e-21
6.098211174594120140e-22
-2.989800988617665811e-22
1.482989365783405809e-22
-4.960847221613965686e-23
1.037938646910584239e+00
2.570300124811441319e-03
-3.188767993710226909e-05
2.936391601416310006e-07
-2.465509641729752273e-09
2.090981057485227078e-11
-1.930784056033807226e-13
1.997422385270737445e-15
-2.262550579527670419e-17
2.706012332689678784e-19
1.055990023422746171e+00
-1.488626354185237748e-02
-1.434790878047178912e-02
1.320130089724966260e-02
-5.558337879559250953e-03
4.524998634988433165e-04
1.272074039027131127e-03
-1.182996451622856044e-03
6.251597762687831090e-04
-1.957593088313539843e-04
-3.354590122745098875e-06
5.187312007251442740e-05
-4.000532656415364910e-05
1.861553051807267613e-05
-4.849828494430069069e-06
-6.250115033313915380e-07
1.581446743115677232e-06
-1.169663849588741307e-06
4.437039346573281258e-07
1.025083443996856358e+00
-8.570655987742368739e-03
1.451188154022638134e-03
-2.412234878813702770e-04
3.885457960107641405e-05
-5.964019462272297023e-06
8.518911429463427961e-07
-1.083486781316032141e-07
1.087824625340791773e-08
-3.877898050215468367e-10
-2.034346926621199619e-10
8.223874180879893590e-11
-2.211512519474973011e-11
5.100770265028446810e-12
-1.080118100823515007e-12
2.159534580337167478e-13
-4.137170930668345958e-14
7.891045932193176345e-15
-1.366676158408416971e-15
1.007941007378109433e+00
-6.066365138772213117e-03
2.317117433842307613e-03
-8.850361424338464705e-04
3.380340944961098535e-04
-1.291022050912301569e-04
4.930123472293648920e-05
-1.882327311987666243e-05
7.184327362947736612e-06
-2.740574383933391768e-06
1.044564251014986706e-06
-3.976458800093244571e-07
1.511152357240425381e-07
-5.729481135913432698e-08
2.166244665286054602e-08
-8.175880386601377884e-09
3.120024804414119912e-09
-1.318318383690525729e-09
4.300228407257057298e-10
1.001775666795911679e+00
-1.775666795911806260e-03
-6.955588323348069960e-20
6.275586500262403324e-20
-5.431369933857636159e-20
4.507133662086757996e-20
-3.583966765411355633e-20
2.728755649686966138e-20
-1.987403726407426191e-20
1.382988728951912418e-20
-9.182109231810759987e-21
5.806372698254126001e-21
-3.489735049382088561e-21
1.988442770783316753e-21
-1.071269604569443132e-21
5.451691150113335021e-22
-2.650305569745344902e-22
1.320733000259553209e-22
-4.535671465637751236e-23
4.502255639097744178e-01
