1.402034429808665106e+00
-2.246628805259738917e-02
1.720617232827400611e-04
-1.429198956873639560e-06
1.355278298863822030e-08
-1.457430348614480807e-10
1.701683225969976219e-12
-2.073712933318075926e-14
2.582374569429593768e-16
-3.230060521224010954e-18
4.401539297809196061e-01
-6.274242757946154603e-01
2.821696705594787247e-01
-7.483862819327033455e-02
-4.453430320035085647e-03
1.941594889215939035e-02
-1.372082564865022627e-02
6.214810800668002684e-03
-1.769267707369061478e-03
2.251204104053783754e-05
3.473049385366458008e-04
-2.586797442452524977e-04
1.180886860833954300e-04
-3.396536119755444813e-05
1.479593909358009296e-06
5.164351718901794934e-06
-3.604095139039819636e-06
1.389019990654632004e-06
-2.820863708288478060e-07
9.000982658778316006e-03
-1.116426130264404522e-02
4.239021394768235397e-03
-1.194983469638157946e-03
2.779061678985553208e-04
-5.702771125329993054e-05
1.080326071181466683e-05
-1.945723136828980904e-06
3.389834267395420531e-07
-5.761473265828102263e-08
9.579122310571730754e-09
-1.556706247305903080e-09
2.464985331929782658e-10
-3.782862695418650082e-11
5.577930977076507277e-12
-7.785520141588310500e-13
9.985037024358460428e-14
-1.091686550061273534e-14
7.894244384019279507e-16
1.321391157511261894e-04
-2.523063274486262580e-04
2.197134556499716264e-04
-1.749120916070019270e-04
1.277385753917227281e-04
-8.596141605251577549e-05
5.358028981710140077e-05
-3.110923045662148138e-05
1.692585990656366406e-05
-8.683139270893723384e-06
4.226635267238450400e-06
-1.964483426726766351e-06
8.773143664364865277e-07
-3.787843562626147103e-07
1.590970133415440191e-07
-6.553605160653706469e-08
2.702468779466702617e-08
-1.230764433137789633e-08
4.195987859270786610e-09
-1.946407750591048474e-10
3.749699978364051919e-10
-3.349935955011442066e-10
2.772669624630548346e-10
-2.121935267201527206e-10
1.497123338737033846e-10
-9.697202297601411487e-11
5.732322889527304576e-11
-3.066683086382340961e-11
1.466677973561990781e-11
-6.152860918477997350e-12
2.191883391596971940e-12
-6.210079140092866532e-13
1.159791193777542763e-13
-1.298065965837416867e-16
-9.319648422673940452e-15
3.282769705467153122e-15
-1.304515522671531061e-16
-2.482254384772209959e-16
4.626307464560610594e-01
7.487668613451745406e-03
-4.686047574917440547e-05
2.226862951951486861e-07
-6.980289938526955148e-10
9.812634855695866274e-13
-1.129281087968712556e-14
3.976379353786616809e-16
-7.191514946165319409e-18
8.610764244069714817e-20
7.897178345838741231e-01
2.145589179201222163e-01
-9.227854970622563491e-02
2.746387325338822336e-02
-2.482351722939460078e-04
-6.612602166783929092e-03
5.390373812332635572e-03
-2.647736009614687878e-03
7.525753056736923146e-04
6.224500778359489273e-05
-2.293574623261296840e-04
1.581276329099110976e-04
-6.300444197683946728e-05
8.518735248368651848e-06
9.075251990764797772e-06
-8.705793041393061613e-06
3.879603721629090030e-06
-2.677754422958611598e-07
-4.443872001342328895e-07
9.544558542822333402e-01
1.530408119169244033e-02
-2.582936243951669715e-03
4.399768854143028198e-04
-7.603855551338584021e-05
1.337761011792537820e-05
-2.394583461091769191e-06
4.341661592561071010e-07
-7.921379290085078400e-08
1.444789361460248627e-08
-2.620272818797971160e-09
4.706945952746310478e-10
-8.351342598262378323e-11
1.460100077514664697e-11
-2.509456077919587537e-12
4.227449124135957066e-13
-6.955890603050242749e-14
1.137700768438709716e-14
-1.710435320605220493e-15
9.853939316949008598e-01
1.107648541750890121e-02
-4.199923561664710772e-03
1.592514843340936967e-03
-6.038530324809883920e-04
2.289761915009108975e-04
-8.683022865009829266e-05
3.292991830833042876e-05
-1.249044803897644928e-05
4.738895391926954284e-06
-1.798674211438989834e-06
6.831152509135661343e-07
-2.596701312183679465e-07
9.883355399254483312e-08
-3.769324276835425028e-08
1.444453995811024558e-08
-5.650986440476147915e-09
2.479437629663863433e-09
-8.305059776315773238e-10
9.967098816736442712e-01
3.287409750099137135e-03
2.706346432455041887e-06
2.227988467980505830e-09
1.834182183358715231e-12
1.510046341392878311e-15
1.192010977624588582e-18
4.050257504866025783e-20
-2.927748165318054705e-20
2.081010789002434454e-20
-1.416180911312045248e-20
9.211970688370154276e-21
-5.713384461521476493e-21
3.376263930910564632e-21
-1.900052096357882118e-21
1.015960222329489980e-21
-5.249909301511042023e-22
2.838309549324230703e-22
-1.022366135099487649e-22
1.000151112491736383e+00
3.447018577053399466e-03
-3.873612748999493007e-05
3.286299066667093489e-07
-2.567212044019705133e-09
2.132040294018877723e-11
-2.087402875265042285e-13
2.387144581465568605e-15
-2.951847671236154562e-17
3.716546206419596128e-19
1.044622976777744849e+00
-6.356313780642837636e-04
-2.247950215883899594e-02
1.687860376393203465e-02
-6.473527237889875954e-03
1.288406649979758137e-04
1.842494584626286477e-03
-1.579788161251030046e-03
7.948920799399591171e-04
-2.242138034973559875e-04
-2.693805455100682417e-05
7.825399678989252707e-05
-5.433771596929447658e-05
2.268603441264601767e-05
-4.165191123917874164e-06
-2.206561690968699406e-06
2.538109651342420969e-06
-1.406742257121775694e-06
4.276448911076593605e-07
1.023301938427482627e+00
-7.967826541720195513e-03
1.351712173155831176e-03
-2.254854501509092647e-04
3.649443415090910473e-05
-5.626199522723142713e-06
8.036094706000433979e-07
-1.007482950370464497e-07
9.428434864257060640e-09
-5.905057510798249142e-11
-2.834943201275933664e-10
1.016619874135104100e-10
-2.667097653470300704e-11
6.127170327958324036e-12
-1.302578492238279597e-12
2.624996129161463375e-13
-5.081529322420483376e-14
9.819606035814121960e-15
-1.722439787635907006e-15
1.007375468614124747e+00
-5.634345485116258601e-03
2.152112986187679124e-03
-8.220205825064373119e-04
3.139727964093385238e-04
-1.199181274952686280e-04
4.579797925638613969e-05
-1.748843860466047732e-05
6.676634383287912906e-06
-2.548014198966095755e-06
9.718275459409786710e-07
-3.703283036263605818e-07
1.409347866125999849e-07
-5.353870573003909803e-08
2.029377712681642422e-08
-7.684156030854509792e-09
2.944591040015465944e-09
-1.250870197667907681e-09
4.094772192690077638e-10
1.001649205985291058e+00
-1.649205985291068077e-03
-6.255545693842082292e-20
5.676379977099730024e-20
-4.952641385019330987e-20
4.153306396061340767e-20
-3.345963883488174531e-20
2.587844652710532218e-20
-1.919987651105877902e-20
1.365150675794137759e-20
-9.291300924032032913e-21
6.044733100192270659e-21
-3.752854386490752494e-21
2.219349638302485678e-21
-1.248276893441218038e-21
6.687402706012455160e-22
-3.467249248789185639e-22
1.868432569562108253e-22
-6.736478333232634202e-23
3.151578947368420813e-01
