8.277034109365726255e-01
-7.459776723157956688e-03
3.367686606314321935e-05
-1.587888295570225196e-07
7.810262815225895065e-10
-4.004275087541457147e-12
2.136336871246669638e-14
-1.183215308388441561e-16
7.421791593697923502e-19
-4.964899472864891923e-20
3.246405597155933576e-01
-3.862942965183461252e-01
1.255257321284070915e-01
-1.266763371121796058e-02
-1.311194552702938353e-02
1.052510782112833256e-02
-4.544470555919653300e-03
1.136114589286837777e-03
4.554392449232056871e-05
-2.264870733936448011e-04
1.402045968985745142e-04
-5.250597969229079965e-05
1.008054124696238803e-05
2.507796897121725004e-06
-3.406247442345446330e-06
1.804491380964245906e-06
-5.746785123619025132e-07
1.862410209489893234e-08
5.921010233693568229e-08
1.827572639151249165e-02
-1.916126799507173253e-02
5.964495703564874109e-03
-1.392332339704852604e-03
2.741537193665539713e-04
-4.876274125023274876e-05
8.142613337685304892e-06
-1.299273432797875571e-06
1.988343486515220306e-07
-2.901180987869843422e-08
3.975018061670799612e-09
-4.952881238533550744e-10
5.174386570232165613e-11
-3.201786037433353766e-12
-3.820850021545930280e-13
2.122346543146744220e-13
-5.856757235424906359e-14
1.373408908267698297e-14
-2.680773234164005231e-15
5.358966096781433725e-04
-1.007127075175104879e-03
8.372627547747084125e-04
-6.192010510998628356e-04
4.106617708602557722e-04
-2.465986800518317956e-04
1.354801068253469324e-04
-6.883577057014294588e-05
3.269647689577911953e-05
-1.467440204763906261e-05
6.287163558730403149e-06
-2.596448618740791089e-06
1.042657091705597162e-06
-4.102513850714412526e-07
1.591938566529331733e-07
-6.134460413309820839e-08
2.389565862546310549e-08
-1.034507700048784371e-08
3.431085942957793656e-09
-1.667978185564220665e-10
3.176782514411302899e-10
-2.741245269508203015e-10
2.138152673894391457e-10
-1.500867677952227450e-10
9.414894959071083320e-11
-5.221153232978594899e-11
2.516537078535331837e-11
-1.024363779861641249e-11
3.331311206101406736e-12
-7.511664490427872309e-13
4.934004708181538240e-14
4.279129941787336617e-14
-1.807854985373308338e-14
1.256754074157623378e-15
1.474653519195657668e-15
-4.837179555834834066e-16
-6.846184023644454813e-17
6.744273172423457375e-17
6.131060856416468141e-01
2.690406693243981972e-03
-1.198216115724811781e-05
5.340350392905601469e-08
-2.324855770578911295e-10
9.892987301004749281e-13
-4.148148421369773791e-15
1.737496183606465406e-17
-1.045623571338349627e-19
2.995111340154221148e-20
8.018514267634626602e-01
1.498860028315388560e-01
-4.198342848883469119e-02
4.158103141946325153e-03
4.334231887405404389e-03
-3.656221706768121756e-03
1.679772969710230900e-03
-4.588771880211576213e-04
-2.819178078772689645e-06
8.692761587636480241e-05
-5.726310648038285088e-05
2.180437626684167892e-05
-3.790007687331890976e-06
-1.530436853690169173e-06
1.697370894127133424e-06
-8.229379976483716092e-07
2.117492661750551456e-07
4.198249223029906308e-08
-4.893544066534280090e-08
9.398224380666229116e-01
1.999956221268291146e-02
-3.314349140565496597e-03
5.464704108148532363e-04
-8.940882369130312077e-05
1.448040032716505232e-05
-2.316511917861077284e-06
3.652396930825991639e-07
-5.658603257530024305e-08
8.573848531572032339e-09
-1.260620843223803835e-09
1.774675723581420404e-10
-2.333127147889882196e-11
2.710387595721226077e-12
-2.334194600847090707e-13
-7.218339793834057176e-16
7.170968326249184271e-15
-2.549370112751291077e-15
6.041384803277853820e-16
9.805917342823837757e-01
1.468244098062650854e-02
-5.553635953877325560e-03
2.100643409203259079e-03
-7.945456480276961910e-04
3.005173611999205417e-04
-1.136559743547264272e-04
4.298016432839680862e-05
-1.625060567129791401e-05
6.142700540085474433e-06
-2.321077469057998046e-06
8.766034051589623205e-07
-3.308545333839080024e-07
1.247783689535355801e-07
-4.702881264746799133e-08
1.774711585092696315e-08
-6.800998129924830510e-09
2.902029647495887349e-09
-9.540426108351972235e-10
9.956175414405059598e-01
4.377651717748406481e-03
4.801569424862105002e-06
5.266537958761780007e-09
5.776532551297781841e-12
6.335911891351620566e-15
6.950579994918454985e-18
6.814474849810218242e-21
5.456119256702342769e-22
-3.297067599677239199e-22
2.068207618813919889e-22
-1.121514851843505742e-22
5.668488860413493712e-23
-3.556955120291564027e-23
1.609632374118857616e-23
-3.016185813045929250e-24
-6.049490517149135781e-25
-2.405368895652839281e-24
-8.163956193227769927e-26
1.105257265417007639e+00
2.575247490933267797e-04
-3.966153857435096305e-06
2.752421052866254418e-08
-1.608943431875543433e-10
8.774864395923521411e-13
-4.646691527479120330e-15
2.443155030463071953e-17
-1.370672082103462564e-19
9.215785297662413316e-21
1.076838268837460477e+00
-3.558046972324827029e-02
-9.130133230543804011e-04
4.813560776713778078e-03
-1.923849191419948730e-03
1.625861433574834480e-05
4.213610339974653584e-04
-2.776757143578790165e-04
9.256508249940400179e-05
-2.509423234226800972e-06
-1.795902173149094080e-05
1.274932147959144811e-05
-4.979735228044998879e-06
7.955741829585690803e-07
4.580052271924598156e-07
-4.633436715190760779e-07
2.127124961960363045e-07
-3.970990372541699736e-08
-6.651517640161401171e-09
1.030961032187645676e+00
-1.046884704044795215e-02
1.726127636142289713e-03
-2.726516576882445793e-04
4.042901965005802457e-05
-5.478425984277882028e-06
6.440921244483506536e-07
-5.590665668598638288e-08
2.400040417015846602e-10
1.462916493212474018e-09
-4.787799500824525979e-10
1.143602344234510997e-10
-2.376445903718092129e-11
4.527930065754751853e-12
-8.076584690065584058e-13
1.359077078408586666e-13
-2.156750302793371746e-14
3.254078426927036621e-15
-4.342524658791701019e-16
1.009831612488994557e+00
-7.510266130334983074e-03
2.868294349480623659e-03
-1.095283211907694797e-03
4.181214496676468988e-04
-1.595325706194489527e-04
6.081452623382808991e-05
-2.314962628738288387e-05
8.793146045062093220e-06
-3.329728394775470465e-06
1.255632104584424024e-06
-4.709471801235373263e-07
1.754571369219726763e-07
-6.484614784875029430e-08
2.374604302064697749e-08
-8.615316004378119278e-09
3.127533604151954258e-09
-1.237947617025185338e-09
3.859834604424019393e-10
1.002198493697543880e+00
-2.198493697543751641e-03
-7.022843664757297362e-20
6.177339026067742537e-20
-5.157467152502246064e-20
4.083493747719978272e-20
-3.062434629285722236e-20
2.172024326017626818e-20
-1.453991619212871377e-20
9.163530264654073618e-21
-5.419694398186379486e-21
2.995789829684855163e-21
-1.539358687946536540e-21
7.300071997686955401e-22
-3.162787130505788007e-22
1.232856201212479240e-22
-4.219467973480255065e-23
1.253981956352433449e-23
-2.684487862450862346e-24
7.078546365914786254e-01
