1.308329126177597557e+00
-2.078376144025219363e-02
1.613107783159711741e-04
-1.351442894800170690e-06
1.265872438856951791e-08
-1.322579874647699340e-10
1.496279607093548668e-12
-1.775305451061253550e-14
2.162999966897502997e-16
-2.714954087464927365e-18
4.162127710003599157e-01
-5.855502616839948216e-01
2.591372839671974293e-01
-6.766121378896371164e-02
-4.221880817340686355e-03
1.752359032582900822e-02
-1.236796603136793016e-02
5.656178349302763350e-03
-1.670675031887338194e-03
7.671006844627335048e-05
2.877021486737962874e-04
-2.296543500227587499e-04
1.116724350068424752e-04
-3.629823470677240630e-05
4.648022945532089920e-06
3.512941740157363973e-06
-3.303341616092677234e-06
1.783430513104969177e-06
-5.686931167646021025e-07
9.677265118324968746e-03
-1.173664899369595248e-02
4.333797892006607810e-03
-1.189409840174761573e-03
2.701992244241956912e-04
-5.438564434868852279e-05
1.014552830972238420e-05
-1.804777731410354078e-06
3.110992863930232119e-07
-5.234605571870683240e-08
8.613680021300305240e-09
-1.384256693246091513e-09
2.164736953976965449e-10
-3.274696893224124646e-11
4.745681408082932307e-12
-6.475782662182533514e-13
8.027157390976389451e-14
-8.159652901891110454e-15
4.527139150821954599e-16
1.589944574476292311e-04
-3.029640777687227986e-04
2.622455344027104320e-04
-2.067644619370092478e-04
1.490759584377642172e-04
-9.878483263201249935e-05
6.051052396694558456e-05
-3.447943602040621537e-05
1.839655174394125704e-05
-9.253349981950593659e-06
4.417873649916121297e-06
-2.015761036131370937e-06
8.848746400068178793e-07
-3.761531810126951063e-07
1.558417903769428230e-07
-6.343976744641432138e-08
2.589479063278966516e-08
-1.168836281427396101e-08
3.966108648712034758e-09
-1.954923677630171604e-10
3.760273300195962086e-10
-3.343647518662550014e-10
2.745466105691226914e-10
-2.077046059783251541e-10
1.442957944847115770e-10
-9.160957283186253815e-11
5.278646354858421743e-11
-2.733306761401369429e-11
1.253034202546152201e-11
-4.964779973175320106e-12
1.627221713193475617e-12
-3.989551243695138004e-13
4.886260454816907830e-14
1.211567454510614269e-14
-8.448616976542314739e-15
1.763417756557568758e-15
2.906505537285488490e-16
-2.449400783684560123e-16
4.790095339714965372e-01
7.065468750703042360e-03
-4.700566786552902904e-05
2.615755894232573648e-07
-1.188416517451137163e-09
4.600455574766605253e-12
-2.581933373767761630e-14
3.588523684694935566e-16
-5.802839610464130565e-18
8.139618853741953548e-20
7.896204448598318493e-01
2.068622379045193249e-01
-8.568514539546781550e-02
2.450460122847826147e-02
6.921966162687740603e-05
-5.950122161238649565e-03
4.764285238230699972e-03
-2.349101470768201472e-03
7.022742637244320683e-04
1.382073168116032610e-05
-1.764264181919833290e-04
1.306584146514055728e-04
-5.691951087063244741e-05
1.185163470834564394e-05
4.570391697456416246e-06
-6.083349077214157771e-06
3.198631596375897567e-06
-6.959018423799487940e-07
-7.724498333376337266e-08
9.518830514419304167e-01
1.614408768338183864e-02
-2.718955252168033312e-03
4.614532878149070678e-04
-7.922315293888220432e-05
1.378619034881258704e-05
-2.429069648349170035e-06
4.316822689399526534e-07
-7.697507756074995997e-08
1.370178930546861995e-08
-2.424433326292895599e-09
4.250334624539414430e-10
-7.362878952661412045e-11
1.257102222323998862e-11
-2.109279226692002822e-12
3.465207217827086605e-13
-5.547267093730307193e-14
8.773625759242261743e-15
-1.271291932845437105e-15
9.845553396057582507e-01
1.170748903267521124e-02
-4.437313385051955619e-03
1.681820054397323337e-03
-6.374488720292747308e-04
2.416149650615464042e-04
-9.158535245160297591e-05
3.471926537781976681e-05
-1.316396977412261260e-05
4.992515095543348205e-06
-1.894222235527576680e-06
7.191276157998512388e-07
-2.732458311301433892e-07
1.039491867233329170e-07
-3.961843180020265905e-08
1.516808147401184638e-08
-5.925425925846892144e-09
2.594069775787144914e-09
-8.675325966946008546e-10
9.965195173266860884e-01
3.477451953941778761e-03
3.028080295715060190e-06
2.636778422535619660e-09
2.296042236026969910e-12
1.999391498489348780e-15
1.697963429574178681e-18
3.438425218272712552e-20
-2.404480823396241843e-20
1.682999357001319168e-20
-1.124293489361739176e-20
7.164111663144111737e-21
-4.343187234142613285e-21
2.495662609244456068e-21
-1.358766189672927292e-21
6.985450247333204280e-22
-3.452500940851676247e-22
1.779607139381561181e-22
-6.223364678685865536e-23
1.028913327863623106e+00
2.808789663008857788e-03
-3.415794794738723119e-05
3.105395499860164213e-07
-2.582018996705273274e-09
2.192367824471924256e-11
-2.063015159530275050e-13
2.201778176125437470e-15
-2.573504774733757903e-17
3.189251436113582129e-19
1.053334318126766256e+00
-1.158503751927103011e-02
-1.628163687550903890e-02
1.413355535488436052e-02
-5.837200559181052878e-03
4.116722234313862651e-04
1.397389551193430708e-03
-1.281511086718548510e-03
6.734289512422560837e-04
-2.085612542268619311e-04
-6.033089388360946928e-06
5.744866634720324831e-05
-4.371892823773465943e-05
2.007155248595618303e-05
-5.022285946151362055e-06
-8.575712708747305243e-07
1.790664560917462936e-06
-1.265714378211956094e-06
4.666537179170497462e-07
1.024646132393365994e+00
-8.423293447724886779e-03
1.427159304817777682e-03
-2.375238368828703854e-04
3.832951908368959095e-05
-5.896396955381334296e-06
8.438709983191125880e-07
-1.073629674640305022e-07
1.071209508066785679e-08
-3.461313943260188029e-10
-2.153429850510579178e-10
8.551669144361533579e-11
-2.295468403914307352e-11
5.301961052065192067e-12
-1.125739286820340264e-12
2.258364713623127172e-13
-4.343419076159878174e-14
8.323049152238801033e-15
-1.447954012091204842e-15
1.007802023301069605e+00
-5.960195330634405868e-03
2.276568324500803479e-03
-8.695512820149239831e-04
3.321222380051037600e-04
-1.268462407443456943e-04
4.844110171006736951e-05
-1.849581205993367576e-05
7.059956175720604080e-06
-2.693510209870933888e-06
1.026849651862829124e-06
-3.910282360833024958e-07
1.486680701426787103e-07
-5.640179558482944017e-08
2.134202183919460383e-08
-8.063243377812783215e-09
3.081128259996643500e-09
-1.304127195549038793e-09
4.258842502586228698e-10
1.001744588157575944e+00
-1.744588157575917850e-03
-6.727962501198154678e-20
6.079607875900469939e-20
-5.273263541788768709e-20
4.388391501976751139e-20
-3.501882063349421695e-20
2.677614813862893725e-20
-1.959966575743719816e-20
1.371888060296265492e-20
-9.170018092766956239e-21
5.843749414173994528e-21
-3.543431371756670286e-21
2.039649246883786804e-21
-1.111877337070532869e-21
5.738527546243109815e-22
-2.839652364317674795e-22
1.446560727330722117e-22
-5.038323439504989081e-23
4.202105263157894788e-01
