2.164767522850669645e-01
-1.640299200780467078e-04
5.589242919659163171e-08
-1.921544846642102513e-11
6.700343495730303456e-15
-3.573399090010889250e-18
-8.847649051539039111e-20
7.768138205035476626e-19
-9.430914885653682738e-19
4.192545647311806831e-19
1.665448585618869715e-01
-5.826538546791062284e-02
-5.266253721820102207e-03
3.044836104041380963e-03
-2.778181007691884466e-04
-6.974467826237400149e-05
2.165673042726970466e-05
-8.623389834951777320e-07
-6.858593714470229844e-07
1.451763274130096097e-07
2.622530958385842830e-09
-6.046225519741547019e-09
8.944961890268697252e-10
8.760479346018541045e-11
-4.938550193379940261e-11
4.754773350408510758e-12
1.143252718288884123e-12
-3.616103944947210312e-13
1.566507172244364027e-14
6.380700681809947650e-02
-3.644380529790103296e-02
5.132911668139321197e-03
-3.715390615326788493e-04
-1.340534502727361046e-05
9.184400507914138219e-06
-1.711751484508772082e-06
2.049255626986735292e-07
-1.370705020499581955e-08
-7.150985046705462672e-10
4.041147674625305310e-10
-7.522644383931379150e-11
9.080665025556808345e-12
-6.131534143459093943e-13
-3.195475236487404494e-14
1.827345524652092639e-14
-3.427700681676192892e-15
4.160645829313612357e-16
-2.855801266152102311e-17
6.078541693929412869e-03
-1.075236190449084701e-02
7.547938656763378620e-03
-4.324723924449692947e-03
2.083335064102344487e-03
-8.667046493847002436e-04
3.184710039824648780e-04
-1.051028303484171787e-04
3.137775520635105621e-05
-8.369781172592836446e-06
1.869062607942869024e-06
-2.525672534013918992e-07
-5.941591462692386540e-08
7.417414434322339415e-08
-4.475747779373763905e-08
2.207790189043973539e-08
-9.954619292546293578e-09
4.659915203144002969e-09
-1.582163369915519592e-09
6.572071102866870810e-07
-1.214420519272246098e-06
9.547777015852837280e-07
-6.321109589976214239e-07
3.449702491355635482e-07
-1.487610401555358201e-07
4.596425809287514769e-08
-7.053497126359381594e-09
-1.464707432538538437e-09
1.047561688179687040e-09
-8.484013532881535214e-11
-1.015939724848927842e-10
2.435881102689206081e-11
1.060823573443764248e-11
-4.028455461558868986e-12
-1.386159093623484891e-12
6.224085853170042889e-13
1.864630021006707405e-13
-8.500026790548476349e-14
8.311165823405290976e-01
7.226099221137297535e-05
-2.139150407446516245e-08
6.962058891935746429e-12
-2.377118444925896521e-15
1.163889472862231282e-18
-2.377475431584728635e-19
-3.878774292510885622e-19
-4.730127626898291850e-20
3.221387430948493161e-19
8.544720775690244352e-01
2.769597972890289195e-02
3.095294022757019963e-03
-1.261004500804460433e-03
9.224243516846136715e-05
2.811233964946248710e-05
-7.748288391298754370e-06
2.485098492439259290e-07
2.454687181179794030e-07
-5.016878277301013657e-08
-9.844679101127720235e-10
2.099644294314521427e-09
-3.140438835951207603e-10
-2.944021807403854596e-11
1.729684950068671972e-11
-1.740893598708241681e-12
-3.920459597128101523e-13
1.295839589837886833e-13
-6.279613715355140857e-15
9.092695724842266847e-01
2.295032537708116202e-02
-2.133702116350151643e-03
8.935430401329890881e-05
1.427307887924235298e-05
-4.229406425931950138e-06
6.378111694133822774e-07
-6.441070709152500966e-08
3.100903198146157243e-09
4.202306836409683167e-10
-1.443882590628994228e-10
2.423851749926100356e-11
-2.776166481600092948e-12
1.788874739913479210e-13
1.072554196754070560e-14
-5.685358026463115420e-15
1.074970213857152903e-15
-1.353925783709116557e-16
1.053599158284896441e-17
9.678651797506780952e-01
2.394620337123590584e-02
-8.836497184592322779e-03
3.206457823053446808e-03
-1.132978504433013352e-03
3.849560980976099423e-04
-1.237369304973404702e-04
3.673808690787413957e-05
-9.642094164035228929e-06
1.991596035152816427e-06
-1.587888385441444222e-07
-1.370378112430838332e-07
1.119218566468773099e-07
-5.895178651295880720e-08
2.630928372014158683e-08
-1.070322915848336191e-08
4.131388819983310241e-09
-1.671441004650433886e-09
5.206594720312318008e-10
9.926557393246431271e-01
7.330751329213895662e-03
1.348449796496501876e-05
2.480132901002292484e-08
4.756198755894356117e-11
-1.218359011294905997e-12
7.924941578681217527e-13
-4.320947355171023034e-13
2.082454368940435642e-13
-8.670738826513864362e-14
2.994741309296826731e-14
-7.842796120586159416e-15
1.128080442259386676e-15
1.751718821539026368e-16
-1.569349368586598721e-16
3.578817403355572004e-17
3.902304412275525520e-18
-4.324438747987735851e-18
7.634569200472191388e-19
1.082307407299725632e+00
-2.842610720571850356e-05
5.972468420530143929e-09
-1.176038445279631250e-12
1.683074387015924234e-16
-4.398999943210214136e-19
8.764992111205410601e-20
-1.840218919825689227e-19
-1.779633082383716832e-19
1.915882977955135409e-19
1.072308394950349575e+00
-1.208000481155797022e-02
-1.627219047552506698e-03
4.827790714833742535e-04
-1.235185784236842505e-05
-1.156757125502204194e-05
1.588842738701602642e-06
1.592992447741709226e-07
-6.103846485718591698e-08
7.034016833144201827e-10
1.893832392939979355e-09
-1.801539019665147562e-10
-5.691058435303430863e-11
1.298542035289960532e-11
1.072377765337646768e-12
-7.220350760825207314e-13
4.813995932729523253e-14
2.610303989593236719e-14
-6.095583608533530928e-15
1.046547927722573990e+00
-1.155117523580689344e-02
9.619135533473310677e-04
-1.469968059676714543e-05
-1.138877517602587079e-05
2.332211973637601517e-06
-2.634661357059801752e-07
1.370491774771817303e-08
1.562373230464581409e-09
-5.290714389035301372e-10
7.859238808840568302e-11
-6.712828908492420965e-12
-6.943824577323264054e-15
1.199791499790984917e-13
-2.460866535832901514e-14
2.935485049748027180e-15
-1.623521777383768472e-16
-2.166974785272240152e-17
7.455750458573080812e-18
1.016386555906562794e+00
-1.237498970502709343e-02
4.614079202248943384e-03
-1.683441517544387485e-03
5.936018482544210472e-04
-1.989915355427281443e-04
6.196026033762614110e-05
-1.722173704813287695e-05
3.888409440372072195e-06
-4.618547871553033556e-07
-1.783063008823184456e-07
1.793441684833136860e-07
-9.940753335319177414e-08
4.511849422471553081e-08
-1.829620721316335561e-08
6.849098938172734130e-09
-2.411463140846262627e-09
8.605986413009590064e-10
-2.425604082575116807e-10
1.003692456397240473e+00
-3.692456395920979805e-03
-2.428164741691764748e-12
1.960518488693678721e-12
-1.447461531003795476e-12
9.729510615768436330e-13
-5.916100425103576349e-13
3.223675389795785381e-13
-1.551897359957580136e-13
6.451252531880893438e-14
-2.222477426843530944e-14
5.791568559780816397e-15
-8.187295776781772229e-16
-1.366658123246184711e-16
1.176024417680472069e-16
-2.632196831664340485e-17
-3.104294397860373181e-18
3.244645241415361325e-18
-5.566315365336448903e-19
9.079548872180450703e-01
