1.509431397976978451e+00
-2.336613345868272448e-02
1.667484496797919482e-04
-1.294955178894138913e-06
1.182805598096050401e-08
-1.250978868186490660e-10
1.434935759837223335e-12
-1.702210686855788396e-14
2.050665212234994332e-16
-2.580647451832958054e-18
4.723231993958220687e-01
-6.794814019644511704e-01
3.067399497364214356e-01
-7.953043906521234385e-02
-7.166740206479965507e-03
2.245995537231548766e-02
-1.518724152738424281e-02
6.483463694005779134e-03
-1.580557403013522523e-03
-1.882465288113965678e-04
4.541769208103340521e-04
-2.825315094256791401e-04
1.074170318614628140e-04
-1.938279160498604099e-05
-6.919326607968333605e-06
7.830493716773520124e-06
-3.408671992787191885e-06
2.550980988325558146e-07
3.565663671179672572e-07
8.496694398695827169e-03
-1.080200168539518710e-02
4.231781929210010583e-03
-1.229560180092095301e-03
2.936297501104278228e-04
-6.157791929101585242e-05
1.186487830736677784e-05
-2.165002778815328652e-06
3.811250692947063522e-07
-6.535650895645346693e-08
1.095604250693401117e-08
-1.794661776912697001e-09
2.863768767144146763e-10
-4.427066613984397117e-11
6.570567996422545227e-12
-9.217481251540738127e-13
1.184474509385489481e-13
-1.285044839689819407e-14
8.861335734179507073e-16
1.091106406568673366e-04
-2.088015838209160045e-04
1.830293954354755414e-04
-1.472621682249612783e-04
1.090779732927741339e-04
-7.466973121400315107e-05
4.745430520730858063e-05
-2.813902621966643514e-05
1.565150628780409306e-05
-8.211661758643910275e-06
4.086951786005274705e-06
-1.940722692846501912e-06
8.843498155611758629e-07
-3.889380197453292260e-07
1.660776276742667440e-07
-6.940653471359567584e-08
2.898359937055402590e-08
-1.334717675796454618e-08
4.577198005482010942e-09
-1.978003526214204443e-10
3.817152634586066775e-10
-3.428064292723484962e-10
2.862611363504407391e-10
-2.218927868120714751e-10
1.592529286038315362e-10
-1.054470840375316709e-10
6.409459077799644872e-11
-3.551711936996085374e-11
1.776630261392785574e-11
-7.905283272640898956e-12
3.056098355715653374e-12
-9.835188263429977621e-13
2.390604279053179525e-13
-2.995978596660943637e-14
-6.686462827450172461e-15
4.924601327331114888e-15
-9.902753167221922643e-16
-9.445332390206049979e-17
4.493782065706115048e-01
7.613051569975999577e-03
-4.153081326516759548e-05
1.401651478604952277e-07
-4.145759989293062258e-11
-2.057666755312706220e-12
-6.924535713282092367e-15
4.136783546928398974e-16
-6.421732276900765783e-18
1.103497516696457543e-19
7.915364036634588984e-01
2.223481583849908350e-01
-9.913441489572943910e-02
3.000277649094147334e-02
1.335296734687374174e-04
-7.766525566993297616e-03
6.166758104302260020e-03
-2.877025189185847178e-03
6.774867427958798562e-04
1.991829070386863249e-04
-3.165806988718541134e-04
1.853191418159112877e-04
-5.751876460047233955e-05
-4.521316500340601635e-06
1.808413186041550540e-05
-1.210436634759554262e-05
3.825166646697841384e-06
1.159027037926459407e-06
-1.286161584959106893e-06
9.580988669609351582e-01
1.411081918633035580e-02
-2.389026693223038691e-03
4.092109708499476559e-04
-7.144150447175771175e-05
1.278031070757509751e-05
-2.342720933160476374e-06
4.374904262293962078e-07
-8.247896350992780205e-08
1.555617899573682489e-08
-2.914492515844335996e-09
5.398152036135946749e-10
-9.854283881372853598e-11
1.769194257144613816e-11
-3.117816885793127707e-12
5.380683958768146712e-13
-9.068879682166144376e-14
1.522610456555604144e-14
-2.348219760755082047e-15
9.865789907000033221e-01
1.018384690401533989e-02
-3.863751069086105230e-03
1.465915016600022715e-03
-5.561776052660236461e-04
2.110223371984283592e-04
-8.006876719377172046e-05
3.038326284944278344e-05
-1.153108704505924734e-05
4.377389335532863101e-06
-1.662403715663950574e-06
6.317297408670494105e-07
-2.402895965991942369e-07
9.152544629369510594e-08
-3.493966712692896935e-08
1.340745230146660691e-08
-5.256106206975624846e-09
2.313422609661168111e-09
-7.766149300972284731e-10
9.969786176283825796e-01
3.019097076882862590e-03
2.283566197248873237e-06
1.727229845460049601e-09
1.306431463764891184e-12
9.882282315887349102e-16
6.844059509132743790e-19
4.996788907906848195e-20
-3.713191758328021710e-20
2.692931131762140482e-20
-1.862275974615626139e-20
1.243262794802066517e-20
-7.876476740563788971e-21
4.836383861663513594e-21
-2.774184845831919362e-21
1.579564437019946154e-21
-8.329013745019856361e-22
4.982372577121877936e-22
-1.732013367794555979e-22
9.604409833677002295e-01
4.048829170858691227e-03
-3.960647341736189884e-05
2.900465182665608996e-07
-1.963551461828014764e-09
1.526510809452093928e-11
-1.545464784420450854e-13
1.842334058570129025e-15
-2.278695342787883330e-17
3.069332250914263175e-19
1.031805982265820987e+00
1.541343854287692203e-02
-3.101101124460217684e-02
2.008563283940314678e-02
-6.743068457643654375e-03
-6.173771643802968175e-04
2.550676129300085814e-03
-1.938808144718272937e-03
8.755889289670346510e-04
-1.830555290667430269e-04
-8.335284518493652080e-05
1.108384537767252731e-04
-6.351114430812414811e-05
2.031571676403028098e-05
4.615727858095244896e-07
-5.184176014620655641e-06
3.442229436477512599e-06
-1.032745210183773296e-06
5.452207962625887734e-08
1.021407997471769358e+00
-7.322189597481086089e-03
1.242900389235462562e-03
-2.074483902570333643e-04
3.354383277763921381e-05
-5.140166256395942084e-06
7.198724267325596331e-07
-8.507469706986307747e-08
6.216320296609808932e-09
6.412967256682266274e-10
-4.396531312993592031e-10
1.362633992734077823e-10
-3.417855861725985385e-11
7.713212981923268384e-12
-1.628378878603703954e-12
3.275905029702537210e-13
-6.348252066389891213e-14
1.230079679106895584e-14
-2.164046375188079421e-15
1.006775459196695532e+00
-5.175984870658818272e-03
1.977040402001889463e-03
-7.551535974458601979e-04
2.884357864875830937e-04
-1.101668867312263848e-04
4.207557295419742549e-05
-1.606817829947360059e-05
6.135196853144611876e-06
-2.341876736906409820e-06
8.935005672285470046e-07
-3.406490582236795312e-07
1.297312189283567481e-07
-4.932985306270662511e-08
1.872162271250769315e-08
-7.099822058416964976e-09
2.725833582028027358e-09
-1.160601474640358991e-09
3.804835029625278138e-10
1.001515038782755607e+00
-1.515038782755538790e-03
-5.996437870804476951e-20
5.466557916056866619e-20
-4.800884915981591875e-20
4.060416698430112799e-20
-3.305757172535298223e-20
2.589293319749338693e-20
-1.949867127623842395e-20
1.410533887392389116e-20
-9.792365443266773004e-21
6.516440198673544077e-21
-4.151193461711748225e-21
2.528098467648880946e-21
-1.471048626965904057e-21
8.206039332298008608e-22
-4.472402984736488835e-22
2.552818238295605051e-22
-9.515355357120067921e-23
1.500751879699246949e-02
