1.437877004413295134e+00
-2.289782093623884962e-02
1.724284966979559278e-04
-1.410193171381100629e-06
1.328695617563214198e-08
-1.429262828652017920e-10
1.669662598568635301e-12
-2.030476384659582057e-14
2.517742169676385758e-16
-3.154576635350295154e-18
4.502715863761979076e-01
-6.442572879278122278e-01
2.906154013530430902e-01
-7.687959713163836084e-02
-5.033755296517714029e-03
2.032106265066404779e-02
-1.422756076501735176e-02
6.357339492093402530e-03
-1.746922177445118856e-03
-2.910914814417855354e-05
3.790888639529716364e-04
-2.686689101336039629e-04
1.171847483127649110e-04
-3.064109315942459207e-05
-8.178427493182861718e-07
6.049691842737560419e-06
-3.648869843673587595e-06
1.094441667370080458e-06
-9.939829147425299066e-08
8.801497636729787091e-03
-1.100829666934144066e-02
4.223931175505312753e-03
-1.202853534989465744e-03
2.822313716244121535e-04
-5.833904972037541169e-05
1.111520518300744856e-05
-2.010894508742053878e-06
3.516244816513613719e-07
-5.995858792423682250e-08
1.000025392780185480e-08
-1.630343615095881660e-09
2.590150748711756489e-10
-3.988747910724777539e-11
5.903158148737513372e-12
-8.272616598448540367e-13
1.066021029976692519e-13
-1.173908946101607702e-14
8.637399103113744688e-16
1.236491695772600115e-04
-2.362742514749662252e-04
2.062112511465253781e-04
-1.647529047304483255e-04
1.208952618102621503e-04
-8.182636964826167875e-05
5.133693728933677922e-05
-3.001821166813935511e-05
1.645340730615569812e-05
-8.504280252153227396e-06
4.170315496707895931e-06
-1.952145800905718809e-06
8.776334634447393274e-07
-3.812326675037531184e-07
1.609929222913435725e-07
-6.663008590363318338e-08
2.758846150307889046e-08
-1.260965230522647297e-08
4.307131678899810321e-09
-1.951622534483718322e-10
3.761929203605642042e-10
-3.366773278452910946e-10
2.794934633451974346e-10
-2.148195624397622817e-10
1.524407710115382437e-10
-9.947621002931836817e-11
5.936121109231001879e-11
-3.213920365616477910e-11
1.560863578543443753e-11
-6.682336774194222419e-12
2.449643867436059203e-12
-7.267101433630048050e-13
1.504541117907767173e-13
-7.760208020174780313e-15
-9.019091005917155924e-15
3.873923777047383321e-15
-3.699129841414819715e-16
-2.199495723998769679e-16
4.575427118760827527e-01
7.573138764786470356e-03
-4.564957697754798351e-05
1.981612286808701267e-07
-4.701491664192809177e-10
-3.153398855007323111e-13
-7.919599387686485986e-15
4.097166660205027005e-16
-7.249761852788845121e-18
1.004219094067251400e-19
7.901061305567306237e-01
2.172631500254734171e-01
-9.464046738383516399e-02
2.842057932824185174e-02
-2.218197631774601370e-04
-6.944481394496628684e-03
5.643145783661963032e-03
-2.741288201540133685e-03
7.462488444398065199e-04
9.715672801706997134e-05
-2.555421144263938572e-04
1.683656086600849439e-04
-6.314407515163384841e-05
5.446351057681592038e-06
1.164400701656821666e-05
-9.872602551503478684e-06
4.016034026722433278e-06
8.156291852947056191e-08
-6.757288562249791596e-07
9.555724351440153530e-01
1.493879381859646201e-02
-2.523643714517922153e-03
4.305802932419178501e-04
-7.463617942992532611e-05
1.319550327324806083e-05
-2.378688603651073610e-06
4.351165324119387120e-07
-8.018172313348210630e-08
1.477662876977349166e-08
-2.707415673325869996e-09
4.911374085632850521e-10
-8.795465221418126954e-11
1.551435966580082460e-11
-2.689398538366593057e-12
4.569287989526609727e-13
-7.584490404375711331e-14
1.252904741887616115e-14
-1.902770048355660803e-15
9.857574371714477035e-01
1.080279270469980055e-02
-4.096893107597937393e-03
1.553730878771493419e-03
-5.892537889182540524e-04
2.234806155567855245e-04
-8.476141111041096969e-05
3.215100547628314798e-05
-1.219711936852380732e-05
4.628394799488691317e-06
-1.757029997844957022e-06
6.674143521810389224e-07
-2.537490667363271762e-07
9.660106774634203545e-08
-3.685224268289634113e-08
1.412791799093179879e-08
-5.530527341728405541e-09
2.428869130353566525e-09
-8.141097603542139999e-10
9.967923482457422546e-01
3.205076964858823325e-03
2.572722609672793730e-06
2.065130322668681588e-09
1.657684752462187686e-12
1.330694991629262652e-15
1.013465842978776670e-18
4.329588485319782386e-20
-3.163229624917899850e-20
2.261393581732694309e-20
-1.548733840221340678e-20
1.014224834130108905e-20
-6.354451276234186092e-21
3.800356706575208490e-21
-2.155609577631751449e-21
1.166701911172718831e-21
-6.159244880700922138e-22
3.394844818075165816e-22
-1.240233032876512961e-22
9.876961186454681352e-01
3.668757189895941774e-03
-3.960144471914567370e-05
3.226240051307273949e-07
-2.424641307757247688e-09
1.978005256224677871e-11
-1.959229789301545961e-13
2.283169321833463915e-15
-2.845737019164651240e-17
3.633508791921307191e-19
1.040710057825864787e+00
4.288500949488330619e-03
-2.516528670682764354e-02
1.795942399292998343e-02
-6.633415009998935852e-03
-6.259839536662138563e-05
2.054785134896090770e-03
-1.700288229463532046e-03
8.316008841456559329e-04
-2.190754409000076914e-04
-4.152954274376449039e-05
8.832057427724363289e-05
-5.809124347244052207e-05
2.274453290977437820e-05
-3.122958909045729105e-06
-3.040393241505880350e-06
2.863799447896809911e-06
-1.368916297555938289e-06
3.511015285890344387e-07
1.022720339944579448e+00
-7.769918977742999201e-03
1.318530283941530927e-03
-2.200474664615879048e-04
3.562307979856779255e-05
-5.487112866662477416e-06
7.805409264959238120e-07
-9.656708019173937355e-08
8.583796711915717726e-09
1.256656891187054360e-10
-3.251839770487919433e-10
1.110342264756550765e-10
-2.873281832100323916e-11
6.568205898192060654e-12
-1.394195661496288197e-12
2.809946513004731800e-13
-5.445106778979083463e-14
1.053959925061756889e-14
-1.851880869957675906e-15
1.007191124663544990e+00
-5.493521581091186795e-03
2.098325256177304039e-03
-8.014773925858708053e-04
3.061275369992209742e-04
-1.169226967685639101e-04
4.465470345496589158e-05
-1.705236043246845668e-05
6.510477330140844954e-06
-2.484808700532918531e-06
9.478435276979625388e-07
-3.612589806396964336e-07
1.375214097009819735e-07
-5.226177073737283378e-08
1.981953654412719811e-08
-7.509265953774502077e-09
2.879828809527885263e-09
-1.224558422471968619e-09
4.011198419596023142e-10
1.001607985004387524e+00
-1.607985004387503958e-03
-6.135884974489687670e-20
5.576498008190272428e-20
-4.876226449624990075e-20
4.100950833196218529e-20
-3.315528774106594135e-20
2.575264396780178631e-20
-1.920271654064009311e-20
1.373333149085941282e-20
-9.409813515592527082e-21
6.168854153917926215e-21
-3.863442445248934665e-21
2.307606875890417305e-21
-1.312945250289530415e-21
7.130984658973219039e-22
-3.760675231704950619e-22
2.067312603004255554e-22
-7.541585909141756293e-23
2.601303258145363229e-01
