8.569068168756838189e-01
-8.186830251288525553e-03
3.921834615685092121e-05
-1.965657128926275154e-07
1.030569391560050911e-09
-5.649672302747894210e-12
3.232113134009083539e-14
-1.921179882658422609e-16
1.128913128172482096e-18
-9.396892952092124396e-21
3.296661574959443564e-01
-3.990014471754771974e-01
1.341538407052575987e-01
-1.593869671429915674e-02
-1.284136407839631643e-02
1.113068380843522560e-02
-5.068512274549017912e-03
1.390471374708049856e-03
-2.672841866168443101e-05
-2.284502739909346732e-04
1.569151529251525058e-04
-6.414987010875854774e-05
1.500539578483049664e-05
1.349857758508153764e-06
-3.568221332440301146e-06
2.145598486882341154e-06
-7.784847290148741322e-07
9.458321304636470323e-08
4.334627339442868807e-08
1.738735258935621142e-02
-1.843668369300998158e-02
5.812911041359436308e-03
-1.373567638573892566e-03
2.734748794576473906e-04
-4.914649368744513865e-05
8.292732399550018863e-06
-1.338896965636499633e-06
2.079119386143015949e-07
-3.093298866601934548e-08
4.358834380778488628e-09
-5.683263376840556601e-10
6.503720404346335617e-11
-5.518758797522828242e-12
4.088665510482715283e-15
1.509947372296104191e-13
-4.942826867521336228e-14
1.246450061254005046e-14
-2.530076573047361898e-15
4.910289200161586497e-04
-9.238303372134820148e-04
7.704910622375231791e-04
-5.727006321763630043e-04
3.822947216726188362e-04
-2.312997974555207217e-04
1.281184734464593735e-04
-6.564828324356571966e-05
3.144545316153426573e-05
-1.422688623739903812e-05
6.140914876348570265e-06
-2.552956866032847486e-06
1.031105960788889200e-06
-4.076796082526648617e-07
1.588355734697739949e-07
-6.141453165443941693e-08
2.399513960409314010e-08
-1.041861159665828872e-08
3.461399543259517692e-09
-1.849448246840084466e-10
3.525063845179143116e-10
-3.048775233382375999e-10
2.387438802329798768e-10
-1.685622067665765313e-10
1.065908818388934142e-10
-5.975640549932974304e-11
2.923086943066568222e-11
-1.215072886876900316e-11
4.083524471402590012e-12
-9.837820588841413632e-13
9.539788797974297738e-14
4.344630115770196984e-14
-2.248780946075100245e-14
2.683179744972309399e-15
1.496873222909725890e-15
-6.467857879432867517e-16
-3.824317188711952476e-17
7.932026483652006687e-17
6.036191568498784354e-01
2.949227186667520862e-03
-1.388877807548410484e-05
6.505263759915231576e-08
-2.965133325414606189e-10
1.318410663923243824e-12
-5.777711690681535842e-15
2.537749369664301409e-17
-1.082201390878535319e-19
9.762238395942438850e-21
8.007820836505176176e-01
1.542284628381082878e-01
-4.498359214464456995e-02
5.354919021128687860e-03
4.197752731362904173e-03
-3.863133800020024985e-03
1.875513753067635037e-03
-5.584437996537049533e-04
2.602338633071282387e-05
8.836736020416538018e-05
-6.475468567391668979e-05
2.687312733638093305e-05
-5.775733349194975321e-06
-1.212189576779311288e-06
1.892902222606697436e-06
-1.022714446624119775e-06
3.041492230878701599e-07
2.563650268809271043e-08
-5.251356644931236926e-08
9.407412750825088210e-01
1.971493198249046896e-02
-3.273846449490247501e-03
5.417659155446455637e-04
-8.914800934409828389e-05
1.455403874499379565e-05
-2.352330605641606989e-06
3.755814391831393867e-07
-5.907737160014870677e-08
9.118771739425769392e-09
-1.372706698473660579e-09
1.995297993873300377e-10
-2.752409615798619296e-11
3.482877642741484122e-12
-3.715250788288334322e-13
2.320095370215013839e-14
3.170046305568789404e-15
-1.893494806620955186e-15
5.067115701245177667e-16
9.808968273175255881e-01
1.445390157618410901e-02
-5.468063189409590012e-03
2.068618120756746549e-03
-7.825710285223043362e-04
2.960469947563745536e-04
-1.119915980822923829e-04
4.236322452320477074e-05
-1.602349606249156910e-05
6.059959752741829029e-06
-2.291386061571566330e-06
8.661771158415573637e-07
-3.273052246516930382e-07
1.236241536883944179e-07
-4.667975866656975953e-08
1.765501298124927047e-08
-6.784593332360480424e-09
2.905174448694870273e-09
-9.572570636195934624e-10
9.956871022045956643e-01
4.308242415368041499e-03
4.650354977936787976e-06
5.019634304627269533e-09
5.418237674731047166e-12
5.848495359049998797e-15
6.311701919842000573e-18
7.646909347470343848e-21
-5.666979236991873652e-22
3.803588178971887561e-22
-2.125338609713548796e-22
1.096776836764472788e-22
-5.943816723183748405e-23
2.987903810194087037e-23
-1.159744800906708181e-23
8.515964325620214181e-25
-4.953754603135423266e-24
1.986448642728747922e-24
2.578559090549434328e-24
1.103202257091836058e+00
3.368147536918658668e-04
-4.893460630432283630e-06
3.527167938668499296e-08
-2.162188284135906936e-10
1.241607313196954254e-12
-6.948014309160081534e-15
3.876995351027591453e-17
-2.208578667971605238e-19
5.537804360606191909e-21
1.075976219861387362e+00
-3.523610250171893554e-02
-1.239021573128506765e-03
5.150560372792599081e-03
-2.105108967347365471e-03
4.451926009174860617e-05
4.599617252826916484e-04
-3.184415120952564814e-04
1.143025422746455884e-04
-8.608225624094117858e-06
-1.883739485487746559e-05
1.491876648568448782e-05
-6.389451427722561103e-06
1.330457597607556439e-06
3.879106402999692831e-07
-5.305020211382826464e-07
2.741941510965997321e-07
-6.937813851084531762e-08
1.331984784393263332e-09
1.030481328878960268e+00
-1.032156421590880134e-02
1.707863209977427809e-03
-2.715556360087616455e-04
4.070195764346808045e-05
-5.610052386905371228e-06
6.795544751022918816e-07
-6.355003611683684766e-08
1.669912015069906747e-09
1.225426237156986828e-09
-4.442133113313098900e-10
1.102672089225243983e-10
-2.349466407947905650e-11
4.571978404152254378e-12
-8.326116586071648224e-13
1.433212113915768759e-13
-2.337095893947314191e-14
3.662983876905127787e-15
-5.137246242645028224e-16
1.009675117817208534e+00
-7.390791740364014741e-03
2.822726025319412593e-03
-1.077932112133453109e-03
4.115354469046363811e-04
-1.570466219450901966e-04
5.988488728573596428e-05
-2.280709079698471116e-05
8.669767017539273355e-06
-3.286783555821324418e-06
1.241446907249026091e-06
-4.666447652901767871e-07
1.743473663163808317e-07
-6.466555181527450962e-08
2.378335008687306327e-08
-8.674725966337044820e-09
3.170155803792068117e-09
-1.265929538235742257e-09
3.971925555297935778e-10
1.002163485744469895e+00
-2.163485744469893866e-03
-8.420294337722852218e-20
7.421821956601308371e-20
-6.214758239387191369e-20
4.939662091158955479e-20
-3.722463123981936002e-20
2.655719870067117959e-20
-1.790350918854445844e-20
1.137796781844431170e-20
-6.795979498433010222e-21
3.800423423417500570e-21
-1.979899588277104701e-21
9.545619940777743619e-22
-4.219978843312633039e-22
1.687523123052674460e-22
-5.983420898270367474e-23
1.889521696007693189e-23
-4.363151813381820006e-24
6.953483709273182711e-01
