2.919046260025365182e-03
6.655069990598332964e-03
1.048870662374361620e-02
1.442297717701760199e-02
1.846106436715327925e-02
2.260598805644338516e-02
2.686085495688577893e-02
3.122881774950261868e-02
3.571303718918093090e-02
4.031666348625036894e-02
4.504282063042033130e-02
4.989458821015117784e-02
5.487498015218696124e-02
5.998692062925656265e-02
6.523321729422422444e-02
7.061653192476838314e-02
7.613934860703569507e-02
8.180393968266809479e-02
8.761232977584194892e-02
9.356625829173982611e-02
9.966714084973442300e-02
1.059160302037315260e-01
1.123135773178839253e-01
1.188599934014980819e-01
1.255550138438503993e-01
1.323978651056575695e-01
1.393872357001738893e-01
1.465212524207411549e-01
1.537974629368441815e-01
1.612128257840505507e-01
1.687637086314497104e-01
1.764458954652667055e-01
1.842546031292744135e-01
1.921845073095432010e-01
2.002297777573116555e-01
2.083841222061920129e-01
2.166408381167963526e-01
2.249928710863425552e-01
2.334328785210695589e-01
2.419532969853567805e-01
2.505464115408215786e-01
2.592044253654149366e-01
2.679195279970044696e-01
2.766839606825489128e-01
2.854900774950454023e-01
2.943304011237981577e-01
3.031976725007156093e-01
3.120848936985730626e-01
3.209853638024103839e-01
3.298927076999326191e-01
3.388008979521018871e-01
3.477042700863510194e-01
3.565975317903570252e-01
3.654757665865873140e-01
3.743344326303040259e-01
3.831693573009265497e-01
3.919767282596543501e-01
4.007530816223924264e-01
4.094952878602278745e-01
4.182005359868646299e-01
4.268663165361929468e-01
4.354904037703060116e-01
4.440708374970545047e-01
4.526059048161963361e-01
4.610941220567694732e-01
4.695342171166731471e-01
4.779251123699190806e-01
4.862659082654776088e-01
4.945558677071853482e-01
5.027944012745791946e-01
5.109810533191124771e-01
5.191154889504282499e-01
5.271974819106776122e-01
5.352269033221888073e-01
5.432037112835670367e-01
5.511279412824355850e-01
5.589996973872369823e-01
5.668191441774248496e-01
5.745864993692160194e-01
5.823020270929992748e-01
5.899660317787338570e-01
5.975788526062099093e-01
6.051408584782473898e-01
6.126524434766449367e-01
6.201140227623850310e-01
6.275260288837799516e-01
6.348889084583391185e-01
6.422031191963050167e-01
6.494691272360337830e-01
6.566874047634967404e-01
6.638584278902569524e-01
6.709826747663142354e-01
6.780606239060262830e-01
6.850927527071893897e-01
6.920795361449515459e-01
6.990214456238995622e-01
7.059189479730486605e-01
7.127725045698308781e-01
7.195825705804608230e-01
7.263495943051843096e-01
7.330740166179630091e-01
7.397562704911592180e-01
7.463967805966208457e-01
7.529959629754260364e-01
7.595542247692544935e-01
7.660719640070382530e-01
7.725495694411509406e-01
7.789874204279758629e-01
7.853858868481230493e-01
7.917453290621573325e-01
7.980660978979497999e-01
8.043485346662755386e-01
8.105929712015690347e-01
8.167997299249920573e-01
8.229691239273972947e-01
8.291014570698411745e-01
8.351970240996753336e-01
8.412561107803483429e-01
8.472789940332871028e-01
8.532659420903675462e-01
8.592172146556378287e-01
8.651330630750936335e-01
8.710137305134115770e-01
8.768594521366881445e-01
8.826704553002675535e-01
8.884469597408978236e-01
8.941891777724700896e-01
8.998973144847248751e-01
9.055715679442996047e-01
9.112121293976205294e-01
9.168191834751467928e-01
9.223929083965202169e-01
9.279334761762374484e-01
9.334410528294712073e-01
9.389157985777267790e-01
9.443578680539984616e-01
9.497674105072001494e-01
9.551445700055439803e-01
9.604894856387066193e-01
9.658022917185096201e-01
9.710831179779348954e-01
9.763320897682813415e-01
9.815493282542981923e-01
9.867349506071115828e-01
9.918890701947993271e-01
9.970117967704786865e-01
1.002103236657756469e+00
1.007163492933414561e+00
1.012192665607221098e+00
1.017190851798733808e+00
1.022158145911004068e+00
1.027094639801064080e+00
1.032000422947109808e+00
1.036875582612272639e+00
1.041720204004921380e+00
1.046534370435368899e+00
1.051318163468938138e+00
1.056071663075322853e+00
1.060794947774121866e+00
1.065488094776547268e+00
1.070151180123209755e+00
1.074784278817936700e+00
1.079387464957578979e+00
1.083960811857751061e+00
1.088504392174479474e+00
1.093018278021723910e+00
1.097502541084725891e+00
1.101957252729189651e+00
1.106382484106251063e+00
1.110778306253243031e+00
1.115144790190236934e+00
1.119482007012358560e+00
1.123790027977900063e+00
1.128068924592211530e+00
1.132318768687404109e+00
1.136539632497878705e+00
1.140731588731717094e+00
1.144894710637939239e+00
1.149029072069692958e+00
1.153134747543401728e+00
1.157211812293909903e+00
1.161260342325704409e+00
1.165280414460228231e+00
1.169272106379376952e+00
1.173235496665236521e+00
1.177170664836117986e+00
1.181077691378978223e+00
1.184956657778293732e+00
1.188807646541469643e+00
1.192630741220867874e+00
1.196426026432545697e+00
1.200193587871778433e+00
1.203933512325483290e+00
1.207645887681614738e+00
1.211330802935640660e+00
1.214988348194201873e+00
1.218618614676039824e+00
1.222221694710303286e+00
1.225797681732347044e+00
1.229346670277102760e+00
1.232868755970144115e+00
1.236364035516547055e+00
1.239832606687644390e+00
1.243274568305783756e+00
1.246690020227186002e+00
1.250079063323032091e+00
1.253441799458838046e+00
1.256778331472265142e+00
1.260088763149430635e+00
1.263373199199844921e+00
1.266631745230054173e+00
1.269864507716097712e+00
1.273071593974856919e+00
1.276253112134422718e+00
1.279409171103520038e+00
1.282539880540137345e+00
1.285645350819388577e+00
1.288725693000749795e+00
1.291781018794685210e+00
1.294811440528811808e+00
1.297817071113622100e+00
1.300798024007864040e+00
1.303754413183654259e+00
1.306686353091372155e+00
1.309593958624414078e+00
1.312477345083867375e+00
1.315336628143163988e+00
1.318171923812768709e+00
1.320983348404955571e+00
1.323771018498727026e+00
1.326535050904922297e+00
1.329275562631557106e+00
1.331992670849452276e+00
1.334686492858157880e+00
1.337357146052274404e+00
1.340004747888121628e+00
1.342629415850860264e+00
1.345231267422065002e+00
1.347810420047778734e+00
1.350366991107076808e+00
1.352901097881168857e+00
1.355412857523045522e+00
1.357902387027720481e+00
1.360369803203047789e+00
1.362815222641149182e+00
1.365238761690468872e+00
1.367640536428465170e+00
1.370020662634934716e+00
1.372379255765996620e+00
1.374716430928739852e+00
1.377032302856528112e+00
1.379326985884974821e+00
1.381600593928596021e+00
1.383853240458138290e+00
1.386085038478565679e+00
1.388296100507735442e+00
1.390486538555741891e+00
1.392656464104919722e+00
1.394805988090525917e+00
1.396935220882064232e+00
1.399044272265285827e+00
1.401133251424810267e+00
1.403202266927415121e+00
1.405251426705941276e+00
1.407280838043824422e+00
1.409290607560255815e+00
1.411280841195927005e+00
1.413251644199402968e+00
1.415203121114048113e+00
1.417135375765556704e+00
1.419048511250033728e+00
1.420942629922638423e+00
1.422817833386763153e+00
1.424674222483750752e+00
1.426511897283134322e+00
1.428330957073371987e+00
1.430131500353099883e+00
1.431913624822838571e+00
1.433677427377213043e+00
1.435423004097588384e+00
1.437150450245185729e+00
1.438859860254614320e+00
1.440551327727846109e+00
1.442224945428576932e+00
1.443880805277012236e+00
1.445518998345020956e+00
1.447139614851671974e+00
1.448742744159141616e+00
1.450328474768959319e+00
1.451896894318602360e+00
1.453448089578420976e+00
1.454982146448872582e+00
1.456499149958079276e+00
1.457999184259659575e+00
1.459482332630863244e+00
1.460948677470975898e+00
1.462398300299981857e+00
1.463831281757490999e+00
1.465247701601904762e+00
1.466647638709814627e+00
1.468031171075630636e+00
1.469398375811424184e+00
1.470749329146973317e+00
1.472084106430014305e+00
1.473402782126668198e+00
1.474705429822064762e+00
1.475992122221125635e+00
1.477262931149513348e+00
1.478517927554742428e+00
1.479757181507431740e+00
1.480980762202698253e+00
1.482188737961696257e+00
1.483381176233256493e+00
1.484558143595672064e+00
1.485719705758586473e+00
1.486865927564976930e+00
1.487996872993255337e+00
1.489112605159449654e+00
1.490213186319480965e+00
1.491298677871516043e+00
1.492369140358396074e+00
1.493424633470144203e+00
1.494465216046526823e+00
1.495490946079683470e+00
1.496501880716804012e+00
1.497498076262867350e+00
1.498479588183410538e+00
1.499446471107358958e+00
1.500398778829869828e+00
1.501336564315226552e+00
1.502259879699753276e+00
1.503168776294757425e+00
1.504063304589491779e+00
1.504943514254126757e+00
1.505809454142749804e+00
1.506661172296363871e+00
1.507498715945901235e+00
1.508322131515223985e+00
1.509131464624151597e+00
1.509926760091463427e+00
1.510708061937903857e+00
1.511475413389181899e+00
1.512228856878958139e+00
1.512968434051814137e+00
1.513694185766215394e+00
1.514406152097443670e+00
1.515104372340530858e+00
1.515788885013132248e+00
1.516459727858424200e+00
1.517116937847933000e+00
1.517760551184356821e+00
1.518390603304354824e+00
1.519007128881296076e+00
1.519610161827990691e+00
1.520199735299363031e+00
1.520775881695108467e+00
1.521338632662297519e+00
1.521888019097951572e+00
1.522424071151559977e+00
1.522946818227582266e+00
1.523456288987872886e+00
1.523952511354084827e+00
1.524435512510023294e+00
1.524905318903938989e+00
1.525361956250788964e+00
1.525805449534432645e+00
1.526235823009791881e+00
1.526653100204955260e+00
1.527057303923215814e+00
1.527448456245076969e+00
1.527826578530194546e+00
1.528191691419254594e+00
1.528543814835820136e+00
1.528882967988087760e+00
1.529209169370626453e+00
1.529522436766018956e+00
1.529822787246481575e+00
1.530110237175398513e+00
1.530384802208805795e+00
1.530646497296821007e+00
1.530895336685008212e+00
1.531131333915678017e+00
1.531354501829137682e+00
1.531564852564861079e+00
1.531762397562621114e+00
1.531947147563543332e+00
1.532119112611091793e+00
1.532278302052019203e+00
1.532424724537217786e+00
1.532558388022536411e+00
1.532679299769519776e+00
1.532787466346085425e+00
1.532882893627138809e+00
1.532965586795125956e+00
1.533035550340510644e+00
1.533092788062212053e+00
1.533137303067940493e+00
1.533169097774506051e+00
1.533188173908038410e+00
1.533194532504152274e+00
