6.023481777963755057e-01
-4.279612532130569989e-03
2.114806520313000949e-05
-1.368039253208305946e-07
1.028701080536435755e-09
-8.375121131953431897e-12
7.129351368085087487e-14
-6.239864185353663921e-16
5.592966004876046949e-18
-5.203341886126863858e-20
2.720361743941360211e-01
-2.741391734858095730e-01
6.732338249399751062e-02
-5.080098588941824684e-04
-8.489224005686390670e-03
5.080615669750005586e-03
-1.938952375451234635e-03
5.006022961851897121e-04
-3.867524694903575605e-05
-5.242222237235710103e-05
4.375977166962185719e-05
-2.308971973054006098e-05
9.445762198230320684e-06
-2.851081399669430973e-06
3.370170201584673435e-07
3.272878884518959184e-07
-3.421733965496160519e-07
2.364992942152817749e-07
-9.270670738927993807e-08
2.608835157787907366e-02
-2.507409826392388921e-02
6.946495342846327296e-03
-1.413978462432853057e-03
2.380668929548280480e-04
-3.549762163945550367e-05
4.862840208228387618e-06
-6.182952160981811586e-07
7.161924501449178375e-08
-7.034120723841877170e-09
4.307562693272273823e-10
3.692532019312698389e-11
-2.147165595889703097e-11
5.622419044015479580e-12
-1.188559682271162902e-12
2.249942008548775918e-13
-3.957758854191593066e-14
6.734229531249885280e-15
-1.036943383456269639e-15
9.677642206380634559e-04
-1.807613131745622673e-03
1.476036463823767386e-03
-1.060953756130455236e-03
6.777335627665649273e-04
-3.890535601753818194e-04
2.030742085985917970e-04
-9.753676053947900586e-05
4.361865591189251641e-05
-1.837239019318135733e-05
7.369648348293414934e-06
-2.844527558827526894e-06
1.066384399563525852e-06
-3.914230601217740917e-07
1.416044052037802605e-07
-5.080647281244080001e-08
1.834914946020322973e-08
-7.298431338961092343e-09
2.294286736873035496e-09
2.288448954660725606e-10
-4.344931669025100339e-10
3.713722501780468780e-10
-2.849513035029002909e-10
1.952242116845077315e-10
-1.183947078528070823e-10
6.269068192273290222e-11
-2.833623435923895636e-11
1.049535900909481736e-11
-2.910886002718176524e-12
4.394944470199842744e-13
6.602528265036521677e-14
-5.928424024806264544e-14
1.149414394581009342e-14
2.810385359709531500e-15
-1.861749987354193983e-15
7.845023428864834431e-17
1.824496085945122201e-16
-3.880886366303731463e-17
3.638313451830321177e-01
2.971323071980419561e-03
-1.249679682716753038e-05
6.726318871811987153e-08
-4.209889094461192569e-10
2.906670840380473772e-12
-2.144349456243425757e-14
1.657804805014353828e-16
-1.344646401224186314e-18
1.892250034710625631e-20
6.240105977733483300e-01
2.261385696786536448e-01
-4.451134894921852936e-02
-1.613611063808579119e-03
6.599926860633177454e-03
-3.714031628136083962e-03
1.338144543753451866e-03
-2.920177769475059987e-04
-1.679363301712488002e-05
5.710415332848268983e-05
-3.564591996814892358e-05
1.492864041600683954e-05
-4.345678772437903572e-06
4.829983524967120065e-07
4.232634732872933444e-07
-3.924903419394907315e-07
2.076527463100606373e-07
-8.331096015911982215e-08
2.159084863294335392e-08
8.604235032427760554e-01
4.426207850341661032e-02
-6.938144528667064374e-03
1.065771276565744344e-03
-1.589709230444261894e-04
2.282370211461177585e-05
-3.123703612404120080e-06
4.017225053427507251e-07
-4.719615229055052870e-08
4.718884045645718146e-09
-3.031563526518679317e-10
-2.121210600720756828e-11
1.381011244761138735e-11
-3.712586608507414157e-12
8.019435858308614687e-13
-1.555025179221550366e-13
2.816568780830539419e-14
-4.980201361362527359e-15
7.990686745013896453e-16
9.537357495965866905e-01
3.452114459091271126e-02
-1.287892009756701900e-02
4.804431411789134541e-03
-1.792018472888123447e-03
6.682352065011774736e-04
-2.490699500309226746e-04
9.276824228599174233e-05
-3.451444715646698685e-05
1.282093318150257548e-05
-4.752370659709966068e-06
1.756711756884400364e-06
-6.471530481958039082e-07
2.374434380644067886e-07
-8.673263051746573615e-08
3.157283755720561454e-08
-1.158921290955968212e-08
4.684671831019956915e-09
-1.484832390125698394e-09
9.894105447406588150e-01
1.056134653757709839e-02
2.803410978258483722e-05
7.441393088516808249e-08
1.975248421906861696e-10
5.243112521142850851e-13
1.391755314928914180e-15
3.680355218928264973e-18
1.867899637402585947e-20
-5.429726983056481673e-21
3.191815096663607862e-21
-1.662875799879893547e-21
7.794001215122161742e-22
-3.498675289398314325e-22
1.562460117842500190e-22
-7.115982996689369302e-23
2.123726732958622857e-23
1.162370513371983212e-23
-9.299146753314422639e-24
1.385661112911114712e+00
-2.157972021176053287e-03
1.116178268482712332e-05
-7.285114772268239496e-08
5.326703667986502215e-10
-4.155543355009197578e-12
3.381473444910251720e-14
-2.835461054720025511e-16
2.454347916637398648e-18
-2.910994698351455391e-20
1.218809673082880574e+00
-1.412536194422262248e-01
3.032098890621865231e-02
-4.547236655901768084e-04
-3.661807720836065747e-03
2.368801766962798198e-03
-1.007859407702188037e-03
3.085124631046023990e-04
-4.604724426351864709e-05
-2.193585972079936523e-05
2.480854387945618841e-05
-1.437957809905619534e-05
6.007137129149247157e-06
-1.706259351015045325e-06
9.565021260423341555e-08
2.703839207414299570e-07
-2.279206224470227746e-07
1.336910014673135359e-07
-4.717686989615129015e-08
1.075099526748923839e+00
-2.533710374448758240e-02
4.165707366679897647e-03
-6.588917463601763440e-04
9.932893972710053277e-05
-1.419268912515761919e-05
1.913599410448795709e-06
-2.415194853512094459e-07
2.797710250532405626e-08
-2.822050754045642377e-09
2.060056080940930540e-10
2.213151187995635874e-12
-5.229987153658461505e-12
1.489455581347330714e-12
-3.221894309999187118e-13
6.180026746158760304e-14
-1.106807868159959931e-14
1.947894196486197201e-15
-3.142013531283315179e-16
1.023866805605495589e+00
-1.823087528951520403e-02
6.962047258748899764e-03
-2.658021928245565910e-03
1.014326342700327824e-03
-3.867610499796304661e-04
1.472751355850857361e-04
-5.596701265025928653e-05
2.120636619766244757e-05
-8.003598987086613082e-06
3.005461450694990519e-06
-1.121689751952073481e-06
4.156680020565268173e-07
-1.528255875185455554e-07
5.572474992610321522e-08
-2.017343740855075973e-08
7.335969498398510191e-09
-2.927421647136296498e-09
9.200671889818845973e-10
1.005337109661695205e+00
-5.337109661695344821e-03
-1.502033009655012246e-19
1.309996391690013901e-19
-1.080558857577663252e-19
8.420637155462229515e-20
-6.190448429350115491e-20
4.284924600318342428e-20
-2.785656377255297646e-20
1.695448532520297946e-20
-9.620851086252207073e-21
5.062271936055943815e-21
-2.451801919548939952e-21
1.081822229180481984e-21
-4.282516721701419552e-22
1.482947828225397450e-22
-4.268840540896587487e-23
8.955077345965426339e-24
-9.368629671147098792e-25
7.494941214954247144e-01
