1.679832973867537715e-01
-6.038144827879620769e-05
8.634039346272035838e-09
-1.198539128230838993e-12
1.671252426532078908e-16
-2.437209134343934928e-20
2.132911389616710559e-22
2.446221685349503770e-22
-7.998085234315468918e-22
5.489861139658257688e-22
1.448194604167686861e-01
-2.855143205031925382e-02
-4.590916124197506887e-03
8.937557929942164994e-04
1.875363235512606143e-05
-1.724759242526274601e-05
9.661396013557743018e-07
2.307051716789892985e-07
-3.481036154845363941e-08
-1.421549907940093554e-09
7.318788001755670065e-10
-3.116103829247305113e-11
-1.074348113026695665e-11
1.393118977963611873e-12
8.592125629232104422e-14
-3.179634251865653499e-14
9.102412113593680255e-16
4.977076889639970367e-16
-5.467975058072599875e-17
7.734631812726526501e-02
-3.301028265640404413e-02
2.394688474929561241e-03
1.259926905324817905e-04
-4.678584605187529385e-05
4.887355191697351826e-06
-1.335067040270851132e-07
-3.798514021389987752e-08
6.986445841931232307e-09
-5.582774316717034670e-10
-2.378232980585583692e-12
7.078241237650268431e-12
-1.008386056984981532e-12
6.164757777363800579e-14
3.302826287645514413e-15
-1.243987195618376465e-15
1.421127684387335816e-16
-5.271208220493068774e-18
-9.503133156256995703e-19
9.544967491248704597e-03
-1.663212423181501670e-02
1.115728763043014916e-02
-5.898710738555711097e-03
2.499923628696944580e-03
-8.481086015880834718e-04
2.193160627573306624e-04
-3.302819006690100944e-05
-5.472637427963234272e-06
7.172528933574216518e-06
-3.816502180158718386e-06
1.568436922966178070e-06
-5.541369100698783904e-07
1.727906638421725898e-07
-4.677521040824993666e-08
1.002470723338101564e-08
-9.185966900338991557e-10
-7.911361083160831572e-10
4.708006745939478690e-10
1.403188938986921569e-06
-2.593572479794273219e-06
2.040647046482274914e-06
-1.352628618420256058e-06
7.392111921094028773e-07
-3.190544173798584070e-07
9.836550535529154302e-08
-1.469910312663069394e-08
-3.495576869881780541e-09
2.398579461235651784e-09
-1.974184481051309699e-10
-2.362918091988690791e-10
5.993649795236738258e-11
2.413402355158590175e-11
-1.018094049114946060e-11
-3.040365171510987659e-12
1.630582904500655546e-12
4.002563494638238052e-13
-2.366020173745843083e-13
8.002128902680020195e-01
4.339289077708433139e-05
-5.850983786948054804e-09
8.173163593226427728e-13
-1.165753578382968715e-16
1.698542936637998426e-20
1.248745139168454031e-22
-2.315121803207540892e-22
3.794713357804798004e-22
-2.067050908885934901e-22
8.171021569829700626e-01
2.089497560664922010e-02
3.468361748908459653e-03
-6.057997476368277368e-04
-1.300797041446369998e-05
1.156317948762915184e-05
-6.707101800068478044e-07
-1.534394450862543192e-07
2.423399385824646728e-08
8.494432593110060714e-10
-5.110017254366905917e-10
2.554412662573616469e-11
7.382003523848341903e-12
-1.072010182269560181e-12
-5.062981915176385250e-14
2.415378414221089021e-14
-1.016397862980401993e-15
-3.671692987221730169e-16
4.887189099680711561e-17
8.687923919362326997e-01
2.672782181342011482e-02
-1.346714971705577270e-03
-1.055424794407347532e-04
3.082820746647644975e-05
-3.162570428241905721e-06
9.081399982382116552e-08
2.404451309446625754e-08
-4.548988933335107045e-09
3.782438455954880407e-10
-1.187525165013887431e-12
-4.382632582570784035e-12
6.656862789295622271e-13
-4.574384439411418081e-14
-1.340498080851696379e-15
7.665809963164019155e-16
-9.855265533241316324e-17
5.133088972512662564e-18
4.426120313201704957e-19
9.501030398364801455e-01
3.647308795596138076e-02
-1.305116017321951080e-02
4.497535714582911494e-03
-1.455607255316230652e-03
4.245114320688730047e-04
-1.021463773254684582e-04
1.444450349317435264e-05
3.381189687852104015e-06
-4.068654069957980542e-06
2.254185675795134152e-06
-9.715943391160655865e-07
3.574462611398520255e-07
-1.147618256178688114e-07
3.164315327016739215e-08
-6.866629162550013654e-09
6.622029759578378906e-10
5.056807095408366060e-10
-3.043151268310595013e-10
9.884187531986273756e-01
1.154761811089513764e-02
3.353104905516786778e-05
9.735263825462103750e-08
2.916359488159010234e-10
-5.189042490622706669e-12
3.669468885061168105e-12
-2.006585315689908896e-12
9.708211566988966995e-13
-4.059455229757795281e-13
1.408054339636886285e-13
-3.697604366061936285e-14
5.262125596770569291e-15
9.056048406300622973e-16
-7.875075628924948801e-16
1.829390914007824904e-16
1.853225877249035594e-17
-2.244340921436351139e-17
4.330142316384267922e-18
1.104080099530167169e+00
-2.179047251324375546e-05
2.761786045766897648e-09
-3.634976994775560786e-13
4.942417020979699544e-17
-6.737532920751693517e-21
-1.481999652938061201e-23
-3.048938911105945713e-24
-1.139199767242145709e-22
7.433149538100725107e-23
1.095503579795775950e+00
-1.063777468594396397e-02
-1.801823025905785036e-03
2.947269369991353284e-04
7.904153991747307661e-06
-5.412887494429669361e-06
2.702460646940155360e-07
7.059793985259036849e-08
-1.003640996956485022e-08
-4.315448264563965644e-10
2.095839131121617283e-10
-9.302964819020989225e-12
-2.984589109178562678e-12
4.159305971263951192e-13
1.956885315739408979e-14
-9.345083789606797898e-15
4.397708166102408225e-16
1.367286381669348880e-16
-2.034076907305175245e-17
1.068729193817553602e+00
-1.405581505833480502e-02
6.573545166228632721e-04
6.328124870073844916e-05
-1.606960951522291213e-05
1.475591185817801844e-06
-2.173132056197696310e-08
-1.341792452798026818e-08
2.095022285989754911e-09
-1.423384621251837825e-10
-3.498467468705312142e-12
2.106635951299905934e-12
-2.615996441473815875e-13
1.356181059331167444e-14
1.044019551023172152e-15
-3.084064626391400873e-16
3.297760003193547074e-17
-1.212525150907127130e-18
-1.989274139530209663e-19
1.025718530483488822e+00
-1.919271381063990603e-02
6.980327444430635235e-03
-2.428406969316225950e-03
7.854774092204486798e-04
-2.251475916022528678e-04
5.119951405373705252e-05
-5.351591098163284485e-06
-2.985414608840536505e-06
2.634795042160869103e-06
-1.343430773477535634e-06
5.453049766492288806e-07
-1.883050949340152780e-07
5.566188700118564705e-08
-1.342591768534179622e-08
2.090905153705977878e-09
2.397814528475602840e-10
-4.704461302175954340e-10
2.131408722764840206e-10
1.005841311095254875e+00
-5.841311089152925566e-03
-1.123455296016899748e-11
9.080763965279513092e-12
-6.714584123777980605e-12
4.522157554954064648e-12
-2.756158087366486211e-12
1.505850821140910791e-12
-7.270299709159098957e-13
3.030854327476491843e-13
-1.046216507999843042e-13
2.721592396423186165e-14
-3.743143031895428998e-15
-7.336598821209120985e-16
5.955925213529080098e-16
-1.336939605979375951e-16
-1.575054909677531291e-17
1.701499853670488666e-17
-3.119585746535949188e-18
9.017643258684970853e-01
