5.869225560840869438e-01
-3.733610158458144663e-03
1.591236580743533730e-05
-8.800643176822921297e-08
5.675643356079037475e-10
-3.977619109303600903e-12
2.920407596073896326e-14
-2.206179963172040608e-16
1.680532920279755038e-18
-1.254664158702455094e-20
2.716305011279486203e-01
-2.673752656746902212e-01
6.140983480510556203e-02
1.904475696453798586e-03
-8.773872587466043094e-03
4.733235894225913502e-03
-1.616925213930722922e-03
3.320649745453738404e-04
2.207774384823185600e-05
-6.404737712383264223e-05
4.007052784351812898e-05
-1.767022522499778940e-05
5.876021018793859558e-06
-1.141649797280497621e-06
-2.610325879031773247e-07
4.258761635891099362e-07
-2.750177571486669348e-07
1.355176757986047337e-07
-4.249317466992607188e-08
2.725204055541630144e-02
-2.607207363241212730e-02
7.175439145172179435e-03
-1.447945942669932309e-03
2.409649793625256531e-04
-3.535415118513818717e-05
4.730685281811466615e-06
-5.797272548195359370e-07
6.285425109201256585e-08
-5.270660557315898678e-09
1.031259661619501713e-10
9.406430276264669344e-11
-3.087271386730757840e-11
7.077831283804016749e-12
-1.398240372353873173e-12
2.523767627500511154e-13
-4.260589044249080869e-14
6.943652485390274220e-15
-1.024401172796010220e-15
1.022081926155111791e-03
-1.908510026115259241e-03
1.557092185990632555e-03
-1.117688727523330136e-03
7.126839388408717779e-04
-4.082179401939898806e-04
2.125361276284493529e-04
-1.017901670913387032e-04
4.537766053241714303e-05
-1.904781332769359773e-05
7.612275036720577302e-06
-2.926462975358562923e-06
1.092405325699209242e-06
-3.991309708536943049e-07
1.436766588639189728e-07
-5.126956754835905114e-08
1.840042719634107560e-08
-7.262319872425066745e-09
2.270832970160022536e-09
2.725655071383068664e-10
-5.174348246120764138e-10
4.420874802872003281e-10
-3.389757912323016895e-10
2.319985334116594598e-10
-1.404941320564071310e-10
7.424442154625437926e-11
-3.346419398939105089e-11
1.234189669496336416e-11
-3.396746210174536679e-12
5.005348741957230370e-13
8.275646080572142393e-14
-7.004349540068564553e-14
1.305270903474045453e-14
3.489501467462920515e-15
-2.182884273673238216e-15
6.697763604946172162e-17
2.177989445026916100e-16
-4.292044341581884512e-17
3.772062403341946424e-01
2.620237292284833142e-03
-9.686342719907242984e-06
4.526644724017223169e-08
-2.448335991174030232e-10
1.459065462207065343e-12
-9.289947323888813591e-15
6.198396669040452581e-17
-4.156294149252153382e-19
-1.715257629979413020e-22
6.250766923824463417e-01
2.193286666703345156e-01
-4.020452209991573489e-02
-3.061554620001301786e-03
6.645688387335207600e-03
-3.419330160933066291e-03
1.109830084630882398e-03
-1.855556420835630842e-04
-4.815213109309401745e-05
5.853518194201713784e-05
-3.033960431299299662e-05
1.067894845669634320e-05
-2.231597997517405190e-06
-2.496086547673543686e-07
5.483282146668482543e-07
-3.375695442560104257e-07
1.379745969866395742e-07
-3.480535116301960604e-08
2.977083415766194896e-09
8.583690067676162938e-01
4.483082581710054471e-02
-7.005333351722093163e-03
1.070301788055534305e-03
-1.582445073278628098e-04
2.240832457914700992e-05
-3.002087420861335226e-06
3.730333483537756662e-07
-4.119169679001726523e-08
3.560554288589091219e-09
-9.333082025648416147e-11
-5.722659084597121733e-11
1.968382136983299370e-11
-4.620345885683257573e-12
9.335743604861701564e-13
-1.730054638493400331e-13
3.018147136910816660e-14
-5.140619900503850506e-15
7.965762265204833529e-16
9.530134014044780999e-01
3.504695428744192265e-02
-1.307010582058366552e-02
4.873847114074418910e-03
-1.817164573794797719e-03
6.773105270189420284e-04
-2.523252755658231109e-04
9.392447205637812174e-05
-3.491878357995690157e-05
1.295895397403469791e-05
-4.797736982402945786e-06
1.770734007163613153e-06
-6.510324676659031332e-07
2.382750621574625988e-07
-8.676871373820572285e-08
3.146548476895604383e-08
-1.149334192098639655e-08
4.615685518536404936e-09
-1.456263770454326404e-09
9.892412517223528878e-01
1.072973250247326142e-02
2.893752116262802816e-05
7.804296433707516775e-08
2.104777478960144518e-10
5.676473161586943411e-13
1.530943918266367196e-15
4.108505834867055971e-18
2.439468767473089403e-20
-7.909939604489701446e-21
4.492904869975837104e-21
-2.457064343059616117e-21
1.210440952614551037e-21
-4.787751979264219436e-22
1.860434712192941185e-22
-9.663583728515588285e-23
2.286079792077313783e-23
1.210075677007120508e-24
2.326760740240005675e-24
1.374344928432181590e+00
-1.850426584409598472e-03
8.298377325991629778e-06
-4.682257859195898037e-08
2.959000158972721199e-10
-1.994639513420342427e-12
1.401999273112980773e-14
-1.015084814198342085e-16
7.395082903694753531e-19
-3.035806079631583159e-21
1.217352480708715490e+00
-1.358627069026099865e-01
2.697268962104601084e-02
7.301072022357370760e-04
-3.772888583497122864e-03
2.183585261919118378e-03
-8.384893253597032513e-04
2.164606432136957366e-04
-1.078001811910454620e-05
-2.946631219496013919e-05
2.289360240103285407e-05
-1.112679256275287914e-05
3.818037141824751388e-06
-6.808838573091046711e-07
-2.326404546642223027e-07
3.008121736959986078e-07
-1.738198620181788951e-07
7.207257728785991236e-08
-1.878467869648739170e-08
1.076275432987318537e+00
-2.569565386402757057e-02
4.209214927655258350e-03
-6.611319455225987164e-04
9.852124809143872374e-05
-1.382890625154628350e-05
1.814847344585060667e-06
-2.195141519716922763e-07
2.360640502251441349e-08
-2.020096928873154451e-09
6.755732030398157383e-11
2.491508430148273312e-11
-8.779131503812609973e-12
2.018112470217812390e-12
-3.968036264925331711e-13
7.165128649899003855e-14
-1.225058946075556727e-14
2.067576747511010681e-15
-3.220252638368774422e-16
1.024251206273972814e+00
-1.852431064098195718e-02
7.073938817725409188e-03
-2.700606479077599133e-03
1.030475751614047574e-03
-3.928473406118714864e-04
1.495454674046218482e-04
-5.680037443467363367e-05
2.150488710678972201e-05
-8.106689819450118653e-06
3.039121757007051853e-06
-1.131709131275370714e-06
4.181536688291147462e-07
-1.531690223720967698e-07
5.559280862251119307e-08
-2.001147369531597409e-08
7.224659716355936609e-09
-2.855487984631097350e-09
8.913814371570445282e-10
1.005423106456029281e+00
-5.423106456029213110e-03
-2.141097717367327774e-19
1.866682452304577796e-19
-1.538956812614433365e-19
1.198480231660899801e-19
-8.803199441737407153e-20
6.087112459517609852e-20
-3.952324667773510167e-20
2.401927139079339706e-20
-1.360542957275549585e-20
7.143525527283356250e-21
-3.450820246665332544e-21
1.517727096189450864e-21
-5.983354162832943188e-22
2.060331478856702359e-22
-5.879637623321024991e-23
1.208275780619735991e-23
-1.175520717886168891e-24
7.509763366393079620e-01
