1.935736605353039208e-01
-8.787613515292597057e-05
1.619701650657606901e-08
-2.923834259859946961e-12
5.316757757357018021e-16
-9.590440441902362333e-20
7.613502840298906564e-22
-6.297628948789038314e-22
-3.739600597622447857e-22
3.768880619183758448e-22
1.616640079090624904e-01
-3.882925049265684853e-02
-5.584559769767173838e-03
1.451498013233423322e-03
-5.758761037599612758e-06
-3.173944207525021522e-05
3.132616696774133356e-06
4.052792667347390607e-07
-1.091059868566306113e-07
1.477147210742860914e-09
2.317167151707505608e-09
-2.589374687223270933e-10
-2.734661300283744362e-11
8.548187368508399896e-12
-2.112157851434717388e-13
-1.739436870534501482e-13
2.181559679387651093e-14
1.853035035559558701e-15
-6.785476312560495615e-16
7.741421420248047192e-02
-3.772602142863927532e-02
3.610059176996017766e-03
2.000614090583107847e-05
-5.394456127040605793e-05
8.157866672521329804e-06
-5.823989033899113595e-07
-1.417829259792997416e-08
1.014854289133840350e-08
-1.490711751792248360e-09
1.095690924533383594e-10
2.294919726658381131e-12
-1.919845904499780339e-12
2.918448203009200290e-13
-2.217976812925725180e-14
-3.903349674868080932e-16
3.812266041699233845e-16
-5.876775141094033474e-17
4.517763765774641524e-18
8.372453328319040544e-03
-1.478706878648562532e-02
1.029522300087785600e-02
-5.768096410630224602e-03
2.649675400450946915e-03
-1.007638434952867279e-03
3.141877418089857174e-04
-7.546274188369986227e-05
9.923791207495397956e-06
2.602375620202954104e-06
-2.792846462644691548e-06
1.477522707576414534e-06
-6.263609005686070641e-07
2.342366075330441456e-07
-7.962387518273411887e-08
2.463605775405389051e-08
-6.738661357285626085e-09
1.497536491559941514e-09
-2.101933298071808095e-10
6.417770890302056668e-07
-1.191321028723893812e-06
9.499386917236798149e-07
-6.450134533938264424e-07
3.663976951097107796e-07
-1.683237254847845908e-07
5.817350576118912236e-08
-1.217813821570618384e-08
-3.581401954218607228e-10
1.217040477287735192e-09
-2.803308915328361789e-10
-7.201023129290596311e-11
4.559511760135368948e-11
2.694568841456284946e-12
-6.338211687851588591e-12
7.162861341238431823e-14
9.553611550215159661e-13
-2.481697582941181463e-14
-1.486131621332736284e-13
7.727747802129797394e-01
6.290479800549247577e-05
-1.100618261584785051e-08
2.011690965310584465e-12
-3.767700749111515754e-16
7.088563019225670138e-20
2.606424575261835333e-22
6.685266492408345805e-23
1.506803677382137800e-24
-7.101521323408105915e-23
7.960056900420396930e-01
2.839683510770169700e-02
4.264154606907398504e-03
-9.842156210070583666e-04
3.514425657618063821e-06
2.123536091859349302e-05
-2.168998215733768433e-06
-2.631324429772298177e-07
7.581680020786680763e-08
-1.599879256341981379e-09
-1.594973246673191169e-09
1.996929687000804000e-10
1.702143500184419691e-11
-6.446231652239874470e-12
2.583313169346321630e-13
1.263736880592983215e-13
-1.915802988379018501e-14
-1.078130899983526872e-15
5.693733827802364300e-16
8.610249497651066841e-01
3.128485937216091139e-02
-2.123217786843852387e-03
-4.658567413509847444e-05
3.578665520306243834e-05
-5.242645453757851417e-06
3.818156137494805150e-07
7.348023584509094953e-09
-6.380081651327020488e-09
9.699117267029129484e-10
-7.619737010409849550e-11
-4.913809592603661370e-13
1.148966066703493422e-12
-1.901937224941107341e-13
1.644975453659776784e-14
-1.280174674675851828e-16
-2.131717940941329458e-16
3.879445841887002290e-17
-3.641276136274576795e-18
9.487597060954546802e-01
3.769675162294461312e-02
-1.368203196853322832e-02
4.847229036466948159e-03
-1.649370417433110476e-03
5.261752976307518953e-04
-1.511129423051955824e-04
3.569777441764180329e-05
-4.789013543903116601e-06
-1.367975338962066560e-06
1.543078961749325699e-06
-8.650830255522412645e-07
3.855022314437064013e-07
-1.496554999591735807e-07
5.211034508921046512e-08
-1.632118178680917849e-08
4.479548413320513139e-09
-9.952694421908248732e-10
1.402098078176132847e-10
9.881538374913083622e-01
1.181097541277788959e-02
3.508257960498580605e-05
1.042049035672101649e-07
3.111662139270151875e-10
-2.106113459366008982e-13
7.146344823577418760e-13
-4.060536507791802649e-13
2.074432078900983984e-13
-9.336079529948707441e-14
3.601702709042354057e-14
-1.130563765744938320e-14
2.534277203524393812e-15
-1.971878051297215753e-16
-1.307124862375037323e-16
6.450896569862779114e-17
-9.728917204193463756e-18
-3.516438604285072539e-18
1.940420083676024621e-18
1.119014870832078179e+00
-3.165265308951808153e-05
5.191638588583133287e-09
-8.961659438085791582e-13
1.613239873380413818e-16
-2.964467363097842152e-20
9.102444079504469931e-24
-1.679743579590153457e-22
-2.266138694498735537e-23
8.118567042653662935e-23
1.107157241611887111e+00
-1.454249299559487278e-02
-2.246857169189544860e-03
4.820655957828613595e-04
1.584685802016588296e-06
-1.006873718271641140e-05
9.158123414899452059e-07
1.258500744374874705e-07
-3.213479616009472353e-08
4.607445887036688880e-10
6.674378377994537087e-10
-7.957938973480508928e-11
-6.868210634291808507e-12
2.575969104919192075e-12
-1.182186372476486180e-13
-4.815082584929621919e-14
8.198904696883337481e-15
2.735311311310286061e-16
-2.329585390804892429e-16
1.073197904748869780e+00
-1.663621558840018555e-02
1.068294307712871908e-03
3.762411201982243170e-05
-1.958683709178094087e-05
2.578132957078224285e-06
-1.541717994935969071e-07
-8.432578949081861705e-09
3.295587975872044372e-09
-4.202584095613597740e-10
2.561251298052188617e-11
1.258382510514656036e-12
-5.395527323410408474e-13
7.260538919502275744e-14
-4.962753291994415327e-15
-1.286928053479042396e-16
8.689312403624002588e-17
-1.288216609252219717e-17
1.023400315596151000e-18
1.026455921621610479e+00
-1.990472164932699864e-02
7.361769840474531763e-03
-2.642795477042880758e-03
9.037326567726447057e-04
-2.861803927108656992e-04
7.984537840279921266e-05
-1.733855976717492984e-05
1.383365364508228341e-06
1.312374071132857742e-06
-1.057361303449274482e-06
5.381633216307587801e-07
-2.244267361486455972e-07
8.169559839994352356e-08
-2.639109999386892405e-08
7.467324200373868175e-09
-1.719228228334666474e-09
2.041607847576777789e-10
3.478849668720901373e-11
1.005976123416569834e+00
-5.976123415411642437e-03
-2.142484164331176690e-12
1.753370392156835252e-12
-1.320072420662281463e-12
9.110150462143136770e-13
-5.733113178599746248e-13
3.265416886167753179e-13
-1.664984898615704148e-13
7.473392743574397588e-14
-2.871774545452292780e-14
8.955174102642280116e-15
-1.978163179940968751e-15
1.387947595026540279e-16
1.091557811823448390e-16
-5.175352758619275069e-17
7.375364930750156863e-18
2.966328041409006397e-18
-1.565530949246686695e-18
8.891380834632337526e-01
