2.589708363839907102e-01
-1.970320183395408032e-04
6.377800705738330844e-08
-2.061779804043954598e-11
6.775931432844361234e-15
-2.261232941602429109e-18
-2.518174775916329273e-21
1.042561306150652569e-21
-6.562024070762490334e-22
3.067385392924981629e-22
1.980580062448741019e-01
-7.132380099936419526e-02
-6.736732250542452720e-03
3.682891087435182561e-03
-2.981882414242448113e-04
-8.638776585556815683e-05
2.381868140167541146e-05
-5.689744302965177216e-07
-7.740885178311582649e-07
1.417082561878239342e-07
6.082868716336272094e-09
-6.155645833193629957e-09
7.487701029774795467e-10
1.075541546997616593e-10
-4.464289919363445773e-11
3.201581514727032177e-12
1.117597585781670435e-12
-2.869201532049667070e-13
6.722468663933904185e-15
7.169779316853365503e-02
-4.462716259774561489e-02
6.577300298107821748e-03
-4.566397403013804763e-04
-2.541513365368104497e-05
1.269285160498925682e-05
-2.143498949862588491e-06
2.289536401648530373e-07
-1.140695625233708727e-08
-1.554775783795487325e-09
5.335542201696340270e-10
-8.705680740262415922e-11
9.197628015314921395e-12
-4.139541787100551000e-13
-7.755786490514106561e-14
2.433344304551163298e-14
-3.846093888124812384e-15
3.816170939437382304e-16
-1.293038352637018537e-17
5.811689488172484298e-03
-1.049422443517040830e-02
7.775091052335134090e-03
-4.798773912855662689e-03
2.510403413070871372e-03
-1.130882252552292818e-03
4.439906556698904072e-04
-1.527692131333612750e-04
4.576047913409617038e-05
-1.149807984593334277e-05
2.081130273819630464e-06
-1.092107512310020290e-08
-2.378566418339400993e-07
1.598580314095822335e-07
-7.912440637150532014e-08
3.441656503076433595e-08
-1.404272568356928863e-08
6.003652338044763124e-09
-1.936537969157780694e-09
1.087770506901573016e-07
-2.035094383674702094e-07
1.662596681871188635e-07
-1.178809072036083393e-07
7.166156190308105691e-08
-3.655258496683156609e-08
1.502139968093474684e-08
-4.543077165647067904e-09
7.353398116607183641e-10
1.121944868582908437e-10
-1.009310130952058428e-10
1.559318832526054166e-11
7.276503565343191402e-12
-3.158482057017577022e-12
-3.977947439004628876e-13
4.527524980537772477e-13
1.222448818415751973e-14
-5.445949923682367135e-14
2.426470817127931857e-17
7.042085333686735060e-01
1.406927225698542249e-04
-4.402129187366742616e-08
1.463720585280792115e-11
-5.026209049832613432e-15
1.763722047972028474e-18
3.841600165574625181e-22
-6.168265640510310190e-22
7.304426689078452301e-22
-4.173712771310076566e-22
7.486844129162253392e-01
5.243663726001224906e-02
5.460188963856201817e-03
-2.511453348735007748e-03
2.030494730173649826e-04
5.690321487515479946e-05
-1.644249600418783212e-05
5.609701456559798185e-07
5.218979607096553665e-07
-1.066962820574197764e-07
-2.260752336667075234e-09
4.458181914175346378e-09
-6.534119733081827232e-10
-6.344871358565683542e-11
3.595656984243516839e-11
-3.563401054400334431e-12
-8.000724804759476283e-13
2.642866058502566765e-13
-1.394333734396718186e-14
8.487329934212864968e-01
4.008312129225916065e-02
-4.132346307571280360e-03
2.326046468984939713e-04
1.978514745181293730e-05
-8.056186766752205603e-06
1.355322399742055293e-06
-1.486961393018629529e-07
8.319095086139638029e-09
7.988651464765508282e-10
-3.184073665415865091e-10
5.499854996086942681e-11
-6.309562816057731718e-12
3.908077781988899454e-13
2.869479618838552819e-14
-1.346341235660025993e-14
2.444034138150220614e-15
-2.908438755630051975e-16
1.943186224542804043e-17
9.469545563636847518e-01
3.930240158817204649e-02
-1.449701624947116567e-02
5.303836403107437328e-03
-1.913294527689613205e-03
6.748112013269880541e-04
-2.300119392782010250e-04
7.454330697349108152e-05
-2.239239975749040409e-05
5.936323552912436717e-06
-1.212316589170042877e-06
6.599954073009543752e-08
1.135868673913505866e-07
-8.808003952840342638e-08
4.667289163602731123e-08
-2.115030014027137961e-08
8.837194997565610047e-09
-3.819205099735452107e-09
1.233744147228335110e-09
9.877888625483017826e-01
1.217374533264474132e-02
3.727761946058338991e-05
1.141489601857755267e-07
3.495737089260509352e-10
1.045557583679271593e-12
1.979048078213838925e-14
-1.010872849586658259e-14
5.663913883554033205e-15
-2.869027245474053047e-15
1.297214010223260947e-15
-5.122634676943472557e-16
1.699878717017402763e-16
-4.357856435497655049e-17
6.454181688040579538e-18
7.752790534446113987e-19
-8.186265594093432704e-19
2.012941106942368073e-19
3.627890161972216006e-22
1.157159417053491568e+00
-7.161228757003944127e-05
2.110752716209964410e-08
-6.776330521000219408e-12
2.324686644255493713e-15
-8.417981976137922441e-19
-5.992677762670874309e-22
2.099307526926695672e-22
-3.087755016190290272e-22
2.215850443670097254e-22
1.134042070198797880e+00
-2.739500123022744690e-02
-3.030630522311471720e-03
1.265663874300552300e-03
-8.889544086086004736e-05
-2.854980662629967000e-05
7.470966279817780973e-06
-2.002319263277730165e-07
-2.331250585405811022e-07
4.642351290210395496e-08
6.732926740145436330e-10
-1.872138866089694155e-09
3.082439978687338371e-10
1.746354745307639252e-11
-1.553288731282577439e-11
2.192198731957520701e-12
2.265174261136773299e-13
-1.318693756733050158e-13
1.583518655938729872e-14
1.080589841885428282e+00
-2.189579146578744806e-02
2.201940329027768893e-03
-1.039935928741363326e-04
-1.451054443109569879e-05
4.570661288322872330e-06
-6.809659327076221265e-07
6.370270084005970391e-08
-1.984337404789139786e-09
-6.202669541804127511e-10
1.596607047794718466e-10
-2.294544446436847395e-11
2.161992174251769701e-12
-7.506223793885668997e-14
-1.980056430359936489e-14
5.388713704899647502e-15
-8.079127988484725566e-16
8.155470262102332282e-17
-4.167383549906743051e-18
1.027458190467931853e+00
-2.086274947612984376e-02
7.875979062238936193e-03
-2.939382725095938519e-03
1.076211294770643969e-03
-3.824865638484859919e-04
1.300572742247995707e-04
-4.143842810929419546e-05
1.194433291086557650e-05
-2.879804643040849381e-06
4.300435268471729033e-07
8.031175272904130911e-08
-1.119419724067735722e-07
6.690321585492709512e-08
-3.168787273141049272e-08
1.326217540797087573e-08
-5.147575310548297617e-09
2.048931113444822673e-09
-6.263324502436515321e-10
1.006161944300157485e+00
-6.161944300129835843e-03
-5.128186241035553743e-14
4.291951374108440375e-14
-3.337595476755546506e-14
2.405635957127065727e-14
-1.601519553486504050e-14
9.800547497407390420e-15
-5.476259877701795341e-15
2.767710177143958803e-15
-1.247596354830815235e-15
4.905446252757549429e-16
-1.616847101272469730e-16
4.091930182228345520e-17
-5.804555432492220456e-18
-8.602645940761655364e-19
8.026196886609800258e-19
-1.880086798137908516e-19
-3.771128863244202960e-21
8.586453520735006784e-01
