1.553572975102447407e-01
-4.931514085857866458e-05
6.160851888139603617e-09
-7.435186730379203057e-13
8.998978099449780012e-17
-9.573176614144968954e-21
-1.386805633514550110e-21
-4.295849051722778297e-24
1.132868642000536124e-21
-6.036788335292704254e-22
1.359544854348792298e-01
-2.405620989053293066e-02
-4.056245979947277827e-03
6.808218283792529619e-04
2.195624282204800947e-05
-1.211720514372928385e-05
4.612941733842248586e-07
1.574963290369242823e-07
-1.785340094830937423e-08
-1.254122138062730006e-09
3.664779520425391761e-10
-5.233147104752668106e-12
-5.444417918683770368e-12
4.550872042878793571e-13
5.541459613088386965e-14
-1.102105329900005380e-14
-1.296072637619944816e-16
1.815106047554843332e-16
-1.013327199676335574e-17
7.660445180320091252e-02
-3.029294784028950874e-02
1.835335238068271481e-03
1.554815480050750047e-04
-4.060257039263232535e-05
3.403946467793019594e-06
1.817545662361435106e-09
-3.680040517333144106e-08
4.822612131387377446e-09
-2.395151550415816377e-10
-2.103661115779248023e-11
5.491058641088928521e-12
-5.065162094995133806e-13
6.850430067884788952e-15
4.787274418090295721e-15
-7.264230982770164674e-16
4.409628233235738963e-17
2.389680412914903659e-18
-8.121700114111551514e-19
1.013929280762156451e-02
-1.752100966652071073e-02
1.148962779256974126e-02
-5.861995502855895865e-03
2.361408401631157755e-03
-7.416897082728457751e-04
1.649986321233094745e-04
-1.174972822116971334e-05
-1.204235058153575033e-05
8.647885748498200430e-06
-3.927996119414174890e-06
1.450704412871091492e-06
-4.608172804190460451e-07
1.251553186845452672e-07
-2.665638925623169727e-08
2.582059320042984797e-09
1.506261931206423529e-09
-1.490519138609368804e-09
6.205687887375487243e-10
2.110047502390134339e-06
-3.890325807645738068e-06
3.037081204557755640e-06
-1.984665844435527409e-06
1.059775399581178756e-06
-4.401343958950276001e-07
1.257791867057820942e-07
-1.378278377142902015e-08
-6.656748120428612830e-09
3.156981001665693495e-09
1.891310249885231284e-11
-3.736505891655741528e-10
4.873478590997850212e-11
4.525787232103375239e-11
-9.757656797982008901e-12
-6.408719324944342411e-12
1.522023111867116147e-12
8.744411759845507443e-13
-1.796280952670166017e-13
8.139338414781360775e-01
3.553221998275936920e-05
-4.172902103120356655e-09
5.053292946702207860e-13
-6.235304928294149597e-17
7.584438398895495662e-21
3.514200697147525916e-22
3.846176398364732827e-23
-5.167600510043146010e-22
2.929390223255082072e-22
8.281001492636732575e-01
1.762248179751855701e-02
3.053553500616858814e-03
-4.616072373970306906e-04
-1.512354648683984289e-05
8.130331565697520565e-06
-3.215178841687403817e-07
-1.053501962499631384e-07
1.243179246614524795e-08
8.069291938146251144e-10
-2.565278441933878619e-10
5.149520090003831390e-12
3.798429633957041038e-12
-3.546369618291319915e-13
-3.685797710619887053e-14
8.457406838295491754e-15
1.474268212345019320e-18
-1.376382685438721692e-16
9.714146401105512083e-18
8.734316888833528747e-01
2.427798870172363788e-02
-9.959971577788893308e-04
-1.205567778774458901e-04
2.672648605602331550e-05
-2.209486312692259364e-06
1.529429435836559214e-09
2.373797551597342442e-08
-3.181771185689274374e-09
1.678521297140833370e-10
1.234417938435223735e-11
-3.545461556061248138e-12
3.474336330308799648e-13
-7.858104978402411046e-15
-2.849947052575950968e-15
4.834728501300885124e-16
-3.438761429441551737e-17
-8.446938546619705596e-19
5.016047865446016649e-19
9.509625283502486370e-01
3.567803397764786333e-02
-1.263771357259231912e-02
4.270362555335426719e-03
-1.333271633041115860e-03
3.632679035676337088e-04
-7.453099100364301806e-05
3.497989302628924670e-06
7.065578736780951358e-06
-5.034423407583245205e-06
2.384852941154436657e-06
-9.214597128588340830e-07
3.039195197353470341e-07
-8.487416579686240411e-08
1.849097763980174674e-08
-1.916861388405858066e-09
-9.568400283725551344e-10
9.716183846344667605e-10
-4.038371798881314983e-10
9.885853787160043815e-01
1.138195465081585922e-02
3.257316386815845775e-05
9.318902459476902174e-08
2.883438531891342048e-10
-1.356622622910559776e-11
8.580008902122425576e-12
-4.577170309461186172e-12
2.141427959084346007e-12
-8.544868527848104904e-13
2.758495243668270769e-13
-6.309447398264484706e-14
4.853671945595389105e-15
3.406801890761672927e-15
-1.638409326824941407e-15
2.087265415125410425e-16
1.001283306183673357e-16
-4.348765935467663938e-17
1.161130783781864457e-18
1.096673356686074241e+00
-1.783158833165271237e-05
1.972691275302733765e-09
-2.251093448817034260e-13
2.641281946710774263e-17
-3.179559633929010933e-21
-7.795135252341623010e-23
7.670891098443796933e-23
1.225528926127908473e-22
-1.074013574551978720e-22
1.089495073408813575e+00
-8.949201398341122618e-03
-1.576919369883359161e-03
2.240674172801386055e-04
8.377885975029963285e-06
-3.789636481585474029e-06
1.240417915002721139e-07
4.790741607697568116e-08
-5.087657799293165800e-09
-3.770046400347540259e-10
1.041676707825353999e-10
-1.510236091772277396e-12
-1.522796362035874991e-12
1.341238787417041726e-13
1.450070983030744250e-14
-3.237522717933000724e-15
6.491021373693620665e-18
5.197859151713661229e-17
-4.036890246428405493e-18
1.066106604751672737e+00
-1.269787019114545015e-02
4.765375388550842188e-04
6.861015799167326050e-05
-1.365638435899784338e-05
1.000156241471584693e-06
1.543261420003520089e-08
-1.223398011597295111e-08
1.399205137511067750e-09
-5.356512740461764580e-11
-7.580970948541352112e-12
1.552946991115681420e-12
-1.252157722617866842e-13
2.068671866843162566e-16
1.303668858256211480e-15
-1.773077035133564556e-16
9.951229663822035546e-18
5.784907100031650743e-19
-1.810906875023900448e-19
1.025249381037812269e+00
-1.873575213536710776e-02
6.735352741230877030e-03
-2.292791099881477841e-03
7.130929168085432769e-04
-1.896312524122380574e-04
3.566660661274227007e-05
5.324263623932237122e-07
-4.822261453556747358e-06
3.041287741448821479e-06
-1.354216042939392204e-06
4.937370305899759168e-07
-1.514486091791456216e-07
3.771726963037975591e-08
-6.269001607774005789e-09
-3.487282899741582853e-10
9.391571158147898213e-10
-6.219934424916293675e-10
2.308858566477580056e-10
1.005756545044165007e+00
-5.756545029590999854e-03
-2.675958233258685241e-11
2.147215845877194179e-11
-1.570910883462545329e-11
1.042762848944694688e-11
-6.234804078762081221e-12
3.321672175394916507e-12
-1.550599890937223032e-12
6.166907784969038320e-13
-1.979794162028978619e-13
4.472414883997576799e-14
-3.145695591368317325e-15
-2.553882830814557537e-15
1.187154327572175431e-15
-1.421895957111581535e-16
-7.585736781850459442e-17
3.145611177480661109e-17
-4.775623191283466245e-19
9.081642064931766400e-01
