8.262456668674630911e-02
-1.053430424740031194e-05
4.915011284741652474e-10
-2.127275555515621712e-14
9.056873879943228319e-19
1.649875620937696574e-21
1.659786956177978235e-23
-6.879699998031304081e-22
5.149372923905725787e-22
-3.075938272092897973e-22
7.795157446625249065e-02
-5.954328568423786390e-03
-1.225240528378117788e-03
7.334617486551942922e-05
6.141729537964605243e-06
-6.007337586647658368e-07
-2.186784499575997597e-08
4.102944602215880498e-09
2.487861155584894285e-11
-2.480935481976346958e-11
4.908960226856132554e-13
1.340417979779723977e-13
-6.380065495674988416e-15
-6.308281618445697625e-16
5.439630839019051314e-17
2.311220557976315804e-18
-4.145055891638172123e-19
3.843373882852916315e-21
1.802276241417029718e-20
5.911272475025206724e-02
-1.197538644424598828e-02
-1.442082312678437145e-04
8.872241679957809570e-05
-4.558123494650107446e-06
-2.137314357363146630e-07
3.755608588784843376e-08
-1.201896244688847615e-09
-1.222072853466057764e-10
1.407384654853896183e-11
-2.537921925117269568e-13
-5.822935980135043210e-14
5.104742737469168255e-15
-1.971025947698892386e-17
-2.602712919502648749e-17
1.800161747864817432e-18
-2.656509533973187422e-20
-7.820739131382162710e-21
3.757824946683241314e-20
1.286555541177031477e-02
-2.012001936763130674e-02
1.021785087785562381e-02
-3.426699734011435464e-03
6.418230540718943391e-04
4.720661876952781869e-05
-9.156862925722561908e-05
4.173480019499186907e-05
-1.230145532140715424e-05
2.315196006000307893e-06
-4.049305730386568376e-08
-1.909796460564624154e-07
1.011693495752964328e-07
-3.439050813490064635e-08
8.413067229337696387e-09
-1.175043258752283403e-09
-1.770532487367114937e-10
2.309375206640579551e-10
-9.000093919538948787e-11
3.185610362836388011e-05
-5.731211980463856370e-05
4.140196445498645392e-05
-2.338070462379451602e-05
9.664424097538878780e-06
-2.398519675147468753e-06
-1.096414822586316739e-08
2.414970199063908172e-07
-4.957079235464848055e-08
-2.208134354055561290e-08
8.895220670499578321e-09
2.673610540436156373e-09
-1.395888096097844777e-09
-4.695514342247347722e-10
2.071714521659060177e-10
1.027965112344522911e-10
-2.364635816481944471e-11
-1.867458445241499613e-11
1.482046254835913832e-13
8.962789579019988517e-01
7.771125469927120733e-06
-3.358364906546374868e-10
1.441270005045247807e-14
-6.183843287055015636e-19
2.044066080527396723e-22
9.036998088248898758e-23
-4.726836542840817138e-23
4.369721461920109698e-23
-3.760010824960625225e-23
8.997474384954567972e-01
4.425818015334028951e-03
9.195111481549085065e-04
-5.020788008426244065e-05
-4.221776217179832279e-06
4.065349342292204356e-07
1.474554407809603942e-08
-2.781866050635150233e-09
-1.583163159767457576e-11
1.689224001272207329e-11
-3.456735357319274947e-13
-9.161762477600038081e-14
4.477340966149496676e-15
4.314480014485399256e-16
-3.836345433069073353e-17
-1.583157833561844366e-18
2.638396483729203733e-19
5.642902126327928078e-21
-1.020087721259952064e-21
9.140284888821831322e-01
9.235191452986379543e-03
1.806763367217672795e-04
-6.195183568364244768e-05
3.002153133331101323e-06
1.453000656071150554e-07
-2.522430111350878893e-08
8.195981316290952892e-10
8.144682239448145310e-11
-9.528364922260236062e-12
1.811006736089269122e-13
3.886135147766265642e-14
-3.491047064878629741e-15
2.027037277669327215e-17
1.739437031169303190e-17
-1.261834951025971521e-18
-6.880279295155861934e-21
9.727932089845320849e-21
-3.062108339931572506e-22
9.602800708498843152e-01
2.676142169557179512e-02
-8.050659762068434339e-03
1.956365267302424393e-03
-2.738998803018898422e-04
-5.378922601884785295e-05
5.853618894905845629e-05
-2.609450702809332299e-05
7.954111751359690594e-06
-1.592377713138442173e-06
5.691702259723210476e-08
1.219610966276918268e-07
-6.791884256511885933e-08
2.348713333629819236e-08
-5.778097815155883860e-09
8.076131137517188872e-10
1.199549210641952648e-10
-1.560427362881585907e-10
6.050159881620559580e-11
9.903057002047922497e-01
9.670739008045962579e-03
2.351049665140049355e-05
4.534669303513785198e-08
7.845410498545924281e-09
-4.399525701768263871e-09
2.136860478378111476e-09
-8.488497061072799420e-10
2.530642332913193218e-10
-4.218463672162840253e-11
-5.397215068709158441e-12
5.774645886652095732e-12
-1.233451790376708172e-12
-2.818407260772187760e-13
2.077319710609007124e-13
-9.311341984785836091e-15
-2.485890422313995605e-14
3.821624535056189710e-15
2.760279388067473472e-15
1.053023136793136194e+00
-3.894803632760177350e-06
1.619898595571928451e-10
-6.651384430061699582e-15
2.723777663495273223e-19
-4.251582228299115551e-23
-3.936485714128666000e-23
2.929222767232499158e-23
1.270642739008707340e-23
-1.504691868542043059e-23
1.051280148259517322e+00
-2.225383674652925588e-03
-4.641516768739659430e-04
2.440361718140728221e-05
2.083749265689799427e-06
-1.902435529093397732e-07
-7.245003801180049322e-09
1.254046810343923794e-09
1.015654494569583625e-11
-7.360754741201373961e-12
1.269728386455115195e-13
3.882256185134890477e-14
-1.720739106921619998e-15
-1.796099338487347537e-16
1.463666645346236218e-17
6.706860773562611192e-19
-1.074703645506475546e-19
-4.830030926557775409e-21
3.299806480301048366e-21
1.044054685678424965e+00
-4.694640827854681432e-03
-9.983120192159909733e-05
3.127334573339501451e-05
-1.408446289582747260e-06
-7.824207990949219275e-08
1.200690199992366424e-08
-3.269079734274865769e-10
-4.112566446688441149e-11
4.181472868398446012e-12
-4.993778558846477814e-14
-1.816363049286328069e-14
1.396656622523889584e-15
4.737319372392469382e-18
-7.491399644856823495e-18
4.566702178324627968e-19
9.606386736282835037e-21
-3.672536099225439592e-21
-4.537357106397805281e-22
1.020262794069190848e+00
-1.380609765487514178e-02
4.168528993989048526e-03
-1.003464961823492298e-03
1.320478947822466059e-04
3.288057720507446449e-05
-3.184063292716467870e-05
1.364839470077725045e-05
-3.970893720934820764e-06
7.178666394577506263e-07
1.283027677919645256e-08
-7.386575353806866529e-08
3.610815527356865419e-08
-1.144509248966799860e-08
2.493315900213483906e-09
-2.251453263843686478e-10
-1.124244389696930020e-10
8.607227032186513828e-11
-2.971451309816580873e-11
1.004882620356829959e+00
-4.882615032117756243e-03
-9.516633676943016218e-09
7.097236151902074317e-09
-4.658348657312308597e-09
2.656622551351837969e-09
-1.288123667477764708e-09
5.103458878741749771e-10
-1.513725873752961256e-10
2.481367288163551774e-11
3.456212270251016327e-12
-3.505820839729594032e-12
7.301069552579141528e-13
1.775473530521337866e-13
-1.258805694606803870e-13
4.797683503162465718e-15
1.527213134922918555e-14
-2.252339062986245582e-15
-1.710551551189645706e-15
9.477081762924586261e-01
