5.424861554268023411e-01
-2.539784301545007072e-03
7.187888713204252957e-06
-2.549411252647515063e-08
1.058704195601425236e-10
-4.834026073377503109e-13
2.330703329774094671e-15
-1.159298328205581813e-17
5.974736496412498811e-20
-6.473026855949854167e-22
2.693967029544021563e-01
-2.455784925134268104e-01
4.491162622414135441e-02
7.268661954974425972e-03
-8.589027695532654855e-03
3.470205127049290437e-03
-7.840976364663701514e-04
-1.788430244980069761e-06
9.849117735138267378e-05
-5.572605753533678007e-05
1.976321863558654055e-05
-4.403102115660473494e-06
-5.613052243038102185e-08
7.037658025298516927e-07
-4.647050198581958031e-07
2.001298370779209402e-07
-5.481805531649226850e-08
-3.438893016072379892e-09
8.471760870433957212e-09
3.119854626468697781e-02
-2.928853381610564688e-02
7.851638599392932183e-03
-1.531721155635395624e-03
2.437150021069457283e-04
-3.356758538168520866e-05
4.076991385774302121e-06
-4.210085035581294959e-07
3.017658262954643036e-08
8.220762456144153255e-10
-9.494441762941754241e-10
2.634410052569898707e-10
-5.608790789011443019e-11
1.047228120434422714e-11
-1.787106365159296980e-12
2.827366812564953343e-13
-4.149977610818061928e-14
5.656869056213937153e-15
-6.689469683870061544e-16
1.224017102251000622e-03
-2.282606493492902316e-03
1.855255751173843278e-03
-1.323722249564808105e-03
8.373947520906013711e-04
-4.750945094894602934e-04
2.446677372931174623e-04
-1.157673643937051291e-04
5.093262930286374557e-05
-2.107888689519732512e-05
8.297748566593880605e-06
-3.139259718362951868e-06
1.152067483754300462e-06
-4.133647145156802666e-07
1.459246694100645532e-07
-5.096575655408384583e-08
1.784031035224733568e-08
-6.823384594032724317e-09
2.086893906098705483e-09
4.938399813746087797e-10
-9.369194158734436729e-10
7.989764262156942804e-10
-6.106251560558725972e-10
4.158934405508450249e-10
-2.501474331716907145e-10
1.309492056531353727e-10
-5.823804049581983025e-11
2.104428204583285556e-11
-5.578387047760254542e-12
7.232960637029586136e-13
1.806429580102637350e-13
-1.211883476477582892e-13
1.834811327690994434e-14
7.371206226675312594e-15
-3.621842741010788776e-15
-9.377135440701525022e-17
3.917969210325786819e-16
-4.937192389579680443e-17
4.175911439965312999e-01
1.823711331953489865e-03
-4.705933619315785952e-06
1.481323559783043332e-08
-5.310653690173097786e-11
2.087001137764922558e-13
-8.756183090205626514e-16
3.846661211566644849e-18
-1.348436200561631884e-20
-1.573346166508904757e-21
6.306530883947915056e-01
1.980687363080402275e-01
-2.841694589534426996e-02
-6.192558439990574273e-03
6.206769371667279420e-03
-2.461790296516475161e-03
5.391129035287848962e-04
2.027723913110360333e-05
-8.106775442936324809e-05
4.273057992867022295e-05
-1.340172108684478703e-05
1.890184576687908787e-06
7.605412947898968048e-07
-7.227756057142127907e-07
3.279725106827231046e-07
-9.472434897064125948e-08
8.374602361836723302e-09
1.258840588044349186e-08
-7.368711786669721011e-09
8.530094997710773175e-01
4.624971124455565241e-02
-7.146460073728263390e-03
1.069978515538047873e-03
-1.529205130725341311e-04
2.050561170585452604e-05
-2.513286629767693729e-06
2.660243264102019280e-07
-2.007836079025233365e-08
-2.900692856001181197e-10
5.634304925918719098e-10
-1.622698115016362635e-10
3.534331056241075689e-11
-6.754339190854230723e-12
1.186343077732057939e-12
-1.950133595830639087e-13
3.018065519609492326e-14
-4.462581975355092789e-15
5.917003281325570613e-16
9.511072119493405586e-01
3.643226937594522957e-02
-1.357283321452141742e-02
5.055901970277819693e-03
-1.882857839448312661e-03
7.008707211639783911e-04
-2.606878277085691712e-04
9.684227280436635561e-05
-3.590874184791335611e-05
1.327967029272474289e-05
-4.893597331396317179e-06
1.795079030157914820e-06
-6.547784586977433462e-07
2.372504801608018773e-07
-8.531682610756092850e-08
3.045738121237394213e-08
-1.090189149649234469e-08
4.259938303664170180e-09
-1.317882661038788781e-09
9.887938603712829178e-01
1.117465706520698841e-02
3.139411629833393710e-05
8.819872792511700724e-08
2.477857806144539524e-10
6.961299923992804803e-13
1.955819892499766810e-15
5.418848642352487395e-18
6.431495732657745681e-20
-2.967206476220544346e-20
1.663247355383281369e-20
-8.629775129244132811e-21
4.212830669037554643e-21
-1.858929009354507775e-21
7.148015994952541069e-22
-2.248012720844749913e-22
6.471638184357611627e-23
-2.008185820975697682e-23
6.888185567136925831e-25
1.342005431649391012e+00
-1.194663348636518414e-03
3.586525221874094588e-06
-1.340802200284719248e-08
5.611412192439119619e-11
-2.503820636874519173e-13
1.163779604643216970e-15
-5.563086805201494024e-18
2.665732797866214076e-20
1.263722818592766624e-21
1.211691817877013744e+00
-1.196726126118564243e-01
1.816437918564418191e-02
3.192473463167610093e-03
-3.603219124417643242e-03
1.548510486760029323e-03
-4.141966406674553697e-04
3.529088424784492434e-05
3.677092590852686055e-05
-2.789755283321494376e-05
1.198226972655598407e-05
-3.272574473186613066e-06
1.788862263606773265e-07
4.234659297970313967e-07
-3.073272237610978793e-07
1.298061307668075844e-07
-3.125601037983702467e-08
-5.488464645472524650e-09
6.556227935502213833e-09
1.079333429657907795e+00
-2.657133039365322871e-02
4.291837188749072531e-03
-6.563990853080248601e-04
9.358999937396071688e-05
-1.225016975123963674e-05
1.435400971646399936e-06
-1.412400749800522089e-07
9.030227056675396389e-09
4.906100531956551735e-10
-3.370920489970897293e-10
8.610917577965534706e-11
-1.741401368758067933e-11
3.134856181905256948e-12
-5.233185685004414847e-13
8.253612785993625447e-14
-1.242384123076159484e-14
1.830771742192720582e-15
-2.501446869516019460e-16
1.025267369366185788e+00
-1.929963270973242620e-02
7.369260228092400743e-03
-2.812745214986675773e-03
1.072810744294587547e-03
-4.086687869386382743e-04
1.553598557071673839e-04
-5.888056569580379083e-05
2.221813048804656944e-05
-8.334830484483700129e-06
3.103461494668728585e-06
-1.145158735782736565e-06
4.181298339266559260e-07
-1.508758943147697713e-07
5.374720760075115754e-08
-1.890456175357775597e-08
6.625369412130232340e-09
-2.515259140615229387e-09
7.623758626346573857e-10
1.005650510744380055e+00
-5.650510744380151350e-03
-7.177946898485405451e-19
6.247323174330659382e-19
-5.138029668186755815e-19
3.988559889778097694e-19
-2.917986522280465919e-19
2.007789872834942887e-19
-1.295929855930874226e-19
7.819891547233570115e-20
-4.391972413260091727e-20
2.282554047173200785e-20
-1.089011728830014303e-20
4.716249942519662746e-21
-1.822675817477458274e-21
6.107390047402035502e-22
-1.669515854993189726e-22
3.079095337312608997e-23
-1.750658926458992172e-24
7.578813610003426460e-01
