1.304994543186211720e-01
-3.170684933896359174e-05
2.964034001411341127e-09
-2.646932507693065091e-13
2.361092842158674263e-17
-1.198997978909229530e-21
-3.741459681972398503e-22
4.624933320468183809e-23
9.816471422510850567e-23
-1.060988718796893165e-22
1.174367704665759404e-01
-1.636789547362036551e-02
-2.993229541440844011e-03
3.683393919347810420e-04
1.930781333549292555e-05
-5.369171825306591150e-06
4.070824264473125164e-08
6.125413840916769390e-08
-3.619700141188409998e-09
-5.394415706609939419e-10
7.098123534994070221e-11
2.757275479445137702e-12
-9.927601964118819670e-13
1.847083313416014855e-14
1.097201902848864558e-14
-7.914176211898639341e-16
-9.122487468669061999e-17
1.402995664217866019e-17
4.094602151720319386e-19
7.344140909351869195e-02
-2.433294063110164052e-02
8.811654036642404316e-04
1.702710520747391029e-04
-2.619271484615969263e-05
1.165736400112519670e-06
1.119572151812180539e-07
-2.241312885933847783e-08
1.430539028761685730e-09
4.528677482001979884e-11
-1.800477102273647480e-11
1.585720589148047277e-12
-1.107105965653918728e-14
-1.342800521243813114e-14
1.604931595407843591e-15
-5.451846798574148571e-17
-8.862002763862947853e-18
1.482120094889799774e-18
-9.409447247694859677e-20
1.128589799715270375e-02
-1.909139685016153845e-02
1.182547991743161837e-02
-5.513515324160391320e-03
1.941812313369289077e-03
-4.837039991753267192e-04
5.259072583557399368e-05
2.518065307740517661e-05
-2.059322875313096405e-05
9.290097923156189047e-06
-3.240029002912452970e-06
9.216232351806750912e-07
-2.020845533229984310e-07
2.215023715167353707e-08
8.464616536636128973e-09
-7.531099420343909934e-09
3.679157978494185976e-09
-1.545096936205958056e-09
4.627050515506623186e-10
4.945471519954934824e-06
-9.063647848257480079e-06
6.944253718783746651e-06
-4.384274807415338672e-06
2.210934828282760776e-06
-8.314263071576310564e-07
1.904075584260603566e-07
1.988520513906768731e-09
-1.855220059330581661e-08
4.239576796769539763e-09
1.322020223429804216e-09
-7.191818892042343989e-10
-1.009632925700086544e-10
1.082228112030893092e-10
1.193598950883454706e-11
-1.682970400830165446e-11
-2.783736954526280479e-12
2.284969433282336298e-12
7.352947391576167327e-13
8.413789263217109626e-01
2.299210902904988695e-05
-2.009112884104313357e-09
1.791261427343050425e-13
-1.619066750901501705e-17
1.823037762978572177e-21
-1.375978148879577961e-22
-5.558480475448803985e-23
5.189452982432796251e-23
-9.967885115221372353e-24
8.509538634529606460e-01
1.202914877854449095e-02
2.243883568699331019e-03
-2.501546102324508783e-04
-1.324056517531646454e-05
3.609112109804384498e-06
-3.010136786029705361e-08
-4.123252982293579440e-08
2.523477151174184511e-09
3.616256012018730760e-10
-4.971318890878830722e-11
-1.735193972651266971e-12
6.997461325865039586e-13
-1.635543992145766013e-14
-7.727719872885567299e-15
6.187677655712382444e-16
6.226695204943692256e-17
-1.086096769914392718e-17
-2.133594747345937396e-19
8.844057059339027749e-01
1.917089436223038887e-02
-4.091242249564037330e-04
-1.234371744810995489e-04
1.724652109280953800e-05
-7.588444416410178060e-07
-7.292954926167219142e-08
1.479024701897442285e-08
-9.689619009493472457e-10
-2.650422376172219868e-11
1.177804972022396065e-11
-1.080049064893157197e-12
1.338018763939879316e-14
8.496890481609750960e-15
-1.091390555296896942e-15
4.491144501861404596e-17
5.128689056905138029e-18
-1.010186800060312767e-18
6.942606191517816024e-20
9.531580525513853042e-01
3.361377401903136580e-02
-1.155900243556779242e-02
3.688439007148277583e-03
-1.033262060795219839e-03
2.229776516945887455e-04
-1.711963868340974815e-05
-1.623226430402670663e-05
1.224478981793033681e-05
-5.681791040210702058e-06
2.071363835301197692e-06
-6.155312687270028735e-07
1.408776417564771253e-07
-1.699079877237445234e-08
-5.173260923749423957e-09
4.957620066414327338e-09
-2.442356339118484853e-09
1.020937063161130812e-09
-3.036997887383587880e-10
9.890026479235033419e-01
1.096703314702350898e-02
3.023545247690808836e-05
8.316496791086560490e-08
3.660961169468917561e-10
-8.677647868606394163e-11
4.991798312425330017e-11
-2.500959794661766979e-11
1.073121607723650063e-11
-3.771538227987856029e-12
9.797186112403469029e-13
-1.239725371351325973e-13
-3.359687315406891911e-14
2.304302378190713157e-14
-4.259046674525070494e-15
-1.086907991348767862e-15
7.520929507956464115e-16
-3.266848000969580817e-17
-7.564359785752475440e-17
1.081974947074892279e+00
-1.152948527980949156e-05
9.544918073956148902e-10
-8.039262644272745107e-14
6.896126479995383390e-18
-7.798930542920032033e-22
1.493636041870771284e-22
-2.215915377141821970e-23
1.382946942738219257e-23
-2.682691914177381236e-23
1.077140458244648880e+00
-6.083042714712729414e-03
-1.147411757008605848e-03
1.211451848263874506e-04
6.812702277086178521e-06
-1.675061159695298947e-06
6.085993670556562688e-09
1.849920623508725322e-08
-1.002215001735086543e-09
-1.597558253965510188e-10
1.982440402828743641e-11
8.146767413723869203e-13
-2.756262021102405701e-13
5.170909128877287246e-15
3.004988715875906755e-15
-2.267594253695999864e-16
-2.385912729609004793e-17
4.033530893870751840e-18
7.271406408700804478e-20
1.060007834495847900e+00
-9.921939364954682206e-03
1.813844726585429846e-04
6.606434620160596708e-05
-8.521970860980402162e-06
3.105187792402266123e-07
4.122985516937955326e-08
-6.961596141327260303e-09
3.787612905534039414e-10
1.958782024399588749e-11
-5.368172348358523768e-12
4.105279518672290639e-13
2.114083940435045657e-15
-3.836056184021807896e-15
4.049642275335066750e-16
-1.095154934149002018e-17
-2.382077644915273653e-18
3.632917049804360510e-19
-2.032596613109704671e-20
1.024059092070342958e+00
-1.756602589732075143e-02
6.110214299577066376e-03
-1.955017268921212421e-03
5.411740393226153198e-04
-1.111328766530815271e-04
4.707061831749128997e-06
1.053636911735728541e-05
-7.110051534926879001e-06
3.125030311740898966e-06
-1.078560559553960931e-06
2.964726929382074992e-07
-5.780231148995376779e-08
2.112521760650898956e-09
4.942116702741834559e-09
-3.140546235824162805e-09
1.336703679185369372e-09
-4.920291089101837231e-10
1.330055238731265619e-10
1.005544364189266071e+00
-5.544364098544153283e-03
-1.654899046445259870e-10
1.304785693425765075e-10
-9.303400207649327910e-11
5.961386628470011903e-11
-3.400057949067074749e-11
1.700549112655921800e-11
-7.277932184020893206e-12
2.547117336803655120e-12
-6.560114648456993181e-13
8.007732855787378575e-14
2.397880340950328430e-14
-1.574598386498918829e-14
2.806020373264756984e-15
7.803206949875859916e-16
-5.147457147066965011e-16
1.837056463425934621e-17
5.290327180676905677e-17
9.211319182872442779e-01
