5.281714544228913732e-01
-2.248072213154956190e-03
5.608563328227797579e-06
-1.729261946449862328e-08
6.236526465730826211e-11
-2.482163007587017923e-13
1.046628991333956487e-15
-4.560743038111743613e-18
1.812887050983635789e-20
-2.500383578234679929e-23
2.683027288278493350e-01
-2.378870816498135365e-01
3.987902148861834084e-02
8.486593387068818578e-03
-8.272566325000348109e-03
3.035308355150535299e-03
-5.679946707065543655e-04
-6.227526167336145529e-05
1.001424234902931442e-04
-4.663442268757579190e-05
1.357672472747279725e-05
-1.849040315755869144e-06
-7.119147656566914096e-07
7.025391710461478903e-07
-3.443000737336465024e-07
1.155406999433157469e-07
-1.881337439714431248e-08
-1.128543250893286111e-08
8.263966150357669965e-09
3.266223171155370475e-02
-3.041941970470719153e-02
8.066322676763507116e-03
-1.551776404556742209e-03
2.423345757468354893e-04
-3.248406282746365263e-05
3.772837755865454176e-06
-3.549570933399436898e-07
1.761534129139040029e-08
2.995902504360121881e-09
-1.294731600100736979e-09
3.132439567389766683e-10
-6.236496924002334489e-11
1.108412664979917730e-11
-1.806306810234446190e-12
2.715752606903043447e-13
-3.735494775479822487e-14
4.597512662961250077e-15
-4.583235554686397531e-16
1.305653120065815298e-03
-2.433458766669745373e-03
1.974589934763718371e-03
-1.405176760756402703e-03
8.858677532365888049e-04
-5.005241003840348729e-04
2.565533668658848067e-04
-1.207618309748425975e-04
5.283179932429637776e-05
-2.173369079695890824e-05
8.501032527501075413e-06
-3.194485912696908011e-06
1.163950477710282257e-06
-4.144365547757065699e-07
1.450913645493808933e-07
-5.020744546497641410e-08
1.738294268148294737e-08
-6.554490525860424938e-09
1.983988348696079820e-09
6.094473884761922308e-10
-1.155932127063979424e-09
9.849129529340156020e-10
-7.516311992195749327e-10
5.108221294169413518e-10
-3.063087206180880018e-10
1.596712913684010207e-10
-7.058463208769050428e-11
2.526967877413308233e-11
-6.582391332419788833e-12
7.990244587383536678e-13
2.371996673926277145e-13
-1.459427310251855912e-13
1.983600421680619930e-14
9.572055750712419846e-15
-4.266328141852231586e-15
-2.261810832935602596e-16
4.778391704574826668e-16
-4.543294926340039464e-17
4.311175445174910137e-01
1.622266428872649663e-03
-3.742219459989696911e-06
1.041251389618581980e-08
-3.280222188758938825e-11
1.130120964316498985e-13
-4.154815657067391665e-16
1.608393480726300324e-18
-5.533993905605053363e-21
-2.810243645709327056e-21
6.332500988082848670e-01
1.907868934371688419e-01
-2.488587184764810140e-02
-6.872619890343981651e-03
5.921651718634709897e-03
-2.149157016227489902e-03
3.933837473333854674e-04
5.668947709222802746e-05
-7.874258973777555363e-05
3.508488841122040192e-05
-8.989679363901573696e-06
3.864544906906223361e-07
9.774659652189004762e-07
-6.097441064095005908e-07
2.187894332594833788e-07
-4.325322043953136617e-08
-5.906210070858659508e-09
1.177097172787228507e-08
-5.275727224999427471e-09
8.514844426003833622e-01
4.662597090724463628e-02
-7.172125663171624067e-03
1.064807701616925879e-03
-1.500047764111890527e-04
1.963979782963337233e-05
-2.308880027560564821e-06
2.239365493229869578e-07
-1.223479766869361106e-08
-1.635029967178059236e-09
7.764149736213050311e-10
-1.931259619849703527e-10
3.930390501760784618e-11
-7.162851545697626843e-12
1.206256700621786845e-12
-1.898134419629983844e-13
2.790673230542708471e-14
-3.842234349740072031e-15
4.628051837251163687e-16
9.505558487205860718e-01
3.683230305371658353e-02
-1.371768557408495348e-02
5.108185250848519370e-03
-1.901621200530566368e-03
7.075363089281472067e-04
-2.630141896597767612e-04
9.762990358997645233e-05
-3.616169726812446596e-05
1.335331381894053570e-05
-4.910777058757247514e-06
1.796524162283230936e-06
-6.530036187664001018e-07
2.355465286491613324e-07
-8.422658943553824856e-08
2.985523923256800834e-08
-1.058771740894041737e-08
4.084712901613738535e-09
-1.251856167088788040e-09
9.886642653301831452e-01
1.130351867520120422e-02
3.212443722317159393e-05
9.129718776554656811e-08
2.594652926068618122e-10
7.373963817434577644e-13
2.095846873633158555e-15
5.834814156714271629e-18
9.495911068018169957e-20
-4.714322511662616488e-20
2.649185762463414295e-20
-1.376248076499558407e-20
6.586804981572503082e-21
-2.800870928308368912e-21
1.058246470987815410e-21
-4.201810756585706760e-22
1.405301741894039297e-22
1.683962179611430284e-24
-1.601202927298353851e-23
1.331703408145163303e+00
-1.039239537060001250e-03
2.750210570987643763e-06
-9.027080531249837541e-09
3.316496061117909962e-11
-1.299071279179771823e-13
5.299172472429648034e-16
-2.235527571059104897e-18
1.564148367195928580e-20
-1.626334375544710322e-21
1.209416251799086295e+00
-1.143271796633521381e-01
1.563399356167290144e-02
3.702538161055972388e-03
-3.432605429680529903e-03
1.339327336756621469e-03
-3.070216690268527302e-04
1.865840953304479334e-06
3.972796851899342664e-05
-2.376454649632278918e-05
8.607085411304938482e-06
-1.725161349343652802e-06
-2.526954200014747262e-07
4.288497939193629656e-07
-2.294035138860208027e-07
7.552033418404609599e-08
-9.612383004941040941e-09
-8.870024486164627253e-09
5.687635773249063282e-09
1.080197888940982232e+00
-2.679480841887908055e-02
4.302502501817151784e-03
-6.507798439477673405e-04
9.108286518504156329e-05
-1.156428778476650311e-05
1.283869464705634226e-06
-1.119956456499500874e-07
3.927381484563191184e-09
1.308084507300535492e-09
-4.575763906513317677e-10
1.022374934066191198e-10
-1.929567645296999603e-11
3.302041983166635707e-12
-5.267787364645664509e-13
7.933976026792394529e-14
-1.134863493785072783e-14
1.570536260626763952e-15
-1.999982737253068156e-16
1.025561725090781362e+00
-1.952405027908756668e-02
7.454593190872551081e-03
-2.845029599263497553e-03
1.084911166247503646e-03
-4.131300162690436178e-04
1.569594744439066329e-04
-5.942804606890913219e-05
2.239098316982099160e-05
-8.381370182640192121e-06
3.111361391807120119e-06
-1.143439363566663446e-06
4.153175208385953273e-07
-1.488679456425684242e-07
5.259315281518044730e-08
-1.830732509291940591e-08
6.329614798239010131e-09
-2.357790744644956599e-09
7.043756208007485019e-10
1.005716416964137272e+00
-5.716416964137144459e-03
-1.103074038388396307e-18
9.593285866655079387e-19
-7.881320562762663023e-19
6.109406134022043007e-19
-4.461555127195135431e-19
3.063124338138725017e-19
-1.971842104899456013e-19
1.186056544327224971e-19
-6.635960696437839558e-20
3.432933177582819310e-20
-1.628685175443902048e-20
7.004161597758520265e-21
-2.682364690796511833e-21
8.875214613975993015e-22
-2.377183092710909431e-22
4.147857641331342915e-23
-1.441670718680221872e-24
7.608769396906034377e-01
