3.253359527718507338e-01
-3.887350459396467510e-04
2.071477441654671923e-07
-1.130620608284355443e-10
6.414021679354617488e-14
-3.659146167903423278e-17
-1.997808916488140554e-18
4.912657587772243471e-18
1.949566942625412912e-19
-1.417779142869062157e-18
2.260246634745119998e-01
-1.109492426062382991e-01
-4.122444497102911200e-03
6.840457854360265134e-03
-1.241122671917202535e-03
-8.265279638620200067e-05
8.288657812177192309e-05
-1.430929447422493343e-05
-1.135879947500735806e-06
1.022242213240210558e-06
-1.753305834825181876e-07
-1.390651888213605584e-08
1.264268805820818612e-08
-2.252313797061365210e-09
-1.341072359767412032e-10
1.524550588514915668e-10
-3.061200901638538282e-11
-9.055521688070307847e-13
1.797423926910229507e-12
6.174473191747790329e-02
-4.519268907792708956e-02
8.547216495112681597e-03
-1.003796276262391160e-03
5.828445272062311505e-05
5.777311209776823280e-06
-2.450657752743236842e-06
4.728709195187396233e-07
-6.664032537342348200e-08
6.915124263671856346e-09
-3.581971212283600103e-10
-5.338751992986109959e-11
2.086161392612287491e-11
-4.121867005378066183e-12
5.967524294696654348e-13
-6.291847831367817706e-14
3.162154447165362745e-15
6.110921017154275913e-16
-2.244075384461140963e-16
3.946118682059130724e-03
-7.220664570675231798e-03
5.555966607477797956e-03
-3.637437035512681213e-03
2.056289555974001419e-03
-1.019137421778915868e-03
4.492042051115341253e-04
-1.783113029730495696e-04
6.439376408427576826e-05
-2.129326238750291390e-05
6.447302923232686512e-06
-1.763916478089977574e-06
4.156597278802126770e-07
-6.990635089056698957e-08
-2.609335139812534268e-09
1.048111189808408653e-08
-7.216873630790954194e-09
4.324215136176528479e-09
-1.645991318481866433e-09
2.323094576501883361e-08
-4.369382478319052307e-08
3.628471021729561928e-08
-2.647819000215958489e-08
1.682346816489783121e-08
-9.161195485412389873e-09
4.159270449421105495e-09
-1.492017048981731436e-09
3.695336829859922157e-10
-3.005363214674894136e-11
-2.065505336103647520e-11
8.938511183389436539e-12
-2.808386450570724615e-13
-8.910681772439738041e-13
2.028894040586649103e-13
7.488008983244161594e-14
-3.639735469253034040e-14
-5.637154614234838509e-15
5.386286958103532591e-15
6.357031423387387026e-01
2.792672899528567359e-04
-1.461524933920199893e-07
8.268415070519067551e-11
-4.886080935962056952e-14
3.551153213200415736e-17
-8.018322188132899654e-19
1.563203665998279386e-18
-1.271524521258235146e-18
-1.059284653812439108e-19
7.090149384076783745e-01
8.271542615062479897e-02
4.227274433240336450e-03
-4.717573457749727091e-03
8.521000179819408641e-04
4.837152119646572786e-05
-5.653150709641354375e-05
1.071003420765289389e-05
5.591097339709871327e-07
-7.300209982261305219e-07
1.449381970374669379e-07
6.058545451426121133e-09
-9.721795271711750078e-09
2.043360073229243179e-09
5.219188350587898057e-11
-1.305867943450538518e-10
2.971503936399876787e-11
6.095606503654984691e-13
-1.805547721780204126e-12
8.435716650827784768e-01
4.517343125285664535e-02
-5.713271939152783988e-03
5.667390920047033582e-04
-2.924012349117820851e-05
-3.854588557908266873e-06
1.509612198978207761e-06
-2.937493968851465969e-07
4.242795496418252695e-08
-4.639190117185054021e-09
2.988361151275511328e-10
2.002057978683095930e-11
-1.126149847933277362e-11
2.442590632360940475e-12
-3.853812986262405247e-13
4.670195873506664369e-14
-3.739675167123116713e-15
-6.248662043789271745e-17
8.897782365568489027e-17
9.465482938201174035e-01
3.969156701666963494e-02
-1.471563655966104736e-02
5.440446931181880559e-03
-2.001190447661333263e-03
7.299414030774687649e-04
-2.628057146301274421e-04
9.283916868922865214e-05
-3.193595568937347565e-05
1.059236911463390759e-05
-3.340459575205875205e-06
9.789800452834947276e-07
-2.544772615540836942e-07
5.131469121640855756e-08
-2.753844272306546269e-09
-4.903857517631669591e-09
4.008801696862844917e-09
-2.561708493414569238e-09
9.950212111527799492e-10
9.877120224802508064e-01
1.225011259237174764e-02
3.774824806932263686e-05
1.163197647097536189e-07
3.584360124375896628e-10
1.103647398496970177e-12
3.995106991901977660e-15
-3.691066830975397540e-16
2.250317974317339514e-16
-1.224200842569914967e-16
6.059853904150696213e-17
-2.694649527907472309e-17
1.055141184047955939e-17
-3.514138538918294956e-18
9.250435384311817323e-19
-1.544163081871414337e-19
-3.913504908499965710e-21
1.507213442059861104e-20
-5.883076386794594980e-21
1.196793441967515248e+00
-1.457886483965221774e-04
7.365889385972617966e-08
-4.205475108395071756e-11
2.623841889441886381e-14
-1.446200365136509244e-17
-1.981598105034515071e-19
1.704962035895443634e-18
-8.608005569098229860e-19
-4.600973559342710490e-19
1.157677755418387244e+00
-4.439658672079983825e-02
-2.596581614863662305e-03
2.475436811280920611e-03
-4.140549874272615011e-04
-2.770628018431769778e-05
2.726169709243227930e-05
-5.088298834332057940e-06
-1.994407526515043838e-07
3.291435193513070220e-07
-7.418716199815675692e-08
6.915170743063968603e-10
4.202741323906183005e-09
-1.197888157614726640e-09
7.318273230980447167e-11
5.530178171570104805e-11
-2.035027329488384163e-11
1.734948108482980032e-12
7.853185158157882000e-13
1.084010521784467551e+00
-2.523933922834535257e-02
3.187449242350607649e-03
-2.968005053838627472e-04
1.051050112528623377e-05
3.048277586018759987e-06
-9.020094616584422448e-07
1.542539163037652972e-07
-1.957210619104758199e-08
1.770476691482982028e-09
-5.713006689945996472e-11
-1.939998128634381460e-11
5.722185150424674348e-12
-1.011775208372008689e-12
1.363166943677917641e-13
-1.392510044313854516e-14
8.194609936176758074e-16
6.616248606533093615e-17
-2.970594898943622875e-17
1.027694698512258364e+00
-2.111361721875845004e-02
8.028436071215885525e-03
-3.038701074069581187e-03
1.140957517412960085e-03
-4.229583577542154376e-04
1.538252994545007319e-04
-5.444826259283256725e-05
1.856741467561529772e-05
-6.016582132433071116e-06
1.813451486086981039e-06
-4.880912522784577012e-07
1.053795292928635408e-07
-1.006928409398049114e-08
-6.725457466914898132e-09
6.070147723444339900e-09
-3.480061980930914237e-09
1.893604352798351078e-09
-6.896823460482156216e-10
1.006201080529373959e+00
-6.201080529372953766e-03
-2.042261168823149656e-15
1.735051305557896655e-15
-1.378615265293288792e-15
1.022560151971501420e-15
-7.061866014016474292e-16
4.524914064531021262e-16
-2.677367643914035035e-16
1.453493993276246821e-16
-7.174923969571508276e-17
3.178513296818703287e-17
-1.238036827315620115e-17
4.090838673032488323e-18
-1.063200558822696452e-18
1.708179726301986755e-19
1.054677490396987687e-20
-1.860055116641451427e-20
5.760263222903717104e-21
8.298790702061654700e-01
