1.428591713989941503e-01
-3.980936056945208771e-05
4.317648165889560235e-09
-4.499620655009647762e-13
4.694136515445198164e-17
-3.833246739777580286e-21
4.765654842335518121e-22
-1.173170532482015493e-21
-1.719341328602142253e-23
3.498289616426245185e-22
1.268194701607793240e-01
-1.999583952441739282e-02
-3.518807612735934138e-03
5.070936858808190641e-04
2.166511932090638633e-05
-8.220667959329426618e-06
1.808124274903949445e-07
1.012234993932224886e-07
-8.454388574842824271e-09
-8.829345193498839568e-10
1.689131015956652070e-10
2.075808148881421146e-12
-2.460233765179255836e-12
1.184502498002246568e-13
2.706822320247224876e-14
-3.264051612761863525e-15
-1.815171135645424163e-16
5.528229992480756628e-17
-7.038098459032719368e-19
7.531992214180141532e-02
-2.738419544169482314e-02
1.326815369020174946e-03
1.697494551566889134e-04
-3.351724097164186924e-05
2.146123078194475110e-06
8.033531120833306148e-08
-3.065306341228383090e-08
2.888575472904253310e-09
-4.494158515803773439e-11
-2.355161185769412095e-11
3.350423895712625147e-12
-1.731581077124635863e-13
-1.292844978158903222e-14
3.381597153144382297e-15
-2.852176090988621634e-16
3.154556425506666604e-19
2.936348481848942795e-18
-3.716131880029181105e-19
1.072448582872629827e-02
-1.835235825576910645e-02
1.172250812785135404e-02
-5.738312060923799612e-03
2.175742021709082923e-03
-6.191443395214517179e-04
1.085135768461675218e-04
8.099705945686759491e-06
-1.723540612579533372e-05
9.385721102199811981e-06
-3.733197167452042523e-06
1.227882043189896853e-06
-3.386121060788867217e-07
7.255434014749565192e-08
-7.278550313060271921e-09
-3.590040065792563851e-09
3.115318716669265485e-09
-1.742101172843580855e-09
6.104611773170238251e-10
3.210595422463908861e-06
-5.902817979412521715e-06
4.567836135027770843e-06
-2.937351144984325813e-06
1.527452828651043470e-06
-6.063187412349624179e-07
1.574724748885138392e-07
-9.243466977008093431e-09
-1.150351357431236974e-08
3.880854558428604928e-09
4.768562037860889751e-10
-5.454362758614746749e-10
4.475619163748355483e-12
7.460342826645110324e-11
-4.136176547950887304e-12
-1.126174260070918572e-11
3.913544113870950946e-13
1.553248963766094315e-12
8.493388229354245632e-14
8.276558911100964089e-01
2.876954102583458120e-05
-2.924697726240716057e-09
3.050337240993170829e-13
-3.234011303273742020e-17
2.804045117330292520e-21
3.406385712382196543e-22
9.061420318560434292e-23
-1.746289575576889346e-22
7.318273476686872658e-23
8.393874698471228690e-01
1.466861929271626869e-02
2.642220179722376116e-03
-3.440394577589719807e-04
-1.487775794863137033e-05
5.520515422085680936e-06
-1.273434164989261802e-07
-6.796273493861405595e-08
5.888602431728083679e-09
5.840805995560689139e-10
-1.183311724590740452e-10
-9.005174884214602672e-13
1.729160061985948761e-12
-9.474645059799539896e-14
-1.874891074062208886e-14
2.524736012053162765e-15
1.112026323354296935e-16
-4.254409442475325953e-17
1.009983669047642274e-18
8.786242212576558241e-01
2.174795036060846523e-02
-6.811448121397812704e-04
-1.262145092699078555e-04
2.205980016384364477e-05
-1.396317887587683592e-06
-5.106771375775565038e-08
2.002748719302540934e-08
-1.929706742893744862e-09
3.639949157702869895e-11
1.493030649659510450e-11
-2.225677963911959237e-12
1.258344345738808362e-13
7.062681266365236195e-15
-2.189009138063103315e-15
2.030601417655204185e-16
-2.871046844395682437e-18
-1.774225473393219305e-18
2.540307776342616275e-19
9.519730047109945525e-01
3.473322284234570123e-02
-1.214440114677170501e-02
4.002082150504976225e-03
-1.192511532958890610e-03
2.956525348184491108e-04
-4.578331297861288712e-05
-6.964714199660968547e-06
1.012083928085240136e-05
-5.601347878590181521e-06
2.326440847080290168e-06
-7.992543538244390065e-07
2.286942418860528405e-07
-5.066778481619131110e-08
5.547615620582032246e-09
2.248874139593719227e-09
-2.045768966938950543e-09
1.144646142803157872e-09
-3.990967988446286661e-10
9.887787872896242058e-01
1.118964519896138016e-02
3.147874815188259447e-05
8.848162317170404065e-08
3.026313953462237642e-10
-3.426824063886782166e-11
2.048215103575014921e-11
-1.061576596754961554e-11
4.774740635263160113e-12
-1.800440356311801614e-12
5.300372300237915276e-13
-9.835692334305184272e-14
-2.965047166977626611e-15
9.598512758591133218e-15
-2.986817168840913660e-15
-1.491145006515671769e-17
3.119022648666650398e-16
-6.398496135704085717e-17
-1.724141391776753445e-17
1.089305275082330882e+00
-1.443114767168874495e-05
1.385639867069426294e-09
-1.363021789961872169e-13
1.372145265201807689e-17
-1.201231730857355399e-21
-1.546335391736567214e-22
3.754935185919170903e-23
5.717985659717814095e-23
-5.264690891506284107e-23
1.083371999758776960e+00
-7.432488261901618563e-03
-1.357344541557114169e-03
1.667443454808172141e-04
7.868507375578085052e-06
-2.565830543202140606e-06
4.456968241948304760e-08
3.065217383736063271e-08
-2.378346326503287263e-09
-2.631869843901687536e-10
4.760214198299545236e-11
6.350939563030364285e-13
-6.869188864557801287e-13
3.429771584264631661e-14
7.348205785438624327e-15
-9.497537021191827472e-16
-4.220529742247419723e-17
1.600433511276134039e-17
-4.369410026854962767e-19
1.063204309481236454e+00
-1.131400980603225991e-02
3.169378321199363153e-04
6.933425325144090638e-05
-1.107400729265518249e-05
6.080685732098989762e-07
3.521414839348611268e-08
-9.799714214149579462e-09
8.076972988430328998e-10
-2.095939195580418816e-12
-7.438791575949739206e-12
9.101747306923120976e-13
-3.809888244042002336e-14
-4.192782776299391722e-15
8.831744607103740742e-16
-6.743002410259754222e-17
-3.512097437111588441e-19
7.117151603317922368e-19
-8.663959126854005327e-20
1.024700175672332847e+00
-1.819760456059446932e-02
6.447207086145605344e-03
-2.135538565024366897e-03
6.315387820845779366e-04
-1.513328677865877399e-04
1.993734972965801328e-05
5.951257242460575643e-06
-6.243472728003547994e-06
3.214940743311733545e-06
-1.264607326666213258e-06
4.079352077287630764e-07
-1.060991076148288376e-07
1.901589651107394475e-08
1.628714840434762569e-10
-2.178022640517432147e-09
1.316772799987223634e-09
-6.226259976551489483e-10
1.995831846289933077e-10
1.005658180494084286e+00
-5.658180458269645823e-03
-6.555897981128419445e-11
5.217442635138447111e-11
-3.771491809861518689e-11
2.462668746728852282e-11
-1.440573459461905772e-11
7.454756682764034493e-12
-3.345029643323546724e-12
1.256702681393387821e-12
-3.675009058014033711e-13
6.694401242721387116e-14
2.753404301138228613e-15
-6.845120846475533689e-15
2.072324378537660651e-15
3.137464828415441328e-17
-2.235510255634659568e-16
4.381647789528662751e-17
1.292954120882687100e-17
9.146204347096484888e-01
