5.001017259875434329e-01
-1.773532175173985316e-03
3.485048471182441845e-06
-8.212381219328524333e-09
2.249742653621912477e-11
-6.842225744200114222e-14
2.220786326155546640e-16
-7.417145078377162750e-19
9.483829389882658750e-21
-8.134358727360252986e-21
2.655638513390082833e-01
-2.219826850273955987e-01
3.057492366945571693e-02
1.017964684918287559e-02
-7.400955883331395736e-03
2.217453607747115960e-03
-2.343586154414761780e-04
-1.265323246055210387e-04
8.574868217123721593e-05
-2.811648336479328646e-05
4.590284778398544633e-06
8.190262328792009152e-07
-9.762355869400337647e-07
4.420738009361457972e-07
-1.291762803548901832e-07
1.682721998119209304e-08
8.453787798387854087e-09
-9.006133194826192878e-09
3.695011996021707372e-09
3.580545697744273725e-02
-3.273773112263071716e-02
8.465442944199543310e-03
-1.576710817616986532e-03
2.356197550688376768e-04
-2.954884677002423863e-05
3.042514882601718308e-06
-2.072256186125648004e-07
-8.792632002594164009e-09
7.265652255859581530e-09
-1.915501303422369884e-09
3.912817732274787277e-10
-6.977417362357402768e-11
1.124273954773238569e-11
-1.646361801003587676e-12
2.157334780363849135e-13
-2.397651200118022665e-14
1.807423128557739334e-15
3.039269516667308449e-17
1.493458381508691851e-03
-2.779755310397882383e-03
2.246806293190667988e-03
-1.589070851849419281e-03
9.937402269211774962e-04
-5.560668152634908566e-04
2.819011966591754726e-04
-1.310903215429444447e-04
5.660080453832012719e-05
-2.295870763840586945e-05
8.846748157081542620e-06
-3.271918041799196841e-06
1.172077614786839899e-06
-4.097455319078454804e-07
1.405856874152404739e-07
-4.754738672677916968e-08
1.601006765762717599e-08
-5.814941174838826488e-09
1.710835171030341805e-09
9.374578200229974770e-10
-1.776908499923333754e-09
1.511006892866697746e-09
-1.149150580048884106e-09
7.769875497417419774e-10
-4.625596717771470171e-10
2.387080044767056929e-10
-1.040146809115900368e-10
3.641214464594323712e-11
-9.083286766157509448e-12
9.154056948768635160e-13
4.077932062457481333e-13
-2.099795603100099496e-13
2.079606583677643851e-14
1.609032564240787060e-14
-5.767865930045239919e-15
-7.158832231416361105e-16
7.008186741399211845e-16
-1.512878634112853859e-17
4.582398976439406857e-01
1.288342750623419804e-03
-2.397071718795277112e-06
5.266253272542912823e-09
-1.293764551133080620e-11
3.456613875472109968e-14
-9.838780311315381972e-17
2.892720609374232566e-19
-7.311083396674664976e-21
6.639016716596458983e-21
6.394665297421988637e-01
1.760523584331065150e-01
-1.843854530309406436e-02
-7.764962899082823201e-03
5.226002336718030619e-03
-1.571217333605256236e-03
1.684627252063612994e-04
9.428852383243570983e-05
-6.470765947665763854e-05
2.089374055748300361e-05
-2.828553608932788011e-06
-1.051446544552698599e-06
8.783683269038146601e-07
-3.278256745738090454e-07
6.404409904216284114e-08
6.842109085066828356e-09
-1.174414441513641807e-08
5.776056992917398232e-09
-1.569274349051669730e-09
8.488125884271012778e-01
4.723043984159805420e-02
-7.188530664531601888e-03
1.045980450475485646e-03
-1.422925966125308892e-04
1.754555737678352385e-05
-1.840833251756019933e-06
1.320553917050540150e-07
4.049188665920135760e-09
-4.264689503648585249e-09
1.160721645958298549e-09
-2.423166672274854912e-10
4.425400443404649589e-11
-7.361488414912934578e-12
1.129132355663287015e-12
-1.590887087709169950e-13
2.012436903031952756e-14
-2.134730919959664074e-15
1.492194027134650668e-16
9.495723936306782464e-01
3.754492013479286683e-02
-1.397522167680700055e-02
5.200829906514156838e-03
-1.934666281130938224e-03
7.191421581703046333e-04
-2.669793038919367136e-04
9.891915329461225322e-05
-3.654332815622244322e-05
1.344463435272266573e-05
-4.919382464901219114e-06
1.787487954003006719e-06
-6.439664916176889218e-07
2.296523573242061175e-07
-8.094234480004178438e-08
2.817080471349796984e-08
-9.751425212680307202e-09
3.635734649874774006e-09
-1.085658090701031147e-09
9.884328667894229925e-01
1.153358656726156950e-02
3.344935237421822841e-05
9.700878106891874807e-08
2.813418785236471452e-10
8.159384045576922113e-13
2.366827536801014702e-15
6.543805436189234937e-18
2.243235080328438899e-19
-1.224104476806292006e-19
6.813916048506420102e-20
-3.494505188428685336e-20
1.652047777213393009e-20
-7.047978911504247607e-21
2.643889022942957607e-21
-8.602089874910585311e-22
2.201318054842078102e-22
-3.465935778322679318e-23
-4.629567041875398392e-24
1.311726346098158968e+00
-7.922469732722142634e-04
1.644542994309409690e-06
-4.196710421793878766e-09
1.198245899618715584e-11
-3.648574698253054257e-14
1.156496520585981848e-16
-3.717612248414583667e-19
2.960838329924406232e-21
-3.445608629033666339e-21
1.204345463836429042e+00
-1.037924740149576003e-01
1.115520817147749345e-02
4.348549732321047717e-03
-2.997802796473803943e-03
9.569109427933177514e-04
-1.437132217466337617e-04
-3.585390185877931739e-05
3.600144290942132040e-05
-1.497761807371193224e-05
3.598034378243581355e-06
-7.726240611852993363e-09
-4.934950833098078818e-07
2.842512255220136115e-07
-9.303831300931565468e-08
1.259941189809521792e-08
6.317138125692860736e-09
-6.158348599367928863e-09
2.338673673148529579e-09
1.081699302043042321e+00
-2.713575514505661007e-02
4.296756919052555079e-03
-6.330936245615454306e-04
8.474831343912720132e-05
-9.967728264808824472e-06
9.506465373263984193e-07
-5.100144671962263294e-08
-6.114044943603493013e-09
2.804860508359234489e-09
-6.570494107083339685e-10
1.248547087570541443e-10
-2.110699752377991487e-11
3.277611062794860013e-12
-4.728904316631890994e-13
6.341462383237189676e-14
-7.826036089419780551e-15
8.711066674233378832e-16
-8.029165299260085673e-17
1.026087138414170097e+00
-1.992425067574794123e-02
7.606444889380606887e-03
-2.902225188719873093e-03
1.106159748996215315e-03
-4.208331462658489478e-04
1.596356417584447111e-04
-6.028990365963696543e-05
2.262964666107538159e-05
-8.424498572571065258e-06
3.103828327537604810e-06
-1.129229070773274505e-06
4.048230061130956736e-07
-1.427079106569601577e-07
4.936819372654990987e-08
-1.673177856970660724e-08
5.581951752032328463e-09
-1.973608887404592191e-09
5.653360447800717981e-10
1.005834129226223395e+00
-5.834129226223419735e-03
-2.664580170451696640e-18
2.313182412902477414e-18
-1.895520132103561915e-18
1.464413378123040527e-18
-1.064893246619965824e-18
7.273105216738287151e-19
-4.652524388071422825e-19
2.777366579447903674e-19
-1.539872455519046262e-19
7.879182085374920888e-20
-3.688246162405505042e-20
1.559626718809366509e-20
-5.842644694748244781e-21
1.874090319656583640e-21
-4.767685190569181261e-22
7.122952546885490464e-23
2.341637827914477228e-24
7.677209843287360336e-01
