4.646443948587402062e-01
4.882626366914556426e-01
5.085722977162318026e-01
5.261102497882137463e-01
5.412891707027037702e-01
5.544364081877666273e-01
5.658180465135559389e-01
5.756545227628623307e-01
5.841311545371045133e-01
5.914054663512837706e-01
5.976124281409889161e-01
6.028682923156540863e-01
6.072734690114105494e-01
6.109147300816680781e-01
6.138669384902890602e-01
6.161944385440197847e-01
6.179522012778411177e-01
6.191867911642420230e-01
6.199372002476457588e-01
6.202355826187276877e-01
6.201079112616453282e-01
6.195745733556278223e-01
6.186509146307178630e-01
6.173477404422900161e-01
6.156717790451617933e-01
6.136261113326357819e-01
6.112105707058889115e-01
6.084221165914333040e-01
6.052551853518829406e-01
6.017020228861871267e-01
5.977530040718530557e-01
5.933969454552365796e-01
5.886214192554601876e-01
5.834130788871058071e-01
5.777580087056188862e-01
5.716421134369555901e-01
5.650515650499032816e-01
5.579733264427184647e-01
5.503957712620004550e-01
5.423094177846636832e-01
5.337077937820472462e-01
5.245884538684593146e-01
5.149541909402058915e-01
5.048145327447037811e-01
