3.024381619743368201e-03
5.904295211472282770e-03
8.623165924679650901e-03
1.116990267532044084e-02
1.352413921526703609e-02
1.567157236610845078e-02
1.760160363681315468e-02
1.928026335457679735e-02
2.075924158954802271e-02
2.199185650541870402e-02
2.305615629961760282e-02
2.391958271815993950e-02
2.463554711685342000e-02
2.522943459233558880e-02
2.573297781414467245e-02
2.618501524010750925e-02
2.656908872815479106e-02
2.693092323899574231e-02
2.725642806120102957e-02
2.760339788700104380e-02
2.788643478173313817e-02
2.808696092291142546e-02
2.835405038172079950e-02
2.860062290286091366e-02
2.881703389640321439e-02
2.908649092268604866e-02
2.931250064174751105e-02
2.948562272906742748e-02
2.969799951518334660e-02
2.994886389435972782e-02
3.013066353435110700e-02
3.034408542421821939e-02
3.047653386665448438e-02
3.074847907813225631e-02
3.093304044848642007e-02
3.114162783619381022e-02
3.126685858791063144e-02
3.145745268885785650e-02
3.163641795055340683e-02
3.180154958565770129e-02
3.198350466012669230e-02
3.214852705113988712e-02
3.231152754656518161e-02
3.247133386730076399e-02
3.262680670427884483e-02
3.279458583930018600e-02
3.293835195362238011e-02
3.309280626046189056e-02
3.323916934472626039e-02
3.339519439063403511e-02
3.352263751464960168e-02
3.365829874084310530e-02
3.380195002040242702e-02
3.393369138564503867e-02
3.407254536774813325e-02
3.419817883979223844e-02
3.430975083649508151e-02
3.442699716764988788e-02
3.454974005558811984e-02
3.465685972783950908e-02
3.476874049764588914e-02
3.488522696750554625e-02
3.498463666565290731e-02
3.508797512239723859e-02
3.517321632652178204e-02
3.526175692451222893e-02
3.535346379731860861e-02
3.544821178016281660e-02
3.552333511470064792e-02
3.560093814829400766e-02
3.568090707579504167e-02
3.574015135383508401e-02
3.582437519507002815e-02
3.588738101613797582e-02
3.595205377783326078e-02
3.599478357353959324e-02
3.606237761108960216e-02
3.610760707511298517e-02
3.615390483575871283e-02
3.620119112570881897e-02
3.624939033523064125e-02
3.627424645639716616e-02
3.632394449575757078e-02
3.634996584038514139e-02
3.637643131975942107e-02
3.640328091817017497e-02
3.643045803461509441e-02
3.643321294428957663e-02
3.646080063582356895e-02
3.646372615481397600e-02
3.646664073233026049e-02
3.646950219756349421e-02
3.647227131661467947e-02
3.647491171129434162e-02
3.647738978276383881e-02
3.645453982131884735e-02
3.645654776408814579e-02
3.643309763821398622e-02
3.640930128904820706e-02
3.641038974152154689e-02
3.638586204501001453e-02
3.636093381875046826e-02
3.633559175519451151e-02
3.628449447346912549e-02
3.625827469393089891e-02
3.623161480873039741e-02
3.617915877555778065e-02
3.615158877196555237e-02
3.609821913001998867e-02
3.606973813856620414e-02
3.601546307695067256e-02
3.596075238219249154e-02
3.590561400028057654e-02
3.585005762360868320e-02
3.579409463893092058e-02
3.573773807585348822e-02
3.568100255580589769e-02
3.562390424143767331e-02
3.556646078640085529e-02
3.548355280947736862e-02
3.542549885475637650e-02
3.536716139666495201e-02
3.528352464826038648e-02
3.522471248719395015e-02
3.514073028622856365e-02
3.508154623492451551e-02
3.499732646644089507e-02
3.491305980717237384e-02
3.485354086032087240e-02
3.476921366221016885e-02
3.468493224575291967e-02
3.460072912473331763e-02
3.454120642719039208e-02
3.445720270570076793e-02
3.437337907062060216e-02
3.428977065502152033e-02
3.420641312091491498e-02
3.412334261207250474e-02
3.404059570734599416e-02
3.395820937449957333e-02
3.387622092456759465e-02
3.379466796675446860e-02
3.371358836388835961e-02
3.363302018844652186e-02
3.352911065315636319e-02
3.344973471719619312e-02
3.337098483173432661e-02
3.329289945337215312e-02
3.321551703751586537e-02
3.313887599814788198e-02
3.303947765166467126e-02
3.296448579121542127e-02
3.289034932844718540e-02
3.281710609657853550e-02
3.272149252494093580e-02
3.265019729226710521e-02
3.257990657039085136e-02
3.251065702496049731e-02
3.241940849583281603e-02
3.235239583511751588e-02
3.228653120382578290e-02
3.219894155039625810e-02
3.213552093171358204e-02
3.207335084076017029e-02
3.198971716218888817e-02
3.193018848075024341e-02
3.187200767248851013e-02
3.181520622627317246e-02
3.173725756111295260e-02
3.168334364192409297e-02
3.163089845247631093e-02
3.155753319016618014e-02
3.150814457819583331e-02
3.146030730333279624e-02
3.141404765691264978e-02
3.134713448161297739e-02
3.130413516093699666e-02
3.126278619131676179e-02
3.122311043797792660e-02
3.116301588080259977e-02
3.112677641457400543e-02
3.109227212589575975e-02
3.105952218404633286e-02
3.102854480128635142e-02
3.097738674452072544e-02
3.095002398940712579e-02
3.092448131212427800e-02
3.090077296206503524e-02
3.087891217375601099e-02
3.085891115745403174e-02
3.084078109050617314e-02
3.080269748872521696e-02
3.078834851960833910e-02
3.077589645914682870e-02
3.076534827690070167e-02
3.075670987840677800e-02
3.074998610106880609e-02
3.074518071079611684e-02
3.074229639938941619e-02
3.074133478267606148e-02
