6.822439840450573723e-01
-3.088628996954118598e-03
3.117172600389744120e-06
4.908370448249718722e-09
-2.885514629240772333e-11
5.620119509780270595e-14
-2.114531371785255157e-18
-2.468543231097437934e-19
2.771576579435567447e-21
-6.549988365045226244e-21
2.981445488465063742e-01
-3.373848265329885132e-01
8.021666483184206053e-02
1.282958138796113680e-02
-1.837724086029673617e-02
6.596365319659194815e-03
-1.494399885055991157e-04
-9.801205906413280704e-04
4.548342843297390500e-04
-3.142536727925691214e-05
-6.791614270855783945e-05
3.709993585868184856e-05
-4.507235079466767354e-06
-4.971296790003638591e-06
3.247201332107028728e-06
-6.102050580383800445e-07
-3.058783925487106699e-07
2.493643527829539669e-07
-6.594367789168758888e-08
1.558563305449379641e-02
-1.772090841929248317e-02
6.045194177529696934e-03
-1.533689936631987870e-03
3.231439578074185213e-04
-6.032320356168246214e-05
1.034114665207867095e-05
-1.649368813307134452e-06
2.427620356706516848e-07
-3.177011414781645669e-08
3.294944868572898562e-09
-1.309754976547741247e-10
-5.934031721028914548e-11
2.462287399067288222e-11
-6.601316704880934402e-12
1.491393616185556771e-12
-3.038059141257877068e-13
5.881057594482301783e-14
-9.980529630252766571e-15
3.393849234175392400e-04
-6.429372741192343650e-04
5.470851094420358350e-04
-4.197127255773531193e-04
2.919002080522749461e-04
-1.852892369892216438e-04
1.081694505081493409e-04
-5.854846439335626476e-05
2.962797105653808949e-05
-1.413575798247076279e-05
6.412006608018615262e-06
-2.787836833929609244e-06
1.170895162656968398e-06
-4.785134591375371490e-07
1.915705439863487957e-07
-7.572115769327408114e-08
3.012436262674624195e-08
-1.328409412912185159e-08
4.450231726373453148e-09
-2.517311614297220965e-10
4.821718062717147913e-10
-4.233186508342252197e-10
3.401141407090863252e-10
-2.493228170886324955e-10
1.659790036815562456e-10
-9.965559729329489621e-11
5.341647150590522638e-11
-2.516500491137425436e-11
1.015690021738731000e-11
-3.349045851685976427e-12
8.059900995566262833e-13
-8.537228266710089280e-14
-3.142360502700997375e-14
1.807851763513194467e-14
-2.875251837962035039e-15
-8.876256463266120846e-16
4.729945285944317912e-16
-2.782325694938754395e-17
7.497940559811798744e-01
1.185304356078976940e-03
-2.263187748272182406e-06
1.864719105584562120e-09
4.649425131535738928e-12
-1.999211067532842926e-14
2.373653289177800674e-17
6.008077714082871115e-20
-4.495998286923566322e-20
3.243738967483426345e-20
8.693166288112861295e-01
1.011295178148760021e-01
-2.554531658878789885e-02
-7.904413251931483595e-04
4.791243515361802430e-03
-2.562368315222274696e-03
5.577987461718934533e-04
1.536079328190692161e-04
-1.745964665736997941e-04
5.831274594370665864e-05
3.505333141272125396e-06
-1.247389946603272817e-05
5.283843724268055356e-06
-1.160883772180001464e-07
-9.835402701795942299e-07
5.048923542767649774e-07
-5.501559753732873885e-08
-8.593077076272491562e-08
4.820736662492923566e-08
9.622783288767555732e-01
1.273805850792811278e-02
-2.162337685527662267e-03
3.703100481408590260e-04
-6.407217184789026682e-05
1.117492998859089895e-05
-1.952726067269158447e-06
3.389214341633956538e-07
-5.784025668686930969e-08
9.592585190004450787e-09
-1.522230476718483410e-09
2.254466571994795258e-10
-2.961844484748779021e-11
2.974348756518069155e-12
-5.224740833106555171e-14
-8.494574795135757660e-14
3.287533157687730259e-14
-9.460053099746376283e-15
2.114391693143608854e-15
9.879364959127391321e-01
9.160133159510919221e-03
-3.477794419285521431e-03
1.320429402348734108e-03
-5.013544445459612109e-04
1.903747851276594097e-04
-7.229967683134905752e-05
2.746430661586858290e-05
-1.043684132600500591e-05
3.968471906836474408e-06
-1.510218886372697741e-06
5.753688889182579751e-07
-2.195240800507642461e-07
8.390754001998560834e-08
-3.214886033638166554e-08
1.237867575512396161e-08
-4.865244713450527817e-09
2.143785350599874134e-09
-7.196852448519098937e-10
9.972861022418189059e-01
2.712055260758469612e-03
1.841246529348494721e-06
1.250044138509899467e-09
8.486697540748799282e-13
5.762201149499288314e-16
3.537480618831418061e-19
2.795841236739948616e-20
-1.953999293170469028e-20
1.306164414133001780e-20
-8.317570065673556049e-21
4.979715537649450599e-21
-2.837322715071799526e-21
1.494012578943492544e-21
-7.591644219738298508e-22
3.379568994868515880e-22
-1.543728839249178415e-22
5.657085706517386157e-23
-2.250983728002183058e-23
1.042965039204820865e+00
1.919543335990925900e-04
-7.351163021409791182e-07
8.509372817505314574e-10
2.094400699097926869e-12
-1.138842405891416357e-14
1.967068193335215654e-17
1.726326346360051083e-20
-1.074952236202725573e-20
9.324760599719327604e-21
1.039873492717791059e+00
-1.030303243836492438e-02
-5.244495890141131003e-03
2.889607254513747951e-03
1.042013715046462741e-04
-7.259830045376160831e-04
3.470504780128104926e-04
-2.474927351948748834e-05
-5.761104078491021319e-05
3.314086166105553353e-05
-4.664981460075519230e-06
-4.323194998076789704e-06
3.003973388008983188e-06
-5.721504261661563734e-07
-3.354702926426477346e-07
2.829151778045404503e-07
-7.054817599294630071e-08
-3.308636115232346539e-08
2.654844149248007194e-08
1.019152584605147238e+00
-6.476970651556181700e-03
1.064327109428379881e-03
-1.651774742644968638e-04
2.312118330248359187e-05
-2.645379183668410734e-06
1.608627929094393594e-07
3.067222221893379330e-08
-1.581210326489716572e-08
4.458222709795468646e-09
-1.025436638205763827e-09
2.093869901607886803e-10
-3.902119584022883390e-11
6.670053829323135096e-12
-1.032051182085759083e-12
1.382245247043935762e-13
-1.372121512512894585e-14
-2.082290040391929100e-17
4.215961128991595231e-16
1.006080515449383928e+00
-4.644966535396534771e-03
1.774096844356686528e-03
-6.775409602032299913e-04
2.587143456819551777e-04
-9.875667030330797743e-05
3.767582621935026136e-05
-1.435934266138147014e-05
5.464124023397277428e-06
-2.074206709947739304e-06
7.845756764294717900e-07
-2.952814940676725864e-07
1.103761664925265128e-07
-4.088959129519637156e-08
1.497461891171326728e-08
-5.409499555472344290e-09
1.938939855484261104e-09
-7.466070029577791273e-10
2.271669441940027493e-10
1.001359669319883849e+00
-1.359669319883920332e-03
-1.305142952763688745e-19
1.165994746904771695e-19
-9.951753746972562762e-20
8.109697604411514690e-20
-6.304657581377914773e-20
4.671136082268633188e-20
-3.294025219403706073e-20
2.207388499092672608e-20
-1.402872683518506066e-20
8.434934787227145181e-21
-4.783457724321596992e-21
2.548702814305826974e-21
-1.269644851801534509e-21
5.880869392708519893e-22
-2.534753131346967142e-22
1.077725151168830227e-22
-3.306284295958985488e-23
5.849999999999999645e-01
