2.306478989150667624e-01
-2.620479957818941234e-04
1.340048858840516166e-07
-6.704010619517279226e-11
3.285605768229073344e-14
-1.570699838608587185e-17
6.279389437498838985e-21
1.024417192316879156e-21
4.359753157967125530e-22
-4.500359324728844981e-22
1.629965370221975463e-01
-7.572623003753428672e-02
-2.964051373977585543e-03
4.673740499672039868e-03
-8.304793486868362017e-04
-6.757992798343374636e-05
5.733416906533278886e-05
-8.508702771447629329e-06
-1.195570054144003690e-06
6.863728684565474222e-07
-7.915785168535744123e-08
-1.916562301143987144e-08
7.921163899873101783e-09
-6.029333753731165097e-10
-2.848039229348780973e-10
8.656374471670514789e-11
-2.389689079301678014e-12
-3.895547772899323362e-12
8.636986464138060873e-13
4.963276065573046097e-02
-3.212686963275684232e-02
5.665216940197963583e-03
-6.665796231308890535e-04
4.379918002634638824e-05
3.006043046835761243e-06
-1.653266598795442580e-06
3.476224702902451023e-07
-5.157076984935321022e-08
5.454096373305684397e-09
-2.570596938097969848e-10
-5.312666779624710478e-11
1.885678274187038728e-11
-3.574779634407572793e-12
4.870075109319811431e-13
-4.441993572326840902e-14
5.335778542953126995e-16
8.755661687802331394e-16
-2.219366660653931346e-16
4.137417457690916421e-03
-7.358820810926043621e-03
5.253613029420776438e-03
-3.101614129200650979e-03
1.564222804615597335e-03
-6.949814508409094243e-04
2.797062670272432616e-04
-1.044561683528820407e-04
3.689172526153734625e-05
-1.247436948640839948e-05
4.053726239857440268e-06
-1.257750392243134761e-06
3.648247329499581111e-07
-9.401514123843675087e-08
1.837988170957481095e-08
-3.247199542879993222e-10
-2.502360613000509638e-09
2.252096260487346688e-09
-9.716227338984970185e-10
4.283103282751254338e-07
-7.904497764945205147e-07
6.190222670202698276e-07
-4.069873939447706890e-07
2.197177790259078012e-07
-9.317493300437783091e-08
2.796523428760028752e-08
-3.934447820396470152e-09
-1.011227705314492253e-09
6.171453557509087407e-10
-2.695572468186581037e-11
-6.393520663539183351e-11
1.118911037220760949e-11
7.247262624176174013e-12
-1.896835951744245534e-12
-1.005025495842087024e-12
2.753729205886369976e-13
1.372921680187835754e-13
-3.124059438544973973e-14
8.763156744854604385e-01
8.172104930617471561e-05
-3.849103005172967852e-08
1.975160663018285094e-11
-1.038023737339570433e-14
5.445467204509793012e-18
-2.266802529177666555e-21
-2.350923732710942976e-22
-2.068436151439656996e-22
1.877247174097532377e-22
8.988066649100904248e-01
2.568623658954083400e-02
1.697499762053225961e-03
-1.394094580102680971e-03
2.213576099039063657e-04
1.862518554193577061e-05
-1.536394210891333810e-05
2.499421810071968020e-06
2.516195711354957360e-07
-1.912227376148747061e-07
2.914166468947428004e-08
3.955496391867443868e-09
-2.464567147384941928e-09
3.218754023684046859e-10
6.506048597286014160e-11
-3.152479767334646212e-11
3.177546922255154384e-12
1.074862526851280869e-12
-3.931949849910710474e-13
9.428710562423912034e-01
1.587950829072500708e-02
-1.816525221164436415e-03
1.502361354974402971e-04
-3.598279379386820229e-06
-1.757087794136795250e-06
4.765797330499547549e-07
-8.213263785339136394e-08
1.104569945442558280e-08
-1.134216895999765396e-09
6.190798452366374294e-11
7.955407614265609506e-12
-3.395470255225918713e-12
7.117764913032494454e-13
-1.110723018873138600e-13
1.319326276797611703e-14
-9.542555699739741553e-16
-5.794976239649528952e-17
3.487755884231817431e-17
9.804501509790629621e-01
1.470597012301194662e-02
-5.496849871823413641e-03
2.032726186814026812e-03
-7.392958199859321839e-04
2.625982586316795040e-04
-9.039284576598107879e-05
2.989668211782378255e-05
-9.402604899824363452e-06
2.769761943399608811e-06
-7.432577073193593136e-07
1.699407952100891819e-07
-2.565702949860482476e-08
-3.134484876002116096e-09
5.295365239221776463e-09
-3.285204048615711422e-09
1.664103163248836938e-09
-8.536305661253144058e-10
3.046095639843740177e-10
9.955688772164077438e-01
4.426208625155780493e-03
4.908709238362754521e-06
5.442657392684134558e-09
6.879115324790024969e-12
-5.549993940529884342e-13
3.382689603093302757e-13
-1.820565403107389503e-13
8.626197602371611297e-14
-3.511264035248847838e-14
1.174004099030331502e-14
-2.908194588801258398e-15
3.506718324270338195e-16
9.262114548744855998e-17
-6.091793532322117572e-17
1.095105323333207659e-17
2.524819030351491322e-18
-1.585777345858256100e-18
1.519147957812789833e-19
1.055351658883692201e+00
-2.290645956629526049e-05
4.364763407919822142e-09
4.753888499346824175e-13
-1.367891742167825571e-15
1.179638861673290434e-18
-1.112365548719378743e-21
7.288347413494898915e-23
1.685651928105911616e-22
-1.047940496475275388e-22
1.047485881602632452e+00
-9.416490688209757862e-03
-1.141409080871027453e-03
4.322732288069236028e-04
-1.462139849569460221e-05
-1.345277364217134976e-05
1.802563359362758030e-06
4.494119547635435497e-07
-1.389712630383553809e-07
-1.028118484467959721e-08
1.047561727318256076e-08
-1.124276509408453917e-09
-4.723077198175861740e-10
1.641191193979929496e-10
-3.098433128982198468e-12
-9.533120725467949249e-12
2.144726312139204034e-12
1.624219433666366876e-13
-1.577176207043286232e-13
1.028808091255070556e+00
-7.721237470730994701e-03
7.739005340227986382e-04
-3.810340378943903686e-05
-4.997237810390836172e-06
1.727642339764932735e-06
-2.839037859994085231e-07
3.033796383510990125e-08
-1.320635878046655946e-09
-3.065076702257563775e-10
9.908973452064277269e-11
-1.704651827679923028e-11
1.959859647135332469e-12
-1.021989955590000087e-13
-1.856282653217589864e-14
6.901421264544396347e-15
-1.299460721991641945e-15
1.675658238739766569e-16
-1.255943259520841912e-17
1.009889662921300557e+00
-7.496455750064821844e-03
2.816965841908461617e-03
-1.043100580519199048e-03
3.775187767481974726e-04
-1.321942617379279639e-04
4.422997814800682536e-05
-1.390409792579493236e-05
3.995898390763363480e-06
-9.901328840881548668e-07
1.743122245948847100e-07
6.071277128645646825e-09
-2.664406719468612405e-08
1.781966495955964196e-08
-9.040710896546451642e-09
4.051796227281740956e-09
-1.707357279787353854e-09
7.570448726776960206e-10
-2.499092298223130234e-10
1.002222946983644558e+00
-2.222946983076012038e-03
-1.044478319311913572e-12
8.400062798531895630e-13
-6.166680100694386207e-13
4.113611266843491166e-13
-2.476696042316282314e-13
1.332561974199777335e-13
-6.311147836351074741e-14
2.567277417466526669e-14
-8.574883439100775470e-15
2.119694504522692524e-15
-2.533890136627632662e-16
-6.857804671578360320e-17
4.462187747225717253e-17
-7.951694968591475291e-18
-1.874591268149899914e-18
1.162237180491724390e-18
-1.092601463999140831e-19
9.150000000000000355e-01
