1.666402618283258918e-01
-1.067198680545674552e-04
3.051975244348136281e-08
-8.632333601692115771e-12
2.426906184182455839e-15
-6.760934770844549676e-19
-3.611334069957476758e-22
1.177442480814773020e-21
3.315884196724904113e-22
-6.215538532283925563e-22
1.322796375419952597e-01
-4.063519539733207592e-02
-4.351846025252959806e-03
1.963454005968612217e-03
-1.235083040876830505e-04
-4.750243756419521117e-05
1.055824464993189257e-05
1.136413794286231062e-07
-3.617451591692270536e-07
4.542274802291023108e-08
5.695999333880197020e-09
-2.251230076313139207e-09
1.157101055588839956e-10
5.788431912762784555e-11
-1.142855153745929436e-11
-3.719028784348225139e-13
4.186432165496818108e-13
-3.947553834810111359e-14
-8.393448040436169381e-15
5.619083037354021676e-02
-2.907065202797674136e-02
3.659862198648153753e-03
-2.043907949320485854e-04
-2.132987156873006522e-05
7.699432209997260782e-06
-1.195815741916414136e-06
1.114931332905027711e-07
-2.121051926479115180e-09
-1.501373083670423537e-09
3.443738594887624192e-10
-4.433179237703801331e-11
3.059365485383142161e-12
1.496646619752605109e-13
-8.428569380797412043e-14
1.462783212423844128e-14
-1.511982796709386894e-15
4.740880355249817922e-17
1.607059864290165665e-17
6.175886795867743459e-03
-1.069899100423397052e-02
7.138025788554702537e-03
-3.827921279349861573e-03
1.719073883060153862e-03
-6.693902364513512962e-04
2.322142073202756757e-04
-7.296018115396467861e-05
2.073203379664371378e-05
-5.120622264477608868e-06
9.273162742441074357e-07
1.059505187019794472e-08
-1.290344310848236968e-07
9.006533727598031230e-08
-4.674919949716281648e-08
2.119144005844083862e-08
-8.912072122821663772e-09
3.876486049858824777e-09
-1.256242233423235891e-09
2.189894772394623415e-06
-4.000525923158657930e-06
3.034535171700182123e-06
-1.881751147300640002e-06
9.220361656283289624e-07
-3.306623774181817717e-07
6.830218087713912158e-08
3.816330219308092308e-09
-7.102680648703721047e-09
1.056380053211518638e-09
6.347368324464258129e-10
-1.983039416122661096e-10
-7.049774755817536444e-11
2.991562306474694068e-11
1.079426684955893341e-11
-4.262414451191646118e-12
-2.194344438040678706e-12
4.931104870028170796e-13
4.462686022694864089e-13
8.947608255346373163e-01
3.667218758806284438e-05
-8.977580795583383040e-09
2.432875242843544860e-12
-6.908040820892452130e-16
2.003707120178813565e-19
-4.699182891481499951e-22
-8.958223332154652907e-22
1.536824398049481448e-21
-8.676648669843731914e-22
9.072919022553503909e-01
1.505460258885100641e-02
1.930677042514289616e-03
-6.174146721230789215e-04
2.884034027225401608e-05
1.403053993983390807e-05
-2.853702240941590163e-06
-3.353525186890959090e-08
9.683778438141184948e-08
-1.290392186013604128e-08
-1.354239308951881820e-09
6.286691758347192337e-10
-4.465985463448478251e-11
-1.494134065011304162e-11
3.647903608126714177e-12
-7.396071419414582415e-15
-1.233429149613962967e-13
1.646693670697579671e-14
1.902046685188176477e-15
9.390981975332953757e-01
1.426706398425693113e-02
-1.127287872715588418e-03
1.866341025522013999e-05
1.185106066261800937e-05
-2.476374412865281480e-06
3.027188095676555088e-07
-2.229591901711118447e-08
-2.170903817089427214e-10
3.996858711024434167e-10
-7.905409218614967945e-11
9.821790829408431981e-12
-7.189950592267177186e-13
-1.802285649070104826e-14
1.646165292328409327e-14
-3.189337950221979786e-15
3.859978127462506823e-16
-2.407559206192349417e-17
-1.679668916317035943e-18
9.778829758006846173e-01
1.643709087584090470e-02
-6.003092366325541752e-03
2.130827449637421982e-03
-7.247397018629748175e-04
2.320303005539677943e-04
-6.819336868136320542e-05
1.757833557753711598e-05
-3.515732820034002135e-06
2.392967297165568109e-07
2.563012641259845221e-07
-1.971603059447652709e-07
1.003158923514964005e-07
-4.341820288572874445e-08
1.711480498250660121e-08
-6.318672862000341076e-09
2.227242538741282154e-09
-8.126571597476080959e-10
2.351738889160524801e-10
9.949442745073180383e-01
5.049327288822232779e-03
6.390129668027705250e-06
8.047105002234743812e-09
3.815207252566866452e-11
-1.752208796045330086e-11
9.741057038763733261e-12
-4.706174237902285591e-12
1.922167734878384722e-12
-6.285010763050483781e-13
1.433404241599620312e-13
-1.021175837595311239e-14
-7.835012893028763365e-15
3.414468814803958067e-15
-2.646568422509869062e-16
-2.706117144323083390e-16
9.295233080152240505e-17
1.199404038641927122e-17
-1.277059389104321153e-17
1.049938363618527104e+00
-1.343748790397320310e-05
2.131418312197747943e-09
-2.793985227760327920e-13
5.921708011782217508e-18
1.512109597955672589e-20
8.826298776338078850e-22
-3.334229526214959324e-22
-2.559899183041066253e-22
2.698059779708574414e-22
1.044908054220056171e+00
-6.164312987292307720e-03
-9.436534248767941471e-04
2.100127093341123974e-04
1.316551402829402298e-06
-4.679560870368523484e-06
3.275134467626389312e-07
8.595087855076114513e-08
-1.268985601486759567e-08
-1.782382422813633996e-09
4.798711943883522218e-10
3.748593108836106292e-11
-2.157984759133129966e-11
4.709160716393995655e-13
8.323838089452870542e-13
-1.156812603167810367e-13
-1.909808244061878571e-14
6.663285769950244394e-15
-1.161119220908073974e-16
1.030676591968852085e+00
-6.892728607678123842e-03
4.577067553705537026e-04
1.076667584629822211e-05
-7.855957100935328998e-06
1.179715230141717598e-06
-9.124636598577585461e-08
-1.343192352585725769e-09
1.621001033534209118e-09
-2.719724345733734135e-10
2.382814268943158893e-11
5.795501640493057100e-14
-4.144597817727391286e-13
7.834071057327976850e-14
-7.885998097569124626e-15
1.455280022042350283e-16
1.138002788789377564e-16
-2.554049935240196455e-17
3.015304200456304882e-18
1.011193872673947336e+00
-8.379408003425157375e-03
3.070272767684383269e-03
-1.086307753949834103e-03
3.645216090993861919e-04
-1.131789702920259991e-04
3.120917124069025306e-05
-6.939218057954105695e-06
7.887172115870920143e-07
3.263085384839594267e-07
-3.138057102056335843e-07
1.693719587231172112e-07
-7.488357369130319724e-08
2.949583235735606777e-08
-1.065885954072172724e-08
3.560015517870775659e-09
-1.089792618865127540e-09
3.090999253330063964e-10
-6.799440442542638059e-11
1.002537479826145050e+00
-2.537479807696693419e-03
-3.352347800387145296e-11
2.616078337579138633e-11
-1.837654201055555114e-11
1.153885451636868216e-11
-6.407474688195798886e-12
3.093863025018917350e-12
-1.262555532405568155e-12
4.122227297911813595e-13
-9.370704638824660430e-14
6.514656372430322579e-15
5.194614310322384011e-15
-2.243186193110024527e-15
1.688731962459224393e-16
1.794056106482734102e-16
-6.096539896156682270e-17
-8.093146391097277610e-18
8.437521707927564005e-18
9.350000000000000533e-01
