6.514907711923495492e-01
-2.997660495331719299e-03
3.674505650757751534e-06
1.919699027775825814e-09
-2.296272687899656398e-11
6.022733679618365421e-14
-6.440532785911497267e-17
-1.988479948426775021e-19
6.822665139071339704e-20
-1.939470637823904929e-20
2.876138266554844058e-01
-3.197735656883398669e-01
7.472539691192997546e-02
1.168313201542794770e-02
-1.670602858214073963e-02
6.092862276699800329e-03
-2.915705186634749094e-04
-7.948173125147046155e-04
3.951061809691892813e-04
-4.394406370198343097e-05
-4.760700599164299318e-05
2.929282322862116665e-05
-4.947721128699976658e-06
-3.034228794544274730e-06
2.348580021708823111e-06
-5.657099423647693416e-07
-1.478518485101029845e-07
1.732072911739664529e-07
-5.622981269224826493e-08
1.654559985121024229e-02
-1.835985049134522193e-02
6.088860154504177440e-03
-1.504226271141845522e-03
3.095258085573063971e-04
-5.656947013438527261e-05
9.500351763236039452e-06
-1.480992298733925779e-06
2.115683326223671382e-07
-2.640741390917489618e-08
2.456111838934308514e-09
-1.796152297842725776e-11
-7.026541574113996352e-11
2.451511546852552978e-11
-6.165168742611995321e-12
1.335837991078258869e-12
-2.626901748288344143e-13
4.902915057459138528e-14
-8.035631597018036839e-15
3.964106367346145049e-04
-7.492009998179642019e-04
6.331374051089338996e-04
-4.804695520509973334e-04
3.294468752892414803e-04
-2.056608694695221567e-04
1.178752576858618035e-04
-6.258301643082198789e-05
3.105939216855397380e-05
-1.454055611681742641e-05
6.478983916022001498e-06
-2.771552422375522168e-06
1.147513409934738829e-06
-4.632668988393754673e-07
1.835955548356284114e-07
-7.196699646054992921e-08
2.843093778761377266e-08
-1.245901391067864898e-08
4.159358983661393388e-09
-2.426789874918880686e-10
4.640374325091297172e-10
-4.052829410982587492e-10
3.227376357156228217e-10
-2.335336858896008456e-10
1.527418409916981605e-10
-8.958461592653636246e-11
4.655799221746970847e-11
-2.104280819429120800e-11
8.010199622834453802e-12
-2.408281054713909767e-12
4.779165044801249510e-13
-6.612272106643611492e-15
-3.646800771077540801e-14
1.254702704714656036e-14
-3.466612726757377626e-16
-1.142719204999754569e-15
2.670964149437534247e-16
5.763088712038629000e-17
7.583376298991104658e-01
1.111519069656257590e-03
-2.242284384981356921e-06
2.559590584329056299e-09
2.010641723814900789e-12
-1.698066596963147161e-14
3.569135229862870654e-17
-3.496650071825360748e-20
2.305063433561792778e-20
-1.642609826043633902e-20
8.712621267901257127e-01
9.640484840102861441e-02
-2.328120779285090466e-02
-1.011738140604594030e-03
4.377718084773034139e-03
-2.282320237651902506e-03
5.018569310367452727e-04
1.199687008266357388e-04
-1.449688705798703853e-04
5.100982330504087449e-05
3.601740994933647905e-07
-9.138819351645302799e-06
4.274411885639412380e-06
-3.567674595727197177e-07
-6.273392853828277687e-07
3.717643368412546944e-07
-6.225604839513786607e-08
-5.104503928779510799e-08
3.279220004356818286e-08
9.615855318149102438e-01
1.295350097664517766e-02
-2.190971107172983486e-03
3.723219899748568128e-04
-6.355311368194743401e-05
1.086524594352285657e-05
-1.850303258439971205e-06
3.115047949186050372e-07
-5.135281456190035922e-08
8.185625196646217001e-09
-1.237711684626379494e-09
1.714501298595706822e-10
-2.002527216028346453e-11
1.400493089497381664e-12
1.779726718576258755e-13
-1.121252622205114931e-13
3.438406729102447701e-14
-8.932982946733504207e-15
1.887037286489851470e-15
9.877087357094165299e-01
9.331995146592192425e-03
-3.542628655606513011e-03
1.344882853730342432e-03
-5.105737993606698387e-04
1.938478406944513666e-04
-7.360597992260303356e-05
2.795420389260008990e-05
-1.061960318513818236e-05
4.036039424060176453e-06
-1.534825105229535358e-06
5.841116626695627111e-07
-2.225071305414486230e-07
8.485669665341773180e-08
-3.241204852672352212e-08
1.242799188373207009e-08
-4.856894121839702535e-09
2.123874386667682989e-09
-7.094312192321116480e-10
9.972345440886818402e-01
2.763542694654796700e-03
1.911893048682274499e-06
1.322698953336536469e-09
9.150786187298521994e-13
6.331059094945352980e-16
4.149461048498556125e-19
1.713049507339340871e-20
-1.167758094251179939e-20
7.670301472942638877e-21
-4.780579657950185698e-21
2.787954017836787013e-21
-1.540461488889038427e-21
7.898016434957978398e-22
-3.825653113721355340e-22
1.629646332079174067e-22
-6.930176053141880159e-23
2.352571562468656281e-23
-8.699539316819454666e-24
1.047527760809517261e+00
1.511681339674366179e-04
-6.774384172903963371e-07
1.075450302376313024e-09
7.760322076395846061e-13
-9.054933421537250063e-15
2.396288616084566142e-17
-2.703828176989089630e-20
1.297544369760770219e-20
-8.833229884665378007e-21
1.041566827693569230e+00
-1.224184147077418683e-02
-4.283113895657344149e-03
2.674794608961388997e-03
-2.004147846873716147e-05
-5.896112677651124678e-04
2.979622644060341539e-04
-3.006965012031106668e-05
-4.340407714847256026e-05
2.705268089823907859e-05
-4.857877746527440703e-06
-2.798854113836349628e-06
2.261803081500893089e-06
-5.422888486831478189e-07
-1.791240902096720132e-07
1.937486378983227279e-07
-5.870188709063626970e-08
-1.671283673887627587e-08
1.676926485083580516e-08
1.019504532303796562e+00
-6.581465226227035253e-03
1.075753020565858300e-03
-1.653601027193662455e-04
2.281346696176262960e-05
-2.554318814649958984e-06
1.468848975370854385e-07
3.079265206467952661e-08
-1.506571559664081892e-08
4.139722097405685422e-09
-9.306540660551896398e-10
1.856405860442718248e-10
-3.371095725795899695e-11
5.585764284395574068e-12
-8.287526001236819437e-13
1.035244622531342705e-13
-8.499161050698879928e-15
-6.429097687866041031e-16
4.594537014006003758e-16
1.006196295564169230e+00
-4.733353470544308418e-03
1.807803984174028052e-03
-6.903715483451167709e-04
2.635806607844834665e-04
-1.005901592663076998e-04
3.835873059714063453e-05
-1.460886377996663740e-05
5.552486473390414580e-06
-2.103933036958113558e-06
7.937240694479734709e-07
-2.976312276025681243e-07
1.107109765872296221e-07
-4.075519177709632994e-08
1.480714295812292842e-08
-5.296108903258077372e-09
1.873975790897986278e-09
-7.087030434656559215e-10
2.126795683719669837e-10
1.001385570194419428e+00
-1.385570194419250044e-03
-1.290023506352403895e-19
1.147122127399375841e-19
-9.726109485497959500e-20
7.857627646751573673e-20
-6.043268230364328763e-20
4.419478486210623924e-20
-3.068642938835301802e-20
2.019281833791935173e-20
-1.256395167460209782e-20
7.370348937394420534e-21
-4.061691851840900022e-21
2.092932930395372257e-21
-1.002214618770215442e-21
4.424651505902348642e-22
-1.791385349553807231e-22
6.965239839981455648e-23
-1.985284776263499028e-23
6.300000000000000044e-01
