2.454558593230974084e-01
-3.111241001169386903e-04
1.773438324337051706e-07
-9.851145533830773026e-11
5.335233842058871091e-14
-2.801391027733162841e-17
1.718504414130340226e-20
-3.409198478395756328e-21
7.424097256680655617e-22
1.614718417998126712e-22
1.690295619035656061e-01
-8.446027548104595439e-02
-2.013950750618157936e-03
5.361386231361847318e-03
-1.105688485449392994e-03
-5.073153255242123530e-05
7.377088172202268519e-05
-1.378389582660615982e-05
-1.052971592985577669e-06
1.005354274793697697e-06
-1.625914126926755811e-07
-2.050369941995998031e-08
1.346571145386980182e-08
-1.746422716380199087e-09
-3.750877614173559302e-10
1.752948227582501541e-10
-1.583628140270823703e-11
-6.541086868630503057e-12
2.196205873094780533e-12
4.786165922036769022e-02
-3.216912576764573151e-02
5.968484290873565280e-03
-7.612245684398784079e-04
6.201635840457776880e-05
5.382966310321821209e-07
-1.467982163077221404e-06
3.643815301315052821e-07
-6.147742255776959174e-08
7.791412106387618484e-09
-6.460461789863601591e-10
-6.610149828169392157e-12
1.611968743132388431e-11
-4.016941178218362983e-12
6.770041852693232378e-13
-8.484162303054421396e-14
6.703178100157694616e-15
2.291158389328466410e-16
-1.982147984024650791e-16
3.777566115559802176e-03
-6.748439375555314451e-03
4.874118203952131426e-03
-2.925562703661404793e-03
1.504703694467978596e-03
-6.830488402837136055e-04
2.811696755257477032e-04
-1.074872785843356904e-04
3.891435882640101334e-05
-1.352824183607874702e-05
4.546923881997525454e-06
-1.475890382367724927e-06
4.579029232471015396e-07
-1.325861527000741494e-07
3.390876516056630242e-08
-6.390415312757121544e-09
-1.887189318753807941e-10
1.317779102910195408e-09
-6.806824907838509258e-10
2.988994878474949524e-07
-5.527065602479962048e-07
4.354981729369216602e-07
-2.895148673200161705e-07
1.591139894289791126e-07
-6.946549298058719133e-08
2.201856304335561946e-08
-3.707649678215796166e-09
-5.259320959357178639e-10
4.700637624148505324e-10
-5.177172852337669150e-11
-4.185814805096621825e-11
1.179666552263506225e-11
4.112885654690165944e-12
-1.842331852423817055e-12
-5.232783369421231389e-13
2.789993027598964668e-13
7.054592503157497953e-14
-3.830605653190178401e-14
8.724023793398716364e-01
9.576986830197534856e-05
-5.115600746514957619e-08
2.958019458158655771e-11
-1.740295713888349164e-14
1.016062958286890741e-17
-6.534493679701348894e-21
7.828262620526670755e-22
-4.603670112603147705e-22
1.458304452876884892e-22
8.974366324350702140e-01
2.823988344632764186e-02
1.454361107560031346e-03
-1.586086043015571146e-03
2.970806209817819141e-04
1.298646299790809006e-05
-1.961410245918889818e-05
4.053100050088738738e-06
1.500877399181440828e-07
-2.748035766043570557e-07
5.740436629289979762e-08
2.605523835269296234e-09
-4.035075091328127327e-09
7.920123167623833737e-10
5.584850774664164611e-11
-5.988354831870993432e-11
1.038189670332555377e-11
1.351596182237641164e-12
-8.976881497382263432e-13
9.439316848381945624e-01
1.598429717478897644e-02
-1.923890332597339358e-03
1.777763585700274976e-04
-8.243116675249532028e-06
-1.205675376554911178e-06
4.435496620558488686e-07
-8.697369027643903147e-08
1.324951710154840381e-08
-1.634091466901414743e-09
1.472425381730256129e-10
-3.413556062442670079e-12
-2.372824538450235618e-12
7.167114275397088282e-13
-1.391439733870704295e-13
2.102551915835672885e-14
-2.437401450506914781e-15
1.573258192890858963e-16
1.297591768651096041e-17
9.809831329381842879e-01
1.432582926282661116e-02
-5.369301856341536679e-03
1.995095484979576578e-03
-7.313403277495219949e-04
2.629241962285907143e-04
-9.210568013662021416e-05
3.122475977250700491e-05
-1.016609950043605536e-05
3.148022217257522358e-06
-9.132222517974293550e-07
2.409706545505190683e-07
-5.368670241705916482e-08
7.414141036446859618e-09
1.485879603323463138e-09
-1.960987212094841568e-09
1.218830912663764287e-09
-6.986848507192742873e-10
2.612900275428789779e-10
9.956942263162703588e-01
4.301133764955545474e-03
4.634919075865467065e-06
4.994082458864215241e-09
5.769878754833354586e-12
-2.557979190772530680e-13
1.599114741808493255e-13
-8.775485832558113506e-14
4.266355724720165151e-14
-1.798978144295406554e-14
6.339076761802227132e-15
-1.724935032044873690e-15
2.809631951351977928e-16
2.146054094553464643e-17
-3.036111506054299579e-17
8.037780770787947266e-18
3.537766238839169020e-19
-8.303910399867446156e-19
1.840162347186963908e-19
1.056202411846253186e+00
-2.493762092907011221e-05
4.480019491484163858e-09
1.504060501468129710e-12
-2.740897663533846840e-15
2.446655855583064363e-18
-1.472772047795792807e-21
-4.600295958650219883e-22
1.051192369774323346e-22
5.304703413422957654e-23
1.047737957699218736e+00
-1.008990806104368559e-02
-1.160720028467256398e-03
4.877832436362508650e-04
-2.005852000179124007e-05
-1.650341762576026895e-05
2.483769754771321351e-06
6.165561679314998957e-07
-2.240286554217266596e-07
-8.928710612105709329e-09
1.743452084461191811e-08
-2.764730950263658980e-09
-6.535550299405104659e-10
3.313773655010746804e-10
-2.798560262019057373e-11
-1.597072742206234548e-11
5.381460162574847795e-12
-5.708215624162127770e-14
-3.229474909039544615e-13
1.028282540464318551e+00
-7.788013516298643475e-03
8.270678974246415587e-04
-4.953698215751468155e-05
-3.661952714460334921e-06
1.707776994271245107e-06
-3.151089939221301676e-07
3.896171419610427045e-08
-2.747414099004675273e-09
-1.589813086411142264e-10
9.775752961982576389e-11
-2.060473642164842093e-11
2.950019626192702123e-12
-2.745701202569327682e-13
1.787342741910204070e-15
5.946542789773645907e-15
-1.577197303919202147e-15
2.711765123901167419e-16
-3.265104555385001655e-17
1.009618442378558800e+00
-7.301505458579029585e-03
2.751920139206941261e-03
-1.024622272576449248e-03
3.742541712903235847e-04
-1.329456122955069214e-04
4.544938431006312747e-05
-1.475466262051247006e-05
4.459999516212829745e-06
-1.210391768797852608e-06
2.688582418442779314e-07
-3.131403543508881602e-08
-1.291560225590265108e-08
1.314014123837611730e-08
-7.579131118377149074e-09
3.650873965184559722e-09
-1.625516222588014150e-09
7.594623163373305606e-10
-2.585463301073257953e-10
1.002159860196402130e+00
-2.159860196137267877e-03
-4.876612765125098404e-13
3.944560364345088772e-13
-2.920111032235545668e-13
1.970155716781860159e-13
-1.204028840456034887e-13
6.605745085494769894e-14
-3.210250545423081123e-14
1.352904926856558517e-14
-4.763150376538916197e-15
1.294046580999888710e-15
-2.097749152613129185e-16
-1.662227241796629908e-17
2.290592369907089298e-17
-6.026369151756595362e-18
-2.805096254267449479e-19
6.271850343691409594e-19
-1.379377628508170658e-19
9.100000000000000311e-01
