8.038361062157881598e-01
-2.474466518359070763e-03
-1.177941738045597666e-06
9.365450151836026841e-09
-5.299100037492481794e-12
-3.530485044390800676e-14
6.783524129029245399e-17
6.030219631319329303e-20
7.623642205517877483e-21
-4.349484458203482699e-21
3.597167306211645488e-01
-4.135181055308085885e-01
8.427915652174353123e-02
3.004816398517688031e-02
-2.581615679533201188e-02
4.836530327136018270e-03
2.833440858872119262e-03
-2.005507016328228823e-03
1.990930643808701142e-04
3.496205074876830923e-04
-1.896911199665666256e-04
3.312092424975034090e-06
4.065984475880266182e-05
-1.815860423356812584e-05
-1.355437799034876981e-06
4.787142544116300629e-06
-1.832084322179297697e-06
-5.071877218475475418e-07
5.613579840729167101e-07
1.404022882622328779e-02
-1.755175783524269215e-02
6.717071987524641727e-03
-1.901518799048206336e-03
4.411368485450706473e-04
-8.933107280623559790e-05
1.640950930116836552e-05
-2.784488344033170918e-06
4.353887462345491276e-07
-6.079945057410723715e-08
6.839292401902458132e-09
-3.454672817447019921e-10
-1.169135013032457421e-10
5.506440192694249373e-11
-1.595024951620273218e-11
3.858293706828017929e-12
-8.388839255168994293e-13
1.736358566545538592e-13
-3.123052076202807693e-14
1.967736904943706057e-04
-3.760725158990761989e-04
3.283958334737642785e-04
-2.625885937670975156e-04
1.928867102672487933e-04
-1.307034059325626275e-04
8.209722533972578474e-05
-4.805577112769198091e-05
2.636274909326500709e-05
-1.363378617682566618e-05
6.686908503649739827e-06
-3.129326096488683433e-06
1.405784751981569104e-06
-6.098720446705154078e-07
2.570828694223222642e-07
-1.061510485234012829e-07
4.382207734026878681e-08
-1.995530151835274311e-08
6.800371023935300343e-09
-3.039732346427906067e-10
5.861053265704328065e-10
-5.249993495887628636e-10
4.364764735723555283e-10
-3.361939898609710440e-10
2.392519116572415764e-10
-1.566989419549528641e-10
9.394243679953019886e-11
-5.115968094985313597e-11
2.503112208552439873e-11
-1.082073776070254634e-11
4.020283715418421270e-12
-1.217745985987228874e-12
2.631695883943561628e-13
-1.882417794287378331e-14
-1.360872349952295781e-14
6.484787207081863801e-15
-7.839344268006275664e-16
-3.111962148174606427e-16
7.328515248245969227e-01
1.142769115959216047e-03
-9.843435612151853176e-07
-1.725732771769665373e-09
4.110364834403528775e-12
5.263447487303863170e-15
-2.483951712003943900e-17
-1.714462420322551236e-20
-3.326540966456597383e-21
4.424411099795731807e-21
8.686305138101010348e-01
1.155779441570087412e-01
-3.145167126796160478e-02
-2.486397160937765284e-03
7.340525782245886643e-03
-3.232826317479637040e-03
1.026117760727741164e-04
5.898899283357150660e-04
-2.703991296116511076e-04
-1.298706387033885399e-05
6.535629560001114593e-05
-2.475619650819998942e-05
-4.511855034685868089e-06
7.713955277161383959e-06
-2.240776526185170696e-06
-8.925387858693336408e-07
9.033973174839009343e-07
-5.923356949245956014e-08
-1.506273549453156390e-07
9.680141299753868278e-01
1.088598760418725206e-02
-1.883958345793548339e-03
3.369617686900351150e-04
-6.312935780048247771e-05
1.238630874240212217e-05
-2.504026853600708119e-06
5.093561961228194280e-07
-1.020294366808565709e-07
1.980268139046253117e-08
-3.676561024165518573e-09
6.438467228281992463e-10
-1.039835021686098640e-10
1.475684721635293911e-11
-1.589292239133441255e-12
2.988025831008413086e-14
5.164283312756475570e-14
-2.258657356332158391e-14
6.042207120044234338e-15
9.898021824182534623e-01
7.750740955109085457e-03
-2.945458216911132476e-03
1.119365355942229020e-03
-4.254127769532334248e-04
1.616920410781829927e-04
-6.146702005951169552e-05
2.337400475791880412e-05
-8.893303816430083857e-06
3.386801522553063527e-06
-1.291648462735560323e-06
4.936826125681941046e-07
-1.892874679231413121e-07
7.289617935782085687e-08
-2.824659428622242294e-08
1.105911844274764816e-08
-4.456022908874434683e-09
2.034009873760668429e-09
-6.991007011625825100e-10
9.977079742509294968e-01
2.290711450186078916e-03
1.313545235978465865e-06
7.532162496281434933e-10
4.319108609934617841e-13
2.478370563389257631e-16
4.684107253442787944e-21
1.069398848909011993e-19
-7.987163401081720873e-20
5.725771488266025479e-20
-3.935502725611773353e-20
2.587910871778907184e-20
-1.627707554120010920e-20
9.756376108815867612e-21
-5.587363190594352434e-21
3.047290667311668519e-21
-1.622428497267485041e-21
8.942145457185325150e-22
-3.306271636727584053e-22
1.002812780543721471e+00
3.535991891688263964e-04
-4.923869546443921126e-07
-6.842680875798937214e-10
2.412463690892655948e-12
1.649767105939636593e-15
-1.456401745891531094e-17
3.904494288624467661e-21
-3.361386010120578875e-21
3.343137459332838038e-21
1.022647379299254533e+00
8.535365652066962544e-03
-1.171455396379057594e-02
2.587774107996293049e-03
1.839591571205346273e-03
-1.542024814506552394e-03
3.094953821485001448e-04
2.004803060734802321e-04
-1.535423120439520397e-04
1.957703214353039017e-05
2.688528618197385460e-05
-1.590785640807545288e-05
4.505438703432628738e-07
3.572776858967784725e-06
-1.632956255113372289e-06
-1.628659542493496013e-07
4.459267870383394789e-07
-9.140242204534164290e-08
-4.917742802469200470e-08
1.016187733288958395e+00
-5.489113419862789826e-03
9.057134172854367209e-04
-1.401754848806259176e-04
1.883479908549546221e-05
-1.718946765783070195e-06
-8.796388739565784432e-08
1.016214897000496171e-07
-3.516038504646340882e-08
9.346166208687042341e-09
-2.166036783509615903e-09
4.559706256716221338e-10
-8.842193204583243044e-11
1.577656254510661016e-11
-2.543507006800880500e-12
3.511499331434030773e-13
-3.409688671712329561e-14
-1.313653485439429959e-15
1.596841566540395717e-15
1.005134707378240178e+00
-3.922534221623518239e-03
1.498241833391540873e-03
-5.722488287203988640e-04
2.185558003276812404e-04
-8.346195973189144497e-05
3.186522753650539852e-05
-1.216093514150565940e-05
4.637728814939031099e-06
-1.766537466611647899e-06
6.715907049937607654e-07
-2.545635845332834224e-07
9.606468863919005414e-08
-3.602033764614439226e-08
1.338541583771351889e-08
-4.917319494981192040e-09
1.795735357197084075e-09
-7.058629421985125271e-10
2.176216888354144062e-10
1.001148161166344419e+00
-1.148161166344419549e-03
-1.464293598423622542e-19
1.331826428648183125e-19
-1.165849871508789709e-19
9.818772749115785977e-20
-7.952165450702278290e-20
6.189659763543335998e-20
-4.626795918261312908e-20
3.318460653028838111e-20
-2.281223586239939671e-20
1.501124258490209531e-20
-9.441339513550551389e-21
5.666633674965853606e-21
-3.242177791915840735e-21
1.772645170543967642e-21
-9.425196627197624635e-22
5.230341816002040860e-22
-1.918511532328415447e-22
2.199999999999999734e-01
