7.608579195565430275e-01
-2.911703195464011591e-03
4.458254658635640950e-07
1.080208104679879936e-08
-2.195899229552433980e-11
-1.354829261182489188e-14
1.469515455642586662e-16
-2.303798348110339302e-19
-2.919479172866079199e-20
3.517087694144425270e-20
3.323265815079062269e-01
-3.850033035868609121e-01
8.817762060840472760e-02
2.051899000863351835e-02
-2.333957031056365164e-02
6.715559440349266017e-03
1.145236021779970619e-03
-1.678546882885392777e-03
4.872523719322610614e-04
1.253729294935941585e-04
-1.566867857726448785e-04
4.502752557147136127e-05
1.242338434958481379e-05
-1.532279589342189726e-05
4.430033865892131803e-06
1.256788731074483494e-06
-1.484396813071815805e-06
2.458531205445530181e-07
1.498118240582605823e-07
1.402973932217737446e-02
-1.695398163527003094e-02
6.220794637576650306e-03
-1.691375244827549897e-03
3.787991520141969961e-04
-7.452360826022127538e-05
1.338437249202298580e-05
-2.233665621076167333e-06
3.457034244390985561e-07
-4.830397436312222239e-08
5.610176197582606211e-09
-3.733029976073326892e-10
-5.641540396113861578e-11
3.275746377604147109e-11
-9.765479295746401522e-12
2.368582378675916475e-12
-5.126551123773210619e-13
1.054961589151590153e-13
-1.890933548291386103e-14
2.335714599415840225e-04
-4.450174507401575717e-04
3.850680571746357061e-04
-3.034176797894764990e-04
2.185726363040012363e-04
-1.446716026458141359e-04
8.849209524942769508e-05
-5.033665008820612690e-05
2.680263621384586299e-05
-1.345000332628388941e-05
6.404538336859541493e-06
-2.913681632653997969e-06
1.274984122118018023e-06
-5.401534433821768438e-07
2.229930907964198692e-07
-9.043727007664894229e-08
3.676550293764943842e-08
-1.652004348212301958e-08
5.590207997533550958e-09
-2.746258282755289585e-10
5.282631100518488105e-10
-4.697964129622151518e-10
3.858371320000518613e-10
-2.919951371906662722e-10
2.029417488914785766e-10
-1.289137777765351094e-10
7.433327294525130561e-11
-3.852360715322675689e-11
1.767987946628476982e-11
-7.015207711250940559e-12
2.303907866719326734e-12
-5.667925777156390233e-13
7.019269331534090199e-14
1.691336444340708469e-14
-1.198153327736984768e-14
2.533430234925164500e-15
4.023586260659017509e-16
-3.478878381255551249e-16
7.335206214254366142e-01
1.242862749811257748e-03
-1.672144736099899401e-06
-8.410390307583842534e-10
7.433253127679197861e-12
-5.711810863659945276e-15
-3.426512003168539080e-17
9.749260731949665040e-20
4.839391264250739002e-21
-3.251418406229548365e-21
8.664523474356029542e-01
1.117753029615112664e-01
-3.029219559357324010e-02
-1.116710524128695231e-03
6.219525141279437855e-03
-3.182104800145388150e-03
4.785201456632285147e-04
3.642799572031343142e-04
-2.629641438963739000e-04
4.838357742979985124e-05
3.200835148877184715e-05
-2.492225941925564861e-05
4.577997403539866661e-06
3.338606855778667736e-06
-2.562554145578226864e-06
4.584166522965617755e-07
3.240784619844588052e-07
-2.169964253005387241e-07
3.927814893857059044e-08
9.648787476038447330e-01
1.190513676102768724e-02
-2.040282854202012976e-03
3.569813995464757414e-04
-6.425498549462425890e-05
1.189625207781334776e-05
-2.244159084117344833e-06
4.249812672162394924e-07
-7.955818354280979362e-08
1.452394767481334934e-08
-2.552633111302379851e-09
4.252616031839811127e-10
-6.548581782770311326e-11
8.832205845340055818e-12
-8.814447530062532811e-13
1.471791282391139922e-15
3.263369408699750509e-14
-1.315550540536389986e-14
3.395829427348083046e-15
9.887844929555876794e-01
8.519864976834471207e-03
-3.236087182980765860e-03
1.229184164635529521e-03
-4.669096435635359567e-04
1.773725432821226535e-04
-6.739230953353540776e-05
2.561293606525022611e-05
-9.739120318146209608e-06
3.706122889432076053e-06
-1.412015880696911390e-06
5.389100405835430590e-07
-2.061792735190587399e-07
7.913803894701421083e-08
-3.051143287116121655e-08
1.185601790242060626e-08
-4.722893679993092078e-09
2.120927594597079677e-09
-7.211140429236546862e-10
9.974779515184677425e-01
2.520457338126933823e-03
1.590139563629879190e-06
1.003208343957395978e-09
6.329172597960333428e-13
3.994110312192311485e-16
1.659577765744606326e-19
6.587334628056474307e-20
-4.810923239437849175e-20
3.368505421193095641e-20
-2.251590230112555438e-20
1.434413633605757732e-20
-8.697360293931467982e-21
5.007127303144260291e-21
-2.731650031999324939e-21
1.410327304546747612e-21
-6.965318171505175986e-22
3.546292778837642904e-22
-1.240119388020646231e-22
1.023129138251877901e+00
3.025323334750350170e-04
-6.789752903592520011e-07
-2.392589509213117864e-10
3.904860523013364487e-12
-5.068639728474964149e-15
-1.552853632897130739e-17
6.755553998003814264e-20
5.661949074036520198e-21
-3.903866663517354741e-21
1.031911225876806615e+00
-1.195155091324990367e-03
-8.864899473352319884e-03
3.129855965279523377e-03
8.775239418164723117e-04
-1.224348804263361091e-03
4.195089044195370064e-04
6.203212599060498468e-05
-1.190726355245273326e-04
4.175645962000833097e-05
6.713479823122922632e-06
-1.229152529376493526e-05
4.181023873257734299e-06
8.205027394682026544e-07
-1.326478239146569808e-06
4.399669752545451799e-07
7.785926828677580439e-08
-1.265803446465568350e-07
4.189518997932229782e-08
1.017813110247175468e+00
-6.042773578421797853e-03
9.998991809531364294e-04
-1.566917159866942574e-04
2.203244207025946281e-05
-2.440062615001773855e-06
9.506902589454201993e-08
5.362453732824121517e-08
-2.294695376117075447e-08
6.412291806560595410e-09
-1.506592297877208436e-09
3.177590329069932601e-10
-6.156374572142332438e-11
1.100638730928889373e-11
-1.796490580338972924e-12
2.583416369211789769e-13
-2.923116215276423752e-14
1.022771126306981047e-15
5.944438298121824267e-16
1.005649966249275273e+00
-4.316137637549707744e-03
1.648567398853377931e-03
-6.296532224975521586e-04
2.404704154441790378e-04
-9.182355571099426168e-05
3.505257184442060053e-05
-1.337396461688913615e-05
5.098208480452211417e-06
-1.940680192348902234e-06
7.370987553989938503e-07
-2.790346355450189126e-07
1.051283830458438713e-07
-3.934572766992508403e-08
1.459470937160503131e-08
-5.355289762036193780e-09
1.957005169588265306e-09
-7.727417204246771854e-10
2.394075174665490829e-10
1.001263380146597992e+00
-1.263380146597917978e-03
-1.319554587064616270e-19
1.192528855305927478e-19
-1.034527837626553960e-19
8.611085329984512733e-20
-6.873296613187473221e-20
5.257081356412187661e-20
-3.849471812000779048e-20
2.695573088006630418e-20
-1.802636899519858280e-20
1.149377973636457141e-20
-6.973624931663982220e-21
4.016864173039025221e-21
-2.191424030126001818e-21
1.132045554265978633e-21
-5.608027429726443585e-22
2.860615929684490207e-22
-9.971721318284597478e-23
4.150000000000000355e-01
