3.238022642522198069e-01
-6.611177643435944048e-04
5.961589822717011429e-07
-5.080130048114879505e-10
4.052520016069096723e-13
-2.824758066078878247e-16
-4.900298942806170490e-18
-2.430193076969599106e-18
2.287738498551347321e-18
3.389968652184745926e-20
1.964586274875715355e-01
-1.318371764135705670e-01
6.769451832283105396e-03
8.648296325403462617e-03
-3.208135988946008831e-03
3.033475446367692586e-04
1.598747062072417003e-04
-7.205246902999201729e-05
8.998521197972658131e-06
2.969523901455316096e-06
-1.566432421923147883e-06
2.195942057524587309e-07
5.962569750292445591e-08
-3.390408833522036820e-08
4.745513236881975399e-09
1.371934174893605263e-09
-7.510417233376065984e-10
7.202292787462038058e-11
3.860694585358312914e-11
3.876022910667437094e-02
-3.035733577671633973e-02
6.820701750001669471e-03
-1.130129670060035785e-03
1.492398233425705934e-04
-1.489132984142890464e-05
6.281196400054687161e-07
1.838631511981957853e-07
-6.819965649024006279e-08
1.503370054359361237e-08
-2.624368971658241807e-09
3.793685681145044972e-10
-4.341619471896924922e-11
2.963600377986035000e-12
2.419955366692103956e-13
-1.451343439110207651e-13
3.585112361161404532e-14
-6.819369908766634345e-15
1.024458798170929262e-15
2.365953939867925307e-03
-4.303330867393139261e-03
3.262222950136578741e-03
-2.099407787305045993e-03
1.173021682528613925e-03
-5.823655837797676350e-04
2.627114389810635757e-04
-1.099589947761211843e-04
4.351324299938939057e-05
-1.654157999163231697e-05
6.115335092336317346e-06
-2.216356645388469884e-06
7.904894584606788521e-07
-2.774869765443370621e-07
9.558605681881488941e-08
-3.213315228691160837e-08
1.049978219203094672e-08
-3.524813819047094974e-09
9.551730828329564830e-10
4.622625489678645295e-08
-8.625025722791303507e-08
6.987977709774863388e-08
-4.882909050110904812e-08
2.903227587884880159e-08
-1.433328705037181906e-08
5.605349725737728267e-09
-1.553351366208370045e-09
1.900908395882453948e-10
6.208409531663602635e-11
-3.411340820512987236e-11
1.908601319236389389e-12
3.264512141729557652e-12
-7.348066596063048886e-13
-3.087114942255610564e-13
1.226812934048034828e-13
3.580135753695256847e-14
-1.577905218157038569e-14
-5.279124983212523597e-15
8.522605905128523007e-01
1.979070413450837297e-04
-1.824950292101577879e-07
1.742121311961294420e-10
-1.623654036497055080e-13
1.432458199344595366e-16
-6.907689837544519036e-19
3.976800950419521830e-19
-3.062174229109491455e-19
2.038909828600546223e-19
8.918920141929684853e-01
4.184079556976279257e-02
-9.765759069409083674e-04
-2.462376737185931284e-03
8.805108404123409942e-04
-1.016919058624196886e-04
-3.729301702549025382e-05
2.090822874288963729e-05
-3.805733613101943065e-06
-5.171425829333947123e-07
4.897115074390110055e-07
-1.128668624552772873e-07
-5.765235263912495038e-09
1.131797732706526383e-08
-2.994781581587797876e-09
-4.252899924554033631e-11
2.621728235345948541e-10
-6.651204986163619911e-11
-1.296761604067563257e-12
9.493641983841842880e-01
1.574411332720269258e-02
-2.248327627206074888e-03
2.860297873663897881e-04
-3.095517708311150477e-05
2.465681654321126818e-06
-2.327798807220584425e-08
-4.703360726352954563e-08
1.387831429627125131e-08
-2.912421457605062783e-09
5.190012671322805577e-10
-8.157389236634529774e-11
1.119453198372311745e-11
-1.252977114799822543e-12
8.382485499280303225e-14
7.998290187208311989e-15
-4.692228439993274575e-15
1.253867463505810536e-15
-2.411729830192272495e-16
9.833414419608306201e-01
1.260358497010879118e-02
-4.760578465029175442e-03
1.793123464550325490e-03
-6.722539276926414991e-04
2.502462710838790610e-04
-9.222921452131618467e-05
3.355190059673837026e-05
-1.201253964027459239e-05
4.221476883507103639e-06
-1.452736620613065869e-06
4.884883502742260155e-07
-1.601102362509474650e-07
5.098229931447751092e-08
-1.568147975113519272e-08
4.608548822349596490e-09
-1.264983128976197929e-09
3.185016610335323328e-10
-6.183259541856948123e-11
9.962404717033757073e-01
3.755991455941102338e-03
3.533513344463791032e-06
3.324204483773863747e-09
3.134032314232344654e-12
-1.829150683162214047e-15
3.117639143463247352e-15
-1.860067253540530383e-15
1.008200708158235760e-15
-4.905202516695999328e-16
2.106262591290234972e-16
-7.761844612562277935e-17
2.326826883534350319e-17
-4.953370000168084548e-18
3.353998409315537633e-19
2.566757321859846802e-19
-1.178181058409234682e-19
1.260438793913278650e-20
5.906510626311216125e-21
1.059044427867004590e+00
-3.180964669825027549e-05
-5.310834756081814658e-09
2.868241564771671170e-11
-4.280210168061267194e-14
4.896333923213155957e-17
-7.380488835575107763e-20
1.241837963514217612e-19
-7.470836465363512205e-20
8.819751829550527029e-21
1.047973987469645207e+00
-1.302931255105572832e-02
-1.193515348687573851e-03
7.933475999769649392e-04
-5.475701455018109210e-05
-4.330559437285481418e-05
1.113387211280186649e-05
1.849199406731585934e-06
-1.563757720837093978e-06
2.350503717272689202e-07
8.965439937802562433e-08
-4.976999241467434871e-08
6.300777895585308930e-09
2.814045276095683398e-09
-1.435042036722632687e-09
1.720904298257663721e-10
7.777792491166090994e-11
-3.592919360404235286e-11
3.939490571587365144e-12
1.025589313812730552e+00
-7.758821178577496487e-03
1.007060279484029612e-03
-9.989662569654514704e-05
4.474507791463710824e-06
9.839960527429170294e-07
-3.529713272809615827e-07
7.072194811124172326e-08
-1.072462669885988227e-08
1.224775924090846334e-09
-7.448872660056398315e-11
-1.002697249605248113e-11
4.771366326950409887e-12
-1.108864718166374480e-12
1.950756805791619190e-13
-2.731882869452409684e-14
2.771889305557820004e-15
-6.252836764232892275e-17
-5.093252431106703699e-17
1.008417889862833761e+00
-6.416380554048731547e-03
2.439025589780729943e-03
-9.227372422135983248e-04
3.463429214537388037e-04
-1.284355828382925885e-04
4.681601778194883313e-05
-1.667446604328978176e-05
5.763250961555375614e-06
-1.916739878321103656e-06
6.061772540746326922e-07
-1.787359229967610570e-07
4.717721282624840078e-08
-9.943886849335850798e-09
8.153691989937487448e-10
7.652935290081259277e-10
-6.948998129439481360e-10
4.686336141022754999e-10
-1.867811149069159997e-10
1.001885079450050675e+00
-1.885079450045518221e-03
-9.501296885288128052e-15
7.887862764556253752e-15
-6.063190845584358641e-15
4.303320868518601777e-15
-2.809023847249231901e-15
1.677135885121441611e-15
-9.088386825562233327e-16
4.420438872629755200e-16
-1.897321663014449309e-16
6.987616841193778882e-17
-2.092614757087170036e-17
4.444698513398305478e-18
-2.959589406996053117e-19
-2.326313694178940985e-19
1.061476604941358013e-19
-1.124989146188633322e-20
-5.377709791779964900e-21
8.800000000000000044e-01
