6.913979956844281682e-01
-3.101181063706304284e-03
2.890582373864875080e-06
5.833033823148720621e-09
-2.996099553786188093e-11
5.191509066035164732e-14
2.211836764795751936e-17
-3.200731124459294265e-19
-2.087116539436149552e-20
-1.158045244731237477e-20
3.015066522877873911e-01
-3.427090736526554604e-01
8.167390450126091328e-02
1.331846677674778170e-02
-1.890605710979917364e-02
6.717360978317666806e-03
-7.867286558355846449e-05
-1.045111461941822728e-03
4.710483854805105289e-04
-2.428702858800878086e-05
-7.551173226724604206e-05
3.944946871600352477e-05
-4.010294785441203785e-06
-5.755048181852564211e-06
3.538501033332994403e-06
-5.857926562401756688e-07
-3.780744034200506073e-07
2.733554439201593072e-07
-6.499730071849875406e-08
1.533388661432619031e-02
-1.755989995461477299e-02
6.040717415595503459e-03
-1.544743110608473016e-03
3.277648635411057297e-04
-6.156535291402196461e-05
1.061552437215142593e-05
-1.703617355788224341e-06
2.526728791358516571e-07
-3.344570667335435319e-08
3.550902713262065831e-09
-1.639440304536438307e-10
-5.659462627547850239e-11
2.482457605025431742e-11
-6.776761133938955701e-12
1.548615046827175377e-12
-3.184570610878200914e-13
6.223913422199353643e-14
-1.065624633913019824e-14
3.242796231246231520e-04
-6.147417411715846384e-04
5.241402026193014161e-04
-4.033889570588966729e-04
2.817152781541858099e-04
-1.797039840407241469e-04
1.054801566403358202e-04
-5.742088195818354380e-05
2.922680484971588722e-05
-1.402409184586745753e-05
6.395876241971703212e-06
-2.794689691787307050e-06
1.178978630219242454e-06
-4.836576205795192168e-07
1.942494810095564960e-07
-7.698267756470504864e-08
3.069389562120962218e-08
-1.356152746377834087e-08
4.547978333916844595e-09
-2.538709926738348999e-10
4.865142858671064175e-10
-4.277816341339641182e-10
3.445946448125505419e-10
-2.535648316317464279e-10
1.696729426529736090e-10
-1.025660764513033809e-10
5.546637448375080047e-11
-2.644035422709486210e-11
1.084702662086118095e-11
-3.666022414780106741e-12
9.240893545855982900e-13
-1.174415052028419910e-13
-2.742268474767384725e-14
1.946084955177507268e-14
-3.798941789772128684e-15
-7.131859623968398663e-16
5.248464870904259623e-16
-6.163744055975418381e-17
7.473988032293751305e-01
1.203098124663587497e-03
-2.244368815587610594e-06
1.594460044475044079e-09
5.396014403781679386e-12
-2.004177750723664795e-14
1.745288967071189604e-17
8.598717500794398592e-20
-1.692783923475172842e-20
8.445330809469523545e-21
8.687865397602679840e-01
1.024957638945414723e-01
-2.619083321474391726e-02
-7.491074846481749405e-04
4.926169003926260566e-03
-2.644754190254284577e-03
5.688006253224311536e-04
1.675170011453205757e-04
-1.843344493062395670e-04
5.994405056503408058e-05
5.036351848214713108e-06
-1.367887743050519935e-05
5.552636960813125609e-06
2.823047290206311305e-08
-1.122292268083211400e-06
5.445391188085282665e-07
-4.537314646908935976e-08
-9.962428301314006195e-08
5.307542562042944916e-08
9.625001769785102024e-01
1.266820713878616562e-02
-2.152668649475340638e-03
3.694782134574674292e-04
-6.418496094142209099e-05
1.126190625151454078e-05
-1.983258164257653019e-06
3.473664864083115749e-07
-5.988415462139259304e-08
1.004331947322387598e-08
-1.614538259775404740e-09
2.431335421558565511e-10
-3.278308591285745943e-11
3.495978715318203819e-12
-1.286537678693811588e-13
-7.598875443553207174e-14
3.241650398040662679e-14
-9.653220916816808328e-15
2.195164650897072021e-15
9.880091836170324937e-01
9.105274394365396248e-03
-3.457094115461474982e-03
1.312619097969874296e-03
-4.984081012108811364e-04
1.892637205660928845e-04
-7.188102049280169496e-05
2.730680452069721940e-05
-1.037777003638049749e-05
3.946442381949827517e-06
-1.502084528448562154e-06
5.724151513654632964e-07
-2.184808221448991459e-07
8.355576540784022817e-08
-3.203972321472950472e-08
1.235044146519314297e-08
-4.861778781985949065e-09
2.146864643037147225e-09
-7.217474560182911287e-10
9.973025536895748777e-01
2.695626097936415499e-03
1.818984225716134302e-06
1.227434181671206529e-09
8.282614708879577355e-13
5.589572577823051317e-16
3.352041512818435734e-19
3.145070961748639277e-20
-2.207529772548842264e-20
1.487501291335702740e-20
-9.495082345134958697e-21
5.753750258931275438e-21
-3.277394310758723663e-21
1.770510348851984812e-21
-8.835591635724106066e-22
4.223663536474387487e-22
-1.780533159582116130e-22
8.147364699547276782e-23
-2.329871847159859589e-23
1.041345958726350718e+00
2.046202245773260579e-04
-7.453750486695033163e-07
7.542000610688776173e-10
2.488902712831452218e-12
-1.166489982947938722e-14
1.665666065154829360e-17
4.032557214837749361e-20
3.729100484558923120e-21
-6.821570109751154724e-21
1.039262769551585697e+00
-9.592712154265731900e-03
-5.573308049333295169e-03
2.947879836352344188e-03
1.548340351078705108e-04
-7.724918624298823247e-04
3.611395738009417784e-04
-2.119583167133237044e-05
-6.281734839651293833e-05
3.496386085388762205e-05
-4.345150141669612371e-06
-4.929815138468453550e-06
3.242240924961955271e-06
-5.511556457867925445e-07
-4.029887246327035561e-07
3.135372073835786784e-07
-7.137577430121710946e-08
-4.020037994459345537e-08
3.005839031655490217e-08
1.019039297630536689e+00
-6.442192144836011471e-03
1.060008655928493899e-03
-1.648864212923498759e-04
2.315442777443622020e-05
-2.658895261817004075e-06
1.619795070875149514e-07
3.130400579229678339e-08
-1.617848163189169938e-08
4.583560888214292290e-09
-1.059931282863166363e-09
2.176997960657099809e-10
-4.083701179405654424e-11
7.034649504867487197e-12
-1.099415440319276861e-12
1.495329451940917800e-13
-1.537910027986804025e-14
1.631918074143311751e-16
4.143638642602715080e-16
1.006043569242492497e+00
-4.616756252733373797e-03
1.763333885283407954e-03
-6.734401929275894618e-04
2.571560704521399197e-04
-9.816742316877035345e-05
3.745490208408927541e-05
-1.427768193991722183e-05
5.434623370672435202e-06
-2.063930855774072557e-06
7.812019232147343084e-07
-2.942829174275395150e-07
1.101394198107614900e-07
-4.086758318143720535e-08
1.499694150251586464e-08
-5.431264506150617980e-09
1.953070188424943451e-09
-7.554032975575447360e-10
2.306116377598424243e-10
1.001351405213427803e+00
-1.351405213427700177e-03
-1.303159545332389684e-19
1.165814016436011998e-19
-9.969442624464052339e-20
8.144596761531982573e-20
-6.351676288876688353e-20
4.723853846200293528e-20
-3.346223063475941013e-20
2.254219618089031025e-20
-1.441444098119398732e-20
8.728598964050836234e-21
-4.990845021817165778e-21
2.684714909134175024e-21
-1.352478349413446394e-21
6.349932659627734378e-22
-2.785231946128179828e-22
1.213130298564255448e-22
-3.791178689585875052e-23
5.700000000000000622e-01
