6.279096510998607439e-01
-2.885378351073367501e-03
3.893483003213670349e-06
-2.932813129641387569e-11
-1.734191301707706386e-11
5.459301259970073568e-14
-8.698046525688624332e-17
2.256889960825886372e-19
3.594650751381804269e-20
-6.166838507978891138e-20
2.801738336433846621e-01
-3.064815508271687694e-01
7.004584777977003462e-02
1.120116737307537066e-02
-1.552210469738866949e-02
5.639970199528808632e-03
-3.255318785731915721e-04
-6.828263421365576760e-04
3.483706915228565286e-04
-4.541228533639817737e-05
-3.653915580922467720e-05
2.391236221422697635e-05
-4.550514362854285345e-06
-2.098668272863944400e-06
1.786638106180155148e-06
-4.713998120026594242e-07
-8.585038090229223174e-08
1.260404786045014700e-07
-4.401852381940786975e-08
1.739663953453766954e-02
-1.893930156752407848e-02
6.145492149765787240e-03
-1.487393933814071256e-03
3.004851725005774823e-04
-5.399741154231796309e-05
8.914225329477844326e-06
-1.361808085800250078e-06
1.891480102907247930e-07
-2.248978064834718257e-08
1.830588140810746157e-09
6.934675861433497020e-11
-7.958798799316378692e-11
2.477540518769289767e-11
-5.926811767493855838e-12
1.240290733176037325e-12
-2.365621616972674516e-13
4.272321040038354043e-14
-6.774492376637667082e-15
4.474388898060304332e-04
-8.440550501607746448e-04
7.094043221198697994e-04
-5.337210903110591086e-04
3.618902044484431668e-04
-2.229792220571303273e-04
1.259864780567358225e-04
-6.590054737053855965e-05
3.222225290705405443e-05
-1.486979663424633136e-05
6.537654951040737897e-06
-2.763215967610590130e-06
1.132168660478020042e-06
-4.530684058648885119e-07
1.782595240438363670e-07
-6.946195686537200739e-08
2.730266539470450776e-08
-1.190862328216701334e-08
3.965005604760270140e-09
-2.308627453879954441e-10
4.408468177235191647e-10
-3.834495752342502841e-10
3.032086507058206168e-10
-2.171548795040879236e-10
1.400415792623510868e-10
-8.060706558324322642e-11
4.085687652762272547e-11
-1.784556913570697633e-11
6.463515293695904304e-12
-1.787194574435585140e-12
2.866211767223740772e-13
2.857935903534156020e-14
-3.375069024244821102e-14
8.080347575737493525e-15
9.172680801068466382e-16
-1.057913688807865702e-15
1.111269246748938349e-16
8.923230297684062097e-17
7.652384597431408642e-01
1.043952253945689898e-03
-2.151904077601526759e-06
2.850238880691487679e-09
1.893817814830149107e-13
-1.287177862377471653e-14
3.571400483711221495e-17
-1.972542755610108769e-20
-3.079137005053186899e-20
1.441755035867887501e-20
8.728562353833440035e-01
9.267880682596134345e-02
-2.147827094853927213e-02
-1.238946369990927320e-03
4.091855442984399308e-03
-2.068398250476115915e-03
4.462868025502135711e-04
1.042830905666811798e-04
-1.253825924854857761e-04
4.451390167723394121e-05
-6.039009716447981960e-07
-7.231849980769812748e-06
3.512977458522307030e-06
-3.843076280303921276e-07
-4.465712733614235786e-07
2.834448737484752083e-07
-5.450144287642055161e-08
-3.393659047264317002e-08
2.340021269055521643e-08
9.610746188384481359e-01
1.310928152928818313e-02
-2.210364431731999795e-03
3.731961733662004198e-04
-6.300939470150430173e-05
1.060384540481535304e-05
-1.769645145543686241e-06
2.908086185674310350e-07
-4.660413840940831529e-08
7.180053309452733890e-09
-1.038221831584924213e-09
1.341909621255402228e-10
-1.349839958787919696e-11
3.440587130505148137e-13
3.302417116685568561e-13
-1.297232200589706494e-13
3.528073260248824677e-14
-8.569273172853002170e-15
1.736083214785995066e-15
9.875398676451424551e-01
9.459382192280435184e-03
-3.590665635859801273e-03
1.362989261516340265e-03
-5.173925719499012678e-04
1.964114159300909472e-04
-7.456678054802227105e-05
2.831232685184907605e-05
-1.075184789845786199e-05
4.084130204524472930e-06
-1.551885220916815843e-06
5.899248333047825051e-07
-2.243568696035355685e-07
8.537282044745882777e-08
-3.251392194804304944e-08
1.241989323115805609e-08
-4.829679602117892241e-09
2.098389441472265495e-09
-6.979689999429505026e-10
9.971963076913578083e-01
2.801725787668696028e-03
1.965141647795700235e-06
1.378358193713447021e-09
9.667859163083951027e-13
6.781244239274898135e-16
4.627555644026091312e-19
9.649481262921532879e-21
-6.387214197196782778e-21
4.142971441719901449e-21
-2.520911656678287480e-21
1.449391339041815571e-21
-7.726928848285030965e-22
3.915237195356503291e-22
-1.787256879444668713e-22
7.788341235797706277e-23
-2.848760475602202980e-23
1.215407208927470407e-23
-1.524817357230838832e-24
1.050281409325074078e+00
1.222170252347107094e-04
-6.152492668997811212e-07
1.142452441382397921e-09
-7.258290700549278687e-14
-6.519804895854746435e-15
2.203957444809628230e-17
-4.268692691677873479e-20
3.298258666660387648e-21
1.950815126651730083e-21
1.042578988083975311e+00
-1.334630989870338492e-02
-3.676724011563413559e-03
2.501456568113680657e-03
-7.902657309440903129e-05
-5.030993660810932980e-04
2.608035120372168155e-04
-2.949996641603205573e-05
-3.531281034769294288e-05
2.273338383073977560e-05
-4.451391746218487681e-06
-2.042775107345531173e-06
1.785362425964521131e-06
-4.669251595273451121e-07
-1.118197189546507737e-07
1.418991869097746417e-07
-4.650974346478699431e-08
-9.829153913153785693e-09
1.149170085440450287e-08
1.019762384843515557e+00
-6.654487411718002302e-03
1.082202665381681818e-03
-1.648206427291823873e-04
2.240345497745113942e-05
-2.444467409097087230e-06
1.275431703372102490e-07
3.268753733100646923e-08
-1.486568427194943774e-08
3.971655224819478214e-09
-8.733062373492122084e-10
1.704419821039612503e-10
-3.021001127391153287e-11
4.857724823432554115e-12
-6.904130193255579746e-13
7.961028461665246905e-14
-4.835586245172834727e-15
-1.099357862299547654e-15
4.932514543738191863e-16
1.006282138977109719e+00
-4.798866133184212512e-03
1.832770072664513571e-03
-6.998604809901042565e-04
2.671686685829068389e-04
-1.019342706160506764e-04
3.885417710902744690e-05
-1.478660492539564569e-05
5.613435307389281706e-06
-2.123260294567502152e-06
7.989799136376821638e-07
-2.985568757114679589e-07
1.105434088323300008e-07
-4.045329477225771850e-08
1.458867401170096553e-08
-5.169624456021924028e-09
1.807008010785698719e-09
-6.715218087243489130e-10
1.987590267472138191e-10
1.001404777923605049e+00
-1.404777923604872119e-03
-1.223765847908763764e-19
1.084185132895527106e-19
-9.144429528294117605e-20
7.337262631303782386e-20
-5.595013216170370319e-20
4.049443477147150168e-20
-2.777182887515146165e-20
1.801091059908363605e-20
-1.101717812884826881e-20
6.335752255786822702e-21
-3.411284462527230837e-21
1.710327566298316449e-21
-7.927037144194691160e-22
3.362246353244261884e-22
-1.290929419399584650e-22
4.633989722508917272e-23
-1.227334800588064192e-23
6.599999999999999201e-01
