1.006655901447831986e-01
-2.725639561831255222e-05
3.166731194446683514e-09
-3.634219021762780286e-13
4.181912748352201230e-17
2.559353943688553795e-20
-8.476268787458773080e-21
-2.866108321725068456e-20
8.826450093078127820e-21
-5.107912669624204137e-22
8.979604185636021196e-02
-1.351990016777784853e-02
-2.339108608806391050e-03
3.576619836798667317e-04
1.288806829148003958e-05
-6.162639970811155195e-06
2.012357739202845815e-07
7.920261991234299140e-08
-8.087836090532211537e-09
-6.683947676721260435e-10
1.640082651564938455e-10
-4.571633294966045430e-13
-2.429819091888467919e-12
1.615295544186289301e-13
2.614189595389637076e-14
-4.074791113095667578e-15
-1.347815620857404515e-16
6.806110213770435276e-17
-2.077481839487834868e-18
5.536488313388881338e-02
-1.818311740122650552e-02
8.755132061574193332e-04
9.846518728638743484e-05
-2.169806827465618683e-05
1.695762861406575167e-06
1.492122309212695288e-08
-2.016364797966230688e-08
2.446417738726085793e-09
-9.808992302235219876e-11
-1.390152766195241401e-11
2.871335164442613267e-12
-2.204732803030948080e-13
-2.800805303329192509e-15
2.775821448028464572e-15
-3.306906221319686708e-16
1.209420179145420478e-17
3.108068168197104125e-18
-1.034135286567192626e-18
9.162609150741700750e-03
-1.495262946323165816e-02
8.625804526182910548e-03
-3.745849533307979689e-03
1.270740099574088578e-03
-3.344586429433387483e-04
5.915650201422244280e-05
9.892906136650330293e-07
-7.157784476886029827e-06
4.363276210507642199e-06
-1.942707356528928084e-06
7.324985593880015884e-07
-2.410572620582961790e-07
6.802269295135505446e-08
-1.501142444929881722e-08
1.504745551702024228e-09
8.857395070605379781e-10
-8.916270417829172918e-10
3.733245441967147126e-10
1.589503060458487532e-05
-2.855010658114750876e-05
2.052206658144943420e-05
-1.148991304116954050e-05
4.688874784268372352e-06
-1.143060654902256646e-06
-4.347830221602931701e-09
1.066724753822505833e-07
-1.891352439316496731e-08
-1.026667831402620079e-08
3.220704727247903547e-09
1.356344747847876593e-09
-4.644912191807412154e-10
-2.427729493191343405e-10
5.586041038655853406e-11
4.989995524242788714e-11
-1.479406495583641768e-12
-8.376169726107466487e-12
-1.825632834907933614e-12
9.200043020319482734e-01
1.139559751508382173e-05
-1.073053597672577876e-09
1.101470088002207533e-13
-1.192756193916403736e-17
-1.739469664477662953e-20
2.526079305749775949e-20
-2.652242296478401301e-21
-1.807416351915012907e-20
1.203391328573974433e-20
9.247096271035243342e-01
5.900922901506613569e-03
1.087260287292154525e-03
-1.275385754900711902e-04
-5.808424542835722972e-06
1.977833795692420872e-06
-4.618459167754375716e-08
-2.398301311987323553e-08
2.193438512726435283e-09
1.977043101631262139e-10
-4.472562079807798352e-11
6.581872206146751830e-14
6.576700504925090037e-13
-4.472261675364609771e-14
-6.913033965471205075e-15
1.136622458440815108e-15
3.010114102380067078e-17
-1.924445133824541273e-17
5.653241147076589288e-19
9.410015450503338430e-01
9.308431441436743753e-03
-1.906995684911487801e-04
-5.552854733248667349e-05
8.017185318262305327e-06
-4.415582253387685091e-07
-2.068131641487463968e-08
6.696034526682828523e-09
-6.384454283297313822e-10
1.516727782206893309e-11
4.467770410388239694e-12
-7.367296249448790121e-13
5.021557461461130808e-14
1.130023361803620765e-15
-6.847117146035435791e-16
7.906993143552565963e-17
-3.082206369917830087e-18
-4.512170838173822759e-19
5.499751276620898679e-20
9.755846806900635437e-01
1.737453537312391022e-02
-5.828011164287759741e-03
1.775705911649286478e-03
-4.619783311316783794e-04
8.750189735963370447e-05
-2.301048838938816162e-06
-8.183046721911696938e-06
5.167936903656340242e-06
-2.222489121963753802e-06
7.837826566335570277e-07
-2.360515097418177644e-07
5.959724743925017370e-08
-1.111784488562829195e-08
4.237696510733604897e-10
9.379215663824018649e-10
-6.353907251476178647e-10
3.269894564057831391e-10
-1.108848763394503080e-10
9.942544872003654666e-01
5.737245950454270167e-03
8.256717163231758140e-06
8.906784786120927588e-09
1.946658206493636871e-09
-1.088175028512054535e-09
5.199781453394136143e-10
-2.020969988952896732e-10
5.837100832052845622e-11
-9.111459052020964087e-12
-1.376461862880669526e-12
1.240102849589668299e-12
-2.185139653489486523e-13
-7.354877905113254881e-14
3.977459420975687478e-14
1.329075827580608229e-15
-5.204911840956378742e-15
3.377900859258951626e-16
6.479758319796139912e-16
1.039542410391055771e+00
-5.067727139835023789e-06
4.003100825367915373e-10
-3.215621538492662742e-14
2.504389333595907315e-18
5.547151516650288971e-22
-1.191349595466991945e-22
9.030891412973219830e-23
6.574639662423496407e-22
-1.411365204030416956e-21
1.037404867019734001e+00
-2.693219398227818945e-03
-5.129796933736763959e-04
5.144108202947307579e-05
2.988602521520391844e-06
-6.969650891707106492e-07
-2.277577878945072911e-10
7.665406610012951888e-09
-3.291354565354747242e-10
-7.079636573812825331e-11
6.185823698585570131e-12
5.812710909015607793e-13
-8.290136587469651250e-14
-5.270443563386862137e-15
1.071888433488552401e-15
6.835813587682011002e-17
-1.739827295626941886e-17
-1.118712351354962095e-18
4.387246509091268016e-19
1.029711057015521902e+00
-4.514559911718299401e-03
6.011602862526705852e-05
2.963230278719599503e-05
-3.588284712534584980e-06
1.255580104619094876e-07
1.771814588717526151e-08
-3.009402608513716306e-09
1.663569328424738840e-10
9.483884933423341929e-12
-2.596279277163457273e-12
1.954018929363314646e-13
3.654635464796865741e-15
-2.348654079223712027e-15
2.262972334724141990e-16
-1.326021810594033431e-18
-2.241328144600939491e-18
2.916514318798558871e-19
-7.526425506899755864e-21
1.012349096723580422e+00
-8.835248907029410320e-03
2.959957873039091147e-03
-8.905438281596989546e-04
2.233145688805896725e-04
-3.729497936413490741e-05
-2.304339739877130945e-06
5.527575355468923250e-06
-3.061930903303335881e-06
1.229905055889333867e-06
-4.046094770791378416e-07
1.099611675466249682e-07
-2.251286467022075617e-08
1.697182694874163326e-09
1.424615868089696060e-09
-1.057785201552298350e-09
4.952862450273120306e-10
-2.040955686119412109e-10
6.061058442693911345e-11
1.002885182834950317e+00
-2.885181498092997954e-03
-2.384053600726052574e-09
1.767381124183826781e-09
-1.150052585993425109e-09
6.482374824558917632e-10
-3.095030865232640659e-10
1.201372679793874455e-10
-3.461131701705449470e-11
5.356301736932623065e-12
8.402368513933300661e-13
-7.402244529714309670e-13
1.285584427837367927e-13
4.450104232214183447e-14
-2.369491194401821482e-14
-8.764644946898360896e-16
3.118804354362445100e-15
-1.940846882057016137e-16
-3.894093922081477065e-16
9.549999999999999600e-01
