3.498023360491243211e-02
-1.954306712364946546e-06
4.161949280072491274e-11
-8.400929567357514265e-16
1.685511940883776920e-20
8.439610474841086820e-23
-1.388146472838876524e-22
-8.021501981904764028e-24
9.666984150180519405e-23
-3.834366568400438194e-23
3.407509225729504071e-02
-1.164498087606456950e-03
-2.551774058835624233e-04
6.847298701159335278e-06
6.873848329769616703e-07
-2.803173770427545165e-08
-1.621606756418521555e-09
9.915160498040152308e-11
3.374142176648081077e-12
-3.220440384365083201e-13
-5.591614323119968712e-15
9.822838258549585354e-16
3.753668174812475360e-18
-2.838338165527637158e-18
2.071235582330613730e-20
1.390684961873153220e-20
-7.301010126431260774e-23
-3.014714475698732749e-21
5.920354195710285216e-22
2.993930044558218775e-02
-2.874750357438559355e-03
-1.372839258161942229e-04
1.384697957412364856e-05
-3.762352349940143747e-08
-3.832299741045525286e-08
1.366569450992092920e-09
6.159813509599042161e-11
-5.872692391882506541e-12
2.531873691623802318e-14
1.556942629029393049e-14
-5.964195211311373218e-16
-2.351152336884406306e-17
2.467938781946877305e-18
-2.010416434094256817e-20
-1.253797249790727314e-20
6.107782026758183752e-21
5.134580351956811127e-21
-2.737266142736601298e-21
1.033406371635311842e-02
-1.258606612220650178e-02
3.838479771030697298e-03
-4.422271725244937752e-04
-1.426647319318607705e-04
8.991893601273005386e-05
-2.481500128232906277e-05
3.377049333508111074e-06
4.126756398552114438e-07
-4.058374186711914921e-07
1.349362619197931885e-07
-2.576622897529511027e-08
7.715440971458558644e-10
1.555588797216807346e-09
-6.946886461566617147e-10
1.718975547539455233e-10
-1.971045844112621674e-11
-5.604062453453103892e-12
3.349302332237573487e-12
2.564383180167323058e-04
-4.377509841203052550e-04
2.656336118744283856e-04
-1.031435568696893024e-04
1.539867031163683498e-05
6.345859928145936152e-06
-2.732331896574521859e-06
-6.445232435924367223e-07
4.051957059969550651e-07
1.271681712950367452e-07
-5.646127568182615572e-08
-3.265021492359438255e-08
4.465966857112776641e-09
7.852296764262277138e-09
1.231470261030602532e-09
-1.413011181917538609e-09
-7.871289070672305738e-10
1.293556970770960997e-10
2.046630410061272742e-10
9.620260354698104699e-01
1.150777262400630443e-06
-2.034221475816955716e-11
3.633264846975494678e-16
-6.600273691581920387e-21
-9.552750180352539711e-24
2.333541901939227454e-23
-3.460497744057670402e-24
-1.100964524143832428e-23
6.188886769158247031e-24
9.625624321536839778e-01
6.910741905137546921e-04
1.528042988315976873e-04
-3.380723018515720188e-06
-3.452308327630099016e-07
1.229979490226663379e-08
7.343375373518406926e-10
-3.954126473634100706e-11
-1.424421560826506181e-12
1.186576766483132162e-13
2.308671984333310515e-15
-3.393132763730052934e-16
-2.031495974018894554e-18
9.314033783410601251e-19
-5.847159795621469336e-21
-3.357683373566122510e-21
-1.176238009158415383e-22
4.549629267184463544e-22
5.801842419657164829e-23
9.650642132885788316e-01
1.763832208124706605e-03
9.502473233439867964e-05
-7.230118293290016247e-06
-1.913047537189018188e-08
1.863184543531321852e-08
-5.192049494289084585e-10
-3.065483561749672319e-11
2.266565488345390627e-12
5.907022173604624859e-15
-5.989162919658761595e-15
1.791471054111816090e-16
9.719667015471959662e-18
-7.891381458626247361e-19
7.296794337646184094e-22
1.071192381813755056e-21
-4.510780810016912518e-22
2.724586386589419446e-22
1.811011997151766231e-22
9.799038529959199773e-01
1.098491153068424132e-02
-2.089001886071508319e-03
9.169143946970182704e-05
1.139933189491509625e-04
-5.145051240052764464e-05
1.187052368454332425e-05
-9.927630683815560652e-07
-4.253478196042809908e-07
2.275256549266626842e-07
-5.833569463557689816e-08
7.263635897082676554e-09
1.063528259661647199e-09
-8.937586855385536784e-10
2.774973127617985225e-10
-4.892956134286530200e-11
5.522571190080742566e-13
3.440308053075344421e-12
-1.296072734341960650e-12
9.944715287845006246e-01
5.519422840642207277e-03
9.990312318766163204e-06
-1.464318167235526028e-06
7.390042665244436818e-07
-2.745142790227724264e-07
6.085106181848247390e-08
1.823751237042772831e-09
-6.336912230250090197e-09
1.295538985297853658e-09
5.010295384889463621e-10
-2.363970774311403568e-10
-4.399586225038259445e-11
3.700426073269317198e-11
5.682456654674196993e-12
-5.867083574193743383e-12
-1.269103439155326215e-12
7.850196920244832145e-13
3.062627242093020283e-13
1.019076459970477799e+00
-5.675294038865485219e-07
9.698840116463124060e-12
-1.653086778377272881e-16
2.836201678066083978e-21
3.019860040996701939e-24
-1.333710756505883896e-23
3.056101734158267739e-24
3.048062293904310617e-24
-1.038363319540958170e-24
1.018811657363585921e+00
-3.412378523418064407e-04
-7.555668505682446576e-05
1.617477132383960486e-06
1.661162337377387523e-07
-5.639429615530844271e-09
-3.421187175136321206e-10
1.720297856959469848e-11
6.450605236757788359e-13
-4.856501637913141317e-14
-1.049706212881356408e-15
1.297200167278187081e-16
1.177504158563268773e-18
-3.312536356059773082e-19
8.230892928151969514e-22
1.510255437578021019e-21
-9.015041989376661035e-23
-1.812419775344471999e-22
-8.861052917240746885e-23
1.017572922159071691e+00
-8.750490399718776182e-04
-4.783601069374782892e-05
3.518328897800276254e-06
1.445095417072574902e-08
-8.938738917254333433e-09
2.226848305884718588e-10
1.506013141831208156e-11
-9.763654582244861919e-13
-7.671709579751400200e-15
2.595282030992715055e-15
-5.842968474450616057e-17
-4.607954254178742635e-18
2.804292622042273710e-19
2.870780073705991388e-21
-3.736913671410386706e-22
8.089648052748322410e-23
-1.379200329439708926e-22
-1.236298508820986483e-23
1.010121390515950512e+00
-5.539035043911883123e-03
1.044212522653781674e-03
-3.999267931203790165e-05
-5.930121387499226096e-05
2.597841642254786326e-05
-5.776419173813459384e-06
3.983647946094064313e-07
2.397073228316455817e-07
-1.161079052576883165e-07
2.766343940501509884e-08
-2.761118331569526284e-09
-7.778122327164700577e-10
4.779798531527745974e-10
-1.310820361396083260e-10
1.849290424935014958e-11
1.649931878592972375e-12
-2.019879523331646377e-12
6.315524245562129124e-13
1.002775688350127758e+00
-2.774944055491538990e-03
-1.253368943210357492e-06
7.880655496671507730e-07
-3.945457793959267944e-07
1.463426507792805584e-07
-3.230497652862047356e-08
-1.052495526652229017e-09
3.395534471302122095e-09
-6.857944248972062972e-10
-2.708164810266378840e-10
1.260936255495089730e-10
2.400656535123565850e-11
-1.979880149988997051e-11
-3.116462722628341300e-12
3.144292365247296505e-12
6.922720526565648640e-13
-4.219181582135177874e-13
-1.653043881625068409e-13
9.799999999999999822e-01
