3.353064515757910313e-01
-7.254789332110716735e-04
6.901769084045717981e-07
-6.165537894947553256e-10
5.108143723035447067e-13
-3.729920607810929882e-16
-2.120055027245000405e-18
-2.312548067340447390e-18
1.787293873889293303e-18
-7.653093590697104573e-20
2.000105924602886276e-01
-1.388073380849556282e-01
8.528498478205293748e-03
9.033458668907331721e-03
-3.591065273011422553e-03
3.999784312808624749e-04
1.675958649413310524e-04
-8.485535863748394094e-05
1.251486689224847541e-05
3.077132680250653256e-06
-1.938851960554426253e-06
3.258984335104330721e-07
6.185498669884695098e-08
-4.445684561056069700e-08
7.674679960637806338e-09
1.492339266500011775e-09
-1.057054878412849070e-09
1.380521756204868144e-10
4.672308462964806429e-11
3.753038749013774822e-02
-2.992795361248073993e-02
6.867663742377554809e-03
-1.167149445050710832e-03
1.598074052724746336e-04
-1.711126587498612979e-05
1.009440963055750508e-06
1.309788425178442666e-07
-6.315881732520212825e-08
1.506183779826370560e-08
-2.787487421322165431e-09
4.300025060480115795e-10
-5.443863903459148253e-11
4.909276290628454568e-12
-3.990445480964950292e-14
-1.144479127659370156e-13
3.454773376395503887e-14
-7.349507810062105624e-15
1.209283952782203035e-15
2.212807815488058820e-03
-4.033304320317308844e-03
3.075325443351022408e-03
-1.995980751341908891e-03
1.126605500625068451e-03
-5.654879695061922756e-04
2.579453212137935579e-04
-1.091280935364807826e-04
4.361999444914721902e-05
-1.673700477405933102e-05
6.242241551176553627e-06
-2.282377048859130396e-06
8.218570419644148146e-07
-2.917473511645616416e-07
1.019098184479159117e-07
-3.489560691647254654e-08
1.171188761178834595e-08
-4.112707432758035938e-09
1.162452769363872246e-09
3.517154953033743714e-08
-6.570057964064240649e-08
5.342231586890796158e-08
-3.756800604319290119e-08
2.255865969583944307e-08
-1.130481213551616987e-08
4.526974296872333177e-09
-1.311942468979814743e-09
1.892050665219662114e-10
4.021266326596436639e-11
-2.804512377894883717e-11
2.907673192224788300e-12
2.358929270437015582e-12
-7.212534316851365265e-13
-1.898229378155975223e-13
1.106321349840017289e-13
1.850674599063195840e-14
-1.379239518439030905e-14
-2.582213805517695009e-15
8.492913732200484400e-01
2.172675034004203801e-04
-2.139433637740567892e-07
2.163962826446973151e-10
-2.121603359775679935e-13
1.959141720089815173e-16
-2.902773576273207084e-19
4.872555302968885606e-19
8.439083871340575186e-20
-2.058587266300583820e-19
8.912080242747332237e-01
4.382908609348010187e-02
-1.481140715395904122e-03
-2.556070733923244357e-03
9.871460479352611728e-04
-1.332426090100722401e-04
-3.736419237981549119e-05
2.448409766585279640e-05
-5.129969659840752368e-06
-4.163349011186698059e-07
5.919138444604582593e-07
-1.587629734282546551e-07
-3.969995619554964599e-10
1.407954924723866805e-08
-4.430059444679268794e-09
1.531618508570172880e-10
3.368517882237782084e-10
-1.061736788953948991e-10
4.273326434298522537e-12
9.500872162070614912e-01
1.564692626159387701e-02
-2.270786872438312030e-03
2.969054603600647163e-04
-3.371310425685910758e-05
3.004800828150888807e-06
-1.117449953493175198e-07
-3.475166711755622412e-08
1.254676778606040878e-08
-2.846851000882174739e-09
5.375287515848739368e-10
-8.956552665847951411e-11
1.323199864102971840e-11
-1.672276940129521408e-12
1.578573751889306420e-13
-3.202380490909409594e-15
-3.329582802560392674e-15
1.161390003372259599e-15
-2.507667961403465744e-16
9.836261816970441885e-01
1.239258243808435966e-02
-4.683691524896520589e-03
1.765983318846988791e-03
-6.632157329496008455e-04
2.475495332013405133e-04
-9.160117767242373593e-05
3.351063162442866576e-05
-1.208774008371216681e-05
4.288863923010774499e-06
-1.493762261945915996e-06
5.097943503950364908e-07
-1.701895423284486689e-07
5.545728222111619274e-08
-1.757889301353514024e-08
5.387358134240152676e-09
-1.581661307354218287e-09
4.593414723965297162e-10
-1.089918386868208365e-10
9.963057822776666406e-01
3.690802754044800529e-03
3.411811463614159730e-06
3.153904600039095714e-09
2.919194235227996004e-12
5.766347469128721002e-17
1.738649878206233034e-15
-1.047670438913269400e-15
5.754088418704980966e-16
-2.846992675468407415e-16
1.249641765537138651e-16
-4.746736119549810374e-17
1.490659936762495539e-17
-3.477694211122217976e-18
3.803039347501635948e-19
1.182223709696947878e-19
-7.302238596026892902e-20
1.219488223663511342e-20
2.126930641630269289e-21
1.059272739994669532e+00
-3.197503839351973211e-05
-9.325487502708185036e-09
3.853701717301137187e-11
-5.854932989740089697e-14
6.961940622391389203e-17
-3.370161351041509460e-19
1.031740536436801059e-19
9.941698929591306649e-20
-6.773309776240965226e-20
1.047910132094033386e+00
-1.337027487136189380e-02
-1.197716224698927145e-03
8.401154150312238004e-04
-6.038115951113899458e-05
-4.916050853391916122e-05
1.349616294670416697e-05
1.987187656963131004e-06
-1.935300946648033319e-06
3.425632685147730648e-07
9.900306542862052283e-08
-6.564220987863616032e-08
1.056450545137676039e-08
3.151431553928868257e-09
-2.004630435783435484e-09
3.211595802737118374e-10
8.834112874753938579e-11
-5.405775780689682194e-11
8.546390122857069039e-12
1.025230621494376715e+00
-7.723523388131155187e-03
1.022464121594893281e-03
-1.056564324575734741e-04
5.642226031072959224e-06
8.273335918542620432e-07
-3.435064047785495546e-07
7.281277766573117300e-08
-1.166240400536574879e-08
1.448758068308400504e-09
-1.147392188815683295e-10
-4.457267748307726159e-12
4.280741790750440160e-12
-1.127699000491049792e-12
2.161133897747992534e-13
-3.333495257147055484e-14
4.013566361975580772e-15
-2.705756223069058818e-16
-2.419078189803717834e-17
1.008272938100760463e+00
-6.307823301328504412e-03
2.399316550331547122e-03
-9.088462049714265967e-04
3.418745067142833121e-04
-1.272263085617644416e-04
4.662260807089928520e-05
-1.673264920929908034e-05
5.844826663174719371e-06
-1.972304254273255501e-06
6.365717057773566848e-07
-1.934756407128907970e-07
5.376115235501763677e-08
-1.270622105176247199e-08
1.916597440459231599e-09
3.449081122917874410e-10
-5.392600805012926494e-10
4.078749034619463051e-10
-1.682705234055374210e-10
1.001852240968541752e+00
-1.852240968538845052e-03
-5.347201042249921632e-15
4.454034992674108512e-15
-3.440203344134464536e-15
2.457419342551052438e-15
-1.617437046359795484e-15
9.758672357528716153e-16
-5.358549202701811345e-16
2.650531478658015692e-16
-1.162958719280329889e-16
4.415012715755752889e-17
-1.385248585112559985e-17
3.225857122912995142e-18
-3.499294385434028218e-19
-1.110431810431742439e-19
6.801965751203850860e-20
-1.128901799348033637e-20
-2.014774373681832975e-21
8.750000000000000000e-01
