5.808020938712397246e-02
-6.637348728476247356e-06
3.060901138984172845e-10
-1.371036045879076982e-14
6.591453333029285870e-19
-7.178549101899426415e-20
-2.319860296988757922e-20
1.634421938504246051e-20
-1.418494619975164349e-20
1.645414737007701869e-20
5.513235256950339835e-02
-3.757290248880948771e-03
-7.747852013219655573e-04
4.540964672299796788e-05
3.758891710880898086e-06
-3.812856466163395834e-07
-1.312425661863403629e-08
2.704918758558769780e-09
8.665920611268094863e-12
-1.698067225671469140e-11
4.025212114011786851e-13
9.457814479253122163e-14
-5.031081565868007529e-15
-4.455380486298204867e-16
3.710300004455328977e-17
2.665829611373653989e-18
2.342714501088331179e-18
-2.730706164103320400e-19
-1.428332159556436613e-18
4.317357407945466435e-02
-7.645916924719252557e-03
-1.138219091974544998e-04
5.395784970446666453e-05
-2.798692626235756929e-06
-1.174982826954528295e-07
2.309330962297893496e-08
-8.794504982324690437e-10
-6.907438196013530659e-11
9.471173409232606563e-12
-2.486294116646735324e-13
-3.605224567683295188e-14
3.794330948640304449e-15
-4.986689263264097295e-17
-1.634566574236914217e-17
-3.110333802225258583e-18
-8.445417497273110918e-19
2.008070019563316091e-18
-1.529013944659541093e-19
1.073340925322435399e-02
-1.562181682440441990e-02
6.961352491587487375e-03
-1.989237581478059749e-03
2.906290832075665814e-04
4.917059950818683273e-05
-5.231591446001515377e-05
2.213403715688179758e-05
-6.593474883068597920e-06
1.380640761756852223e-06
-1.052040410129992129e-07
-7.628540524130322039e-08
5.091055817338619819e-08
-1.984464999293625240e-08
5.675560340878719401e-09
-1.106198117928135766e-09
3.375108690822493830e-11
1.090145275893730134e-10
-5.188915870216615687e-11
8.345467856329777292e-05
-1.464899470111177176e-04
9.769228606798743982e-05
-4.698245005523693897e-05
1.389157524287505861e-05
-7.426360343805017561e-07
-1.160670942690894711e-06
2.684194413512996105e-07
1.213041508216138065e-07
-4.172834912048909696e-08
-1.911924775785641859e-08
5.550805070884433034e-09
3.918667877703470900e-09
-4.321576342109894771e-10
-8.313467151313615295e-10
-9.314333620163609322e-11
1.447857777231238604e-10
4.304384841710897009e-11
-1.248091804824798156e-11
9.441349242146849230e-01
3.393332731269420871e-06
-1.268201145131348586e-10
4.969427113835781424e-15
-2.281453355439720067e-19
1.141442274605310160e-20
6.851043033988229820e-21
-1.529019530601237074e-20
8.274206415158461998e-21
-6.696819277665875711e-22
9.456646326283235648e-01
1.956312856775985209e-03
4.125394935940871681e-04
-1.926967053023564960e-05
-1.675316846934128253e-06
1.426234494744643476e-07
5.513406246785077281e-09
-9.243331958713628282e-10
-7.002334791557539058e-12
5.437896850914183495e-12
-1.038285099916711066e-13
-2.896356942706113963e-14
1.391301042661019484e-15
1.368240326827825096e-16
-8.870251309722034488e-18
-3.013315748708100442e-18
-1.415648341455248928e-18
1.069434687643734252e-18
3.347419369525567992e-19
9.521498663309655441e-01
4.284954480141578079e-03
1.205334662376221922e-04
-2.633073348497020686e-05
9.859790857145917307e-07
6.590899509864067246e-08
-8.730839224053181954e-09
2.198848253935721293e-10
2.922910400484452403e-11
-2.971591996803190287e-12
4.420520963552694998e-14
1.239369335303910146e-14
-1.049221549239424920e-15
4.352650033885695544e-18
4.819723457954964010e-18
8.271960211019184207e-21
1.445784649295711440e-19
-1.263498161136935186e-19
2.352219566439505757e-20
9.764909169001230183e-01
1.509473736438745987e-02
-4.108851514033097507e-03
8.128169682861658253e-04
-4.238109690523499568e-05
-5.368785677788432607e-05
3.094857067812113521e-05
-1.060785224931270890e-05
2.520612634049744911e-06
-3.206649605587453434e-07
-5.949158714968934822e-08
5.729530650299848137e-08
-2.351777160533911920e-08
6.860772257818820899e-09
-1.418382165820474498e-09
1.177618316672232879e-10
6.700281511152276916e-11
-5.046606871646623544e-11
1.760063388252125696e-11
9.940990843529405874e-01
5.892101253885547417e-03
8.872372641515805083e-06
-1.022333851793041363e-07
6.703749511439909425e-08
-3.199939853012028366e-08
1.180861502891751267e-08
-2.877407160440089924e-09
1.471986613869364941e-10
2.065420936865182955e-10
-7.146467161166409965e-11
-5.317970428914676325e-12
9.264847033946573406e-12
-8.096052794266812003e-13
-1.111026363166997453e-12
2.111951620537760283e-13
1.533767114687892302e-13
-3.029187534885502316e-14
-2.349739720968361716e-14
1.027996222193473530e+00
-1.631440684234075380e-06
5.673045644147513250e-11
-2.012622957879348432e-15
7.914865853705568516e-20
1.263209249092668267e-20
-7.518412539744445165e-21
2.594940060810782395e-21
-1.271342260532217635e-21
4.260564465150295999e-22
1.027257659623291630e+00
-9.454083102550306632e-04
-2.005668455658426899e-04
8.749508522650783923e-06
7.823870987773593139e-07
-5.975205645940708199e-08
-2.563392049992468942e-09
3.526921122449023592e-10
5.104283644465633226e-12
-1.878903719993921644e-12
1.482819643930693647e-14
9.129573996588955025e-15
-2.648510151862815344e-16
-4.022607312198751959e-17
2.785389145353157489e-18
3.395762486031605168e-19
-5.699963275256043182e-19
-6.241473922116393620e-20
1.864639715490076697e-19
1.024093214107933969e+00
-2.105621441236745287e-03
-6.455883417241709595e-05
1.274899859996810268e-05
-4.120259443060990940e-07
-3.486795049098930723e-08
3.807189360756830147e-09
-5.358658082657177133e-11
-1.453549831013173126e-11
1.072902575716356459e-12
7.197842624793897219e-15
-5.481805137745135682e-15
2.770746100555861884e-16
1.056481936434117086e-17
-2.060367143463083313e-18
-5.730512140309209528e-20
1.767109924480304202e-19
5.055330223803446048e-20
-6.550050278059362095e-20
1.011866487764360389e+00
-7.641593768063457796e-03
2.068125082334941033e-03
-3.979803612133617739e-04
1.381712258754379442e-05
2.994063272943136395e-05
-1.622814209784455308e-05
5.318377094281912789e-06
-1.169964951489414620e-06
1.064651189359888754e-07
4.966214315817876493e-08
-3.365510171320383439e-08
1.230372341707780552e-08
-3.169081240514821623e-09
4.999170494277963191e-10
3.008889818378159264e-11
-6.018369363062242546e-11
3.002492356908432708e-11
-8.864550185792027873e-12
1.002963561292447903e+00
-2.963507799114271923e-03
-9.296681195191478088e-08
6.410329328494890368e-08
-3.730577899445056012e-08
1.779634794259604224e-08
-6.556699699043967623e-09
1.591516154397435977e-09
-7.787731482739714705e-11
-1.157671340907433074e-10
3.962920122653481738e-11
3.104953709403606629e-12
-5.177171478022202803e-12
4.357651448833659226e-13
6.239726187328417710e-13
-1.162313911414683156e-13
-8.638442280279281285e-14
1.680845628276243003e-14
1.319905199688679693e-14
9.699999999999999734e-01
