7.558155145565212951e-01
-2.945207044873778771e-03
6.501037761809739532e-07
1.068300858998017417e-08
-2.357457650188344936e-11
-8.524468923849696091e-15
1.477573677446020413e-16
-2.502393048385241432e-19
8.553601249467177080e-21
3.911647213046913004e-22
3.296604411236867538e-01
-3.817909843812537507e-01
8.809434426048487476e-02
1.971956354701236494e-02
-2.300496124345127735e-02
6.802489761730061077e-03
1.002361524620534738e-03
-1.627628985224941231e-03
4.984893396337818907e-04
1.065793430909684608e-04
-1.500087064430348255e-04
4.636215223613539450e-05
1.010061959841560567e-05
-1.449533390998532719e-05
4.594159377525411482e-06
9.642407883466858838e-07
-1.376359514051682729e-06
2.795134821958634230e-07
1.134148072201715518e-07
1.408080148715758553e-02
-1.694926374867874661e-02
6.189380304247132231e-03
-1.675155952616802718e-03
3.736636238701436866e-04
-7.326628308077541357e-05
1.312183902557775597e-05
-2.184608959090133419e-06
3.373775705418458056e-07
-4.704553973407513331e-08
5.454773976104605615e-09
-3.631863585823362299e-10
-5.418701477496297285e-11
3.151084157885154191e-11
-9.377795500239607439e-12
2.269785416873716219e-12
-4.901971276344236645e-13
1.006436196944560898e-13
-1.800450038415311573e-14
2.388443492427307015e-04
-4.548998127183409589e-04
3.932025244442819410e-04
-3.093017758515248972e-04
2.223111001797004385e-04
-1.467502222098731040e-04
8.949209727511069903e-05
-5.074020734159213642e-05
2.692672346717370078e-05
-1.346672146792507963e-05
6.391436815591695445e-06
-2.898675944721791785e-06
1.264786792508970340e-06
-5.344622431207875002e-07
2.201530924674591026e-07
-8.911664785677456052e-08
3.617048751263515128e-08
-1.623011047016662037e-08
5.488059203139568071e-09
-2.724111783255014527e-10
5.238605147794227845e-10
-4.654971129804100132e-10
3.817702322626497439e-10
-2.883319955809510931e-10
1.998497682025789185e-10
-1.265004626017400567e-10
7.261115477092375125e-11
-3.741215720395678736e-11
1.703898179764945359e-11
-6.690367084040835521e-12
2.162798841574188208e-12
-5.166217702049331342e-13
5.708600069939380475e-14
1.848805685682410741e-14
-1.142751663785324656e-14
2.167498819717313700e-15
4.630258962081228272e-16
-3.321736280653772216e-16
7.341454263249042045e-01
1.247177396584210271e-03
-1.739090077805709921e-06
-6.772250961682171651e-10
7.599311590298714273e-12
-7.341992096888557098e-15
-3.248099682415542996e-17
1.119849757286761321e-19
2.265885808968463580e-20
-1.202541127041555562e-20
8.664589755789625647e-01
1.111966132960769543e-01
-3.006334059429586689e-02
-1.031835294433442515e-03
6.105636130614937492e-03
-3.153813869420352654e-03
5.007920906908108847e-04
3.431977364981662199e-04
-2.580133956151240185e-04
5.170600991866147587e-05
2.886978022247851407e-05
-2.416638392071841660e-05
5.015601979053388035e-06
2.917914103931405120e-06
-2.464379923474090462e-06
5.191769111568414237e-07
2.703486735044491344e-07
-2.133331761623045343e-07
4.805302677259396659e-08
9.646344865720772876e-01
1.198417659310904194e-02
-2.052252479438753524e-03
3.584497630025815771e-04
-6.431043122852191150e-05
1.184863321264890446e-05
-2.221565257434989224e-06
4.178978095584578182e-07
-7.770755499077320112e-08
1.409414037250496354e-08
-2.461551954435611945e-09
4.074888985164558282e-10
-6.230566132661886804e-11
8.322254675171543323e-12
-8.130423797095586688e-13
-4.298940735229057856e-15
3.207143168152929549e-14
-1.265830224511597380e-14
3.242131788574335233e-15
9.887050750216868078e-01
8.579852280422925123e-03
-3.258742154098287751e-03
1.237740111919555849e-03
-4.701409900972711186e-04
1.785929978890460129e-04
-6.785329462755042718e-05
2.578705847229344282e-05
-9.804875113117287556e-06
3.730934733616395862e-06
-1.421360000737271894e-06
5.424145302632261483e-07
-2.074834009152509700e-07
7.961669462247984687e-08
-3.068301807293123411e-08
1.191507606063255452e-08
-4.741810013409133108e-09
2.126442322250564003e-09
-7.223096190978025054e-10
9.974599912301859161e-01
2.538394888520608024e-03
1.612855858938936883e-06
1.024783036650370314e-09
6.511307671417318926e-13
4.138208807904325889e-16
1.810991230767354337e-19
6.256084057611063722e-20
-4.556343249169234854e-20
3.181134252999140927e-20
-2.119571618262537867e-20
1.345860543221831780e-20
-8.125370866807718290e-21
4.655001038921061692e-21
-2.524866483494272343e-21
1.294583421825789129e-21
-6.344285168905331300e-22
3.198929240723484509e-22
-1.104343779776909557e-22
1.024924542340619027e+00
2.956757932370570035e-04
-6.935501179652767490e-07
-1.657954371383096985e-10
3.955168128612850394e-12
-5.963302507137408398e-15
-1.393298745983351119e-17
6.198976857072415082e-20
8.809569633843227144e-21
-3.561437441556860395e-21
1.032676545413434566e+00
-2.043561818636723242e-03
-8.572325107214406187e-03
3.144295706936233586e-03
7.974042777260850062e-04
-1.186179739015055410e-03
4.211209128368839693e-04
5.118705370208551293e-05
-1.141762181613732838e-04
4.225585916555389492e-05
5.141142003034637510e-06
-1.163195210817687328e-05
4.264658748170001926e-06
6.057844775314600263e-07
-1.241489875837813740e-06
4.537196512885904451e-07
5.056326088543201234e-08
-1.204462613183605750e-07
4.443704520223459598e-08
1.017939574433065930e+00
-6.085183490380390893e-03
1.006819634129845582e-03
-1.578146771731720464e-04
2.223125900119560014e-05
-2.483366766510633127e-06
1.064735226830699648e-07
5.044695838908054258e-08
-2.209426434597234832e-08
6.198937466191326485e-09
-1.457059347595987042e-09
3.070697049260020090e-10
-5.941949022344017548e-11
1.060908080250523152e-11
-1.729770489905665877e-12
2.486819910790102210e-13
-2.821629301494717261e-14
1.040635713578890614e-15
5.525149484226660872e-16
1.005690233096000252e+00
-4.346895640218493596e-03
1.660313109750596264e-03
-6.341373218219527709e-04
2.421813025623790452e-04
-9.247563118671876131e-05
3.530062303709646695e-05
-1.346802110255185229e-05
5.133691599862344964e-06
-1.953963948982826235e-06
7.420173225730780305e-07
-2.808285300147874701e-07
1.057697582825338969e-07
-3.956932263963323616e-08
1.467029918890211089e-08
-5.379967239800746761e-09
1.964824885151271885e-09
-7.753445324303240023e-10
2.401250304474343646e-10
1.001272384676918481e+00
-1.272384676918529578e-03
-1.312654101479594432e-19
1.185420932939790253e-19
-1.027294797260311876e-19
8.539339522897887254e-20
-6.804615290478096686e-20
5.194055933577456028e-20
-3.794272737580873402e-20
2.649562873547208163e-20
-1.766210012536180241e-20
1.122028679184138218e-20
-6.779178559621608890e-21
3.886115746029753208e-21
-2.108297525994493373e-21
1.081870950876171411e-21
-5.314711677854139270e-22
2.683079539252428178e-22
-9.291476314481964310e-23
4.299999999999999378e-01
