8.167577776168321035e-01
-2.286021098643615038e-03
-1.544534583038573009e-06
8.074967572011691269e-09
-8.257106470064808152e-13
-3.225096214298399118e-14
3.439243953324515968e-17
9.472109759764982605e-20
8.097773999940795900e-20
-3.694223503060006899e-20
3.702869059742567304e-01
-4.224680537941407632e-01
8.069290857800473504e-02
3.410606937498280450e-02
-2.617792769018345567e-02
3.669451015185798588e-03
3.502362576943221679e-03
-1.990899078171645773e-03
1.029207496442835761e-05
4.306705304216718847e-04
-1.754375695998535518e-04
-2.473244109987468418e-05
4.947963176503018112e-05
-1.472905439112885783e-05
-5.179402827696916794e-06
5.598665679799394948e-06
-1.274670788811562560e-06
-8.638533709210345549e-07
6.019202763048000163e-07
1.427466248951043265e-02
-1.803369242352884441e-02
6.993863930368868220e-03
-2.005273563880910406e-03
4.703525644127091684e-04
-9.607670335189868874e-05
1.775525403119196125e-05
-3.021774404614787022e-06
4.718260854150188768e-07
-6.521529487259077650e-08
7.057246628713189332e-09
-2.465410784828167136e-10
-1.650757983867593374e-10
6.989411741972401424e-11
-1.976845120777044514e-11
4.738628559950053347e-12
-1.025197078176991556e-12
2.111268796525465918e-13
-3.774780093884381862e-14
1.888527121074321717e-04
-3.612810723051850859e-04
3.163747182331202393e-04
-2.541347944597210896e-04
1.878183126618622445e-04
-1.282107465659968696e-04
8.120872415823448870e-05
-4.796990835387465610e-05
2.656764123165326032e-05
-1.387359134624645968e-05
6.870127359187758741e-06
-3.244949474575600128e-06
1.470444180180954718e-06
-6.430082551442321432e-07
2.729718641197405218e-07
-1.134066099835039067e-07
4.706669546189769301e-08
-2.153213812228344816e-08
7.355589600797171852e-09
-3.186870724075477291e-10
6.149373203504234881e-10
-5.520784299250023837e-10
4.607625229549404828e-10
-3.568748384057490401e-10
2.558595415741338581e-10
-1.691827981356586581e-10
1.026573709151818162e-10
-5.676134040396919182e-11
2.831333378808444616e-11
-1.255183027765809522e-11
4.827684028275085305e-12
-1.541594819702880817e-12
3.692199578319533774e-13
-4.375618819781581404e-14
-1.150640487778006976e-14
7.845289517604052938e-15
-1.489055165576186436e-15
-1.828348596854918486e-16
7.350874668151534674e-01
1.086684210044790893e-03
-7.563554012044203615e-07
-1.745582724268374593e-09
2.762864291508420166e-12
6.291032324021205416e-15
-1.627678712972173375e-17
-3.195670816717480323e-20
2.498365658362248636e-20
-4.505185037607590227e-21
8.705424489743817107e-01
1.161415825544349356e-01
-3.140163564224615622e-02
-3.213570857814119879e-03
7.720469621195179266e-03
-3.128745457592996097e-03
-1.006878806975147463e-04
6.655509205499956019e-04
-2.465165390639721807e-04
-4.703714542806559663e-05
7.472634166567925819e-05
-1.950113556197216182e-05
-9.562117270943240293e-06
8.571471506547211858e-06
-1.241740474667362833e-06
-1.594671826483303267e-06
9.792284684095101642e-07
9.647854025423668648e-08
-2.351621660624922032e-07
9.695724876011718729e-01
1.037777535476450477e-02
-1.805489279780644364e-03
3.267222303006850370e-04
-6.247812374097136130e-05
1.260599874099904251e-05
-2.628219369329617312e-06
5.504991549230534804e-07
-1.131095499221790801e-07
2.241967614643699239e-08
-4.233150490294984103e-09
7.509209860012800786e-10
-1.223040197351724410e-10
1.737977996380077470e-11
-1.833766531269922600e-12
1.216628455411365415e-14
6.974220960876285093e-14
-2.956835066133086911e-14
7.868943785490063011e-15
9.903071559729466067e-01
7.368813167483794294e-03
-2.801029388471496309e-03
1.064749688973089985e-03
-4.047603451272409076e-04
1.538827335708326742e-04
-5.851425637126273611e-05
2.225769566361529954e-05
-8.471416848068125197e-06
3.227475575325828622e-06
-1.231570753791876373e-06
4.710954391417177724e-07
-1.808407303587658319e-07
6.976658491652377348e-08
-2.710505021734847517e-08
1.065340000798549538e-08
-4.317349994138299346e-09
1.986679329620419765e-09
-6.864332033778124659e-10
9.978220239712339845e-01
2.176789199030592509e-03
1.186183004299145292e-06
6.463786759426832399e-10
3.522265198092229138e-13
1.921364948021001826e-16
-5.825318857077597109e-20
1.273328183130762919e-19
-9.587372144801540254e-20
6.911926778977880735e-20
-4.804112364749326506e-20
3.179774098708508195e-20
-2.031969106280045204e-20
1.224935876100580313e-20
-7.192550609391356417e-21
3.925443054902864454e-21
-2.196410665346640104e-21
1.188249901865537967e-21
-4.715645465368381008e-22
9.942565991544830561e-01
3.645001832714716986e-04
-4.178259544013144867e-07
-7.203997138369812527e-10
1.734139982974334232e-12
2.559339291915241885e-15
-1.026911733585895376e-17
-1.323029545854908291e-20
9.974373144085250926e-21
-1.234955901984661036e-21
1.018425521304829440e+00
1.266258142860163943e-02
-1.266535548599199631e-02
2.182715520636101074e-03
2.249491891245202369e-03
-1.607692078437328222e-03
2.214276201189837570e-04
2.582354626856278720e-04
-1.537313346785994998e-04
2.980562479178688637e-06
3.444484220489962893e-05
-1.463044581123087830e-05
-2.245734261744649565e-06
4.434264611207886979e-06
-1.275531996877108892e-06
-5.685823228176623765e-07
5.436455962892452211e-07
-1.749897349287090407e-08
-1.017904595277017223e-07
1.015379507384155833e+00
-5.210959561736970558e-03
8.571104714472586308e-04
-1.312421910123297340e-04
1.701595920411865919e-05
-1.299672453726885713e-06
-1.929930454376236659e-07
1.283755536346111700e-07
-4.176768822249770832e-08
1.089140061147906829e-08
-2.504694949471347514e-09
5.250092834150730901e-10
-1.013547279264691687e-10
1.794230003975698978e-11
-2.844659955450975732e-12
3.766733140758667562e-13
-3.098339859765865254e-14
-3.931886856776542224e-15
2.419670817765654020e-15
1.004879235165707430e+00
-3.727374434398904746e-03
1.423700864039800611e-03
-5.437796256621883848e-04
2.076838726235482734e-04
-7.931103275494239457e-05
3.028099580139486619e-05
-1.155668485678743311e-05
4.407486896112880321e-06
-1.678933219249832623e-06
6.383228588599906510e-07
-2.419597415358987843e-07
9.130135088548045151e-08
-3.422354509448198552e-08
1.270756017494925450e-08
-4.660055302648635925e-09
1.695350376367232626e-09
-6.613034167644937003e-10
2.025001518559282555e-10
1.001091035199575874e+00
-1.091035199575738279e-03
-1.557712895448213866e-19
1.419653796226638517e-19
-1.246270982910341159e-19
1.053492032727758086e-19
-8.571282422586930525e-20
6.708299193791533019e-20
-5.046976480582977227e-20
3.647031110636702616e-20
-2.528730463590176282e-20
1.680376949610391752e-20
-1.068718428570337733e-20
6.496440106193563162e-21
-3.771969961699171785e-21
2.098691484639485600e-21
-1.140159549824076209e-21
6.484387424989302820e-22
-2.412049537938025283e-22
5.999999999999994227e-02
