5.135607585034595024e-01
-2.049297972650910172e-03
3.109243358204191869e-06
-3.391278706042772644e-09
8.443599459097388089e-13
8.087985015710336918e-15
-2.732186358473332275e-17
4.911800409634944150e-20
-2.880019298543458994e-19
1.618462423559866804e-19
2.484158369962952972e-01
-2.427200500823396279e-01
4.472224348243646064e-02
1.105822255686319394e-02
-1.049912496135900312e-02
3.218698483306901750e-03
-8.653470828452660552e-05
-3.605872554668088895e-04
1.595290990182381585e-04
-1.949491674589791038e-05
-1.258278119737735606e-05
7.590647155432089151e-06
-1.356253390309762861e-06
-4.953099472805350085e-07
3.921287400765305254e-07
-9.134392958576577472e-08
-1.729392363433443553e-08
2.040439354460141316e-08
-6.141304756000052743e-09
2.296856876080103499e-02
-2.261276836546255789e-02
6.561194416269005604e-03
-1.428552814620939965e-03
2.614261477105282575e-04
-4.252763560521744641e-05
6.253009329501774226e-06
-8.134186767116691434e-07
8.537656094645368047e-08
-4.423234385058619631e-09
-1.013368662725506572e-09
4.553434563986887310e-10
-1.183357448735481966e-10
2.520410448569939641e-11
-4.746874433413102223e-12
8.085117565553205826e-13
-1.242865127181253916e-13
1.689431155591421910e-14
-1.821984549379857160e-15
8.188925247881914107e-04
-1.528790419491129690e-03
1.246872378739167630e-03
-8.952262680848296688e-04
5.718520642456671353e-04
-3.290043973881220116e-04
1.727079187323100082e-04
-8.381015630155257796e-05
3.808377659432039353e-05
-1.640631669809358714e-05
6.778340261855423027e-06
-2.713779734172718627e-06
1.062144080723290523e-06
-4.092403036345829668e-07
1.560419606419769140e-07
-5.918426495755428322e-08
2.267440568573204800e-08
-9.622416655997859859e-09
3.149375075730287382e-09
2.175865963430894647e-10
-4.125018561586954882e-10
3.509744595437023523e-10
-2.671926508448598421e-10
1.809400681934548347e-10
-1.079635506948573979e-10
5.590275190371861403e-11
-2.448521719208119900e-11
8.647430578449594750e-12
-2.198938210607587763e-12
2.443628417246447427e-13
8.761628401421802186e-14
-4.878772245762784738e-14
5.546508318837250364e-15
3.505038208846424423e-15
-1.353801721617223542e-15
-1.348701766154879874e-16
1.589146411418336658e-16
-6.653865210739603874e-18
7.997504239572191809e-01
6.697933414324762748e-04
-1.267475574400186066e-06
2.065301404957021190e-09
-2.549388991181185286e-12
1.364423782798084406e-15
3.881399149771159809e-18
6.174048545861849153e-21
5.329564184624206983e-21
1.061489963284430884e-20
8.806460723819046210e-01
7.398750710256099539e-02
-1.263892709430683957e-02
-2.422502524637912963e-03
2.857928845872818868e-03
-1.108290780151237505e-03
1.565767856827659035e-04
7.641893667828940123e-05
-5.756043427749185431e-05
1.607957188670904286e-05
6.421961284945098021e-07
-2.504454480838796778e-06
1.006752375772705989e-06
-8.471118403743173829e-08
-1.061368410640996534e-07
5.766139727096927440e-08
-9.395912230629213007e-09
-5.403080342699865183e-09
3.384192741845602776e-09
9.581776276511938528e-01
1.393556291387859636e-02
-2.291928592504694981e-03
3.694509947265123772e-04
-5.803479218620546883e-05
8.841886775846891479e-06
-1.298277278938476164e-06
1.813605531307902234e-07
-2.340872031262882769e-08
2.589734306371155219e-09
-1.823320415685722496e-10
-1.601717780994688499e-11
1.103071193503983144e-11
-3.276717232677931047e-12
7.782557490516907705e-13
-1.638969511130597603e-13
3.166120083186203445e-14
-5.817883674998133469e-15
9.391847022942332749e-16
9.865645204395095957e-01
1.019430935661332777e-02
-3.867289380060947440e-03
1.466911903053664612e-03
-5.562940084732481824e-04
2.108795951242081041e-04
-7.988886379670943124e-05
3.023512330839715157e-05
-1.142682772156319103e-05
4.310366304278005540e-06
-1.622001365189643339e-06
6.085828110858205247e-07
-2.275799800370270764e-07
8.479449567151171341e-08
-3.148029399446929414e-08
1.166522035112116275e-08
-4.372398290298651854e-09
1.815738835188004772e-09
-5.865317299225930519e-10
9.969752570055226970e-01
3.022453998316625579e-03
2.287263946227152613e-06
1.730903551380844426e-09
1.309873832243856437e-12
9.912273820104106509e-16
7.713697712432016410e-19
-1.389876177986058838e-20
9.335935254612434062e-21
-5.529296037176779274e-21
3.119511832769262166e-21
-1.563550691181168092e-21
7.675485677139706541e-22
-2.934880522536124958e-22
1.437498687302267105e-22
-2.072786193004186025e-23
2.356675866732258904e-23
1.166773585625678078e-23
6.964873478715109558e-24
1.057847043555372180e+00
1.792399604897274015e-05
-2.646498200748986895e-07
6.742194436396052021e-10
-1.073302647318962833e-12
7.959997720862226929e-16
1.652584733525734793e-18
-2.796958342246792509e-20
1.831522564227865866e-21
2.017459035938851393e-21
1.045614533674979585e+00
-1.566484833211154171e-02
-1.885635648544584228e-03
1.717940587932991403e-03
-1.439976444624529236e-04
-2.308742509645058218e-04
1.147700805044835190e-04
-9.944700605369542922e-06
-1.450719173969198991e-05
8.061735775342768933e-06
-1.318972551095793339e-06
-6.543803167015383051e-07
4.857232111540894666e-07
-1.118728819821768989e-07
-2.493776096745044086e-08
2.767875297134164268e-08
-8.079835352915063737e-09
-1.415762524025993028e-09
1.620765703449187285e-09
1.021210465672377943e+00
-7.020756093719485690e-03
1.097259881371823349e-03
-1.553804197737757367e-04
1.860876320996429818e-05
-1.531986161923829182e-06
-3.556754488053834612e-08
5.352755612923501831e-08
-1.579593193740082359e-08
3.473728987435681378e-09
-6.520106395713594142e-10
1.079086520173894975e-10
-1.559873554488331447e-11
1.843630374316420956e-12
-1.307455550161873471e-13
-1.350206717719373090e-14
8.562182350920329503e-15
-2.548729944432964328e-15
5.475156354800285340e-16
1.006777959361782049e+00
-5.176798174142314100e-03
1.976403356121091658e-03
-7.541425860281608575e-04
2.874683540985710820e-04
-1.093853342570167428e-04
4.150308005014978951e-05
-1.567823717257856822e-05
5.885337911637059611e-06
-2.190244753213870565e-06
8.059269594922310134e-07
-2.923249562715302198e-07
1.041617806585089690e-07
-3.631120555249320364e-08
1.231776818280580068e-08
-4.034391459427119165e-09
1.263315669354326473e-09
-3.923718165227375889e-10
9.805213863540736299e-11
1.001515807809280512e+00
-1.515807809280771395e-03
-1.371871705018846615e-19
1.191423608444071070e-19
-9.768054312335161977e-20
7.551518000629060823e-20
-5.496107714433611982e-20
3.757916888100962533e-20
-2.407159317060474372e-20
1.439379139684389860e-20
-7.997107851121437681e-21
4.102709243510760088e-21
-1.926935732112075369e-21
8.184611049462269920e-22
-3.085265872167930525e-22
9.990610322269060163e-23
-2.585998626220763960e-23
4.106481335408214009e-24
1.624464611987616356e-26
7.700000000000000178e-01
