6.360680346203262392e-01
-2.927828582053583657e-03
3.837272978485392765e-06
5.999715284117013880e-10
-1.931790816783019170e-11
5.719134403269212966e-14
-8.154661844774570696e-17
-3.158776981848605775e-19
1.435062398741795703e-19
4.268566761713194127e-20
2.826954248696974537e-01
-3.110643551650046912e-01
7.170179250830008288e-02
1.133641586367056808e-02
-1.592318842884541535e-02
5.801294230652716787e-03
-3.196340087603732959e-04
-7.189651491201009366e-04
3.644139108383490349e-04
-4.548235690461698098e-05
-3.999367288771815525e-05
2.569445293310532649e-05
-4.730824937695460446e-06
-2.379977188743047713e-06
1.967647595043347313e-06
-5.064082747075098708e-07
-1.032080467474162891e-07
1.410925164467968792e-07
-4.831771144125199372e-08
1.709106477656269565e-02
-1.873076636247881024e-02
6.124026774459698057e-03
-1.492786010435867951e-03
3.035104221666065226e-04
-5.486504038218495221e-05
9.112804711149632668e-06
-1.402339525659773041e-06
1.967989825121961133e-07
-2.383103087035452021e-08
2.045517903112731865e-09
3.917592470854753236e-11
-7.631775514637921656e-11
2.466609869901172974e-11
-6.003466110339595528e-12
1.271834857979848343e-12
-2.452418602308756475e-13
4.482167744482812487e-14
-7.194172351601331116e-15
4.290083284327773764e-04
-8.098200864776819441e-04
6.819355212335300202e-04
-5.146045909317690072e-04
3.502927480552827971e-04
-2.168188136209642995e-04
1.231164548598098296e-04
-6.473294022304903789e-05
3.181493821845764728e-05
-1.475479229838000309e-05
6.517004130361525497e-06
-2.765863686948513684e-06
1.137303279191130479e-06
-4.564872106510658637e-07
1.800461853571615594e-07
-7.029969669681509171e-08
2.767981899812340404e-08
-1.209271635969381652e-08
4.030055924331353083e-09
-2.357083837639305668e-10
4.503122920917099526e-10
-3.922451328999926919e-10
3.109275651908865983e-10
-2.234862756656319000e-10
1.448375910805864422e-10
-8.391887313323693614e-11
4.291174011088842713e-11
-1.897105109296151962e-11
6.994261650075913481e-12
-1.993879986544981991e-12
3.474520098807364267e-13
1.861519026895109288e-14
-3.520969184809722892e-14
9.604330909381163315e-15
5.500954432886725027e-16
-1.109967571015402048e-15
1.626835692039501175e-16
8.176749885694220192e-17
7.628265722075217026e-01
1.068170802268358748e-03
-2.189434409429421502e-06
2.773467857953790413e-09
7.807879903571979537e-13
-1.438288414339418367e-14
3.637481987845628786e-17
-5.281641565019630888e-20
-1.053341201686092815e-20
4.258080300037471588e-20
8.722986047925039843e-01
9.397591226628618233e-02
-2.210658436917296854e-02
-1.156451368230927050e-03
4.188347289346387378e-03
-2.142107828236976697e-03
4.663398916990767955e-04
1.089397138035500217e-04
-1.318712710127759806e-04
4.679688468754444484e-05
-3.745917619184681095e-07
-7.836029656959070868e-06
3.769735980174673184e-06
-3.847921411861517732e-07
-5.017119188843674397e-07
3.121880530111615348e-07
-5.784060230883425473e-08
-3.908077446422586152e-08
2.637834385503189943e-08
9.612513900028858416e-01
1.305570608174094933e-02
-2.203828713397471429e-03
3.729527866658026653e-04
-6.321222473104890535e-05
1.069703750418471239e-05
-1.797899816131184380e-06
2.979759374879067046e-07
-4.823446685385185693e-08
7.522898181081834682e-09
-1.105842112047648455e-09
1.467554378946715341e-10
-1.568841148889676782e-11
6.966040269378236431e-13
2.797907932561330028e-13
-1.239698998545250560e-13
3.500915143928437246e-14
-8.695908192766568389e-15
1.787228018249394998e-15
9.875983901575788870e-01
9.415239086356452097e-03
-3.574021649003477404e-03
1.356717057266233328e-03
-5.150314056514514443e-04
1.955243337995619187e-04
-7.423472150577802313e-05
2.818881843838792539e-05
-1.070639901651797116e-05
4.067695770561310672e-06
-1.546107559334099340e-06
5.879849714688822162e-07
-2.237554681366060967e-07
8.521405893140271933e-08
-3.248838131250870158e-08
1.242725828823318108e-08
-4.841194568853265245e-09
2.108248376674365692e-09
-7.023035208190311358e-10
9.972095598017497453e-01
2.788492234273003394e-03
1.946604133132270320e-06
1.358894819444718633e-09
9.486238353086277542e-13
6.622412069473530093e-16
4.460284427417273193e-19
1.214186782451616302e-20
-8.131488935952740947e-21
5.306447034543299319e-21
-3.252853215417269239e-21
1.881110187509945391e-21
-1.015372719806884473e-21
5.196500755570246678e-22
-2.395375347709007489e-22
1.031547129839740009e-22
-3.847734042059392885e-23
1.686517851055811813e-23
-3.133956460575529655e-24
1.049391735609941145e+00
1.319779277147571477e-04
-6.380894231216310093e-07
1.129056570522343929e-09
1.971307228983138265e-13
-7.420438567396152967e-15
2.309577017591844014e-17
-3.539285222482919230e-20
-1.751511070119797740e-21
5.986255918497482977e-21
1.042251799215689223e+00
-1.299667353928774145e-02
-3.874900562603798317e-03
2.561675152978542397e-03
-6.149331021136729750e-05
-5.314480629093061397e-04
2.734970058149652499e-04
-3.002281098689225664e-05
-3.788047614675820775e-05
2.418068519731984470e-05
-4.626364691248444298e-06
-2.272023492702127315e-06
1.940330276990965451e-06
-4.954896689391977141e-07
-1.312551403255284445e-07
1.582647135154043672e-07
-5.074476065591866198e-08
-1.179797906377657723e-08
1.311781671935328328e-08
1.019673316709175381e+00
-6.629594567131419890e-03
1.080149780085615111e-03
-1.650663878487523091e-04
2.256084953834488129e-05
-2.485995245823223707e-06
1.349665987530712294e-07
3.188596667889635221e-08
-1.490609566793826141e-08
4.024127467679807123e-09
-8.920317418711525109e-10
1.754832506404130788e-10
-3.137981484272982612e-11
5.101937673548324924e-12
-7.369198552190338430e-13
8.766143315645482405e-14
-6.070950247422672824e-15
-9.447950067503833478e-16
4.815992473243543150e-16
1.006252389650313050e+00
-4.776164705951523211e-03
1.824120737945377803e-03
-6.965746400507559282e-04
2.659273645861496313e-04
-1.014700784795388423e-04
3.868361511025787669e-05
-1.472575782130005369e-05
5.592778308481432067e-06
-2.116834464764918904e-06
7.973090615864889138e-07
-2.983151027260360452e-07
1.106408962853871162e-07
-4.057666489468309548e-08
1.467291543683459051e-08
-5.217194301239162444e-09
1.831823491474122730e-09
-6.851575225060498087e-10
2.038408171423281508e-10
1.001398120996956909e+00
-1.398120996956712372e-03
-1.255054381789150728e-19
1.113340209768040702e-19
-9.407549101523395906e-20
7.566487115243888736e-20
-5.787089060729252199e-20
4.203690079116441820e-20
-2.895469775934004921e-20
1.887406159741131653e-20
-1.161434700115466849e-20
6.725993596218617007e-21
-3.651167903993830161e-21
1.848368525929484509e-21
-8.666376958693988509e-22
3.728527893403641524e-22
-1.458932466421559136e-22
5.391081489043361410e-23
-1.467751024976871785e-23
6.499999999999999112e-01
