8.080673905794827361e-01
-2.415775387155636323e-03
-1.307695481533556862e-06
8.981577582310669786e-09
-3.739105512902715832e-12
-3.478453697908157496e-14
5.654720956043586790e-17
2.277264201926194295e-20
5.020874714800425897e-20
-1.575710230753155954e-20
3.630213076818876727e-01
-4.164334726218425486e-01
8.327124808643113218e-02
3.130614266070551321e-02
-2.596961218496546264e-02
4.495279995768974683e-03
3.045882117461220628e-03
-2.010992629908547272e-03
1.439627426353875400e-04
3.763400294597406010e-04
-1.871689245945346773e-04
-4.938037267653537340e-06
4.375934853384959376e-05
-1.740853375098468437e-05
-2.499875037155077715e-06
5.114973912054684836e-06
-1.708485416188577766e-06
-6.240487720600008215e-07
5.877560178465251720e-07
1.410078744145036242e-02
-1.768792807701677697e-02
6.798444007259707433e-03
-1.932534170895545403e-03
4.499406709219412864e-04
-9.137370774525761688e-05
1.681887474822852727e-05
-2.857153925461867143e-06
4.466935756747112771e-07
-6.221694525123926920e-08
6.927267311669530494e-09
-3.211471321091790999e-10
-1.301348057097311717e-10
5.924396776219534183e-11
-1.703962577348219602e-11
4.111464487819682787e-12
-8.928335877897861419e-13
1.845828969140408027e-13
-3.315169437136140245e-14
1.939981120142865944e-04
-3.708837103066696763e-04
3.241632048903153054e-04
-2.595891176123886436e-04
1.910611571128311738e-04
-1.297764111902834951e-04
8.173653228549877716e-05
-4.798575398627925691e-05
2.640564200237119924e-05
-1.369882692038792442e-05
6.739654636439828010e-06
-3.163432369197890682e-06
1.425086499015344389e-06
-6.198256466761080982e-07
2.618714805351006471e-07
-1.083414497880891202e-07
4.480242823371187882e-08
-2.043193439935743239e-08
6.968221802820457906e-09
-3.083650051618157300e-10
5.947178761449325681e-10
-5.331061065267050796e-10
4.437701146118671639e-10
-3.424269787137508093e-10
2.442741389570544548e-10
-1.604843685019917566e-10
9.658952960469878581e-11
-5.286184209629353217e-11
2.602733675123207763e-11
-1.134455536474802692e-11
4.263242366223918315e-12
-1.314292095126375471e-12
2.942719742921552322e-13
-2.587509465795553967e-14
-1.314889589856875969e-14
6.931720069259412394e-15
-9.912398206983307774e-16
-2.784395617893566989e-16
7.334163065462520059e-01
1.125884375287007589e-03
-9.097575855294582091e-07
-1.746514376999937793e-09
3.669366109903603571e-12
5.745773613656118277e-15
-2.215276744177187874e-17
-9.807494184329373940e-21
1.015015696440586980e-20
-3.930477266993325705e-21
8.691661263950936078e-01
1.158016310511381791e-01
-3.146198635300013341e-02
-2.703949324878623332e-03
7.463754070814313142e-03
-3.207810728717001413e-03
4.175772426824288707e-05
6.149574330932759377e-04
-2.646923125045955172e-04
-2.322213181664982523e-05
6.868672551740278719e-05
-2.345429945329514406e-05
-6.052631196928638172e-06
8.072617825883260736e-06
-1.983512541558458785e-06
-1.114475215603419989e-06
9.439306112110643601e-07
-1.459555882453418403e-08
-1.790695300307742063e-07
9.684789994472881025e-01
1.073446132186562339e-02
-1.860574700380576057e-03
3.339125428556043921e-04
-6.293570255318058212e-05
1.245165600788944719e-05
-2.540912120789073891e-06
5.215613159913711453e-07
-1.053137961640712352e-07
2.057835157981806719e-08
-3.841720598219049567e-09
6.757240301861935807e-10
-1.094794369593305643e-10
1.555869138656215673e-11
-1.669592217484883623e-12
2.689705751470340223e-14
5.640241425282973617e-14
-2.449810130573285809e-14
6.548904858531632741e-15
9.899528691054622076e-01
7.636791937549984241e-03
-2.902375171067066335e-03
1.103076387862246153e-03
-4.192543052062973905e-04
1.593637198036199868e-04
-6.058679595010703172e-05
2.304127485724061041e-05
-8.767568255255975331e-06
3.339320809274806648e-06
-1.273745453582500962e-06
4.869518689736360529e-07
-1.867705484861235112e-07
7.196376428003803842e-08
-2.790660252637894230e-08
1.093836981959491824e-08
-4.414817182372560908e-09
2.019997599641643556e-09
-6.953661369765748506e-10
9.977420132657033314e-01
2.256711156270171936e-03
1.274857429174994585e-06
7.201902914129692647e-10
4.068484628370873574e-13
2.300149049692660962e-16
-1.502772971078905423e-20
1.130005733386161675e-19
-8.457906270308071203e-20
6.079174054944619031e-20
-4.189374733872157179e-20
2.764376761998245456e-20
-1.744336550782583957e-20
1.050564805578188119e-20
-6.039149883703843747e-21
3.314691088359677793e-21
-1.774069411473616127e-21
9.914945403921019564e-22
-3.654669859061666556e-22
1.000171929554084294e+00
3.574898668263478481e-04
-4.687008285343911218e-07
-7.021099250875133772e-10
2.193563769478888443e-12
2.026488005329190753e-15
-1.325977557686931807e-17
7.889802717458631777e-22
4.910862802092417439e-21
-1.502487675964159613e-21
1.021364094196229422e+00
9.808968197715506668e-03
-1.202367341092155581e-02
2.472658078576156840e-03
1.966893682824506513e-03
-1.566784888693074961e-03
2.845242303933706433e-04
2.187429635279176227e-04
-1.545908227425025398e-04
1.480130267691380713e-05
2.937868298202823153e-05
-1.570711329851996694e-05
-3.384688870188223148e-07
3.879087330306161162e-06
-1.555319814615397011e-06
-2.851771753985129472e-07
4.839635562847704478e-07
-7.161034975945369716e-08
-6.587314228414055976e-08
1.015946644696667178e+00
-5.406256465885429102e-03
8.912882101250043732e-04
-1.375412224220931979e-04
1.830227974982980281e-05
-1.596657872677713988e-06
-1.186183090796793633e-07
1.094546245456084865e-07
-3.710223972923894433e-08
9.802074344040906893e-09
-2.266380436821671903e-09
4.765368275361966713e-10
-9.230540109651358910e-11
1.643605423070044051e-11
-2.638098089584020912e-12
3.601934182076126211e-13
-3.355804953144490954e-14
-1.990930436838507108e-15
1.819070161721483984e-15
1.005058472119401802e+00
-3.864296953450479730e-03
1.475998385554417886e-03
-5.637536132094090940e-04
2.153117407299804309e-04
-8.222346629482657845e-05
3.139261699581064426e-05
-1.198072212491840025e-05
4.569092269889807078e-06
-1.740441613964755665e-06
6.616923419405646675e-07
-2.508200422755099719e-07
9.465343555395029331e-08
-3.548981619886934978e-08
1.318616933475249702e-08
-4.842125668983030708e-09
1.766595134525700034e-09
-6.930291158244803038e-10
2.132864019668651076e-10
1.001131114212536755e+00
-1.131114212536665472e-03
-1.491162052141403504e-19
1.357150254246792345e-19
-1.189112871098557831e-19
1.002668799446123420e-19
-8.132601555277566623e-20
6.341385067980877580e-20
-4.750150750303796963e-20
3.415219374883318872e-20
-2.354294961888235972e-20
1.554143923787112056e-20
-9.810250762921089741e-21
5.912419521833822850e-21
-3.398993074697424187e-21
1.868976323103465646e-21
-1.000731111899702929e-21
5.598278222709820043e-22
-2.063009718140645231e-22
1.849999999999999423e-01
