5.323345231264976496e-01
-2.204053410412383854e-03
3.373862603483677812e-06
-3.433654434191598078e-09
-4.887687411885701334e-13
1.329845321776445022e-14
-4.004274701877478527e-17
-2.905729115843772080e-20
8.104739623718286511e-20
-5.286157508814766021e-20
2.533432906001581997e-01
-2.532319111356544084e-01
4.899797268816724616e-02
1.099101331089700866e-02
-1.127582967224483555e-02
3.612795097384319601e-03
-1.434643935571140293e-04
-3.983888500579410921e-04
1.853417137497903632e-04
-2.459241069131002183e-05
-1.462346092622031134e-05
9.337785579333803061e-06
-1.782657947710578395e-06
-6.036078063433116372e-07
5.145169721077782243e-07
-1.289879477972281078e-07
-2.031744095782259079e-08
2.844478281703215953e-08
-9.225886150158559240e-09
2.187937893669260336e-02
-2.192460800362621906e-02
6.486058454862582770e-03
-1.438652693810243749e-03
2.680635950026052624e-04
-4.446325436391621917e-05
6.700684323796112771e-06
-9.051199131912849706e-07
1.024895462572349005e-07
-7.327311704926304046e-09
-5.756858730456588643e-10
4.006114568572861487e-10
-1.140172142814367054e-10
2.554310470410936418e-11
-5.010013055900488648e-12
8.886548581463987266e-13
-1.433484561431989948e-13
2.096800222491085272e-14
-2.555855841139137670e-15
7.402780818709796436e-04
-1.384636315571222001e-03
1.135440889589790434e-03
-8.220648749813631428e-04
5.306861736739382348e-04
-3.089973019595540233e-04
1.642748687643399064e-04
-8.073986023410308099e-05
3.714031935068369457e-05
-1.618127749513204288e-05
6.752445893668194926e-06
-2.726587790063992746e-06
1.074778599479718638e-06
-4.165601635853318759e-07
1.596349660193762183e-07
-6.082803897490295937e-08
2.341708385199763947e-08
-9.994268724215540029e-09
3.283312276063774750e-09
3.860516242161777929e-11
-7.328158428852031446e-11
6.259522566919085916e-11
-4.797595519440571606e-11
3.281624504456457521e-11
-1.985801345067654174e-11
1.048432157318596061e-11
-4.720470115686229081e-12
1.738874118591319249e-12
-4.780757198431852883e-13
7.054110799299277983e-14
1.142360956703579395e-14
-9.707247348536987043e-15
1.792396184040046596e-15
4.875537874369217085e-16
-2.993618470669549636e-16
7.505249242244958203e-18
2.998977914751696147e-17
-5.611382789305482628e-18
7.941289085844426276e-01
7.311430909307876013e-04
-1.429691265700484411e-06
2.335977913147246484e-09
-2.693582764353014928e-12
5.232340145104489865e-16
7.666411556008847768e-18
-5.841452359720806604e-20
-6.880514610989545754e-21
-3.354039406725725207e-21
8.794126719617387788e-01
7.709969544520572926e-02
-1.405697273541200130e-02
-2.255185313863219097e-03
3.055582114253365712e-03
-1.253598577606498087e-03
1.996034859969288372e-04
7.946467491089706362e-05
-6.645397063025743848e-05
1.991316035296364519e-05
2.981580069488228924e-07
-2.981197298392006510e-06
1.283669392967460304e-06
-1.311782631835290238e-07
-1.318684954788466731e-07
7.743117266174950826e-08
-1.405905636992590013e-08
-7.188159556681186593e-09
4.818048963271816384e-09
9.587376172390807971e-01
1.378352578077960376e-02
-2.279760680678327104e-03
3.711923981511829822e-04
-5.919370929676184205e-05
9.205344483510902623e-06
-1.388437788798894351e-06
2.010565964456420746e-07
-2.736171262079149718e-08
3.332058810160095475e-09
-3.133202459598815949e-10
5.534440819676952671e-12
7.803436070787238887e-12
-2.863410393272360791e-12
7.420248940712113374e-13
-1.653284398134727575e-13
3.345768973130613396e-14
-6.449315070809980038e-15
1.090548473245820871e-15
9.867555628160468162e-01
1.005049019628097458e-02
-3.813241836647354461e-03
1.446665912489214370e-03
-5.487555616066864487e-04
2.081025101427666198e-04
-7.888404891137898781e-05
2.988208558499634449e-05
-1.130859619138513050e-05
4.273889325304902205e-06
-1.612426662036496911e-06
6.070207077979703793e-07
-2.279479802343668739e-07
8.536136837592607707e-08
-3.187861002616950497e-08
1.189357584780249556e-08
-4.493798452452390187e-09
1.884245517938017694e-09
-6.124856614882704134e-10
9.970185858802746992e-01
2.979190259003683134e-03
2.222201926033684891e-06
1.657558252662934763e-09
1.236386005612028736e-12
9.222295742238053185e-16
6.884067645063461513e-19
1.627447640263964283e-22
2.282860752526346212e-22
-1.395734247211356721e-22
7.820220807128113909e-23
-3.470965816019533832e-23
2.257462989374431184e-23
-8.069169819375027929e-24
2.809237099165207704e-24
-1.679960963742244967e-24
1.822732365892811665e-24
1.372402464366377960e-24
3.356799838755423237e-25
1.057087605934958985e+00
3.073738596134953073e-05
-3.174252353204918867e-07
7.906004239063245112e-10
-1.174151428978207435e-12
4.568732942692616416e-16
3.563332779660898036e-18
-1.887736739737923944e-20
3.920698665535178850e-21
-3.415717509938485090e-21
1.045248083085996038e+00
-1.554499882310445003e-02
-2.077274890099403519e-03
1.834607093528456932e-03
-1.472127811556803146e-04
-2.634500213402978354e-04
1.341539714327301294e-04
-1.326996737932276481e-05
-1.672170657648460243e-05
9.810055919151844392e-06
-1.758562801634954997e-06
-7.620777673884208331e-07
6.147014243735739247e-07
-1.524950697259978440e-07
-2.908302918433200058e-08
3.682116909479830642e-08
-1.151913625248217219e-08
-1.779658460782389196e-09
2.275354411830724823e-09
1.020931461583968414e+00
-6.954949399072245936e-03
1.096430763084118047e-03
-1.577358347823085930e-04
1.943802415637230235e-05
-1.720939008948874635e-06
-2.870761565863803582e-09
4.940395725898048218e-08
-1.558796441027072340e-08
3.555733124543164120e-09
-6.892400446321023070e-10
1.182499128382243588e-10
-1.794764705677721726e-11
2.310210699015713745e-12
-2.130867679296071824e-13
-7.851798994828266255e-16
6.958732377422510331e-15
-2.436407058459976886e-15
5.606294568606412521e-16
1.006680831060327019e+00
-5.102834235124502002e-03
1.948352954811892294e-03
-7.435880614678849233e-04
2.835545748741937020e-04
-1.079709704955363221e-04
4.101418618460387109e-05
-1.552201802116329847e-05
5.842625938314125176e-06
-2.182755806662882980e-06
8.073773284082586733e-07
-2.948589875683850076e-07
1.059862642632706233e-07
-3.735757800371746272e-08
1.285224685249156725e-08
-4.288419130474800860e-09
1.380017888318493464e-09
-4.500997823162871044e-10
1.184797577216293641e-10
1.001494044060236455e+00
-1.494044060236462230e-03
-4.154623573943678497e-21
3.619564449652108336e-21
-2.982492934512822952e-21
2.321343092091185576e-21
-1.703705776020657986e-21
1.176814047486727042e-21
-7.632031859430301911e-22
4.632016300122509745e-22
-2.619478616140452568e-22
1.372699415595358560e-22
-6.616862255898038046e-23
2.902885393893269173e-23
-1.140720309693871092e-23
3.912192507016732815e-24
-1.110930040670787493e-24
2.258941727270672547e-25
-2.112302403844957014e-26
7.550000000000000044e-01
