7.994927270727149038e-01
-2.531686058446469025e-03
-1.036291280139663089e-06
9.716834143765062767e-09
-6.971395819238348542e-12
-3.531777016317457070e-14
7.942485684990557529e-17
7.290764230403695816e-20
-4.684855996936993616e-21
-1.013834397284719608e-21
3.564656984866380052e-01
-4.105437180376715900e-01
8.516554540137184770e-02
2.882487757701083717e-02
-2.563099794415291816e-02
5.149858563771509724e-03
2.623282464932935685e-03
-1.991690442264837987e-03
2.494454574775544224e-04
3.225464727192660190e-04
-1.905387326994626503e-04
1.085574427462805331e-05
3.739695340050225574e-05
-1.861983985371084069e-05
-2.998613107055445377e-07
4.415247581311537242e-06
-1.910121136893265857e-06
-3.919270412667759411e-07
5.256868209543509064e-07
1.399229105271709850e-02
-1.743082021892060351e-02
6.641568093097120762e-03
-1.872241231393231365e-03
4.327602751186101549e-04
-8.737864641646002144e-05
1.601662563148181564e-05
-2.714345826211196233e-06
4.243572760538680013e-07
-5.937835701715194275e-08
6.737246066790332989e-09
-3.641382404547047119e-10
-1.053775227305468465e-10
5.132026987011462457e-11
-1.496289782438827807e-11
3.627162337458166595e-12
-7.893355350680423448e-13
1.635121812564201656e-13
-2.944030519424367627e-14
1.997950528044025679e-04
-3.817252243034635747e-04
3.330189826448744618e-04
-2.658826968207625495e-04
1.949129945073615740e-04
-1.317551947371554391e-04
8.252964348882744475e-05
-4.816448437328446435e-05
2.633977258985748977e-05
-1.357867163238119163e-05
6.639005251192528869e-06
-3.097544703153757704e-06
1.387580938662470982e-06
-6.004269171196171694e-07
2.525244655152339799e-07
-1.040626333742076176e-07
4.288666846598497733e-08
-1.950036356004697724e-08
6.640143002467922630e-09
-2.998355861358491063e-10
5.779844546914640067e-10
-5.173379399162582191e-10
4.295610169790586561e-10
-3.302627370248251655e-10
2.344564950042548458e-10
-1.530745976402414182e-10
9.140365045523268765e-11
-4.952645219619572177e-11
2.407628003860393806e-11
-1.032013261958042357e-11
3.789319544781506939e-12
-1.126779237887080677e-12
2.343216914834851091e-13
-1.251516862762171576e-14
-1.389969806785643160e-14
6.030682978682561925e-15
-5.924206499089822658e-16
-3.370296752104257722e-16
7.324212195456056840e-01
1.158661210249857737e-03
-1.060395773374344370e-06
-1.690251714930625312e-09
4.555209307123482671e-12
4.624487159623017623e-15
-2.750460866332273627e-17
2.718734710495003358e-20
-4.284689953904871560e-21
-9.394070965239058622e-21
8.681597415195255740e-01
1.153130671490890519e-01
-3.141697809464776697e-02
-2.281905806963392246e-03
7.215852925742511324e-03
-3.250754131746753060e-03
1.597238097653826659e-04
5.642625350593854150e-04
-2.744836816728631296e-04
-3.387160064083378454e-06
6.179955148982195826e-05
-2.573609831366683779e-05
-3.057622286653877579e-06
7.296504141256132627e-06
-2.443401532200132102e-06
-6.787172714717485735e-07
8.516951371993833748e-07
-9.841059169804251756e-08
-1.221637921513663174e-07
9.675761436347474209e-01
1.102868078978736822e-02
-1.905962764800653124e-03
3.398263214504161937e-04
-6.330964647184354570e-05
1.232432985813577980e-05
-2.469244249008074668e-06
4.978710874450943962e-07
-9.894263418101144088e-08
1.907399949494399824e-08
-3.521308133574084324e-09
6.138086807947347488e-10
-9.877405169634792786e-11
1.398566201301865633e-11
-1.507978583126205968e-12
3.095903001137418080e-14
4.763617668488691119e-14
-2.091315631243597790e-14
5.593317014270358572e-15
9.896601690549842179e-01
7.858115491280188991e-03
-2.986049583299566369e-03
1.134710044838223558e-03
-4.312134225788201414e-04
1.638847868494233641e-04
-6.229588910742994516e-05
2.368728984105279226e-05
-9.011681989263164072e-06
3.431501533185736582e-06
-1.308502406314141111e-06
5.000187094455405764e-07
-1.916565962917609458e-07
7.377364460166283015e-08
-2.856638859221866628e-08
1.117257654294832171e-08
-4.494656444753647882e-09
2.047081949750548103e-09
-7.025648262438810033e-10
9.976758898017338284e-01
2.322758873870584256e-03
1.350538685185538189e-06
7.852535883988042777e-10
4.565755471171611769e-13
2.656312401033546949e-16
2.412030219947553237e-20
1.012545847178717036e-19
-7.544071478467750561e-20
5.395885133224553934e-20
-3.697732097142419411e-20
2.424175609785290209e-20
-1.518344705461877923e-20
9.070073577398374972e-21
-5.162668830853333997e-21
2.803198014032445490e-21
-1.477510513570976622e-21
8.125369820858075032e-22
-2.973719575951848128e-22
1.005377165533771544e+00
3.493221000224409054e-04
-5.158601363012536522e-07
-6.601259914107264440e-10
2.630082434837727509e-12
1.187625784292038065e-15
-1.576887217328404983e-17
1.775672073986937962e-20
-3.355270266691964391e-22
-1.840877913701028924e-21
1.023876428973297337e+00
7.299431226360744707e-03
-1.140098225709706981e-02
2.690613511297327079e-03
1.715720201505447099e-03
-1.514199646473547581e-03
3.316716960951216105e-04
1.825295681220014425e-04
-1.516986175605336865e-04
2.386529724892588853e-05
2.436659032979682904e-05
-1.593936689659420928e-05
1.166065176969412303e-06
3.249080933303475517e-06
-1.679942002740317916e-06
-4.987258486496882264e-08
4.039034912965591733e-07
-1.075223608964480657e-07
-3.322142605465537032e-08
1.016414869837178658e+00
-5.567064006028996787e-03
9.192337423562713843e-04
-1.426282999141653652e-04
1.932711506772595014e-05
-1.831611683849015314e-06
-5.968737433665491627e-08
9.436988458668132368e-08
-3.335541854403929364e-08
8.920743661467884231e-09
-2.072029807055670576e-09
4.366119325305137939e-10
-8.474198745031936101e-11
1.514457196955242021e-11
-2.450687735919409551e-12
3.415291645323713357e-13
-3.430644025993675992e-14
-7.545826090237507581e-16
1.405137400489468732e-15
1.005206559684274303e+00
-3.977423071969476281e-03
1.519206180011113379e-03
-5.802553698157784847e-04
2.216131215650069832e-04
-8.462906345688875657e-05
3.231052475924577571e-05
-1.233068453008082299e-05
4.702348397396721406e-06
-1.791086356342972266e-06
6.808906512416802945e-07
-2.580742469640826081e-07
9.738462217569347987e-08
-3.651471825985735594e-08
1.357019951249148189e-08
-4.986634993126812068e-09
1.822400465175339477e-09
-7.175078563383632337e-10
2.215358652861140214e-10
1.001164228089589825e+00
-1.164228089589761398e-03
-1.439891046075325868e-19
1.308761888275639350e-19
-1.144586409687368614e-19
9.627959558400395050e-20
-7.785873113662249499e-20
6.049251440439817193e-20
-4.512206893667957984e-20
3.228278143978956178e-20
-2.212932469950550341e-20
1.451472020306768947e-20
-9.095417865784623462e-21
5.436063482649570954e-21
-3.095144557322955275e-21
1.682468183781122904e-21
-8.881814533901042907e-22
4.888109484696872132e-22
-1.784372573160562614e-22
2.500000000000000000e-01
