7.830709498121956047e-01
-2.720881777388930219e-03
-4.408420094489824702e-07
1.062879735004469539e-08
-1.359897244944668399e-11
-3.052659700649126899e-14
1.190172032002465032e-16
-8.604836881342637497e-20
3.711254647857408479e-20
-1.386697724723803869e-20
3.452797013679531624e-01
-3.994825968991077558e-01
8.737416837975793549e-02
2.477172544324025838e-02
-2.475383582625367840e-02
6.047289789338707207e-03
1.908527213280740431e-03
-1.886855863203370327e-03
3.903730728631434272e-04
2.275933079658176163e-04
-1.823803413002634676e-04
3.171008622908861381e-05
2.542384216351890441e-05
-1.832861214482423183e-05
2.628159408873279342e-06
2.928999052217400097e-06
-1.889255768308801232e-06
-3.043975847025552225e-08
3.570074714668523499e-07
1.391962445834945931e-02
-1.711549442539638324e-02
6.416025059169337512e-03
-1.780609250503161455e-03
4.060125564298085079e-04
-8.107584261361790970e-05
1.473674489220821730e-05
-2.483041279102141704e-06
3.871694526004652721e-07
-5.433575283296790362e-08
6.285942845950337120e-09
-3.936735428708263180e-10
-7.548188745185271304e-11
4.089860012841016951e-11
-1.213293505248695140e-11
2.953204197277027627e-12
-6.429226690275968221e-13
1.331647113651412224e-13
-2.399282165246475383e-14
2.126888717530528493e-04
-4.058760763707379687e-04
3.528480915611839890e-04
-2.801281907218709528e-04
2.038190106797020988e-04
-1.365331199740446035e-04
8.465027386674275791e-05
-4.885734632593810508e-05
2.641128981073171954e-05
-1.345697310707882831e-05
6.504059722147302754e-06
-3.001228151492643578e-06
1.330647316454216255e-06
-5.704315030850941004e-07
2.379374005594940246e-07
-9.735502620105141173e-08
3.987737407190388618e-08
-1.803581611136221852e-08
6.124239644074371979e-09
-2.869651984640844344e-10
5.526675959783837006e-10
-4.933060616924346434e-10
4.076798041477235469e-10
-3.113162654958307480e-10
2.190028749349409316e-10
-1.413136077461387771e-10
8.312995883741104321e-11
-4.419816983905034688e-11
2.096940434544744992e-11
-8.702752209991354987e-12
3.052642346560164525e-12
-8.428383747432325581e-13
1.476980311766402183e-13
4.733677362148004859e-15
-1.380930670098120901e-14
4.404547811863035989e-15
-3.417072103236960384e-17
-3.795471219718420439e-16
7.319491642710582724e-01
1.206341549699509750e-03
-1.338221629521895282e-06
-1.435128128754224359e-09
6.075744078182061680e-12
1.037533290386668770e-15
-3.458236723780603427e-17
1.433086398273252542e-20
-3.537472889319931438e-21
7.032934580678128145e-21
8.669733344923992169e-01
1.140362328105374440e-01
-3.109665507015244024e-02
-1.658798776768527494e-03
6.765892272428518893e-03
-3.262312949736758273e-03
3.323000210128716184e-04
4.716484768863356725e-04
-2.775927667819039842e-04
2.526813414569953236e-05
4.820118012908466396e-05
-2.695736279157995652e-05
1.267513875220417428e-06
5.535568299004089773e-06
-2.771798502737522754e-06
-2.955818307513992331e-08
6.168126612740131932e-07
-1.911747578675673899e-07
-3.131936142767530944e-08
9.662100447675233683e-01
1.147319140061371298e-02
-1.974338735425644389e-03
3.486640372255942920e-04
-6.384083467951564791e-05
1.212277527910317539e-05
-2.358998433454688471e-06
4.617546101430240635e-07
-8.927795126748374831e-08
1.679742179849020373e-08
-3.036093328580417607e-09
5.195471911723085126e-10
-8.224794518712391594e-11
1.147266971568982459e-11
-1.218703163378390741e-12
2.377865067195869650e-14
3.800275909983370263e-14
-1.645334663077980837e-14
4.362682211990948176e-15
9.892169415998134374e-01
8.193135929411050553e-03
-3.112662148289073276e-03
1.182559412820295437e-03
-4.492965491614147634e-04
1.707187420701927164e-04
-6.487855817040517111e-05
2.466326566228748467e-05
-9.380411886414820124e-06
3.570720949715507407e-06
-1.360989386524894891e-06
5.197472336509079741e-07
-1.990301813680259135e-07
7.650208360154036837e-08
-2.955889146320222890e-08
1.152340189235864356e-08
-4.613212923998246370e-09
2.086505310855114562e-09
-7.128024752666553421e-10
9.975757241466648439e-01
2.422805629925743609e-03
1.469331779461055952e-06
8.910891785600303806e-10
5.404087075377004706e-13
3.278701515955139898e-16
9.068246110092207085e-20
8.350122340474980768e-20
-6.169310915152408852e-20
4.371970906046704080e-20
-2.964153882192859900e-20
1.919853915804608515e-20
-1.186365143025194236e-20
6.972234935535914687e-21
-3.897029506624364831e-21
2.070210756557352463e-21
-1.064297202041336959e-21
5.652002297040496565e-22
-2.024218720719930817e-22
1.013911180385914212e+00
3.310236437468116674e-04
-5.958549671094409948e-07
-5.206206862726735777e-10
3.344480598946838981e-12
-1.139297995600544188e-15
-1.827912100391556408e-17
2.640275102985474936e-20
-4.044025390724904406e-21
4.353762285182402343e-21
1.027843642154034676e+00
3.197708692958103286e-03
-1.026195323863908319e-02
2.964798760988403628e-03
1.305620004767036333e-03
-1.395452777990383638e-03
3.892251183145619114e-04
1.227203113081845706e-04
-1.400227529672808200e-04
3.525339700272752953e-05
1.566546294898936840e-05
-1.494922905423300404e-05
3.086386892356766565e-06
2.066282916696421477e-06
-1.643123165167559904e-06
2.606659993366200610e-07
2.440379512889124948e-07
-1.366921264980093134e-07
1.301928145246541532e-08
1.017123220737754963e+00
-5.809216400015931696e-03
9.608096363679874624e-04
-1.500375100939180869e-04
2.078613468160957472e-05
-2.162723841136566741e-06
2.382638934676595072e-08
7.271468038850255708e-08
-2.790326298221450468e-08
7.622417831515648702e-09
-1.782341363834293706e-09
3.763215227116999811e-10
-7.312044248726425757e-11
1.310414430173308878e-11
-2.137682556895903958e-12
3.046409606087153983e-13
-3.311582487118843876e-14
5.037311302676198754e-16
9.153771087183515161e-16
1.005430885713019196e+00
-4.148786503022434263e-03
1.584655315826156595e-03
-6.052497400713171410e-04
2.311561272473471203e-04
-8.827112940336827903e-05
3.369948135782731302e-05
-1.285972489609668583e-05
4.903458348770102700e-06
-1.867312957038540412e-06
7.096651393880268753e-07
-2.688788587029121404e-07
1.014161479956454240e-07
-3.800900494543029746e-08
1.412103960183114021e-08
-5.189659009847645719e-09
1.898823175430878012e-09
-7.500465601657848716e-10
2.323083449020137014e-10
1.001214390095669149e+00
-1.214390095669077999e-03
-1.370979565445283040e-19
1.243054576441763380e-19
-1.083342598145247519e-19
9.071642936073350657e-20
-7.294964474442739518e-20
5.629754456272963741e-20
-4.166091614015286643e-20
2.953301639875035784e-20
-2.003101544957412518e-20
1.298032295186400320e-20
-8.022468229786347034e-21
4.719816641839988482e-21
-2.638790448404587275e-21
1.403580306581947808e-21
-7.212346361937988945e-22
3.845485927706511182e-22
-1.377636660587261259e-22
3.349999999999999645e-01
