1.832354815857100971e-01
-1.386736919577423715e-04
4.706142743115721453e-08
-1.576598725802791667e-11
5.234351828147618133e-15
-1.717862376180217186e-18
2.386535409297974104e-21
-3.214776810998861526e-22
-2.022822001191161267e-22
-9.929875358965700399e-24
1.410804641213461719e-01
-4.915919029997897760e-02
-4.395171675987007490e-03
2.590318375049930223e-03
-2.363377749712225137e-04
-6.074818923590893384e-05
1.840656292985413169e-05
-5.812249018137907718e-07
-6.030011247775429340e-07
1.150984990536618529e-07
4.947276019844897384e-09
-5.071677639269172527e-09
5.859121168590142992e-10
1.008118905005883593e-10
-3.695138345120269596e-11
1.760030271719307059e-12
1.109048597783473224e-12
-2.160839994001589382e-13
-9.318699662321720791e-15
5.480786176400840454e-02
-3.043155197184423816e-02
4.289649004446503475e-03
-3.255445603511057250e-04
-8.564705391737764106e-06
7.670469957825479186e-06
-1.501991194449662271e-06
1.859384179227299369e-07
-1.279830782690835940e-08
-6.590159949680558464e-10
3.828769714502049034e-10
-7.145965079143828970e-11
8.465976903148928027e-12
-5.118085792906349133e-13
-4.710499721743338951e-14
1.993958359459317952e-14
-3.473644846685042484e-15
3.802793945856078156e-16
-1.832257697531323461e-17
5.563037509802888116e-03
-9.718388100719279818e-03
6.623114241039624282e-03
-3.660613402053783990e-03
1.705740060762190929e-03
-6.934884105668552784e-04
2.531370185667410392e-04
-8.474192747641077052e-05
2.629021380790422978e-05
-7.503034604469379653e-06
1.886705234968971183e-06
-3.562321959260963020e-07
3.728057908035070963e-09
4.521006883655525658e-08
-3.301898885609522261e-08
1.766427387748751681e-08
-8.380220329825658306e-09
4.084676896535309591e-09
-1.416593640797941068e-09
1.410607316139764415e-06
-2.584607671545500417e-06
1.978979770526099062e-06
-1.248646675741880381e-06
6.299653139512641238e-07
-2.380906848013158555e-07
5.603402021551265454e-08
-8.568584149195195116e-10
-4.624963495163618889e-09
1.094077899282509288e-09
3.187634145424197699e-10
-1.699622488658830549e-10
-2.684939771880182599e-11
2.452670822506536705e-11
3.720942066563166175e-12
-3.663034825119236744e-12
-8.656591905862567122e-13
4.750381575207164416e-13
2.095044660042152760e-13
8.896345268382664928e-01
4.613135587411992968e-05
-1.364856619906654589e-08
4.461540952137428376e-12
-1.520711803933818676e-15
5.259899458031195728e-19
-9.140537916068316559e-22
6.370508104498842631e-22
-1.605830974778437298e-22
2.792379116723175326e-23
9.045646287048243472e-01
1.771332006434166509e-02
1.992489054475906924e-03
-8.003580105705340687e-04
5.919287874990160586e-05
1.774378740723784432e-05
-4.979879625604959035e-06
1.695099816385849129e-07
1.586364964047753050e-07
-3.276117940516775359e-08
-6.984352355455868154e-10
1.389553310465110511e-09
-2.007142019904064690e-10
-2.177048137508468295e-11
1.141761157466069556e-11
-9.823804119110731889e-13
-2.911993295224839079e-13
8.104565039354480148e-14
-1.451336541542925022e-15
9.398417942791019719e-01
1.491760678542223065e-02
-1.341544833684726792e-03
5.249507056999482598e-05
9.136041089944474495e-06
-2.612513147808556389e-06
3.937276541985531842e-07
-4.071985569505769378e-08
2.195297601495426865e-09
2.182319441156274062e-10
-8.693497835604719784e-11
1.551256401153440374e-11
-1.899517524195354559e-12
1.408677020982713759e-13
3.905627732872924858e-15
-3.588800344073642410e-15
7.447548630678288192e-16
-1.005750048281399208e-16
8.472249837310955750e-18
9.785768769426853586e-01
1.599260836543366093e-02
-5.891372195130830519e-03
2.123284064976645180e-03
-7.404277918868554503e-04
2.465185266414592698e-04
-7.705632362847631464e-05
2.205194918481272838e-05
-5.498067441648258752e-06
1.031078578888994505e-06
-3.225513908801480439e-08
-1.010118362359038561e-07
7.135875214558626038e-08
-3.585358551970903049e-08
1.563640289035605633e-08
-6.288366922105108277e-09
2.417410659844820786e-09
-9.800740317673779508e-10
3.064282433797511187e-10
9.951180064396893954e-01
4.876027803657519664e-03
5.958475343316607175e-06
7.265876692951579856e-09
1.978472314880568644e-11
-6.951404839165609358e-12
3.962744527999366920e-12
-1.978706446254066277e-12
8.466684132645586968e-13
-2.974889932038142191e-13
7.799660935560304119e-14
-1.065024318662340188e-14
-2.084747475253262477e-15
1.596318325851562902e-15
-3.005905617669094571e-16
-7.094067904437901552e-17
4.880581124526300182e-17
-1.690313063191285253e-18
-4.897309334564422869e-18
1.051667220690146065e+00
-1.588922028026916688e-05
2.779309167364513869e-09
-3.352633299638695859e-13
-4.998656653768685642e-17
6.443499043770127730e-20
-2.273597206879695205e-22
-9.020722095677116733e-23
1.184452108554021795e-22
-2.849261489408496419e-23
1.045876567827473735e+00
-7.048945495227215176e-03
-1.015976920063029268e-03
2.635738627478802633e-04
-1.429703082624430155e-06
-6.404976943772134468e-06
5.532521205658628172e-07
1.367681066248653223e-07
-2.460133709601062667e-08
-3.445779111494257555e-09
1.220412907344992250e-09
4.904386054610647390e-11
-6.213039874561712090e-11
5.308633510862920485e-12
2.196786939677612963e-12
-5.543610228451341809e-13
-1.881763163565445809e-14
2.666951580650319605e-14
-3.163772997556170038e-15
1.030308697673508966e+00
-7.214986039204084045e-03
5.527849845421470938e-04
-8.721207103653323360e-07
-7.727894807294101337e-06
1.418352267932628389e-06
-1.440344430401691844e-07
4.644906405497181303e-09
1.474050277750871201e-09
-3.669956680721941326e-10
4.717290440615704132e-11
-2.933892650441831221e-12
-2.657038704852887922e-13
1.100262814700531894e-13
-1.801890203068890180e-14
1.695363141260486553e-15
-1.098478858460854350e-17
-3.197856561240508710e-17
6.959570997436918340e-18
1.010841884778733935e+00
-8.153846842890871000e-03
3.015622989303115044e-03
-1.084958735734239173e-03
3.743300285066168557e-04
-1.215677730566348027e-04
3.616244440598372333e-05
-9.357021495816576279e-06
1.816243298782388255e-06
-6.069832754781127975e-08
-1.848948869919701038e-07
1.325317871908652759e-07
-6.683279906172528843e-08
2.893541624496545308e-08
-1.139490675529260895e-08
4.173983897736339703e-09
-1.439047787642774710e-09
4.987996411671481459e-10
-1.369438074105857033e-10
1.002449963450852355e+00
-2.449963443652288832e-03
-1.312678938859483907e-11
1.033512378540917322e-11
-7.355268186668599660e-12
4.702453621952594016e-12
-2.675574989499919692e-12
1.335342941452909267e-12
-5.709736855545725245e-13
2.003909710015756776e-13
-5.242110574194723563e-14
7.098583604924201126e-15
1.430723165116407793e-15
-1.079084684288593322e-15
2.011521352508684272e-16
4.865043538673251471e-17
-3.299223645843691328e-17
1.068656171669023273e-18
3.330919156802869842e-18
9.299999999999999378e-01
