6.943368711848583175e-01
-3.103631649571140724e-03
2.812072341982846292e-06
6.127813711788365664e-09
-3.023062655788243350e-11
5.022685867181289395e-14
3.026379167144610900e-17
-5.064206784869741801e-19
3.798124516659031530e-20
-1.024932708205305327e-21
3.026119106574752804e-01
-3.444279604697230157e-01
8.212091853876371528e-02
1.349245653644872214e-02
-1.907902632173440194e-02
6.752536994222244418e-03
-5.262889963298286711e-05
-1.066993408144625540e-03
4.759721879240953551e-04
-2.157215941630057394e-05
-7.811616992662388770e-05
4.018923471541877685e-05
-3.801216054906007325e-06
-6.030170207928436534e-06
3.632490434177533212e-06
-5.723163421551033769e-07
-4.043383847878997713e-07
2.809181022193472292e-07
-6.406394632115361376e-08
1.525651269578930797e-02
-1.751136254273178913e-02
6.040267749879476428e-03
-1.548566524485661200e-03
3.293173925125804672e-04
-6.197936775305932545e-05
1.070656558343743354e-05
-1.721541994034034448e-06
2.559318358973879728e-07
-3.399330866257428881e-08
3.633778759875411396e-09
-1.744196282775133267e-10
-5.578306618359840386e-11
2.491210674844959605e-11
-6.839122635914484144e-12
1.568413936545310010e-12
-3.234728790488177440e-13
6.340588426304953193e-14
-1.088538564554442916e-14
3.195997596758209480e-04
-6.060022022867521440e-04
5.170184982028589067e-04
-3.983117234930226417e-04
2.785391639279257152e-04
-1.779573357753945939e-04
1.046369456096583715e-04
-5.706673779789065863e-05
2.910091976192653580e-05
-1.398937232421089874e-05
6.391207149453401802e-06
-2.797152903381535852e-06
1.181715514160109982e-06
-4.853832387958766199e-07
1.951461859224158375e-07
-7.740483228920215146e-08
3.088451706957961063e-08
-1.365438592152138993e-08
4.580691546433443602e-09
-2.545430167635348192e-10
4.878803091879283688e-10
-4.291914668911930178e-10
3.460176239695246333e-10
-2.549197002146255469e-10
1.708595232114339637e-10
-1.035065601978582207e-10
5.613308289616485809e-11
-2.685825752851141047e-11
1.107523372664268496e-11
-3.772091976813086465e-12
9.642979283462255332e-13
-1.287078437100307844e-13
-2.584239848787567872e-14
1.986272802888353105e-14
-4.110071380874644692e-15
-6.464116949012750207e-16
5.398091659599833165e-16
-7.315942577959220332e-17
7.466481613133061357e-01
1.208329633297720645e-03
-2.235675963370967171e-06
1.502393805689186944e-09
5.624181880375287247e-12
-1.995792710272414042e-14
1.526072643388371649e-17
1.212033226750782812e-19
-1.576272436373584161e-20
4.420561284042777989e-21
8.686228323948318453e-01
1.029295871885006902e-01
-2.639456966995856746e-02
-7.388626863671112193e-04
4.970855001520889035e-03
-2.670995492977735249e-03
5.716137083087974692e-04
1.724382720959838377e-04
-1.875452290463365112e-04
6.038831324635898524e-05
5.600306041490526710e-06
-1.408715626390529255e-05
5.632096331229375006e-06
8.403152443727827231e-08
-1.170339036029365342e-06
5.567787106006317701e-07
-4.120072655621056220e-08
-1.043545386149562846e-07
5.460430247260106754e-08
9.625737518329506859e-01
1.264496333721324729e-02
-2.149415447085497102e-03
3.691841904901599358e-04
-6.421693991216210855e-05
1.128943407419141293e-05
-1.993116794824360165e-06
3.501215591849364672e-07
-6.055553767532878529e-08
1.019211258042248517e-08
-1.645120558039814608e-09
2.490082797980369166e-10
-3.383587724325466466e-11
3.669586673391666061e-12
-1.540457973328975128e-13
-7.303260772083478811e-14
3.227392482591623706e-14
-9.721016342819714090e-15
2.222962241095528341e-15
9.880332681602848055e-01
9.087096302861223315e-03
-3.450234362371117428e-03
1.310030649730811909e-03
-4.974315033928820677e-04
1.888953594378227536e-04
-7.174216261692348588e-05
2.725452747745867103e-05
-1.035813937755682674e-05
3.939106538370486184e-06
-1.499366848570926266e-06
5.714231597315535462e-07
-2.181275603069504711e-07
8.343504523250702036e-08
-3.200136423162098742e-08
1.233996447969615067e-08
-4.860063491784751259e-09
2.147572363667801581e-09
-7.223132360936966529e-10
9.973080044641077224e-01
2.690182676913744405e-03
1.811638152658984494e-06
1.220003691403359496e-09
8.215817718909583981e-13
5.533299807860563705e-16
3.291305033279162644e-19
3.259103304002429835e-20
-2.291959261964551683e-20
1.547124121255025568e-20
-9.906492319506355968e-21
6.002757275427540580e-21
-3.435286517672493863e-21
1.857155518446378460e-21
-9.367669297570555363e-22
4.391340367014439267e-22
-1.923309711305654286e-22
8.628848398238467681e-23
-2.689612778037886750e-23
1.040796823964280193e+00
2.087261199361357370e-04
-7.478798651904799063e-07
7.204476358306708388e-10
2.611952312234587423e-12
-1.170066764131328114e-14
1.555247253910351441e-17
4.380278899961560292e-20
-9.693747164469138331e-21
2.279997018286929888e-21
1.039054226054638930e+00
-9.349728549946883030e-03
-5.683408843148588310e-03
2.965743068418662948e-03
1.726859797281690126e-04
-7.880465825911936407e-04
3.655479736383656524e-04
-1.980985087105265161e-05
-6.459511019491746841e-05
3.554026156692758384e-05
-4.207829838552992025e-06
-5.141779836589431344e-06
3.319135365948805202e-06
-5.401104648936799775e-07
-4.271343279587029256e-07
3.236185149232262524e-07
-7.119143908305900161e-08
-4.274131155945658809e-08
3.122645500732600180e-08
1.019001667001367295e+00
-6.430526570160434267e-03
1.058509673914311737e-03
-1.647659095943838751e-04
2.315860183733219898e-05
-2.661714845122296975e-06
1.619906622056218563e-07
3.158495037231382683e-08
-1.631336185615689615e-08
4.627515814619337511e-09
-1.071778246442624633e-09
2.205223741246631932e-10
-4.144900020076825137e-11
7.156825163247289772e-12
-1.121865819032394689e-12
1.532764369728684943e-13
-1.592178611939889137e-14
2.214833624012544474e-16
4.126844512554228959e-16
1.006031328235317046e+00
-4.607409152424521599e-03
1.759767306202492804e-03
-6.720809576153286436e-04
2.566393022926648248e-04
-9.797182027708495908e-05
3.738143389882334484e-05
-1.425044015608532200e-05
5.424728865359362109e-06
-2.060452424225805652e-06
7.800410859164302579e-07
-2.939281666430623875e-07
1.100483087581756700e-07
-4.085386028629682990e-08
1.500120262954058987e-08
-5.436998472439245766e-09
1.957063469381215768e-09
-7.579670838671932747e-10
2.316264094860710968e-10
1.001348667242986989e+00
-1.348667242986910115e-03
-1.302305231657900458e-19
1.165561667984383842e-19
-9.973437163612985493e-20
8.154408666234235312e-20
-6.365697135653614395e-20
4.740016770944767228e-20
-3.362494585202278581e-20
2.268990050234676929e-20
-1.453724658360587147e-20
8.822877931134684736e-21
-5.057947765466986357e-21
2.729069033891209083e-21
-1.379716930698035013e-21
6.505636388592678177e-22
-2.869329487104518695e-22
1.259214519177870638e-22
-3.957595941391754854e-23
5.649999999999999467e-01
