2.597378693095697133e-01
-3.634856385843176748e-04
2.283702260072415746e-07
-1.392292728936994402e-10
8.232490653506477246e-14
-4.687377493511505888e-17
2.418119591926984317e-20
1.424396927791795599e-21
-1.007728065185490053e-21
2.409810285095253096e-22
1.745481016911459016e-01
-9.299766678336102155e-02
-8.715826234432543559e-04
6.019165005446277909e-03
-1.411272197104944653e-03
-2.185344199627099648e-05
9.070535535029413201e-05
-2.049621715495591112e-05
-5.762902926922053114e-07
1.368471153497278827e-06
-2.861279139180547358e-07
-1.545133600098361875e-08
2.062777176692665347e-08
-3.769889141083283579e-09
-3.795576990617458036e-10
3.089448221631310026e-10
-4.575745060043010869e-11
-9.040694612976372183e-12
4.632933394522875752e-12
4.614400803293781245e-02
-3.205586692029881862e-02
6.210778081903527495e-03
-8.450436356428774921e-04
7.945573731975690284e-05
-2.101115537244038683e-06
-1.202762593678627856e-06
3.629981280356861798e-07
-6.863627976073433172e-08
9.904266160435459327e-09
-1.056455717726217033e-09
5.327664999536714312e-11
1.011069264325771578e-11
-3.905831817936104934e-12
8.031555702741221318e-13
-1.229537603902304822e-13
1.404766685857650633e-14
-8.325138101803095398e-16
-9.266167340248626612e-17
3.462880027621555862e-03
-6.210253499992185455e-03
4.531756376596583410e-03
-2.760318609394207291e-03
1.444662324214861107e-03
-6.683234517105285377e-04
2.805574769212862266e-04
-1.094113226024139528e-04
4.042796111894619387e-05
-1.436489829962262276e-05
4.951165347614607848e-06
-1.658743575607130863e-06
5.375027191822551846e-07
-1.662751426752852222e-07
4.780372337215404029e-08
-1.197770838257494853e-08
2.023805829448524578e-09
3.764715751126415053e-10
-3.761012493902419082e-10
2.119838307632450234e-07
-3.926938842113064094e-07
3.111557816205825369e-07
-2.089504198378380468e-07
1.167048168032120611e-07
-5.228631364057417174e-08
1.736706070724823672e-08
-3.338109763148212530e-09
-2.188320329813182416e-10
3.509337031523810107e-10
-6.005926447662335493e-11
-2.606613120333819037e-11
1.077857448310041247e-11
2.041467953954433664e-12
-1.573759237963001337e-12
-2.167999993266413520e-13
2.386821437441627568e-13
2.824575692444021389e-14
-3.512701253814743507e-14
8.686881085835931326e-01
1.107885577181012859e-04
-6.631264962440471369e-08
4.267190696881985530e-11
-2.775275972108857146e-14
1.780245589831870794e-17
-1.081739286129478836e-20
1.611794709928296950e-22
-6.418713098966479565e-23
-2.915101181651452362e-23
8.962462820265890695e-01
3.071545417746904608e-02
1.151891416474759566e-03
-1.767760824207224120e-03
3.814311627739560445e-04
3.576171621378662722e-06
-2.385869163900670490e-05
6.027992172072738648e-06
-7.437886188823491204e-08
-3.639340449673469455e-07
9.848979515426689591e-08
-1.780471076603247136e-09
-5.873497689793172465e-09
1.582384953339522102e-09
-1.511972124960674108e-11
-9.752482690202908130e-11
2.464085420184028982e-11
7.572971023345247780e-13
-1.692942298003128213e-12
9.449623305053852507e-01
1.602455534605898291e-02
-2.011157940063121926e-03
2.022713763667710162e-04
-1.273921298195934731e-05
-5.970110909155366909e-07
3.893231268425717888e-07
-8.737485019284298364e-08
1.478769751726612903e-08
-2.071069530119493414e-09
2.341111179589341199e-10
-1.718970925946260637e-11
-6.652907905767462872e-13
5.872171989693095259e-13
-1.472889580134599055e-13
2.689306482289566534e-14
-3.925690205656975253e-15
4.359578736801659664e-16
-2.654328931049555401e-17
9.814706005994319193e-01
1.397455378449678591e-02
-5.248690934923101042e-03
1.957542558581890427e-03
-7.219805482787786024e-04
2.620126818933756385e-04
-9.304802227232131045e-05
3.215049665425411565e-05
-1.074396751451636448e-05
3.448862758880199296e-06
-1.053670638865559645e-06
3.016829931488370726e-07
-7.843422356717281253e-08
1.704015659846907994e-08
-2.116181020303082307e-09
-6.566102565017516430e-10
7.566077916806754066e-10
-5.248196146694622405e-10
2.093965326938377117e-10
9.958081219353007718e-01
4.187480493149316890e-03
4.392958331293488292e-06
4.608270861461152468e-09
5.019205865032886823e-12
-1.207496082145199672e-13
7.795982823377083485e-14
-4.353599311769370389e-14
2.165593286635938910e-14
-9.418044464150013694e-15
3.469870191101905054e-15
-1.017118074287972570e-15
1.994146768911865789e-16
-4.012179047863289136e-18
-1.433128852792060429e-17
5.164704407530575246e-18
-3.265810438348947314e-19
-3.956399857882753118e-19
1.378486426491032521e-19
1.056914168862917336e+00
-2.674662354153571405e-05
4.232299253742293846e-09
3.196992026505935670e-12
-5.004431241410149337e-15
4.667201609153295378e-18
-3.738608968444401803e-21
6.731666526369998769e-23
-4.986421217180938803e-23
2.158109610774835893e-23
1.047900937011453371e+00
-1.070518499498037020e-02
-1.173045134076481201e-03
5.420766025198230477e-04
-2.574097125136995997e-05
-1.994586916365561193e-05
3.342768257973584267e-06
8.110661282450611430e-07
-3.430781089392655622e-07
-1.732601510103846011e-09
2.668663173379845696e-08
-5.636874682308711918e-09
-7.340634040706490534e-10
5.875248347986099391e-10
-8.485799059889422909e-11
-2.193691856761615265e-11
1.116393371573154160e-11
-8.709643912075104088e-13
-5.371711039345915668e-13
1.027771785268180027e+00
-7.823568699122547543e-03
8.717605995127796588e-04
-6.009958269798421239e-05
-2.255322955065028599e-06
1.643703986809733945e-06
-3.376909022782489911e-07
4.679171598831805429e-08
-4.244194321474950108e-09
3.416350039324530068e-11
8.582229411134269817e-11
-2.261263087439031058e-11
3.834510138917159979e-12
-4.656950284903685466e-13
3.091503041065121975e-14
3.021016124509402116e-15
-1.551642106722718311e-15
3.476000010411035855e-16
-5.362561277241786330e-17
1.009370324404931907e+00
-7.121179893400920134e-03
2.690201236461680669e-03
-1.005957002457347508e-03
3.701061564723942695e-04
-1.329702769081612457e-04
4.623250583747787548e-05
-1.538539185309964336e-05
4.827059546470321311e-06
-1.392562244970327762e-06
3.501391581704787746e-07
-6.470653776846766319e-08
-1.305043639565321505e-10
8.557371804922533158e-09
-6.046702698053347731e-09
3.181364362166695232e-09
-1.501188307113556957e-09
7.367693494296449366e-10
-2.576112868824786013e-10
1.002102548104711222e+00
-2.102548104583363761e-03
-2.358040344034983223e-13
1.917391541025957781e-13
-1.430276327076104480e-13
9.749858834229836166e-14
-6.039502779542742689e-14
3.372075700680673035e-14
-1.676778342591892342e-14
7.288688244071420819e-15
-2.683401568456118244e-15
7.855867909298974985e-16
-1.535396768801690457e-16
2.832350372976178699e-18
1.114433033661265756e-17
-3.992730903276350614e-18
2.456875844462532157e-19
3.081079066280824017e-19
-1.066856250809228371e-19
9.050000000000000266e-01
