6.884035640698510372e-01
-3.097882414527174024e-03
2.967715959750612600e-06
5.531192701721727886e-09
-2.964203616193449865e-11
5.347971143858778552e-14
1.410798891797034185e-17
-3.042121015440452236e-19
1.953231690028952063e-21
-2.145679844682491984e-20
3.003937302293883116e-01
-3.409625853369954163e-01
8.120773372369163856e-02
1.314991499036438465e-02
-1.873141945808360145e-02
6.679612942689702043e-03
-1.035032276491587892e-04
-1.023326994734859770e-03
4.658790726668823748e-04
-2.683426477493313999e-05
-7.294186007576007450e-05
3.868682198205581420e-05
-4.197387520652086915e-06
-5.486697353750750238e-06
3.442776783121423495e-06
-5.965322488708806410e-07
-3.529044258840349475e-07
2.655524726373797058e-07
-6.561048640595699684e-08
1.541446045412383711e-02
-1.761095816460454128e-02
6.041682368589746874e-03
-1.540989139346615180e-03
3.262186137547261593e-04
-6.115137634309408311e-05
1.052428813666318818e-05
-1.685616677400403742e-06
2.493921830630519840e-07
-3.289273672029000844e-08
3.466817203613685500e-09
-1.532121261541473878e-10
-5.745826673044544773e-11
2.474731184884776907e-11
-6.716374313220477597e-12
1.529187066403948968e-12
-3.135090711536875637e-13
6.108466473249960480e-14
-1.042910770153259502e-14
3.291319678906886345e-04
-6.238013296369008913e-04
5.315178837625325701e-04
-4.086433854386756432e-04
2.849981283558637095e-04
-1.815068992469398850e-04
1.063494590740217925e-04
-5.778571012465436810e-05
2.935656227105587146e-05
-1.406005482261366868e-05
6.400899669080424462e-06
-2.792317052815390290e-06
1.176263533223678773e-06
-4.819376820771770846e-07
1.933547181684905326e-07
-7.656137370502503766e-08
3.050367316418526465e-08
-1.346886481597793118e-08
4.515332747375980858e-09
-2.531811610105262252e-10
4.851129363078111547e-10
-4.263376560983436472e-10
3.431402522117815340e-10
-2.521832138828674085e-10
1.684658488202173496e-10
-1.016118270328316773e-10
5.479189899768780708e-11
-2.601905335228700475e-11
1.061795711835823292e-11
-3.560158762183306290e-12
8.842931294226297407e-13
-1.064586533912862087e-13
-2.888056575293904311e-14
1.902908163047689962e-14
-3.489036775787677791e-15
-7.757533191489144637e-16
5.086983716286391929e-16
-5.021700240238091866e-17
7.481731326599487808e-01
1.197521442247583391e-03
-2.251887302716953552e-06
1.685701652707277141e-09
5.157176995797533463e-12
-2.007639950464688563e-14
1.963371367695562900e-17
7.532239256547444179e-20
1.327922549416952141e-20
-8.588760585336797310e-21
8.689567227286277840e-01
1.020512614352517416e-01
-2.598143364759757448e-02
-7.611092110296979957e-04
4.881338953633839253e-03
-2.617902553327638559e-03
5.655609784363892006e-04
1.627364840766201736e-04
-1.811044192274599226e-04
5.944934839746208386e-05
4.499096672689308257e-06
-1.327357891253662164e-05
5.467912165453473239e-06
-2.369534773634795534e-08
-1.075101221126453305e-06
5.317753973517848992e-07
-4.905610183230959071e-08
-9.497058531692095123e-08
5.149426446518331058e-08
9.624264556680224292e-01
1.269145939677472461e-02
-2.155905669503118804e-03
3.697639315232741563e-04
-6.415024193065067099e-05
1.123366852681252237e-05
-1.973245586680055218e-06
3.445825824925293582e-07
-5.920803228413777139e-08
9.893839602662534855e-09
-1.583868952688295536e-09
2.372493219075201132e-10
-3.172936550790544464e-11
3.322242445155590074e-12
-1.032209921180340504e-13
-7.896084016531591174e-14
3.256463492681538656e-14
-9.587229553822312187e-15
2.167825160657072273e-15
9.879850404770742500e-01
9.123496199032243847e-03
-3.463970136115667592e-03
1.315213570093458524e-03
-4.993869064711994182e-04
1.896328733186610567e-04
-7.202014987169960973e-05
2.735916606609159653e-05
-1.039742102397231198e-05
3.953778730798201369e-06
-1.504798151355627145e-06
5.734032126648521390e-07
-2.188313108764442825e-07
8.367477898348063956e-08
-3.207711558620803426e-08
1.236040064440369037e-08
-4.863222502686519732e-09
2.146002457367868310e-09
-7.211227332839092541e-10
9.972970895079619202e-01
2.701082892933820683e-03
1.826363355391593653e-06
1.234913269357557270e-09
8.349985023168658679e-13
5.646443156846063819e-16
3.413069643454283418e-19
3.028659131887890590e-20
-2.123592633146721556e-20
1.427050091311756138e-20
-9.100275744786906267e-21
5.496047766024292071e-21
-3.131199487137635723e-21
1.675008522536053887e-21
-8.422095010509859103e-22
3.927357929799661210e-22
-1.697200405516700288e-22
7.306729541176893437e-23
-2.339396168740127095e-23
1.041890490002338021e+00
2.004555249580637448e-04
-7.424204093962272970e-07
7.872682870625669195e-10
2.361421576474103251e-12
-1.160121758781297548e-14
1.775543031191368013e-17
2.620655568613022664e-20
-9.775931309379607479e-21
5.434373782376205339e-21
1.039468847750896208e+00
-9.832661275503949000e-03
-5.463422914334650424e-03
2.929231145484830368e-03
1.374644151744984694e-04
-7.569577426722775681e-04
3.565847314111415724e-04
-2.248108778741023548e-05
-6.105984721501892367e-05
3.437119660928370391e-05
-4.466989110908432943e-06
-4.722605884660338481e-06
3.163960514597756050e-06
-5.601369703744946589e-07
-3.796513862486325323e-07
3.033734610091854941e-07
-7.132163552378855929e-08
-3.774225618136485861e-08
2.888667100373452545e-08
1.019076973861647861e+00
-6.453816310450798122e-03
1.061477716511892910e-03
-1.649953269647458072e-04
2.314685419654128085e-05
-2.655245637532557843e-06
1.617901452182751145e-07
3.105790503479148662e-08
-1.604994748916886026e-08
4.540694572038746112e-09
-1.048260028037564647e-09
2.149034594512364227e-10
-4.022847672763929259e-11
6.912812900886457679e-12
-1.076965187742605503e-12
1.457765817245686800e-13
-1.483138216431533620e-14
1.033432858083848740e-16
4.164187244601023174e-16
1.006055840491654196e+00
-4.626126214700604020e-03
1.766908986242971815e-03
-6.748025102712630228e-04
2.576738823823086430e-04
-9.836332810823297270e-05
3.752841989964939728e-05
-1.430490062449629500e-05
5.444483728189792531e-06
-2.067381875041577353e-06
7.823445998908899937e-07
-2.946268455193063464e-07
1.102245409888904071e-07
-4.087817921142746844e-08
1.499112582066603766e-08
-5.424787156941756529e-09
1.948726421763048546e-09
-7.526592690733449416e-10
2.295315154657858263e-10
1.001354149992190745e+00
-1.354149992190579934e-03
-1.303946925489596479e-19
1.165995739081324838e-19
-9.964714662213418468e-20
8.134055027816473198e-20
-6.336971009536403624e-20
4.707090529780072175e-20
-3.329461094791021715e-20
2.239078190326979976e-20
-1.428905663634035080e-20
8.632690146403564483e-21
-4.922822359807083051e-21
2.639914695250172678e-21
-1.325072923080840793e-21
6.193973149995903944e-22
-2.701456440417013136e-22
1.167522809151722126e-22
-3.627144168080480618e-23
5.749999999999999556e-01
