7.853518345620279506e-01
-2.697124524032697406e-03
-5.280263766499531895e-07
1.054249691151523981e-08
-1.267328441187577956e-11
-3.163763542717800110e-14
1.142551789847972374e-16
3.061547149842602470e-21
-1.761844134890971035e-20
5.051287465447614418e-23
3.467400005648726413e-01
-4.010007794421419636e-01
8.716260030522174351e-02
2.528410683978980431e-02
-2.488811974028979843e-02
5.946596252499589987e-03
2.000024836388751646e-03
-1.905103313319380428e-03
3.749479647608635236e-04
2.398897292033155078e-04
-1.843180977141575317e-04
2.947007288412935254e-05
2.699872877216030620e-05
-1.851341951654227020e-05
2.315555878111790713e-06
3.130708220124252225e-06
-1.913960223321677314e-06
-7.252507553803462996e-08
3.812862872582537010e-07
1.392069663515687304e-02
-1.714763619015211363e-02
6.442468083415862565e-03
-1.791787068070607508e-03
4.093273943773076862e-04
-8.186334491461050268e-05
1.489769392687875760e-05
-2.512370474379549656e-06
3.919528428971891547e-07
-5.500487851912690179e-08
6.352689071768477102e-09
-3.925729852800768726e-10
-7.860252878963941219e-11
4.206200943696294501e-11
-1.245680910039940020e-11
3.031405095007497597e-12
-6.600835904138841643e-13
1.367583656859012287e-13
-2.464449524718938610e-14
2.107645330038139672e-04
-4.022699921772139977e-04
3.498824813524895874e-04
-2.779900716899333271e-04
2.024727188643604084e-04
-1.358003548004217296e-04
8.431459551332168539e-05
-4.873766333249834301e-05
2.638836680204764064e-05
-1.346683550378309308e-05
6.519071192663804135e-06
-3.012681537265213022e-06
1.337594697461677684e-06
-5.741354900817489791e-07
2.397490051600804423e-07
-9.819028342147949372e-08
4.025252813332751714e-08
-1.821846995031600434e-08
6.188587759436688326e-09
-2.885266801483694031e-10
5.557448576576576919e-10
-4.962420557377827455e-10
4.103720590963429990e-10
-3.136652568887192466e-10
2.209321015990996444e-10
-1.427897022041180619e-10
8.417172919526950431e-11
-4.486958963166858211e-11
2.136010938384409595e-11
-8.905058986268405055e-12
3.143895219974647187e-12
-8.774324110257179809e-13
1.579332209648751253e-13
2.855567788325476652e-15
-1.390872091401049702e-14
4.619522250410525741e-15
-9.782103118475089043e-17
-3.779132947294451246e-16
7.319183953819322630e-01
1.200838804595196103e-03
-1.300870414382821988e-06
-1.481236284973102195e-09
5.885412224403667132e-12
1.632239507842888611e-15
-3.397216491073086554e-17
3.573550943698058919e-20
-3.167751802499463103e-21
6.016051115693441280e-22
8.670896976589462790e-01
1.142367060565660508e-01
-3.115711221966457195e-02
-1.732541086257956492e-03
6.826148538616992785e-03
-3.265156981013512139e-03
3.120519452572730469e-04
4.839434720341729505e-04
-2.780950462549012896e-04
2.195531711186509636e-05
5.004722964852589395e-05
-2.697453043221041918e-05
7.734182410526666805e-07
5.783391244931867083e-06
-2.759401770298019716e-06
-1.039830413937572435e-07
6.504170733625028311e-07
-1.829387922451658327e-07
-4.198191016054439086e-08
9.663764166162428504e-01
1.141911050294668051e-02
-1.966039236983020601e-03
3.475990384039284514e-04
-6.377999893736518630e-05
1.214841225370554276e-05
-2.372682334601795135e-06
4.662046507481721972e-07
-9.046401934035387696e-08
1.707620486884986803e-08
-3.095493019393630123e-09
5.311127318318089416e-10
-8.428924893061266513e-11
1.178824170772909005e-11
-1.256885267850380504e-12
2.549973631445941527e-14
3.894950952394570614e-14
-1.693683683219960758e-14
4.499279179959533964e-15
9.892709455201519342e-01
8.152324197911665210e-03
-3.097241376372204813e-03
1.176732713921031445e-03
-4.470949405428578292e-04
1.698868544525138763e-04
-6.456422065517764246e-05
2.454449380275965936e-05
-9.335543249090536277e-06
3.553781390256396247e-06
-1.354603631862700366e-06
5.173474758146566575e-07
-1.981336780549117059e-07
7.617067153867346017e-08
-2.943856281528366004e-08
1.148102069236481724e-08
-4.598994785344739693e-09
2.081856827712993907e-09
-7.116197644567395756e-10
9.975879309505992776e-01
2.410613584614441744e-03
1.454586545303534486e-06
8.777109826880564564e-10
5.296187649979512669e-13
3.197146735875307134e-16
8.204665006615839899e-20
8.566904769545915308e-20
-6.336650315506959953e-20
4.496943221125721992e-20
-3.053136159734527534e-20
1.980965304267514535e-20
-1.225940839070430183e-20
7.224718568400058199e-21
-4.045747089047358570e-21
2.158286412327040055e-21
-1.111593482744232024e-21
5.950704052732291373e-22
-2.126589432327496382e-22
1.012824770688437015e+00
3.337372676943117789e-04
-5.856336485789896178e-07
-5.441371992418757145e-10
3.258150452121613726e-12
-7.710415957503039584e-16
-1.815787291372177162e-17
3.200364751530228573e-20
6.385517336864264648e-22
-6.485911407442712780e-22
1.027349224219905599e+00
3.718509222088133524e-03
-1.041514658308796866e-02
2.936013855552308590e-03
1.357386296086946116e-03
-1.412752736200691746e-03
3.833805042183030748e-04
1.302450755805331217e-04
-1.419570359830035604e-04
3.407241894031753801e-05
1.677641237055306570e-05
-1.516290758011193634e-05
2.886678050901332873e-06
2.220660214680023106e-06
-1.663299049417836551e-06
2.280183016895657941e-07
2.650734244840264528e-07
-1.351318613407964741e-07
7.990702184332836481e-09
1.017036965675404803e+00
-5.779826258002142281e-03
9.558066843918611253e-04
-1.491594382597828206e-04
2.061605889004259942e-05
-2.124390294692929795e-06
1.410746656431569477e-08
7.526085423217005118e-08
-2.855082699463861874e-08
7.777957590237018790e-09
-1.817312910826533076e-09
3.836571654918041444e-10
-7.454821233552122525e-11
1.335847453406454597e-11
-2.177749779586558529e-12
3.096966601059317801e-13
-3.341041093235743186e-14
3.896030251803542196e-16
9.663367537129959478e-16
1.005403544534644977e+00
-4.127900690465373564e-03
1.576678544791563401e-03
-6.022036464625339430e-04
2.299932341548160117e-04
-8.782740817693447004e-05
3.353032926474776331e-05
-1.279534257566994979e-05
4.879013822434270145e-06
-1.858066125049017889e-06
7.061853566791268117e-07
-2.675782516159430094e-07
1.009340756073560312e-07
-3.783197456112124668e-08
1.405659014090971582e-08
-5.166287627577430290e-09
1.890205655504861426e-09
-7.464682060758140178e-10
2.311419050286501733e-10
1.001208276238630512e+00
-1.208276238630533400e-03
-1.378670338747060957e-19
1.250451944735594844e-19
-1.090311486705287160e-19
9.135683750262102488e-20
-7.352134099652998992e-20
5.679141595105586395e-20
-4.207235810395152738e-20
2.986258316089031850e-20
-2.028416031961077121e-20
1.316633986603985936e-20
-8.152952805684890749e-21
4.807041412340593153e-21
-2.694337292639507560e-21
1.437437198099155087e-21
-7.414012362072029460e-22
3.970616215491563155e-22
-1.426272011581710600e-22
3.249999999999999556e-01
