5.383294417909550988e-01
-2.252864868721525526e-03
3.451791086023045850e-06
-3.410714571622194230e-09
-1.044722984733639767e-12
1.528164294963502386e-14
-4.424764092041638871e-17
-5.883755193786958389e-21
4.965712130666508967e-21
-2.269515052477417624e-21
2.549299219098420943e-01
-2.565786480937067293e-01
5.036295606374221329e-02
1.096909092670232157e-02
-1.152616781199868046e-02
3.740271232983036383e-03
-1.614882457023118724e-04
-4.112161692137797082e-04
1.940125968032650088e-04
-2.626038157159015361e-05
-1.536546686258403595e-05
9.957657742402845262e-06
-1.932514427215622457e-06
-6.444330527811896493e-07
5.598635282954682513e-07
-1.430407793906086969e-07
-2.144834341540106555e-08
3.152195335429940704e-08
-1.042394934811793660e-08
2.154688006380145807e-02
-2.171117687826862666e-02
6.462098943616907155e-03
-1.441667765371947236e-03
2.701216541098600378e-04
-4.506802767410003429e-05
6.841149617555711547e-06
-9.340337876397656058e-07
1.079256961821186271e-07
-8.260439806251032429e-09
-4.324647959482016670e-10
3.820741084303317423e-10
-1.123840732166348764e-10
2.559963462463058862e-11
-5.084988025538655123e-12
9.129373511850398578e-13
-1.493063403084392366e-13
2.227415163865896147e-14
-2.796296523233455984e-15
7.168961738274213851e-04
-1.341687502864135359e-03
1.102076973837972512e-03
-7.999905657711882433e-04
5.181416694798335072e-04
-3.028281063335208135e-04
1.616389316772688623e-04
-7.976484548619460998e-05
3.683463667289381513e-05
-1.610592218076262254e-05
6.742548397367299258e-06
-2.730082255502094052e-06
1.078626867528936164e-06
-4.188439453269582917e-07
1.607661134296320893e-07
-6.134678874308671694e-08
2.365110337593820374e-08
-1.011097834672310173e-08
3.325242026962537506e-09
-3.072974863953416882e-12
5.835555249444473812e-12
-4.990667985965745792e-12
3.833156992572957408e-12
-2.630137702148452426e-12
1.598531721035593775e-12
-8.490567211454321977e-13
3.855232685889121049e-13
-1.438294694831930741e-13
4.044683875587644277e-14
-6.391688752136698158e-15
-7.717216518711955639e-16
7.927973980897396525e-16
-1.643588686270464916e-16
-3.409182115115071337e-17
2.504486444255026887e-17
-1.491446866374000762e-18
-2.377054892007933297e-18
5.596314393109190454e-19
7.923230433915240400e-01
7.510021262792032030e-04
-1.481842197631548839e-06
2.417631470905291472e-09
-2.706929576587302863e-12
1.367645790700886364e-16
9.021089706507946350e-18
6.723802139142623892e-20
-3.341187082914403126e-20
-7.245477863564194206e-21
8.790131489460505376e-01
7.809083934888115530e-02
-1.451488359673675128e-02
-2.197738714451799233e-03
3.118596847424111307e-03
-1.301217684253912340e-03
2.140187846712316192e-04
8.039932457408833697e-05
-6.944097563846454810e-05
2.122141945342315221e-05
1.801079612179176268e-07
-3.148814815267077416e-06
1.381927196812277313e-06
-1.476657282260561922e-07
-1.413925300178020815e-07
8.478453586963616226e-08
-1.581020881353066743e-08
-7.877177729211625642e-09
5.373358148234858169e-09
9.589076326060812505e-01
1.373663218525981132e-02
-2.275735306353917145e-03
3.716317741396245084e-04
-5.952928660151102284e-05
9.314045807311531025e-06
-1.415966309096188583e-06
2.071727425981067083e-07
-2.860822902109320225e-08
3.569748435434839501e-09
-3.559727882924125793e-10
1.269854139344348710e-11
6.698774931829245704e-12
-2.714446511746044679e-12
7.269312746587305857e-13
-1.651179950221480042e-13
3.391714004244455959e-14
-6.633827361685766213e-15
1.136912541759054412e-15
9.868133175970581483e-01
1.000699760859315515e-02
-3.796887889886828814e-03
1.440533305928455663e-03
-5.464676926675565835e-04
2.072567733117823487e-04
-7.857622967152515334e-05
2.977286037108048373e-05
-1.127140287672754121e-05
4.262067755253896700e-06
-1.609121712886628100e-06
6.063479738911017213e-07
-2.279665074962209419e-07
8.549209748650336889e-08
-3.198213271513219304e-08
1.195595301902371271e-08
-4.527997966309512120e-09
1.903990728156470740e-09
-6.200439561291534423e-10
9.970316815162856283e-01
2.966114124426055126e-03
2.202722267226747846e-06
1.635805361155949926e-09
1.214796445050958810e-12
9.021430488337460116e-16
6.699758967186197581e-19
5.138508694798113218e-22
2.214739128419437257e-23
1.433864735095755194e-23
1.197897993521984805e-23
1.554217399351771923e-23
1.694973344832192251e-23
1.335692248967412060e-23
9.871580038342210914e-24
1.020673907689596057e-23
1.113207525990171267e-23
7.357164750121926681e-24
2.387827566270341937e-24
1.056812989536698222e+00
3.518416091786795273e-05
-3.351350398112489539e-07
8.273818829510355847e-10
-1.193736383174348102e-12
2.890131393368092353e-16
4.352529111147917956e-18
-1.236929226120309794e-20
-1.329997183941265471e-20
6.057217621168691789e-21
1.045123591780595884e+00
-1.548882894416529765e-02
-2.145505702985643463e-03
1.872989542193923039e-03
-1.475724017931844738e-04
-2.746322386729737144e-04
1.407328793656671911e-04
-1.438938249885359033e-05
-1.748991382092078727e-05
1.041698069249686890e-05
-1.911293894571283808e-06
-8.010479437038742072e-07
6.610890359554119172e-07
-1.671537743530056823e-07
-3.067803234638921571e-08
4.024944961117294990e-08
-1.281811469807150073e-08
-1.923910288450500127e-09
2.529779252813257077e-09
1.020846708509233203e+00
-6.934552205336775438e-03
1.096014604642654711e-03
-1.584140734547338910e-04
1.968485226606447747e-05
-1.778171419568277957e-06
7.185843661787410167e-09
4.811003126297054889e-08
-1.551714229886072740e-08
3.579955835413854454e-09
-7.006869602069863245e-10
1.214855852869093689e-10
-1.869360951410820034e-11
2.460772026128050377e-12
-2.401869512175939237e-13
3.520138332716315864e-15
6.387060966112247254e-15
-2.387604517133178851e-15
5.625053366235655698e-16
1.006651469464470816e+00
-5.080467710536297303e-03
1.939864339627244642e-03
-7.403892490130912227e-04
2.823649970333718339e-04
-1.075388288077978909e-04
4.086340874214368612e-05
-1.547299624544698157e-05
5.828711309827406383e-06
-2.179971761259458726e-06
8.075647651952132349e-07
-2.955123375997728971e-07
1.064908367871554713e-07
-3.765581529962316184e-08
1.300746650990072336e-08
-4.363231368124761429e-09
1.414795738759970402e-09
-4.674891990520979182e-10
1.246681088082877953e-10
1.001487466384239244e+00
-1.487466384239130969e-03
-2.558114659274908816e-23
2.271726807246852764e-23
-1.878301767150556537e-23
1.457715280820139616e-23
-1.072106476856655888e-23
7.452704774370369567e-24
-4.851887216229542856e-24
2.949354318947935625e-24
-1.678246627048144275e-24
8.882440539886862246e-25
-4.308933846873267256e-25
1.898038213715792736e-25
-7.601611327618968490e-26
2.670613032858510620e-26
-7.660053606473284019e-27
1.567948863779105094e-27
-2.497203863056567884e-28
7.500000000000000000e-01
