7.000518575737926241e-01
-3.106100134476630879e-03
2.651577914517988051e-06
6.694417719291255837e-09
-3.062411338691409601e-11
4.651952785793341793e-14
4.570916866216039640e-17
-3.668408188118051926e-19
-2.429098875467426290e-20
2.853418120536341867e-20
3.047997255552618023e-01
-3.477847932084366378e-01
8.295873219768937212e-02
1.385626147353292634e-02
-1.941984722480479333e-02
6.815216278245370997e-03
3.008494914456358111e-06
-1.110977529899571893e-03
4.850544758730880135e-04
-1.564179324978637466e-05
-8.341771783403038073e-05
4.159318902333124137e-05
-3.315777876388809597e-06
-6.599575828223715245e-06
3.814168393224106132e-06
-5.367863953749252408e-07
-4.600894296537011503e-07
2.951810131298906451e-07
-6.117311120969749190e-08
1.511096455762165995e-02
-1.742159032825847664e-02
6.040878097450259193e-03
-1.556420621024156995e-03
3.324420631796674570e-04
-6.280779244531926777e-05
1.088813511222049738e-05
-1.757179241337854406e-06
2.623876708160137809e-07
-3.507292870582163220e-08
3.795968885981167697e-09
-1.946056302522027529e-10
-5.431748102232573991e-11
2.511860550433539492e-11
-6.969958280322507115e-12
1.609170035040245688e-12
-3.337176997356671761e-13
6.577822576289779763e-14
-1.135003285569999872e-14
3.107290422127722716e-04
-5.894309991035301052e-04
5.035023627332938867e-04
-3.886619938826838330e-04
2.724920386221351049e-04
-1.746255891885375338e-04
1.030258399944029705e-04
-5.638949248186365129e-05
2.886049188289141414e-05
-1.392361311531556066e-05
6.382932138413252785e-06
-2.802356350045797698e-06
1.187257611775665466e-06
-4.888526735552408387e-07
1.969458060379394062e-07
-7.825181707858081096e-08
3.126700231981943647e-08
-1.384071406033986883e-08
4.646330216629453005e-09
-2.558474039043918552e-10
4.905328143150289904e-10
-4.319320898659556204e-10
3.487883219573755824e-10
-2.575631947754870546e-10
1.731804246378632195e-10
-1.053516460542256153e-10
5.744589142646459609e-11
-2.768493957169263861e-11
1.152933955628131510e-11
-3.984845712548611278e-12
1.045902017215816012e-12
-1.520632655292511201e-13
-2.232031752446895327e-14
2.057456608868597001e-14
-4.733799526707110593e-15
-5.008928844599975078e-16
5.660577592828776923e-16
-9.637431128139807057e-17
7.452167157913539564e-01
1.217786277007336989e-03
-2.214981513303926997e-06
1.316724481032771680e-09
6.047000306641303642e-12
-1.964931127379709002e-14
1.075654103551782414e-17
5.462288579876304359e-20
-2.155724859282893256e-20
2.260651220710721018e-20
8.683147116115751407e-01
1.037658833741807729e-01
-2.678538491713844394e-02
-7.235743491645520295e-04
5.059792116926262531e-03
-2.721647824553282205e-03
5.759661847919683155e-04
1.826911899008671562e-04
-1.938989521635377862e-04
6.112179470914472321e-05
6.807314978204804036e-06
-1.491056816937579978e-05
5.774077557819467237e-06
2.073670051229155432e-07
-1.268717232482149853e-06
5.794676977112081938e-07
-3.133257322207104783e-08
-1.140025326354171988e-07
5.747195191439047728e-08
9.627206836657999922e-01
1.259843833297304670e-02
-2.142854555779698331e-03
3.685715975210846862e-04
-6.427305515702678605e-05
1.134248279243023988e-05
-2.012402265688165623e-06
3.555515567125465720e-07
-6.188530577910414335e-08
1.048785677671741350e-08
-1.706060406574015151e-09
2.607347288437462773e-10
-3.593932874593443575e-11
4.016453601016852131e-12
-2.046946292610191572e-13
-6.717476029259314882e-14
3.200748095743706016e-14
-9.862587190012294893e-15
2.280064483378674887e-15
9.880813360363840392e-01
9.050815007135462609e-03
-3.436542460571540870e-03
1.304863849008162675e-03
-4.954819385188437850e-04
1.881598966191695612e-04
-7.146484989593272980e-05
2.715007789590823898e-05
-1.031888676417600355e-05
3.924418984983115043e-06
-1.493914079877921209e-06
5.694261128565003029e-07
-2.174125923505444711e-07
8.318860787448378468e-08
-3.192187005363524902e-08
1.231753761361504020e-08
-4.855863947567358018e-09
2.148551183502714784e-09
-7.232782394983179837e-10
9.973188826787463546e-01
2.679319093033683940e-03
1.797022146488626397e-06
1.205264652349169640e-09
8.083722032125824702e-13
5.422354852340029025e-16
3.172308101428427030e-19
3.485756541469563588e-20
-2.460809906221991694e-20
1.666263079780396335e-20
-1.070341185718327437e-20
6.526038821331486132e-21
-3.750584679335948347e-21
2.036253626391242390e-21
-1.033342881663765117e-21
4.947642789784777773e-22
-2.159695839561090838e-22
9.800495761661892559e-23
-3.073810397303186071e-23
1.039685460429460306e+00
2.167575136164069584e-04
-7.515883569430547603e-07
6.512904396274097564e-10
2.843724676814422488e-12
-1.169097185202669449e-14
1.316263413823860446e-17
2.822622145336356593e-20
5.628659793530941684e-21
2.798100049785616242e-21
1.038629877321917361e+00
-8.855084966654791848e-03
-5.904063147037231542e-03
2.999087354405135120e-03
2.098044256658879940e-04
-8.191854933143550210e-04
3.739116617360419849e-04
-1.673687517061708821e-05
-6.820562385682815069e-05
3.664057228338143149e-05
-3.886172008906760895e-06
-5.579135662999018248e-06
3.468027968375966056e-06
-5.116128626759631746e-07
-4.777617841479694271e-07
3.434123439566315511e-07
-7.005946007523830366e-08
-4.805674148106989900e-08
3.353432736326951757e-08
1.018926432872704124e+00
-6.407044012387088511e-03
1.055421101440687411e-03
-1.644908743565012019e-04
2.315705950816973930e-05
-2.664937465362511839e-06
1.614919376381574390e-07
3.224937890530033163e-08
-1.660195419328294666e-08
4.718688973811379977e-09
-1.096005283541796808e-09
2.262483187340627639e-10
-4.268381681788302561e-11
7.402280476155966035e-12
-1.166778304975745668e-12
1.607251872106426761e-13
-1.699167204712737473e-14
3.332093835950235493e-16
4.105046440360531587e-16
1.006006899243656827e+00
-4.588754795842973563e-03
1.752648789241522927e-03
-6.693676038745559678e-04
2.556073531151968397e-04
-9.758095425623780086e-05
3.723444563051349782e-05
-1.419582025029143616e-05
5.404817417460974263e-06
-2.053408745566559972e-06
7.776647424335079547e-07
-2.931868733374985633e-07
1.098487108433309898e-07
-4.081740161464622184e-08
1.500525704352517534e-08
-5.446331613636533389e-09
1.964042926003625552e-09
-7.625759323842685330e-10
2.334676776267023204e-10
1.001343203284565275e+00
-1.343203284565239490e-03
-1.300542004070290092e-19
1.164966294153640982e-19
-9.980262949210059329e-20
8.172719049455353589e-20
-6.392377675279997166e-20
4.771053004912061581e-20
-3.393928771279820838e-20
2.297662966067961477e-20
-1.477665652723954534e-20
9.007431748354594237e-21
-5.189871015836875946e-21
2.816676217025521365e-21
-1.433795401144470126e-21
6.816640007289103032e-22
-3.038595616855993124e-22
1.352826194582340253e-22
-4.297516697618045173e-23
5.549999999999999378e-01
