6.623217875428214496e-01
-3.037610602358002503e-03
3.514154893841581357e-06
2.931680709810358517e-09
-2.532740630864756272e-11
6.051812932428590620e-14
-4.623209777405183731e-17
-4.651987793535757890e-19
1.500451332246088071e-19
-2.914454965338899921e-20
2.912021292012133555e-01
-3.259337712956998923e-01
7.675095209786217398e-02
1.200981231705129659e-02
-1.727690762142121764e-02
6.284190173299053321e-03
-2.562295585705948501e-04
-8.545776588125632333e-04
4.166341116248852071e-04
-4.121619378935042474e-05
-5.391359787073753368e-05
3.197436437557900807e-05
-4.959216293158511641e-06
-3.608207898732571360e-06
2.645886768915965984e-06
-5.968873499446091429e-07
-1.911224365364786163e-07
1.984935535561848059e-07
-6.107437695946575370e-08
1.618787271879847806e-02
-1.811871356562827842e-02
6.069027887371163804e-03
-1.513447606009740666e-03
3.140374412607167430e-04
-5.782907556416234728e-05
9.784462693846559630e-06
-1.538245249601053174e-06
2.222446757437230666e-07
-2.825645150005372210e-08
2.748202030389565908e-09
-5.801034051040881559e-11
-6.619159560069193323e-11
2.447506516653511938e-11
-6.297478098765887779e-12
1.385465677323478730e-12
-2.760184137113812802e-13
5.222403727400423684e-14
-8.673238460504591705e-15
3.751690325371894266e-04
-7.096515879746564297e-04
6.011875039797431267e-04
-4.579962960233014769e-04
3.156253462282052188e-04
-1.982025155570801519e-04
1.143416856760101332e-04
-6.112151453900966584e-05
3.054237688188859886e-05
-1.439379349038872210e-05
6.453661070778921503e-06
-2.776351431574302214e-06
1.155202174058163654e-06
-4.683336626230361513e-07
1.862492971030085844e-07
-7.321547684609020323e-08
2.899379945450122029e-08
-1.273332126774384265e-08
4.256106168125211476e-09
-2.463804283925987837e-10
4.714021599081744233e-10
-4.124779520130562323e-10
3.295093987910721201e-10
-2.395388330791178344e-10
1.576614142028247672e-10
-9.324785036184800129e-11
4.900193781091847334e-11
-2.248145428101843016e-11
8.742484730356657690e-12
-2.720358586151323133e-12
5.824438847018781207e-13
-2.971618384716901420e-14
-3.597810174185010552e-14
1.459179521132636336e-14
-1.129231258733146165e-15
-1.106131410768938255e-15
3.422763214661869209e-16
3.296246806248140163e-17
7.552558930405088855e-01
1.139672368596493599e-03
-2.263461787755277247e-06
2.354850615854654941e-09
2.933461923518624742e-12
-1.845648880156643369e-14
3.303048990281093312e-17
8.053518091567937085e-20
-1.151149557693400552e-20
-3.906614901359061396e-21
8.705541198758212085e-01
9.808924452720210740e-02
-2.409262141261689708e-02
-9.217077122939531120e-04
4.517213081399491272e-03
-2.381137540710224175e-03
5.242775706595650346e-04
1.298107456537488482e-04
-1.548566628856094232e-04
5.381008814113815455e-05
1.171162757611213901e-06
-1.019385429267246680e-05
4.636500030492276804e-06
-3.062462777171866879e-07
-7.350830590199051891e-07
4.171763671844003803e-07
-6.292656834095097049e-08
-6.149595899025335770e-08
3.788737546972674399e-08
9.618233004796675756e-01
1.288006681068990661e-02
-2.181431930521582699e-03
3.717366393108584364e-04
-6.376019443885396019e-05
1.097783075421061699e-05
-1.886541653624123593e-06
3.210511131156292025e-07
-5.358599207746962505e-08
8.665735494627273028e-09
-1.334140011017921792e-09
1.896511146957039983e-10
-2.324461543180489153e-11
1.926730496859503081e-12
1.012215881726045091e-13
-1.030795387960901486e-13
3.387831683543716859e-14
-9.104976227472480765e-15
1.961415733898540151e-15
9.877870487403488386e-01
9.272908096287908047e-03
-3.520341303364451797e-03
1.336478494705808755e-03
-5.074063265125413561e-04
1.926553514975092854e-04
-7.315794906189881680e-05
2.778650197596815857e-05
-1.055724101215000490e-05
4.013104618571695761e-06
-1.526542525774345567e-06
5.812077374747240070e-07
-2.215376767143211461e-07
8.456001415538263087e-08
-3.233658758547869996e-08
1.241838153090332204e-08
-4.863302371764056498e-09
2.132570685970881179e-09
-7.136326178662672751e-10
9.972522734463269423e-01
2.745837805361901838e-03
1.887450012301498275e-06
1.297406402565012489e-09
8.918187384614723640e-13
6.130598023625334759e-16
3.934395227913882641e-19
2.082590237862813795e-20
-1.432529834198044704e-20
9.481266953258193357e-21
-5.929951154845894750e-21
3.512916879003782780e-21
-1.949656936918247289e-21
1.018968433310545421e-21
-4.925733949908655992e-22
2.227535711137750949e-22
-8.853080573445698858e-23
3.768879527864402702e-23
-1.061004444225086284e-23
1.046060350394290017e+00
1.651801934114998022e-04
-7.013470743135370182e-07
1.014473331066005501e-09
1.225105557478310780e-12
-1.006843162626378584e-14
2.344736775672195973e-17
-8.231856426889484243e-21
5.639383858582898787e-21
-5.251296497474540495e-21
1.041025836313636876e+00
-1.163039505065787196e-02
-4.598041378847514751e-03
2.752776098012357960e-03
1.664725388319473239e-05
-6.343517489963696040e-04
3.153429961471421270e-04
-2.916307865600365834e-05
-4.787868494518734448e-05
2.915922560830289304e-05
-4.912325233645409368e-06
-3.255227953346458762e-06
2.509297229269817538e-06
-5.656238837506311304e-07
-2.235262418108952262e-07
2.224000155768399004e-07
-6.385206935741765584e-08
-2.132899946999155840e-08
1.982724621396541455e-08
1.019384057937988253e+00
-6.546323457457372923e-03
1.072188987977081617e-03
-1.654216637183229647e-04
2.295348012189265405e-05
-2.593725559730617489e-06
1.534238761335530726e-07
3.040309120112653425e-08
-1.525503451301727118e-08
4.236550306889368852e-09
-9.609083624172402064e-10
1.933868831310164208e-10
-3.546445054044506057e-11
5.946723015463766376e-12
-8.968743853251516339e-13
1.152318409117278483e-13
-1.027899497324221763e-14
-4.253777836749064336e-16
4.445875458067723279e-16
1.006156484835969200e+00
-4.702965071937158410e-03
1.796217919480880016e-03
-6.859636220414044340e-04
2.619105997827720776e-04
-9.996218413249446510e-05
3.812568278794229305e-05
-1.452425653215815998e-05
5.522859088140002606e-06
-2.094165873984663072e-06
7.908372510543916252e-07
-2.969635398794579046e-07
1.106683116503733758e-07
-4.083718904447224168e-08
1.488168319050964478e-08
-5.342854044578233156e-09
1.899815532119704400e-09
-7.234612142713699301e-10
2.182720487405742393e-10
1.001376663617440377e+00
-1.376663617440452474e-03
-1.301196709219180935e-19
1.158984311023952951e-19
-9.849865260378637460e-20
7.982132030517269590e-20
-6.162625795370486155e-20
4.527768007557532538e-20
-3.161266378242854749e-20
2.093796157018100542e-20
-1.312679145659872671e-20
7.768825485278961163e-21
-4.325555572666528718e-21
2.255907160022461506e-21
-1.095780821731066528e-21
4.922595469734734394e-22
-2.038925826929050981e-22
8.194767085393802017e-23
-2.402611946712954398e-23
6.149999999999999911e-01
