7.028298635812286754e-01
-3.106173475337628033e-03
2.569909178537845378e-06
6.965467380470526234e-09
-3.074953972380347890e-11
4.452049243336005257e-14
5.345645320422493839e-17
-3.867543690778092022e-19
3.471772352261450808e-20
-5.363980836794288477e-20
3.058824046361622861e-01
-3.494236269738761891e-01
8.335015931829949098e-02
1.404582009482252883e-02
-1.958763935411236140e-02
6.842744575634432912e-03
3.255301359787627502e-05
-1.133042900657445879e-03
4.891993087886259113e-04
-1.242818411197630747e-05
-8.610905319128577917e-05
4.225397738202849095e-05
-3.038887255882464618e-06
-6.893217019158147331e-06
3.901304649124678648e-06
-5.145663718575419784e-07
-4.895355638426510075e-07
3.018099979620058276e-07
-5.918574173663380119e-08
1.504259994466181950e-02
-1.738023014344390257e-02
6.041919966335641476e-03
-1.560450522063806149e-03
3.340145070136672062e-04
-6.322232120888057814e-05
1.097869491972676730e-05
-1.774898996505867666e-06
2.655859620450011675e-07
-3.560518342167516525e-08
3.875313554668497181e-09
-2.043178136950237976e-10
-5.366403557078924949e-11
2.523786477634886742e-11
-7.038519070870884476e-12
1.630148292050117285e-12
-3.389511869958378227e-13
6.698467509771176355e-14
-1.158567660524087470e-14
3.065248791367237275e-04
-5.815748517534800963e-04
4.970888536235026347e-04
-3.840768605884047515e-04
2.696138860934258288e-04
-1.730370423169821567e-04
1.022565272197421794e-04
-5.606590162277851205e-05
2.874581281327787246e-05
-1.389254678682328941e-05
6.379325242695910346e-06
-2.805098707242954156e-06
1.190064085003995136e-06
-4.905969799772096944e-07
1.978488773092434349e-07
-7.867669344862609873e-08
3.145888205010182621e-08
-1.393419211339125432e-08
4.679259050091159375e-09
-2.564855607110539480e-10
4.918304387470102194e-10
-4.332727715423927421e-10
3.501441062172797940e-10
-2.588578093449628987e-10
1.743187413765068840e-10
-1.062585961756848714e-10
5.809316609373613474e-11
-2.809418534495464498e-11
1.175535855727329177e-11
-4.091525747557973006e-12
1.087273208873255995e-12
-1.641388854304951163e-13
-2.038145985145772472e-14
2.088355041067454059e-14
-5.045353955744351706e-15
-4.224755324945521065e-16
5.772942999608377635e-16
-1.080040129335771422e-16
7.445352909807763098e-01
1.222026318980459639e-03
-2.203086909119941957e-06
1.223565331395838978e-09
6.241068025155171745e-12
-1.942870980239982310e-14
8.465297516009760666e-18
7.810215571219884387e-20
-4.709801712060945480e-21
-1.830724852500503500e-21
8.681702236800319383e-01
1.041686945144270349e-01
-2.697263066762520950e-02
-7.184915746178344642e-04
5.104039624520260478e-03
-2.746059573868868137e-03
5.775096904465708237e-04
1.880162456159435421e-04
-1.970367871455383003e-04
6.140932496799588001e-05
7.449729360607143687e-06
-1.532461771360914626e-05
5.836047625408458741e-06
2.749296631706840567e-07
-1.318896216037245755e-06
5.898085816549023164e-07
-2.561264805574025321e-08
-1.188975113750257531e-07
5.879382874596520265e-08
9.627941421603307681e-01
1.257512833025863433e-02
-2.139544142558717169e-03
3.682532010872171082e-04
-6.429736750116269144e-05
1.136806106569448841e-05
-2.021843178912125303e-06
3.582294579203063674e-07
-6.254426370841932264e-08
1.063491048223336170e-08
-1.736435035587444607e-09
2.665889978428086552e-10
-3.699029946378912313e-11
4.189729779061667270e-12
-2.299453449704040526e-13
-6.427618668373842160e-14
3.188460913539653493e-14
-9.936638970159926430e-15
2.309430820708360400e-15
9.881053535343486960e-01
9.032686030104489922e-03
-3.429700597862809543e-03
1.302281840744080226e-03
-4.945075997713532833e-04
1.877922831851541665e-04
-7.132620609721496542e-05
2.709783683552905581e-05
-1.029924071182692479e-05
3.917059234671658460e-06
-1.491176553147916919e-06
5.684204572222084203e-07
-2.170508219010076221e-07
8.306294449402817079e-08
-3.188079088939506867e-08
1.230562463545914233e-08
-4.853400807647694277e-09
2.148834711546549817e-09
-7.236822438692567163e-10
9.973243178537471998e-01
2.673891205743353199e-03
1.789741761680157047e-06
1.197945363990486359e-09
8.018324163075376098e-13
5.367595476789368772e-16
3.113777513815795826e-19
3.599264875526904524e-20
-2.545326273372414945e-20
1.725829415432578440e-20
-1.110501282401588538e-20
6.787268675563389020e-21
-3.909670736613456129e-21
2.132054959218059668e-21
-1.083994323170239617e-21
5.191114569295699927e-22
-2.279915321634869927e-22
1.057288255852599362e-22
-3.213701052982799262e-23
1.039123595330516903e+00
2.206812729772558409e-04
-7.528172126431272206e-07
6.160785929689392281e-10
2.952014736935994460e-12
-1.164708266861343598e-14
1.193580424036882564e-17
3.908784835248392086e-20
-8.999193439429302891e-21
6.679397030326665103e-21
1.038414146732875798e+00
-8.603639995833831794e-03
-6.014520472673934477e-03
3.014557249604508243e-03
2.290534311140247459e-04
-8.347533124373918579e-04
3.778604882543072012e-04
-1.505087464840576659e-05
-7.003533706689344242e-05
3.716267709708149494e-05
-3.701627250779209554e-06
-5.804067743486564977e-06
3.539656449248327676e-06
-4.940647382800141103e-07
-5.041912228779724166e-07
3.530624814398441584e-07
-6.908908985071612051e-08
-5.082261119160490395e-08
3.466508199706936465e-08
1.018888779210429751e+00
-6.395214669493832528e-03
1.053831174266618579e-03
-1.643367408663158125e-04
2.315149095497703321e-05
-2.665375998420337873e-06
1.609886965287243140e-07
3.263186342392233805e-08
-1.675555488356452674e-08
4.765902937411584069e-09
-1.108387547222341544e-09
2.291525358975384254e-10
-4.330684850424041553e-11
7.525597013153175067e-12
-1.189245062524911731e-12
1.644305113245100652e-13
-1.751866474186114189e-14
3.865472686009844595e-16
4.100305818004869822e-16
1.005994693998033762e+00
-4.579434381224009240e-03
1.749091849627851724e-03
-6.680115947181533434e-04
2.550914649241458275e-04
-9.738543168576740407e-05
3.716083354770279495e-05
-1.416841140636072066e-05
5.394791317344110684e-06
-2.049841409610624377e-06
7.764491607767253130e-07
-2.928006493373187479e-07
1.097405022276221414e-07
-4.079483824131617644e-08
1.500514233180129454e-08
-5.449975713321539975e-09
1.967050067219375965e-09
-7.646314362342888810e-10
2.342978730621715811e-10
1.001340473431532763e+00
-1.340473431532830531e-03
-1.299680546164946119e-19
1.164674381857824376e-19
-9.983545667086354541e-20
8.181577662556431056e-20
-6.405321235609717422e-20
4.786145446386891114e-20
-3.409248193591304386e-20
2.311669054808486986e-20
-1.489391639203922470e-20
9.098099883800937391e-21
-5.254903509390789520e-21
2.860030686562345549e-21
-1.460680348229489825e-21
6.972116123033705280e-22
-3.123809961259212045e-22
1.400355719944759274e-22
-4.471003757685354372e-23
5.500000000000000444e-01
