8.122934828858799916e-01
-2.354229774798991242e-03
-1.428195371928520462e-06
8.559546693787841816e-09
-2.267404008565766747e-12
-3.378718767839075718e-14
4.556833972518923203e-17
1.552392675755161437e-19
-8.166056285648636826e-21
-2.300101397419801036e-20
3.664693527001029461e-01
-4.193610123101040310e-01
8.210833064408661064e-02
3.263052228418669015e-02
-2.609104704807609781e-02
4.115847170447889045e-03
3.264868444592605116e-03
-2.007097963761085048e-03
8.251816293610003531e-05
4.030121822388084180e-04
-1.826798728905539362e-04
-1.408631307492994045e-05
4.668826055537984095e-05
-1.631449578190202326e-05
-3.751837051233410153e-06
5.389846950523705965e-06
-1.530415562010077902e-06
-7.421709442850315806e-07
6.026644186152789725e-07
1.417641552847739329e-02
-1.784411033518155248e-02
6.888343754276358283e-03
-1.966266626402979334e-03
4.594442005494376127e-04
-9.356878249048440458e-05
1.725696195396774071e-05
-2.934447429546202221e-06
4.585778106467842116e-07
-6.366218504855412617e-08
7.000506606524866851e-09
-2.895585853535603458e-10
-1.456600141205127053e-10
6.403594882517986263e-11
-1.827487349498481774e-11
4.396500018183328681e-12
-9.532048602651799236e-13
1.967435506987197586e-13
-3.526821856812769984e-14
1.913992462866864947e-04
-3.660302084141805437e-04
3.202175502965259315e-04
-2.568126905758057210e-04
1.893946770585755283e-04
-1.289548674079538126e-04
8.144171236403300489e-05
-4.795499143152153756e-05
2.647104266614278253e-05
-1.377633639295930336e-05
6.799076240969883262e-06
-3.200986938920143096e-06
1.446103920573555910e-06
-6.306010121687414704e-07
2.670395358581250505e-07
-1.107017005872252887e-07
4.585798640537365814e-08
-2.094494235594227752e-08
7.148859823054686689e-09
-3.131488277446590848e-10
6.040922520777727741e-10
-5.419115960985212013e-10
4.516687389349154439e-10
-3.491543834044292626e-10
2.496775448148213854e-10
-1.645466855097230744e-10
9.942567830080091997e-11
-5.468484568151122197e-11
2.709540744915409039e-11
-1.190775138917326725e-11
4.525817815229553996e-12
-1.419537980486611727e-12
3.286926391418701555e-13
-3.394321946038390653e-14
-1.248188592958438599e-14
7.378562251021914993e-15
-1.220529972971880560e-15
-2.371502204071996729e-16
7.341376539107272725e-01
1.107596041217664235e-03
-8.350806078885762230e-07
-1.753430664700400743e-09
3.226733248544321038e-12
6.085820992661813687e-15
-1.929635872276931325e-17
-1.198835267567136042e-20
9.479054648486421283e-21
-8.540156943720048010e-21
8.697855630187506515e-01
1.159881856924485782e-01
-3.144712950186473455e-02
-2.940691332413789254e-03
7.588170643956173959e-03
-3.174405126792985768e-03
-2.447227034469106992e-05
6.398279114830601830e-04
-2.570366264629654163e-04
-3.433326103736479042e-05
7.179497029906178461e-05
-2.176423243885822401e-05
-7.706227822784750118e-06
8.363517171712941893e-06
-1.660812131853877511e-06
-1.345819817772700818e-06
9.707801337142422364e-07
3.630509925646040223e-08
-2.071996714615665702e-07
9.689855725141049980e-01
1.056926369330437980e-02
-1.835067318959489151e-03
3.305833207510209203e-04
-6.272354884645507569e-05
1.252287079352903669e-05
-2.581213436776326435e-06
5.349148548697070091e-07
-1.089102632047120625e-07
2.142788109679331708e-08
-4.022440006165626461e-09
7.105059316883446226e-10
-1.154364265806936331e-10
1.641355387267199577e-11
-1.750004801452186610e-12
2.144285944716370980e-14
6.220039803965622103e-14
-2.674470756953033225e-14
7.137606312612381032e-15
9.901170254120499337e-01
7.512637673106307631e-03
-2.855426240590067718e-03
1.085323029970851338e-03
-4.125411605365667802e-04
1.568253254655066270e-04
-5.962702538308853149e-05
2.267843408957371986e-05
-8.630441655010151269e-06
3.287535368956136556e-06
-1.254218604425651773e-06
4.796104359304078637e-07
-1.840251153759896423e-07
7.094654242257571073e-08
-2.753555546217359783e-08
1.080649146938961279e-08
-4.369739625395642692e-09
2.004610746472068069e-09
-6.912476077573366214e-10
9.977790891622081437e-01
2.219676779819293195e-03
1.233372263294785454e-06
6.853282217759384545e-10
3.808051386473923959e-13
2.117845612543894973e-16
-3.555071354431209722e-20
1.196375876701845950e-19
-8.975349341293702317e-20
6.466594872097084775e-20
-4.469411798547691991e-20
2.957777312098588504e-20
-1.873678120521819060e-20
1.132862275447730709e-20
-6.546747994231928273e-21
3.612392673134549541e-21
-1.950538130969075520e-21
1.094896036804773075e-21
-4.067426551715029398e-22
9.973823544692038690e-01
3.610747952749485622e-04
-4.443073962164994143e-07
-7.141379058278625724e-10
1.970816708841514646e-12
2.326722333725509659e-15
-1.183118202514450860e-17
-2.842310308250841138e-21
3.020234430280468217e-21
-2.740772640494924312e-21
1.019989301878512000e+00
1.115471810664895452e-02
-1.233501334831215400e-02
2.341305595060574722e-03
2.100731189669329067e-03
-1.588598443359187130e-03
2.559437892342767947e-04
2.376590351726221755e-04
-1.547427422502710155e-04
9.402759018758054878e-06
3.186924373247321230e-05
-1.530731732411730106e-05
-1.218402168995136957e-06
4.165935984868288693e-06
-1.441282320057297012e-06
-4.182915701102774954e-07
5.169900246776326115e-07
-4.758431599817099707e-08
-8.327588723590087057e-08
1.015683916836328748e+00
-5.315844902120800929e-03
8.754937213061721006e-04
-1.346393987696557608e-04
1.771177257904734420e-05
-1.460586462172731467e-06
-1.527014102538654262e-07
1.181375709390910794e-07
-3.924707000824228219e-08
1.030381914977375972e-08
-2.376384716590820965e-09
4.989742863474462457e-10
-9.651221134276290307e-11
1.714166731083440970e-11
-2.736580619090752562e-12
3.686704788500942431e-13
-3.259570165284454133e-14
-2.828719300958346556e-15
2.083562248861639662e-15
1.004975424633919534e+00
-3.800855505375505452e-03
1.451767034302194406e-03
-5.544990151617718672e-04
2.117775655754068631e-04
-8.087411474045467130e-05
3.087763048886347920e-05
-1.178430076209138892e-05
4.494249991435309574e-06
-1.711966051886517247e-06
6.508793191323041445e-07
-2.467237813551899580e-07
9.310554394831395719e-08
-3.490603637171598837e-08
1.296598669242841963e-08
-4.758586835793368642e-09
1.734011137648918404e-09
-6.785724425124362860e-10
2.083818557182012729e-10
1.001112544019225670e+00
-1.112544019225797419e-03
-1.521449203106633976e-19
1.385628063714469555e-19
-1.215193545182731137e-19
1.025897981442719577e-19
-8.333460227879741873e-20
6.509678896810014377e-20
-4.886520195329651882e-20
3.521873440658923253e-20
-2.434645599893767227e-20
1.612341246477193676e-20
-1.021474797300463129e-20
6.181831978873021672e-21
-3.570983716878858091e-21
1.974803719875342916e-21
-1.064862079472247424e-21
6.005054634228794248e-22
-2.223069124845480521e-22
1.400000000000000133e-01
