8.057556950732878143e-01
-2.448202432380838615e-03
-1.237873488351976924e-06
9.196255912270291928e-09
-4.581805707973816515e-12
-3.512982614374876232e-14
6.273705329849590248e-17
6.882747592587148727e-20
-2.386582959994308841e-20
2.423378301479061991e-20
3.611983907507796965e-01
-4.148386295761369857e-01
8.384037477382168257e-02
3.061059712551586140e-02
-2.588937002090677814e-02
4.686305603578229916e-03
2.928916680124835515e-03
-2.009058285980520279e-03
1.748502286369699741e-04
3.617194703357901010e-04
-1.887717832558859709e-04
-3.187932268024925805e-07
4.208058935196213365e-05
-1.785799536682891605e-05
-1.860630959567707730e-06
4.941130081991401419e-06
-1.782298765571390782e-06
-5.598089328938075080e-07
5.745400981859656003e-07
1.406592200152927824e-02
-1.761116880520737990e-02
6.752978593696333173e-03
-1.915267343026752847e-03
4.450477537710879287e-04
-9.023960718908247526e-05
1.659179591388022733e-05
-2.816898282761304312e-06
4.404465207519287025e-07
-6.143862373244586101e-08
6.880787274321453959e-09
-3.352540104267806644e-10
-1.226485010305774988e-10
5.689021200297453798e-11
-1.642765256838787165e-11
3.969464833700068275e-12
-8.626138476896720262e-13
1.784604560589294218e-13
-3.207908443453847753e-14
1.954935325191675764e-04
-3.736787568468488739e-04
3.264416404525958648e-04
-2.612014680302019646e-04
1.920397617368687271e-04
-1.302704542945485244e-04
8.192585438937950281e-05
-4.801939914808385669e-05
2.637956492516501679e-05
-1.366182661758365620e-05
6.710051105607888772e-06
-3.144391864593397871e-06
1.414338398731656164e-06
-6.142903344419558225e-07
2.592103147238077891e-07
-1.071246076442686041e-07
4.425790164116293594e-08
-2.016721395990757141e-08
6.875000387166427278e-09
-3.059190852980227028e-10
5.899220972389230346e-10
-5.285941432896256085e-10
4.397135057637277171e-10
-3.389629595582391672e-10
2.414850402857986475e-10
-1.583833593976278986e-10
9.512086568864381419e-11
-5.191753435338957946e-11
2.547453639203203266e-11
-1.105370377007872914e-11
4.128182607438230789e-12
-1.260518607200268327e-12
2.768900077104465909e-13
-2.190465096910226100e-14
-1.342360099950741756e-14
6.687208162121804292e-15
-8.753394436225608442e-16
-2.973268398447539671e-16
7.330891379593543755e-01
1.135283228285123179e-03
-9.505490469567456097e-07
-1.736865460382839723e-09
3.910913371801465311e-12
5.499713415751635110e-15
-2.358184879683599626e-17
-2.305302581892527934e-20
-2.807794451471232493e-20
1.174517701427893875e-20
8.688635881870293565e-01
1.156838010087859886e-01
-3.145934080985959835e-02
-2.582768659115601551e-03
7.396235544728896674e-03
-3.222457762633176848e-03
7.566131738053639554e-05
6.012645013761114265e-04
-2.680362235038897460e-04
-1.752090800520456562e-05
6.688843306405143046e-05
-2.421087489913909154e-05
-5.196004055612082828e-06
7.883670577244051263e-06
-2.131805277639541264e-06
-9.917480704599446709e-07
9.232120185462783163e-07
-3.977771834905433333e-08
-1.634955836646128279e-07
9.682200873379934736e-01
1.081886384680815459e-02
-1.873601601786037147e-03
3.356117421746043078e-04
-6.304376815266445489e-05
1.241528822830187452e-05
-2.520365017864597114e-06
5.147597787904108333e-07
-1.034830997880406257e-07
2.014596365146441048e-08
-3.749669957935624542e-09
6.579676355223526293e-10
-1.064222817636487190e-10
1.511417942493715830e-11
-1.625632836585053458e-12
2.879429629216450573e-14
5.368631255981660957e-14
-2.341602907436344187e-14
6.262801038957664413e-15
9.898689485438356694e-01
7.700254643436114411e-03
-2.926370619485203339e-03
1.112148958742214177e-03
-4.226845390738711477e-04
1.606606212890641645e-04
-6.107710452947690992e-05
2.322661882932837446e-05
-8.837609334555225090e-06
3.365770304489588312e-06
-1.283718537998023237e-06
4.907013362906274820e-07
-1.881726606250479897e-07
7.248321062752104567e-08
-2.809602907710854080e-08
1.100565828867118548e-08
-4.437789187655302524e-09
2.027816931933138780e-09
-6.974524452120152206e-10
9.977230568575956582e-01
2.275646071755314890e-03
1.296331766895830742e-06
7.384610776064945862e-10
4.206673859564217761e-13
2.398087273001745100e-16
-4.167924968296625091e-21
1.096293963012619357e-19
-8.194631637902563100e-20
5.882018963708979926e-20
-4.047374779924837869e-20
2.666056945831082639e-20
-1.679215723736647395e-20
1.008794643881755644e-20
-5.783702112784147619e-21
3.166956318619363503e-21
-1.689808775415460814e-21
9.377246888374337973e-22
-3.443776553736009089e-22
1.001632830144068231e+00
3.553997207816748547e-04
-4.817374355302150277e-07
-6.930699845798078636e-10
2.313840963637166460e-12
1.829919349482541642e-15
-1.396720114623956636e-17
1.192622723233778637e-21
-9.266878266631614358e-21
3.385973869884056545e-21
1.022076196150466743e+00
9.104343894264697867e-03
-1.185440014259501497e-02
2.537472957555976169e-03
1.896522621394892668e-03
-1.553579006443045344e-03
2.985978118258401145e-04
2.086751740053100965e-04
-1.541185498613548708e-04
1.748609399287141350e-05
2.801371519086542734e-05
-1.583943991509557112e-05
1.039801806440234886e-07
3.713408128812668545e-06
-1.601938262353086483e-06
-2.169064339175077619e-07
4.636547603686924328e-07
-8.294028929528864537e-08
-5.663157426219431438e-08
1.016080921841695739e+00
-5.452418503038661615e-03
8.993312592850104129e-04
-1.390120460565121095e-04
1.860005723468199164e-05
-1.665091757151918969e-06
-1.014675963482989381e-07
1.050752839080779769e-07
-3.601749716828847332e-08
9.547608670938193572e-09
-2.210421815275622601e-09
4.650797124834430206e-10
-9.014525310792017358e-11
1.607016846922475775e-11
-2.585912688795149735e-12
3.553052430004076147e-13
-3.389853787576289948e-14
-1.602995194859184278e-15
1.692900065043032703e-15
1.005100928659034221e+00
-3.896730172852975582e-03
1.488386122671028896e-03
-5.684847561922626302e-04
2.171184334013835789e-04
-8.291322427160079936e-05
3.165583813741299629e-05
-1.208109800527703876e-05
4.607325671877195337e-06
-1.754980510372000518e-06
6.672084951530605976e-07
-2.529070510304975825e-07
9.544063955456333792e-08
-3.578596834285911451e-08
1.329750494941525069e-08
-4.884195097829519677e-09
1.782923155043403174e-09
-7.002326574456686781e-10
2.157222255821379891e-10
1.001140607907460511e+00
-1.140607907460555346e-03
-1.476081129404988805e-19
1.342944653900246259e-19
-1.176072767090332413e-19
9.910235867496956354e-20
-8.031627003424879627e-20
6.256549272944716731e-20
-4.681232094912716177e-20
3.361197138174763626e-20
-2.313520866697309929e-20
1.524571253781662809e-20
-9.604537513333348094e-21
5.775374971624045966e-21
-3.311546044321399465e-21
1.815238735547767186e-21
-9.682380760809689502e-22
5.392740199932731532e-22
-1.982255129855010725e-22
2.049999999999999600e-01
