4.325664496515778112e-01
-1.389119195774149787e-03
1.850690558311188863e-06
-2.122036217862944518e-09
1.889105720504358766e-12
-6.912375812198797212e-16
-2.553721056527063350e-18
6.836455586618047460e-19
-3.997748180916410504e-20
-1.938135914526771336e-19
2.273093056308183035e-01
-1.965444838037245512e-01
2.678677556103766996e-02
1.095722338155309672e-02
-7.230632544297987616e-03
1.675507699683358468e-03
1.163292153016740488e-04
-2.213244590961046491e-04
7.075889106597849283e-05
-2.695308404647825879e-06
-6.560160477044132942e-06
2.651661636705617112e-06
-2.310412217661785620e-07
-2.116502639275323319e-07
1.010585470328198828e-07
-1.163990945079363059e-08
-7.425426507182803608e-09
3.742120563235370463e-09
-5.355393425451786516e-10
2.857371580042094433e-02
-2.586627072618244427e-02
6.846930321080474044e-03
-1.361440454877555764e-03
2.266968220243069127e-04
-3.293998636179830029e-05
4.112283713927828135e-06
-3.917281454449756518e-07
1.075320857165949592e-08
7.294545344450292210e-09
-2.567030973546938426e-09
6.007401931159975920e-10
-1.169205373482975171e-10
1.995167285484071666e-11
-3.002277666222350592e-12
3.855768040355164655e-13
-3.706617624349343011e-14
5.608596097582783039e-16
7.769349525107420971e-16
1.275251419715628387e-03
-2.358791554511147342e-03
1.873684822166100201e-03
-1.292248891189117909e-03
7.851796880018453804e-04
-4.271478658331276422e-04
2.115082983953347356e-04
-9.687997271002575853e-05
4.168690875586376638e-05
-1.709354650314989067e-05
6.764392101426776725e-06
-2.610670796463767684e-06
9.905222957882140979e-07
-3.714428473159496425e-07
1.380988282005321744e-07
-5.103591098299812567e-08
1.897024680434707207e-08
-7.744618312545145202e-09
2.468087607109545363e-09
3.230699296192718635e-09
-6.087816428024991509e-09
5.084705122506355278e-09
-3.748304568672054854e-09
2.418846197565357861e-09
-1.347655013811710486e-09
6.331727513142477640e-10
-2.401355607983654979e-10
6.657115230220352398e-11
-9.240187437054310164e-12
-2.004616641384237473e-12
1.409302778582568760e-12
-1.877279739971317498e-13
-9.981343909176166251e-14
4.024372803413922262e-14
4.843646232862940718e-15
-5.694641437440735951e-15
-5.196595999205843574e-17
7.533723139947751870e-16
8.231832053610803612e-01
4.300779532790558542e-04
-6.543375683061049360e-07
9.445052682719556976e-10
-1.213510465599583293e-12
1.291479608987056356e-15
-8.375129494789750589e-19
1.328960748694626172e-20
-2.445439443299185769e-19
1.724999240731282307e-19
8.856361324696272463e-01
6.042835706495441189e-02
-6.930412424930051593e-03
-2.848791236631406567e-03
1.992377723475021248e-03
-5.617527676838848837e-04
1.794828137107715881e-05
5.732174302594391583e-05
-2.643632039518041042e-05
4.354878356112792027e-06
1.292239406885656060e-06
-1.027462377238669225e-06
2.571596093933087564e-07
1.919865124357241379e-08
-3.745672771414121842e-08
1.207028378047064726e-08
-2.104742677522963256e-10
-1.410959253941280104e-09
5.367433930716515091e-10
9.551903567148984919e-01
1.468093946179731442e-02
-2.328579665057774369e-03
3.529134132517788261e-04
-5.060093466298762777e-05
6.786652155740522731e-06
-8.310107387864406091e-07
8.666796576500653902e-08
-5.736817900620987853e-09
-4.798891249334560231e-10
3.110751014851058178e-10
-8.747493767771203193e-11
1.967566167640162599e-11
-3.914667826408311218e-12
7.097234532418543099e-13
-1.178223371440667251e-13
1.767526734869674050e-14
-2.307951347679232862e-15
2.283342376751812377e-16
9.855224805238699259e-01
1.097727827748173034e-02
-4.160507011944667398e-03
1.576035856162821998e-03
-5.964436078649847962e-04
2.253625616570745563e-04
-8.494407580219201612e-05
3.190579497351836365e-05
-1.192850310019436445e-05
4.433766895946252365e-06
-1.636699414165477339e-06
5.995227734833803798e-07
-2.177888700580218599e-07
7.844089646912107230e-08
-2.801376156284345256e-08
9.934158503280668504e-09
-3.537631861602123867e-09
1.380097539940055278e-09
-4.275120245694934154e-10
9.967385789775961014e-01
3.258759633488214538e-03
2.659217165788921191e-06
2.169977738957315935e-09
1.770766031075190511e-12
1.431466208842970669e-15
1.061950864491180781e-17
-6.142134713778833147e-18
3.705142913992625035e-18
-2.059755089593559612e-18
1.047539366716157623e-18
-4.820836748545984871e-19
1.976240024917992369e-19
-7.023784754650019734e-20
2.064145281199961790e-20
-4.413902826753751609e-21
3.884158482106527071e-22
2.266093528354875809e-22
-9.580405123027060493e-23
1.059662612564683304e+00
-1.918634770956723654e-05
-9.479123528081851091e-08
2.544810076926969191e-10
-4.384318749279231577e-13
5.719988592226236612e-16
-6.099978832749697684e-19
3.300165014542891641e-20
1.233720799434031903e-20
-6.283784760973552622e-21
1.046898684898249554e+00
-1.533521390974102762e-02
-1.372685369899133249e-03
1.273899799694082650e-03
-1.102140938340940581e-04
-1.242313674237342162e-04
5.152423891801008091e-05
-1.987241219082024792e-07
-7.201037596283191670e-06
2.828938001462572978e-06
-1.451016952197709335e-07
-3.146829455918770818e-07
1.419142376820524182e-07
-1.508789391669693855e-08
-1.207920005815047551e-08
6.530979374802308310e-09
-9.948044528239791942e-10
-5.071236790218110080e-10
2.948307277475326492e-10
1.022696550973094087e+00
-7.337071419384725429e-03
1.088776328208130228e-03
-1.402331317258016503e-04
1.394322325952635512e-05
-5.570776553922900479e-07
-1.892458578740555317e-07
6.997052336289407594e-08
-1.586054625858616851e-08
2.903438713599835740e-09
-4.511942963901719118e-10
5.808817121528277649e-11
-5.282147379342689900e-12
-1.318902132360362197e-14
1.579690073955976544e-13
-4.988247991094163602e-14
1.128364632562437958e-14
-2.193044393409961539e-15
3.528444345897941246e-16
1.007307910356681102e+00
-5.579565862501017527e-03
2.128493662727543381e-03
-8.108732799547192782e-04
3.081610596546179351e-04
-1.166428044305623901e-04
4.387896003482705568e-05
-1.636031541898337445e-05
6.026511392152399495e-06
-2.185203783636228593e-06
7.767572412373388692e-07
-2.693852981087023806e-07
9.060410884118568350e-08
-2.930153456956608352e-08
8.982898501888980260e-09
-2.535721671088515301e-09
6.077583939122642809e-10
-8.273279588260290204e-11
-8.803342064219813010e-12
1.001634709361159059e+00
-1.634709361159046494e-03
-3.600309649187874021e-17
3.074111293796523131e-17
-2.460197086993362086e-17
1.842314823042427659e-17
-1.287944393823476677e-17
8.379566622984006639e-18
-5.052899841897640892e-18
2.808299810026646530e-18
-1.427674045021827116e-18
6.567765551945232698e-19
-2.690269904784025896e-19
9.556569036749846419e-20
-2.801231869836889977e-20
5.997276624721310796e-21
-4.994953105012913547e-22
-2.927024218578520444e-22
1.384098085682562451e-22
8.249999999999999556e-01
