8.031596881663780607e-01
-2.483578523866054009e-03
-1.156419359905565338e-06
9.423067567971858956e-09
-5.555301621694902217e-12
-3.534190763765872518e-14
6.955155504351764218e-17
1.025647743228431422e-19
1.484702824746146267e-20
-8.907939869209186045e-21
3.592013353290978150e-01
-4.130536367884474203e-01
8.442672129744593912e-02
2.985319711783431668e-02
-2.578903232783917240e-02
4.887708327872108960e-03
2.800167942938066278e-03
-2.003863016055773289e-03
2.073393546143124033e-04
3.453724646986551386e-04
-1.899316044579585209e-04
4.547704809263877517e-06
4.015503073836223830e-05
-1.824974216582002902e-05
-1.183041195121810304e-06
4.731137320453656624e-06
-1.847286063979517826e-06
-4.888563310347286451e-07
5.562948856418890310e-07
1.403185230336914842e-02
-1.753172018229813209e-02
6.704801680209830118e-03
-1.896796109304906127e-03
4.397902120504686174e-04
-8.901780313314850551e-05
1.634657742228290642e-05
-2.773279581981137881e-06
4.336337251050001749e-07
-6.057581475652791312e-08
6.824104184195174739e-09
-3.487644562805813502e-10
-1.149900804432640176e-10
5.444716128463505182e-11
-1.578828372548484899e-11
3.820493981603962304e-12
-8.308006931389113870e-13
1.719889400757153960e-13
-3.094017545101350662e-14
1.972329423065243524e-04
-3.769314758967922969e-04
3.290976315300082845e-04
-2.630875831479225391e-04
1.931923841148272016e-04
-1.308607287542410931e-04
8.216056854478747480e-05
-4.807034128362052392e-05
2.635782641564442868e-05
-1.362446056916129219e-05
6.679051071974457404e-06
-3.124171188226778431e-06
1.402847367833090702e-06
-6.083519524096963418e-07
2.563502277182473237e-07
-1.058156158627121813e-07
4.367188280892307976e-08
-1.988226423870807605e-08
6.774648572715289439e-09
-3.033052130241948842e-10
5.847946826349299368e-10
-5.237640808890095061e-10
4.353630471525562911e-10
-3.352405178078070911e-10
2.384821597013428659e-10
-1.561178496683364396e-10
9.353569066156304109e-11
-5.089806600120416328e-11
2.487810314057127939e-11
-1.074041384521385510e-11
3.983141258907982580e-12
-1.203061895566307687e-12
2.584816928997652050e-13
-1.778304638530317263e-14
-1.366528039732980620e-14
6.413664093931405296e-15
-7.527374277396530340e-16
-3.157113224597057887e-16
7.327749041391763418e-01
1.145338855075604158e-03
-9.962293920870531618e-07
-1.721140631021196681e-09
4.180303437192739394e-12
5.173466764359053494e-15
-2.529925341810242628e-17
-2.226142542046427320e-20
1.342309946913843337e-20
1.295104920103807768e-21
8.685521484728521147e-01
1.155389661028928677e-01
-3.144782293431776926e-02
-2.453332151463235092e-03
7.320979289375880057e-03
-3.236110158350179265e-03
1.118544215803445849e-04
5.858856800612710419e-04
-2.711469900859776630e-04
-1.143234918501820763e-05
6.480955350210597442e-05
-2.493131749844534643e-05
-4.276773885607823535e-06
7.651745331238828723e-06
-2.276241613986110656e-06
-8.582288237282428711e-07
8.959227609978302737e-07
-6.577481306008288084e-08
-1.461241116787205103e-07
9.679434240565477632e-01
1.090902799368208623e-02
-1.887512551278907116e-03
3.374248411527115167e-04
-6.315864007634351132e-05
1.237634169613186020e-05
-2.498416961671088205e-06
5.075019666004019897e-07
-1.015307965046984130e-07
1.968494298195510683e-08
-3.651481209195380844e-09
6.389989527178606614e-10
-1.031447393574009427e-10
1.463339996556409005e-11
-1.576536621891713081e-12
3.016729939525433847e-14
5.096497208203071014e-14
-2.230814536787787529e-14
5.967890799477265151e-15
9.897792593533141225e-01
7.768073832445045526e-03
-2.952011046074793331e-03
1.121842656925948166e-03
-4.263493072635927365e-04
1.620460851031113255e-04
-6.160085704851294883e-05
2.342459280095368824e-05
-8.912419658754633034e-06
3.394019883370600048e-06
-1.294370153138713386e-06
4.947058278357765848e-07
-1.896700751290397631e-07
7.303790278070621477e-08
-2.829825789550585577e-08
1.107745667266857665e-08
-4.462273510252114580e-09
2.036129695545957883e-09
-6.996639380419878196e-10
9.977027956516920648e-01
2.295884108012334092e-03
1.319481532209477977e-06
7.583272641205134725e-10
4.358226784523912464e-13
2.506426279720421743e-16
7.779285768802175371e-21
1.060252893384939064e-19
-7.914747746346525047e-20
5.673451298937479587e-20
-3.896568170701490073e-20
2.561665370516818064e-20
-1.609378543303082054e-20
9.652323033909712713e-21
-5.513508417113996104e-21
3.009397803852409004e-21
-1.595241842013120260e-21
8.852104026739184831e-22
-3.237283809533027705e-22
1.003221611000849611e+00
3.529512288939659040e-04
-4.961002853739027663e-07
-6.808904014642021592e-10
2.446895052042349700e-12
1.582718363796014955e-15
-1.476429677743598345e-17
5.602632710361792113e-21
1.371138512358662456e-21
-1.324138449342068449e-21
1.022844453007500931e+00
8.338262028457560024e-03
-1.166544783591536710e-02
2.604768865781559219e-03
1.819852270214219548e-03
-1.537837238799952917e-03
3.131709061515596968e-04
1.976298817117506500e-04
-1.533023816007358096e-04
2.028465539579838703e-05
2.648943394967146782e-05
-1.592358915207463962e-05
5.681937903009316865e-07
3.522745228085333398e-06
-1.642319001141513511e-06
-1.444141394493057813e-07
4.395311794742102385e-07
-9.418458134001310175e-08
-4.660535071389498362e-08
1.016224401563913027e+00
-5.501705331545401340e-03
9.079009927805121007e-04
-1.405734785936076266e-04
1.891492768209875747e-05
-1.737310674030449822e-06
-8.335763494153485825e-08
1.004420924223610643e-07
-3.486734353421435978e-08
9.277213161581809290e-09
-2.150825594332412748e-09
4.528443529059662978e-10
-8.782927288988483388e-11
1.567524143264615686e-11
-2.528766182532343565e-12
3.496689765435213226e-13
-3.415022685824286453e-14
-1.218234359697980935e-15
1.564739669304642897e-15
1.005146304986947126e+00
-3.931393791128626192e-03
1.501625686778787190e-03
-5.735411751982256133e-04
2.190492957572850053e-04
-8.365035393983061014e-05
3.193711256146722306e-05
-1.218834149536251836e-05
4.648164012091937090e-06
-1.770503176021063074e-06
6.730938718218582418e-07
-2.551314825728743869e-07
9.627845541298788690e-08
-3.610053209874776589e-08
1.341545301216580203e-08
-4.928616812367912804e-09
1.800095394478525364e-09
-7.077740904393562050e-10
2.182654833509783137e-10
1.001150754509427143e+00
-1.150754509427241203e-03
-1.460291188912091268e-19
1.328048392135356175e-19
-1.162372378242229325e-19
9.787621716493291549e-20
-7.925067702075430157e-20
6.166821294716612164e-20
-4.608188204285697378e-20
3.303837481505788418e-20
-2.270163328478073146e-20
1.493089909968217928e-20
-9.385396614374944175e-21
5.629353086561446073e-21
-3.218399490532657006e-21
1.758052009713044806e-21
-9.337157476291177488e-22
5.174809809542451475e-22
-1.896727531563009120e-22
2.249999999999999778e-01
