8.164011767154120136e-01
-2.291590387774770227e-03
-1.535681504382376296e-06
8.115049574191891568e-09
-9.361594233642846626e-13
-3.239070877879613193e-14
3.522386131596149539e-17
1.226487532911339674e-19
4.362810336899933947e-20
-1.898620148419981862e-20
3.699749513269614543e-01
-4.222193995540424738e-01
8.081349195328188517e-02
3.398525280477049382e-02
-2.617273840793535658e-02
3.706923011760841422e-03
3.483196618986859634e-03
-1.992700558263187441e-03
1.634605114439773352e-05
4.284953030542581576e-04
-1.761198660350070801e-04
-2.384565677316073131e-05
4.927152863126921435e-05
-1.487327608028754229e-05
-5.061886693275342129e-06
5.585736070354140584e-06
-1.297844186006241651e-06
-8.543874293880136771e-07
6.027091252682284716e-07
1.426606907210826655e-02
-1.801754653542420384e-02
6.985004203448274239e-03
-2.002019943266590118e-03
4.694457334701076503e-04
-9.586866464138599285e-05
1.771400790073499463e-05
-3.014569680934169375e-06
4.707403674187277726e-07
-6.509042451468044467e-08
7.053632219470831610e-09
-2.503911061901050324e-10
-1.633968862880858349e-10
6.939255504313046423e-11
-1.964120587087490372e-11
4.709579515937542839e-12
-1.019103385613091876e-12
2.099142771113128098e-13
-3.753974877322379337e-14
1.890483185333837347e-04
-3.616455714668415241e-04
3.166688585532306636e-04
-2.543386026323173695e-04
1.879368999271846768e-04
-1.282652254243883498e-04
8.122416924412027156e-05
-4.796679255384673731e-05
2.655880362928174102e-05
-1.386519417380569835e-05
6.864112901302566265e-06
-3.241262037462635875e-06
1.468412341039764147e-06
-6.419752373472271963e-07
2.724786435707900554e-07
-1.131818899715115807e-07
4.696631658700623350e-08
-2.148338364635137769e-08
7.338426272486849846e-09
-3.182249295333257947e-10
6.140326267447088980e-10
-5.512310513127625069e-10
4.600055347310302402e-10
-3.562330865737414733e-10
2.553463750908565720e-10
-1.687983833227567809e-10
1.023895939950139164e-10
-5.658930898654962677e-11
2.821237993353632151e-11
-1.249837075652989807e-11
4.802567780870351901e-12
-1.531398364210138140e-12
3.658109198063032895e-13
-4.291872542475096291e-14
-1.159582889926804351e-14
7.808379787704949735e-15
-1.466556133389205015e-15
-1.876152766320677620e-16
7.350040510704689556e-01
1.088415884067336827e-03
-7.626286235198460118e-07
-1.746781985550911275e-09
2.799626901774601383e-12
6.280454004802272599e-15
-1.652625028999959554e-17
-1.031144127196533961e-20
1.706204130700008387e-20
-1.428173653636614409e-20
8.704778273496701635e-01
1.161310746514135211e-01
-3.140646077225197480e-02
-3.190869418479145691e-03
7.709886095894792103e-03
-3.132817276886757426e-03
-9.435590436470981529e-05
6.635275213546191087e-04
-2.474568438385409369e-04
-4.598627472858768785e-05
7.450872075136085544e-05
-1.970130091207742778e-05
-9.410286041562407859e-06
8.559332296314427728e-06
-1.278312869927480849e-06
-1.574812669031776704e-06
9.794440517753836133e-07
9.145001986318752430e-08
-2.330376559116576084e-07
9.695234903340674837e-01
1.039376478440641807e-02
-1.807959368201041530e-03
3.270446159786465296e-04
-6.249855336031314823e-05
1.259901898863477564e-05
-2.624278177326403242e-06
5.491924579300088526e-07
-1.127574173760630797e-07
2.233652190607077602e-08
-4.215496628070467892e-09
7.475408771010345736e-10
-1.217319362289340563e-10
1.730010734697881325e-11
-1.827165909840572166e-12
1.306474379870025017e-14
6.907796494230892440e-14
-2.932335141323835216e-14
7.805820191328341050e-15
9.902912857955287196e-01
7.380819228700269061e-03
-2.805570678321750184e-03
1.066467390988929797e-03
-4.054100333742907810e-04
1.541284563941448197e-04
-5.860718588794295387e-05
2.229283473260866308e-05
-8.484698954718071829e-06
3.232492101374361465e-06
-1.233462469758224975e-06
4.718066804185828389e-07
-1.811067168983098706e-07
6.986514670836069433e-08
-2.714101267564366394e-08
1.066619073129125716e-08
-4.321728835373291314e-09
1.988179455984555246e-09
-6.868363914694070783e-10
9.978184405177111804e-01
2.180368745757891007e-03
1.190086604367350937e-06
6.495718346890887267e-10
3.545483885037513787e-13
1.937185113933309650e-16
-5.627143008769539896e-20
1.268105328177095577e-19
-9.523614908258681003e-20
6.886601664988807765e-20
-4.765093777165387988e-20
3.171028054664290265e-20
-2.009250081392225657e-20
1.225756585610581727e-20
-7.061362740069356048e-21
3.967106943282225101e-21
-2.114561466303507353e-21
1.234405007428565267e-21
-4.415277558580143026e-22
9.945134055993986033e-01
3.642411307709051836e-04
-4.199659027385748040e-07
-7.201454689072075809e-10
1.753019859586488187e-12
2.543981294622951838e-15
-1.039494126410757430e-17
-3.783564780423508871e-21
3.712156126404326696e-21
-3.339012362838635667e-21
1.018554923237511289e+00
1.253871544792659228e-02
-1.263895270696693308e-02
2.196186817566188505e-03
2.237329112325195726e-03
-1.606337573761739508e-03
2.243574024988576553e-04
2.565737311315897983e-04
-1.538617354886865382e-04
3.521452915311465513e-06
3.424281639074362434e-05
-1.469510702460217202e-05
-2.160104490101021657e-06
4.414535704217339088e-06
-1.290616634698337337e-06
-5.562879885956476711e-07
5.419065195867725306e-07
-2.007770484561715597e-08
-1.003270242353094619e-07
1.015404920814708012e+00
-5.219720654889643992e-03
8.586482685334426027e-04
-1.315271153912401180e-04
1.707448804274478696e-05
-1.313230740579130930e-06
-1.895982618239153488e-07
1.275138599191610892e-07
-4.155583803995570183e-08
1.084209406794570467e-08
-2.493947864711575725e-09
5.228340976871628962e-10
-1.009517326081454376e-10
1.787615455813539132e-11
-2.835886164291842593e-12
3.760806874413068221e-13
-3.113868121974149456e-14
-3.834276421889915397e-15
2.390377197799003639e-15
1.004887264250067247e+00
-3.733508021760697810e-03
1.426043601257802112e-03
-5.446743998854214168e-04
2.080255883730186019e-04
-7.944151281690684603e-05
3.033080333237698134e-05
-1.157568832107856428e-05
4.414731929932234664e-06
-1.681692365010223551e-06
6.393721340235830904e-07
-2.423581117072916066e-07
9.145236173504148345e-08
-3.428074400489234204e-08
1.272925548430825945e-08
-4.668344746318454732e-09
1.698611243020705949e-09
-6.627642254490964107e-10
2.029985316672721588e-10
1.001092830572603898e+00
-1.092830572603756224e-03
-1.554640465573775718e-19
1.416773587545422050e-19
-1.243643329606287062e-19
1.051161927759260290e-19
-8.551227857839762035e-20
6.691573393926113502e-20
-5.033481865096466756e-20
3.636517090597983692e-20
-2.520834083961572683e-20
1.674670685124236792e-20
-1.064757523518878429e-20
6.470064287980762730e-21
-3.755113746689141629e-21
2.088292556662352740e-21
-1.133830460123414700e-21
6.444029772861203165e-22
-2.396123827161535030e-22
6.999999999999995115e-02
