8.165864690800753722e-01
-2.288699167262013209e-03
-1.540291454250198091e-06
8.094251385434990822e-09
-8.786620750298648354e-13
-3.231851985880219325e-14
3.475496174883236428e-17
1.461959895257410850e-19
1.601422591275946448e-20
-8.900761899439076066e-21
3.701368884091110756e-01
-4.223485929195493482e-01
8.075100446720058500e-02
3.404796531983397823e-02
-2.617547499922085255e-02
3.687492694401071480e-03
3.493151639776550209e-03
-1.991776105105384689e-03
1.320661248149351672e-05
4.296264873756841995e-04
-1.757676980336850931e-04
-2.430566101675193328e-05
4.938002499986454918e-05
-1.479873331217713153e-05
-5.122880195654022042e-06
5.592543721566914831e-06
-1.285864577543466908e-06
-8.593132276010600747e-07
6.023162787540955469e-07
1.427051747956251289e-02
-1.802591344097838333e-02
6.989598049299072281e-03
-2.003707435136937737e-03
4.699161280133291765e-04
-9.597658910207563739e-05
1.773540717623520521e-05
-3.018308163976736601e-06
4.713039048219431617e-07
-6.515529302942112780e-08
7.055531944094813169e-09
-2.484001922874830522e-10
-1.642663109741649927e-10
6.965239767803147661e-11
-1.970714127872033599e-11
4.724634207180368605e-12
-1.022261885781106578e-12
2.105429184367317711e-13
-3.764763252556945846e-14
1.889465071834140310e-04
-3.614558460341863399e-04
3.165157367490798357e-04
-2.542324779061691346e-04
1.878751176540196914e-04
-1.282368068260039803e-04
8.121607279990140482e-05
-4.796836822370973498e-05
2.656337040743753358e-05
-1.386954320154130768e-05
6.867230391076385325e-06
-3.243174080440123957e-06
1.469466118468188345e-06
-6.425110522632749448e-07
2.727344869253450094e-07
-1.132984604551642591e-07
4.701838764425133285e-08
-2.150867502186434222e-08
7.347329776079200244e-09
-3.184646166184058420e-10
6.145018456102343470e-10
-5.516705595737738183e-10
4.603981808517436801e-10
-3.565659798334756912e-10
2.556125829277122289e-10
-1.689978097582093430e-10
1.025285151224742317e-10
-5.667855843711631126e-11
2.826475337092790236e-11
-1.252610322195389240e-11
4.815595654617403475e-12
-1.536686396442221394e-12
3.675783815000957251e-13
-4.335265507841066101e-14
-1.154962858242890050e-14
7.827568585884405929e-15
-1.478223390832487249e-15
-1.851413670318012287e-16
7.350472255569254765e-01
1.087517434297155614e-03
-7.593685775080182036e-07
-1.746171222913074555e-09
2.780516798613746390e-12
6.286104773744356741e-15
-1.642135767906115129e-17
-6.908605753863290913e-22
1.501415616664073533e-20
-9.454339316985091788e-21
8.705113115151241754e-01
1.161365735826501155e-01
-3.140398019440152760e-02
-3.202645142326916369e-03
7.715385247582716433e-03
-3.130711125242395445e-03
-9.764067178775956955e-05
6.645797041602849800e-04
-2.469705162765725476e-04
-4.653154051980271626e-05
7.462219610565416772e-05
-1.959772892301443894e-05
-9.489108265073636954e-06
8.565745506799180356e-06
-1.259378126364676718e-06
-1.585134469503841950e-06
9.793529760898142788e-07
9.405836470174194611e-08
-2.341444703904105281e-07
9.695489018979520646e-01
1.038547222617241389e-02
-1.806678317371487310e-03
3.268774163507703152e-04
-6.248795607163174848e-05
1.260263784118854508e-05
-2.626321773407075830e-06
5.498700123957008417e-07
-1.129400064822508494e-07
2.237963974345032042e-08
-4.224650958669042429e-09
7.492937561010499620e-10
-1.220286638149097514e-10
1.734145067920449097e-11
-1.830598205537866831e-12
1.260162953434906719e-14
6.942166689145817192e-14
-2.945020295910965199e-14
7.838510504649138681e-15
9.902995166365090585e-01
7.374592480194755613e-03
-2.803215421140600652e-03
1.065576539535560913e-03
-4.050730869456073868e-04
1.540010181499206583e-04
-5.855899038723446672e-05
2.227461081410377487e-05
-8.477810569841800901e-06
3.229890428197118745e-06
-1.232481388098146860e-06
4.714378166168006673e-07
-1.809687710144586147e-07
6.981403063186562315e-08
-2.712236187676014313e-08
1.065955726136801378e-08
-4.319457929809487457e-09
1.987401501918910175e-09
-6.866273087182023150e-10
9.978202990317847076e-01
2.178512258691344024e-03
1.188061256006287912e-06
6.479144393055152029e-10
3.533427570752372255e-13
1.928967969974148915e-16
-5.723358110113046613e-20
1.271443331274459073e-19
-9.551325668842986470e-20
6.905288610759215737e-20
-4.780346781125247918e-20
3.180061881046211754e-20
-2.016572271906353594e-20
1.229199124715567322e-20
-7.095445190415605447e-21
3.976859902903410891e-21
-2.129078726650457217e-21
1.234119035260668265e-21
-4.465585981234777320e-22
9.943801259272221360e-01
3.643760624844127947e-04
-4.188544778822301403e-07
-7.202829256051004234e-10
1.743208317954379316e-12
2.552042366289070031e-15
-1.033724612887781756e-17
-5.114603139526536087e-21
5.293712627461404717e-21
-1.325323050107313532e-21
1.018487785693854786e+00
1.260300106359941996e-02
-1.265267193172645022e-02
2.189205089388551739e-03
2.243642908797693902e-03
-1.607045343311525563e-03
2.228389154372743483e-04
2.574368421674698686e-04
-1.537951171507887990e-04
3.241013462554266061e-06
3.434789112697782037e-05
-1.466174947633923168e-05
-2.204523101140979392e-06
4.424828778693953307e-06
-1.282819975626098972e-06
-5.626709800854377814e-07
5.428195725003821414e-07
-1.874152053237586011e-08
-1.010880355937529498e-07
1.015391740600331438e+00
-5.215176976542765241e-03
8.578507846065039615e-04
-1.313793729685037819e-04
1.704414270390411832e-05
-1.306201713453647821e-06
-1.913582180043550550e-07
1.279606061711220068e-07
-4.166567845943603793e-08
1.086766029731006094e-08
-2.499520842954530006e-09
5.239621790391120626e-10
-1.011607677065470861e-10
1.791047553446218857e-11
-2.840442224939975721e-12
3.763897705460725439e-13
-3.105861980201635829e-14
-3.884774359374999131e-15
2.405541582703960132e-15
1.004883100084719816e+00
-3.730326927951057095e-03
1.424828575616043057e-03
-5.442103387390557351e-04
2.078483627622913223e-04
-7.937384142296842406e-05
3.030497151300484996e-05
-1.156583254170385946e-05
4.410974459868409928e-06
-1.680261414238891488e-06
6.388279678952029110e-07
-2.421515180231110113e-07
9.137405098775598774e-08
-3.425108355695647921e-08
1.271800618667932871e-08
-4.664046938600011552e-09
1.696920768046670975e-09
-6.620070144938289634e-10
2.027402142125069871e-10
1.001091899429016330e+00
-1.091899429016213304e-03
-1.556232893499683912e-19
1.418266487170332914e-19
-1.245005389852774134e-19
1.052369807433698290e-19
-8.561624315255546493e-20
6.700244708161900229e-20
-5.040478376468854100e-20
3.641968501115920836e-20
-2.524928429605095398e-20
1.677629522013735769e-20
-1.066811379147271131e-20
6.483740973977415961e-21
-3.763854083947140450e-21
2.093684452335663710e-21
-1.137111927113960272e-21
6.464952633107354778e-22
-2.404379978310512856e-22
6.499999999999994671e-02
