8.118878662249224831e-01
-2.360264238659072044e-03
-1.417051068020933899e-06
8.601653388210155248e-09
-2.404425959363471447e-12
-3.390267266876971092e-14
4.656106777472467206e-17
9.962067241755230783e-20
4.442669315374482717e-21
-2.704236695433121459e-21
3.661316555693377439e-01
-4.190794058546281065e-01
8.222713737844658533e-02
3.250039321663741182e-02
-2.608093441846241062e-02
4.154028227585035600e-03
3.243582790024829472e-03
-2.007923873830563463e-03
8.870239527353099371e-05
4.004644312549780782e-04
-1.832049114285716560e-04
-1.316875817598892497e-05
4.641721862485031927e-05
-1.643582579249972721e-05
-3.627220902883228346e-06
5.366323645921647960e-06
-1.550086159049595124e-06
-7.308784528506922754e-07
6.018278991597013770e-07
1.416845470109056454e-02
-1.782818125033848108e-02
6.879312962469561789e-03
-1.962900469686084358e-03
4.584989258486621140e-04
-9.335088485285684479e-05
1.721355722103973894e-05
-2.926810991270807269e-06
4.574102148217671718e-07
-6.352231450499505318e-08
6.994220852883271748e-09
-2.929470107960717712e-10
-1.440577217155578500e-10
6.354630184758752674e-11
-1.814925532007889158e-11
4.367604223169713558e-12
-9.471014816370394647e-13
1.955183193372315139e-13
-3.505581170133892184e-14
1.916409179689430213e-04
-3.664812910090612394e-04
3.205835780709478705e-04
-2.570692595769223632e-04
1.895474979906475047e-04
-1.290289469867464238e-04
8.146699589541573088e-05
-4.795612951606388890e-05
2.646371563435556765e-05
-1.376831134243109045e-05
6.793057881522181642e-06
-3.197219223370330030e-06
1.444005333149666522e-06
-6.295278112813889509e-07
2.665255046806684646e-07
-1.104671070789235358e-07
4.575310748068155314e-08
-2.089397940834293215e-08
7.130916079670256372e-09
-3.126711785854547202e-10
6.031565464058707184e-10
-5.410334475508130277e-10
4.508820295793366212e-10
-3.484852861645136960e-10
2.491408622608592372e-10
-1.641436486630542535e-10
9.914448908941452087e-11
-5.450413449459994331e-11
2.698948125414731692e-11
-1.185182597777529566e-11
4.499684482816662339e-12
-1.409023295595790197e-12
3.252310782617607483e-13
-3.312020600232514796e-14
-1.255597676370209499e-14
7.335787846795869091e-15
-1.197505970358178294e-15
-2.415180105740271523e-16
7.340611903966441920e-01
1.109414253648026817e-03
-8.422471779040563614e-07
-1.753371322912671477e-09
3.269161029370714882e-12
6.059296561618974008e-15
-1.953337661470457368e-17
-1.546853430233033114e-20
-9.689884243949285804e-21
5.903060870289492981e-21
8.697221881039327585e-01
1.159719668828180644e-01
-3.144970618611837854e-02
-2.917084908431602421e-03
7.576184614506144450e-03
-3.178005924085387009e-03
-1.787079990415746484e-05
6.374566475580547079e-04
-2.578636982654873631e-04
-3.322808971467253414e-05
7.150880477842637504e-05
-2.194469225725837163e-05
-7.542868631047607117e-06
8.339137643272907861e-06
-1.694811769186974773e-06
-1.323330872013419403e-06
9.689159960063908148e-07
3.115382213922955020e-08
-2.045450263168934729e-07
9.689349785184471209e-01
1.058576620893357002e-02
-1.837615890190488072e-03
3.309160261175271957e-04
-6.274474885519987677e-05
1.251574420332856813e-05
-2.577179433507395507e-06
5.335776953529724403e-07
-1.085500312102075668e-07
2.134279011230959451e-08
-4.004347716842637032e-09
7.070286627790595905e-10
-1.148427956293727692e-10
1.632904874220446115e-11
-1.742308824913941513e-12
2.209257986205907189e-14
6.159210443986435290e-14
-2.651250456591469207e-14
7.077063288623097785e-15
9.901006325153375309e-01
7.525036821159625244e-03
-2.860115323805729505e-03
1.087096298556793940e-03
-4.132117413841549392e-04
1.570789049177230600e-04
-5.972291022693969413e-05
2.271468531259513430e-05
-8.644142503347052777e-06
3.292709610511953665e-06
-1.256169700857535019e-06
4.803439891125987263e-07
-1.842994423081837430e-07
7.104818921296554929e-08
-2.757263713232950383e-08
1.081967465948374479e-08
-4.374248448705014618e-09
2.006151894962824858e-09
-6.916607568774491695e-10
9.977753869791706753e-01
2.223374847597011424e-03
1.237484090949166593e-06
6.887578482645274550e-10
3.833480379065094962e-13
2.135511798212840536e-16
-3.355432945217694592e-20
1.189721086202155045e-19
-8.923941978455689306e-20
6.426634594859961926e-20
-4.441830734581111310e-20
2.938190945714204348e-20
-1.861213628911964557e-20
1.124078741002492318e-20
-6.498270718049446564e-21
3.577774568946243079e-21
-1.936779463402053202e-21
1.082302431852410423e-21
-4.034906729502020203e-22
9.976570213829820677e-01
3.607446121176907639e-04
-4.466785045516389417e-07
-7.132389647929292415e-10
1.992298147044772907e-12
2.301264233709229768e-15
-1.196677196472404308e-17
-3.234089959308393483e-21
-5.741944677768084836e-21
4.030674901074441553e-21
1.020125539764586975e+00
1.102220708500799284e-02
-1.230505028085788870e-02
2.354672250665924577e-03
2.087592039062975170e-03
-1.586649806814762224e-03
2.588539093800563073e-04
2.358173095046630372e-04
-1.547717660235721287e-04
9.949142624150822468e-06
3.163147434356247824e-05
-1.535525939068175949e-05
-1.129982701524490227e-06
4.139558515531246046e-06
-1.453951680012538442e-06
-4.050873875678383218e-07
5.141022349722922144e-07
-5.007849892152206366e-08
-8.158876835404145061e-08
1.015710157280571568e+00
-5.324879909014241727e-03
8.770743943004149492e-04
-1.349305552635936061e-04
1.777119016323346027e-05
-1.474299127480159389e-06
-1.492674318233992301e-07
1.172637872445769836e-07
-3.903155077126894430e-08
1.025348023717523060e-08
-2.365367186943464823e-09
4.967320079317464026e-10
-9.609320193584609603e-11
1.707180201383715358e-11
-2.726960440718051030e-12
3.678888244791848809e-13
-3.270956232153287362e-14
-2.740320220242046473e-15
2.056088203884890852e-15
1.004983717876513527e+00
-3.807190869509706217e-03
1.454186823555582561e-03
-5.554232037912129475e-04
2.121305030487571268e-04
-8.100887074042420228e-05
3.092906375603500562e-05
-1.180392002178173207e-05
4.501726852787511969e-06
-1.714811646869060862e-06
6.519603763579073233e-07
-2.471335975579532965e-07
9.326055786900756091e-08
-3.496457805208584287e-08
1.298810565055699364e-08
-4.766997432922786557e-09
1.737300406423727588e-09
-6.800362305728352079e-10
2.088793328289582583e-10
1.001114398464013622e+00
-1.114398464013605051e-03
-1.518379834463731323e-19
1.382745247505479951e-19
-1.212556678822920199e-19
1.023552627844122780e-19
-8.313210259168491040e-20
6.492737145217594335e-20
-4.872811004873018866e-20
3.511164334769572304e-20
-2.426585596360891006e-20
1.606507765632391872e-20
-1.017422024526114426e-20
6.154841221541296555e-21
-3.553748118859892575e-21
1.964190626672645500e-21
-1.058422425393593548e-21
5.964144781769572828e-22
-2.206958222543452533e-22
1.450000000000000178e-01
