8.176785586755390689e-01
-2.271543447977889159e-03
-1.567027252071419020e-06
7.970418711568872635e-09
-5.445237774407132692e-13
-3.187689277399940002e-14
3.218293578800698933e-17
1.151230999302399642e-19
3.613921313412541990e-21
-2.539972927660668877e-21
3.710982616176856097e-01
-4.231104337382964320e-01
8.037525221160744804e-02
3.442043137391706531e-02
-2.618981475084462135e-02
3.571187103886901224e-03
3.551984941567924107e-03
-1.985811321507811780e-03
-5.572219849642757497e-06
4.362512342447774053e-04
-1.735873825369117643e-04
-2.705077252767820089e-05
5.000304606261592942e-05
-1.434185290939010952e-05
-5.485314670984845930e-06
5.628661797270975381e-06
-1.212540272568390671e-06
-8.880101003282494216e-07
5.992399066473169126e-07
1.429748018743173636e-02
-1.807622956354876242e-02
7.017105164947372645e-03
-2.013791341401669106e-03
4.727241075468266917e-04
-9.662039413191402892e-05
1.786297257099234159e-05
-3.040570045596284328e-06
4.746522384471926829e-07
-6.553825227655048874e-08
7.065759100984833309e-09
-2.362383406551705768e-10
-1.695220153036051471e-10
7.121828274055045641e-11
-2.010386317162376069e-11
4.815116960721675630e-12
-1.041225997019776811e-12
2.143122865195542203e-13
-3.829344865156372673e-14
1.883540779234506844e-04
-3.603521627786958857e-04
3.156258214736676142e-04
-2.536169180784467810e-04
1.875182120220289105e-04
-1.280742242083050461e-04
8.117150123819610332e-05
-4.797957508080458720e-05
2.659140837858494630e-05
-1.389580577758646963e-05
6.885944526170859626e-06
-3.254619791516506337e-06
1.475764817219443874e-06
-6.457111535301617631e-07
2.742618046726852455e-07
-1.139941897911559098e-07
4.732912543066165642e-08
-2.165959298471936948e-08
7.400457147758466503e-09
-3.198970604288563745e-10
6.173057750844250609e-10
-5.542962462138523535e-10
4.627429985022485923e-10
-3.585530899739695879e-10
2.572009633578345279e-10
-1.701873178188413441e-10
1.033569527535378250e-10
-5.721076199056651161e-11
2.857711320607218164e-11
-1.269157251459956337e-11
4.893387753227340810e-12
-1.568302438393203888e-12
3.781686763083950904e-13
-4.596448509489046988e-14
-1.126552334619322734e-14
7.940192473193224240e-15
-1.548023415060404099e-15
-1.701151918920291840e-16
7.353091675622236423e-01
1.082163059611674022e-03
-7.401744118358991786e-07
-1.742027648431892316e-09
2.668250793301192236e-12
6.313981726224867270e-15
-1.566638487740034230e-17
-1.226400057413375144e-20
1.050838706174373058e-21
3.627121206089583595e-21
8.707128147850484723e-01
1.161672607620195530e-01
-3.138818356343832383e-02
-3.272938320601739143e-03
7.747799758747336320e-03
-3.117872197864087792e-03
-1.172375642709146777e-04
6.707442002664587176e-04
-2.440038535919520734e-04
-4.977918283702680149e-05
7.527311784101950378e-05
-1.896801436801586656e-05
-9.956690346719027025e-06
8.598817914114644344e-06
-1.144755620761431356e-06
-1.645819830250318480e-06
9.778796839236628339e-07
1.096264782391012464e-07
-2.405348044650235828e-07
9.697007926204798123e-01
1.033590232420617330e-02
-1.799020452984248985e-03
3.258780377815311447e-04
-6.242470047312545067e-05
1.262431829296282262e-05
-2.638556730681836939e-06
5.539263477225753998e-07
-1.140331247899940522e-07
2.263775800363488926e-08
-4.279438237380153437e-09
7.597781972182954955e-10
-1.238010905959292934e-10
1.758755570046988239e-11
-1.850708557036178699e-12
9.704879242014885820e-15
7.151199762172699290e-14
-3.021804424823256649e-14
8.036048052269027098e-15
9.903487117954166141e-01
7.337374573612428195e-03
-2.789137406596142732e-03
1.060251525582002301e-03
-4.030589523030839671e-04
1.532392212688784650e-04
-5.827088131638983774e-05
2.216566713752327316e-05
-8.436630624886637622e-06
3.214336970634424649e-06
-1.226616189805283965e-06
4.692326335967044258e-07
-1.801440876636908654e-07
6.950844217649611432e-08
-2.701085987768494957e-08
1.061989816486718343e-08
-4.305879735975730444e-09
1.982748915573334008e-09
-6.853765621888241715e-10
9.978314069229744510e-01
2.167416446694389511e-03
1.175991917756699692e-06
6.380670375227545358e-10
3.462007310612068770e-13
1.880431139337924140e-16
-6.337029207652745824e-20
1.287022066876597879e-19
-9.751520742028925282e-20
6.982015738790531433e-20
-4.905689716326828246e-20
3.201902726723321326e-20
-2.092165535746502587e-20
1.221707560744709070e-20
-7.558270256079343036e-21
3.791931959060952833e-21
-2.431063161449117641e-21
1.052034435339548708e-21
-5.573090889207274407e-22
9.935875716116852052e-01
3.651568939916085502e-04
-4.122818363575615909e-07
-7.208578642752758727e-10
1.685451279731732185e-12
2.596480401502443049e-15
-9.945741112666979733e-18
5.383840249081647074e-22
-1.527394646516011497e-21
1.648528915246841071e-21
1.018087630689203049e+00
1.298525223863322871e-02
-1.273351961367751549e-02
2.147255947038969638e-03
2.281122316594156717e-03
-1.611040251713059465e-03
2.137189890470397456e-04
2.625381155969706750e-04
-1.533518014940354771e-04
1.561233459075070742e-06
3.496255738490300493e-05
-1.445444989221705662e-05
-2.469602347608848740e-06
4.483609594050470896e-06
-1.235033700175238296e-06
-6.005104163120694856e-07
5.477776349853378028e-07
-1.070257313101782659e-08
-1.055442464419556407e-07
1.015312958969494472e+00
-5.188013608946552037e-03
8.530810518117601772e-04
-1.304950126779693819e-04
1.686233393229492433e-05
-1.264065515213702653e-06
-2.019086146896661513e-07
1.306378862898068618e-07
-4.232365027526524335e-08
1.102073291216090243e-08
-2.532868075744337614e-09
5.307067944463263597e-10
-1.024089289890260603e-10
1.811490971543349693e-11
-2.867418940569153604e-12
3.781594987837136983e-13
-3.055875579592015138e-14
-4.192298435944422885e-15
2.497456833098006203e-15
1.004858210942956909e+00
-3.711313579495353551e-03
1.417566379375398812e-03
-5.414366440832084912e-04
2.067890801738046086e-04
-7.896936397834321546e-05
3.015057002270872655e-05
-1.150692095714911718e-05
4.388513511546752976e-06
-1.671706911623806516e-06
6.355743961620307105e-07
-2.409160429207705054e-07
9.090559973139268214e-08
-3.407358565595512041e-08
1.265065175083380393e-08
-4.638297413744592288e-09
1.686784659621350131e-09
-6.574627227661181702e-10
2.011891589266188607e-10
1.001086334001923595e+00
-1.086334001923614043e-03
-1.565795267805312121e-19
1.427228833744189321e-19
-1.253179479435954563e-19
1.059615776487432916e-19
-8.623965840938470096e-20
6.752220012888015750e-20
-5.082398720124039949e-20
3.674620019850896098e-20
-2.549444894835005514e-20
1.695343139157493790e-20
-1.079105822820644935e-20
6.565609830193618236e-21
-3.816180312866168981e-21
2.125973253387281651e-21
-1.156771377142421707e-21
6.590369723640386799e-22
-2.453883810522261662e-22
1.500000000000001332e-02
