7.970553945616660751e-01
-2.562463065899002468e-03
-9.534314589983062850e-07
9.894365384448848775e-09
-7.933918487485360477e-12
-3.508900473065012193e-14
8.576620159433172567e-17
8.249463373379249701e-20
1.051289814932099393e-20
-9.828411247897778444e-21
3.546996203568431594e-01
-4.088831969226165430e-01
8.560218287716477026e-02
2.816751551018602251e-02
-2.551665881579294123e-02
5.310447993136926254e-03
2.509080202181779903e-03
-1.980837314385411416e-03
2.750965988802959506e-04
3.076207221231495111e-04
-1.903492258015249421e-04
1.469252584994153345e-05
3.555844917595810025e-05
-1.875989209949917937e-05
2.391802371232156737e-07
4.197023676684941041e-06
-1.935230758363223499e-06
-3.302316945636115049e-07
5.029727512014140952e-07
1.397118535239844951e-02
-1.737058618375740895e-02
6.602436438884185660e-03
-1.856843546505286720e-03
4.283260353197301915e-04
-8.634131582444360233e-05
1.580722636115596105e-05
-2.676798603720729802e-06
4.184046807980884428e-07
-5.859668104409487369e-08
6.675841996613345341e-09
-3.722353221727606772e-10
-9.968585542914170108e-11
4.943044382164306615e-11
-1.445968167736862098e-11
3.508672277962076757e-12
-7.638156000231608100e-13
1.582706995438025880e-13
-2.850823635869592952e-14
2.015643015329745841e-04
-3.850369405812502062e-04
3.357319374392642099e-04
-2.678223284248839394e-04
1.961140485087245976e-04
-1.323870992782526701e-04
8.279789075912133043e-05
-4.824051494644828776e-05
2.633540241906573979e-05
-1.355243706349268891e-05
6.614631747453848958e-06
-3.081006693117754362e-06
1.378012067678047991e-06
-5.954370492223987499e-07
2.501101026879768956e-07
-1.029551109322616272e-07
4.239031748488075111e-08
-1.925890201547756087e-08
6.555094542382207697e-09
-2.976634403894696725e-10
5.737182446758733083e-10
-5.133052969922064870e-10
4.259109818981016793e-10
-3.271226473110531915e-10
2.319105254240267307e-10
-1.511460302124163482e-10
9.005082590826280121e-11
-4.865585138530532960e-11
2.356773705225959876e-11
-1.005413717855699113e-11
3.667120431496793330e-12
-1.078995261339732615e-12
2.193614359183786501e-13
-9.341027014625016542e-15
-1.399406786548960594e-14
5.779181742927095060e-15
-4.937297107005485097e-16
-3.484527436651219893e-16
7.322410976068139954e-01
1.166957000886833726e-03
-1.102732524023505243e-06
-1.664211114388188980e-09
4.799330523122275986e-12
4.204323716449825145e-15
-2.887794556628528054e-17
4.798072581695570346e-21
1.820487137408574027e-20
-1.011151763583854801e-20
8.679275742956343853e-01
1.151498756428473991e-01
-3.138754370604489308e-02
-2.174996338228250316e-03
7.146825062127105423e-03
-3.257722782551345994e-03
1.895205114515398533e-04
5.500130997588342438e-04
-2.760801339988546549e-04
1.609512764358491592e-06
5.977047308345909062e-05
-2.614564227398973126e-05
-2.299305678102418359e-06
7.047080452274705988e-06
-2.532579592665680427e-06
-5.659305494789554341e-07
8.195286738654668037e-07
-1.175148009571775842e-07
-1.068024678601234236e-07
9.673461237356962839e-01
1.110358942699723149e-02
-1.917506153237963362e-03
3.413262831376645502e-04
-6.340301511693751670e-05
1.229146683669014757e-05
-2.450922684154084850e-06
4.918343958823026967e-07
-9.732215341975333324e-08
1.869166887676471652e-08
-3.439823028141154632e-09
5.980168607563486618e-10
-9.602380116562969430e-11
1.357431181838891081e-11
-1.463075357129448095e-12
3.086230138859121861e-14
4.571372687247017709e-14
-2.008272905240936483e-14
5.368383478518300746e-15
9.895855704960649923e-01
7.914512414263420725e-03
-3.007367306836561741e-03
1.142767889221881937e-03
-4.342591574754705338e-04
1.650360154575636925e-04
-6.273102106369188053e-05
2.385174320404901215e-05
-9.073819022851459565e-06
3.454963813627139253e-06
-1.317348510652440331e-06
5.033441898671961509e-07
-1.928999008974939240e-07
7.423402372892704615e-08
-2.873409024883694855e-08
1.123201436015372775e-08
-4.514853004047563173e-09
2.053882761444157918e-09
-7.043570490395805735e-10
9.976590342611310058e-01
2.339594757544850596e-03
1.370178411969993502e-06
8.024419079730166573e-10
4.699481136363655721e-13
2.753807856841694554e-16
3.466318098104974011e-20
9.826473645128307474e-20
-7.312606703182868584e-20
5.223284284245472017e-20
-3.572944076187474130e-20
2.338795446728498620e-20
-1.461683958074065586e-20
8.710437986924097972e-21
-4.943692687922575042e-21
2.678259170114598636e-21
-1.405152989860297905e-21
7.693439546473302485e-22
-2.792388639106077384e-22
1.006755358373852438e+00
3.468069052528302294e-04
-5.286343461073381113e-07
-6.440889939620701725e-10
2.748057535456555408e-12
8.967518461376173867e-16
-1.636249110649969692e-17
1.768219120791399782e-20
7.112371780916403657e-21
-3.157294730462306619e-21
1.024529966755373556e+00
6.635666583985498981e-03
-1.122699290172956416e-02
2.742120803624466686e-03
1.649148572067989137e-03
-1.497722830310502153e-03
3.427036361823889159e-04
1.728332959080213426e-04
-1.503790311884290007e-04
2.601603672214438485e-05
2.298328215417637946e-05
-1.589107835269478939e-05
1.526986162621394108e-06
3.066587421464598843e-06
-1.693736707621681357e-06
7.775114835977953073e-09
3.796799690420713481e-07
-1.148333957109694625e-07
-2.489814761451626841e-08
1.016534151972968925e+00
-5.607950435471939325e-03
9.263028382511590735e-04
-1.439035943766125926e-04
1.958154649999804098e-05
-1.889675066388605230e-06
-4.509585380347595057e-08
9.061558242468508927e-08
-3.241765365132298518e-08
8.698991053311771736e-09
-2.022870477490604234e-09
4.264513820001003420e-10
-8.280083215566261183e-11
1.480845867903636162e-11
-2.400495462217320241e-12
3.360495904954475146e-13
-3.430136252077913312e-14
-4.914031767808539649e-16
1.311254275042884823e-15
1.005244306301073864e+00
-4.006258072810505409e-03
1.530219385059143839e-03
-5.844613739901991477e-04
2.232191372888986251e-04
-8.524209976357037847e-05
3.254439029657939681e-05
-1.241981284816079067e-05
4.736262912879624243e-06
-1.803961436601035398e-06
6.857628589118505674e-07
-2.599104853976482612e-07
9.807340545209870792e-08
-3.677187933918982183e-08
1.366591447337049575e-08
-5.022348630233547031e-09
1.836049786993958423e-09
-7.234237754125925546e-10
2.235154819475265412e-10
1.001172668644694674e+00
-1.172668644694595643e-03
-1.427469557156929189e-19
1.296991141161131884e-19
-1.133699622980186579e-19
9.529909311263675961e-20
-7.700102015559059682e-20
5.976566860173667803e-20
-4.452689546993028308e-20
3.181301203849131833e-20
-2.177274371666998171e-20
1.425500031810082662e-20
-8.914269259213508036e-21
5.315268932947828146e-21
-3.018141223726795302e-21
1.635300026116448746e-21
-8.598230393278261481e-22
4.710012204790559959e-22
-1.714677568918773165e-22
2.650000000000000133e-01
