7.159610417662659598e-01
-3.096022786185834239e-03
2.153202856800819433e-06
8.186565645839614509e-09
-3.070893322060322842e-11
3.347860434283206916e-14
8.851956161699149074e-17
-2.892757200292247529e-19
-3.876664024408801045e-20
3.699746657442996544e-21
3.111852506406481145e-01
-3.572383086814501785e-01
8.504503927190097679e-02
1.506465905054027270e-02
-2.039913861451565780e-02
6.942899788649231629e-03
1.964486738694308781e-04
-1.243350691295490090e-03
5.057177944296420077e-04
6.059490194114706016e-06
-9.984785000422363136e-05
4.508149575136977626e-05
-1.307033172704085963e-06
-8.435728951728278994e-06
4.288959995655397435e-06
-3.562959105491729320e-07
-6.512395016737430724e-07
3.285179283393947539e-07
-4.331936731824263985e-08
1.474137373525030888e-02
-1.720632717869926415e-02
6.054131608270338534e-03
-1.581604610022838142e-03
3.419810298198576199e-04
-6.529980684709305700e-05
1.142972217168583504e-05
-1.862622233578367900e-06
2.813042136884759968e-07
-3.819485704529362073e-08
4.255055821066258121e-09
-2.491030009239521343e-10
-5.119967223858259864e-11
2.599915548405650515e-11
-7.414225943974244589e-12
1.741401686701070146e-12
-3.663063845772598609e-13
7.323470404189642109e-14
-1.279949758749119381e-14
2.875786935872627409e-04
-5.461516035507685361e-04
4.681252284615235247e-04
-3.633209820008156087e-04
2.565476744569503403e-04
-1.658043748234270707e-04
9.874600995892971042e-05
-5.458897519668626155e-05
2.822508458603217028e-05
-1.375477261536738220e-05
6.366542805109930585e-06
-2.820241673377880020e-06
1.204468331795727386e-06
-4.994211665244690920e-07
2.023987507214761726e-07
-8.081533418864283338e-08
3.242474463925570438e-08
-1.440477295986364593e-08
4.845022587345946795e-09
-2.596215055295424299e-10
4.981971256502545479e-10
-4.398271298451902587e-10
3.567485885677281448e-10
-2.651506062487201410e-10
1.798505053712470910e-10
-1.106740035880169075e-10
6.125671291761904021e-11
-3.010681063113175072e-11
1.287693544446579825e-11
-4.627787525131974283e-12
1.299351767029494742e-12
-2.282373267600300300e-13
-8.970780430968169108e-15
2.194450919045527987e-14
-6.581118742735948067e-15
1.964696486625331782e-17
6.139609621940973381e-16
-1.652417945037672411e-16
7.414584100957211099e-01
1.238650892025304311e-03
-2.130248208346638405e-06
7.624596153972258953e-10
7.031999805476827269e-12
-1.775423006538339405e-14
-3.088632250590449222e-18
9.098129089848211678e-20
7.589955152679885986e-22
1.150337267678459044e-20
8.675417313846676137e-01
1.060359796550839478e-01
-2.783061223957256775e-02
-7.177639322260376351e-04
5.322923743461869563e-03
-2.859003312656047038e-03
5.790202618305830082e-04
2.164747042160762417e-04
-2.122326495340805708e-04
6.202781717937396746e-05
1.103315549776278569e-05
-1.739550018942739873e-05
6.045520917809650350e-06
6.713053753599547494e-07
-1.576282799859015094e-06
6.293642366200653133e-07
1.119671376252500325e-08
-1.435751208021289501e-07
6.394372797990696172e-08
9.631630804562058001e-01
1.245761546744890945e-02
-2.122646789974552521e-03
3.665435410183882827e-04
-6.438461835793305311e-05
1.148751258299412342e-05
-2.067280137981715779e-06
3.713010228610352996e-07
-6.578999676210580509e-08
1.136382144301877451e-08
-1.887658889623578529e-09
2.958161980648866920e-10
-4.224309182221216681e-11
5.054829275262201477e-12
-3.553475656014461570e-13
-5.014469376969750068e-14
3.139200046663712424e-14
-1.034462874512989429e-14
2.465545354739674370e-15
9.882258552776348459e-01
8.941721229785870584e-03
-3.395367549887581046e-03
1.289323744250678219e-03
-4.896170757702298509e-04
1.859467080725817534e-04
-7.062990080541695765e-05
2.683530182223761943e-05
-1.020040141302901398e-05
3.879962849009186424e-06
-1.477335420204860187e-06
5.633103731045329807e-07
-2.151979148230960060e-07
8.241107651519202110e-08
-3.166303436067647698e-08
1.223970386656434121e-08
-4.837820603857665079e-09
2.148412554699273872e-09
-7.250018680801268627e-10
9.973515853805005049e-01
2.646660014867627427e-03
1.753442186443857704e-06
1.161675275325343791e-09
7.696229200679663730e-13
5.099540033112642616e-16
2.827145097832354078e-19
4.159353391878771483e-20
-2.963476557955484989e-20
2.023330526845775433e-20
-1.314509078557179921e-20
8.103779932650027056e-21
-4.730275762702632117e-21
2.608167174767835209e-21
-1.351698735936266680e-21
6.559794054773510487e-22
-3.000550024952928153e-22
1.381014031570122149e-22
-4.479929880784697081e-23
1.036259893203422155e+00
2.393544244194036465e-04
-7.532374746550433303e-07
4.372422526214903804e-10
3.411720186316856301e-12
-1.107734643698056850e-14
5.422989508556124890e-18
6.712018670152974326e-20
2.287079424953943328e-21
-1.436007547606975342e-21
1.037301686760467856e+00
-7.309535806021419564e-03
-6.566224967154068483e-03
3.079725842638037208e-03
3.318025721875053494e-04
-9.122441714508951367e-04
3.951618390019897295e-04
-5.160158505051628235e-06
-7.936336083350800327e-05
3.945870187521335215e-05
-2.540535795989693204e-06
-6.980807457686170789e-06
3.862332072315376348e-06
-3.718984815785923083e-07
-6.461651751812837274e-07
3.975617449340257136e-07
-5.979440110225149935e-08
-6.551994538775882496e-08
3.989503624489798972e-08
1.018699298946724952e+00
-6.334982405145649087e-03
1.045421681000776324e-03
-1.634073967039133875e-04
2.307844852140624221e-05
-2.656511934450670428e-06
1.560619577966917552e-07
3.502680398840493651e-08
-1.761408943322050329e-08
5.018059286559854970e-09
-1.173003023109275963e-09
2.440969304421277151e-10
-4.648106773273512007e-11
8.148581015180790764e-12
-1.301740848486688772e-12
1.827630273474517155e-13
-2.006961322952861316e-14
6.261227195967120289e-16
4.143297790386397778e-16
1.005933468276173359e+00
-4.532677351890553735e-03
1.731245727641739143e-03
-6.612062412639429718e-04
2.525009255824690250e-04
-9.640253565102005658e-05
3.679003898726440408e-05
-1.402986027446586115e-05
5.343803649537216653e-06
-2.031515613562857778e-06
7.700967241522139598e-07
-2.907197017101544604e-07
1.091204103595873687e-07
-4.064179245107085983e-08
1.498481104698364123e-08
-5.458785387966821347e-09
1.977641574214564187e-09
-7.726110141606200818e-10
2.376124750964782443e-10
1.001326780045824982e+00
-1.326780045825022222e-03
-1.296412825957488110e-19
1.163984067458531213e-19
-1.000484264631255603e-19
8.228196421978492879e-20
-6.470328857523085328e-20
4.860569925440106845e-20
-3.484198342263374175e-20
2.380000075034215754e-20
-1.546603135826410765e-20
9.541418769714379178e-21
-5.574110859889976895e-21
3.073992470928544517e-21
-1.594299320569935526e-21
7.751929646773308912e-22
-3.556457480410748739e-22
1.645304275077211873e-22
-5.373150630915625272e-23
5.249999999999999112e-01
