7.279044158405296727e-01
-3.070763701882997694e-03
1.734345176492980415e-06
9.169188202307454749e-09
-2.969374291427581452e-11
2.157652872126905455e-14
1.161780277722124856e-16
-3.667985516784244697e-19
7.023121495739533578e-20
-7.345552756057961784e-20
3.163057643752461567e-01
-3.644539266277053713e-01
8.633155622828167508e-02
1.618824502408076904e-02
-2.116181243708777429e-02
6.982452011623749809e-03
3.845044678216656057e-04
-1.351891290165006853e-03
5.147872794789585876e-04
2.834565727703115584e-05
-1.137548496366405117e-04
4.698303558872992102e-05
9.998113183394329099e-07
-1.006115496586777882e-05
4.572459920228282299e-06
-1.160873851859744144e-07
-8.329165532316572770e-07
3.414577770420129114e-07
-1.676932438516895634e-08
1.450067418443447102e-02
-1.708226258884357890e-02
6.077172263085385551e-03
-1.604353525257746571e-03
3.501203979464862989e-04
-6.738713238605833025e-05
1.187844190771234638e-05
-1.949057490019932655e-06
2.966045462904875890e-07
-4.067193650570883310e-08
4.607429127983174985e-09
-2.876604595520355821e-10
-5.008817459915553064e-11
2.704378680853414798e-11
-7.847336613509316278e-12
1.863890173071579608e-12
-3.957758808806410375e-13
7.987357152426170948e-14
-1.407678818333250586e-14
2.716269720119251769e-04
-5.163031182010968797e-04
4.436639193603919714e-04
-3.457313503292762228e-04
2.454301000620550907e-04
-1.596270396646233872e-04
9.574110675726503277e-05
-5.332734407408553398e-05
2.778615149354542838e-05
-1.364482892619515925e-05
6.362290384686045766e-06
-2.837774631593264572e-06
1.219509960362736413e-06
-5.084226773716968695e-07
2.070067936999710461e-07
-8.297715645096012861e-08
3.340091297170456447e-08
-1.488043989430535234e-08
5.012579800573396649e-09
-2.627907451184489436e-10
5.046026975964534640e-10
-4.463509973914235612e-10
3.632447107869781055e-10
-2.712826371826484162e-10
1.852121873746055701e-10
-1.149487717315915136e-10
6.432860797042671319e-11
-3.207515324049941643e-11
1.398692617611123503e-11
-5.168163617074657884e-12
1.519088617716770992e-12
-2.979649178152567633e-13
5.148616957401344056e-15
2.217969747602802296e-14
-8.042899476954514017e-15
5.304212577212074635e-16
6.176243725609324715e-16
-2.187833768959202813e-16
7.389018030340914756e-01
1.248370724159965665e-03
-2.039762984563771915e-06
3.241121184419743633e-10
7.526359527581060369e-12
-1.535912454126036007e-14
-1.370188675275351531e-17
1.961186895843893805e-19
-1.211621927996935632e-20
-1.185648136439637023e-20
8.670648215585704532e-01
1.076733092590198143e-01
-2.856597970474548942e-02
-7.556566643502600836e-04
5.537368457732212354e-03
-2.956879735944874417e-03
5.705792332382546512e-04
2.475800908913800458e-04
-2.263740379883465159e-04
6.124295839939591761e-05
1.517964341868252481e-05
-1.941300379339103868e-05
6.068045228932702202e-06
1.161208883254511515e-06
-1.835748161303924907e-06
6.442225711484538960e-07
6.199998650029199142e-08
-1.673026700104757528e-07
6.591261645916786474e-08
9.635377653742427384e-01
1.233765118794982046e-02
-2.105098654451357815e-03
3.646456610000276921e-04
-6.442091304859710659e-05
1.159488698288166319e-05
-2.110256601282595552e-06
3.839449333289784743e-07
-6.897352023768206259e-08
1.208560806640780388e-08
-2.038372148318032166e-09
3.250540636407676592e-10
-4.750229315703450361e-11
5.918189536986156438e-12
-4.790717462491122507e-13
-3.673646359674599523e-14
3.113986688638122115e-14
-1.082589217384038087e-14
2.639470332616985915e-15
9.883480586021884395e-01
8.849459960537072248e-03
-3.360540377648785042e-03
1.276177107497064719e-03
-4.846544270997574146e-04
1.840733942280671942e-04
-6.992281624175003822e-05
2.656850015040064885e-05
-1.009982280639558746e-05
3.842127511124739556e-06
-1.463164445985831907e-06
5.580457131059005167e-07
-2.132697469646801144e-07
8.172175206465400750e-08
-3.142652137652580245e-08
1.216441419767574353e-08
-4.817508610159303462e-09
2.145347174892265277e-09
-7.253180890279931986e-10
9.973792344412925059e-01
2.619047413340009570e-03
1.717018970049559714e-06
1.125658943318240251e-09
7.379696523807526616e-13
4.838836970325098954e-16
2.550164298016525151e-19
4.712443432427664112e-20
-3.381306585662300612e-20
2.324191804501222050e-20
-1.520907424950140040e-20
9.463913401273737205e-21
-5.581065752449462143e-21
3.111627678126567027e-21
-1.634234953870058270e-21
8.084368091505574379e-22
-3.762311986392869797e-22
1.787638321562084093e-22
-5.968483208939819833e-23
1.033323184507215053e+00
2.564167347321613210e-04
-7.453767342867785480e-07
2.607891798549309804e-10
3.730470300510963892e-12
-1.003575544389074524e-14
-9.386725288078488361e-19
8.631463314968047026e-20
-2.580448973778591416e-21
-2.261968698015115808e-21
1.036137721072442730e+00
-5.964098375324558034e-03
-7.112800999890203472e-03
3.124451241697767147e-03
4.443579404127165453e-04
-9.883932004417889886e-04
4.081934681476429927e-04
7.040626231890716926e-06
-8.883090758310592007e-05
4.116179694737984130e-05
-9.892440765227307116e-07
-8.216833378500998386e-06
4.110110263616754656e-06
-1.908279411489335029e-07
-8.006214221120724133e-07
4.328653214500985430e-07
-4.241334579312342760e-08
-8.105570516815355966e-08
4.396218073192128684e-08
1.018506335928995643e+00
-6.272602623149537565e-03
1.036249412479795483e-03
-1.622302491490396396e-04
2.293598442644406837e-05
-2.630659288137143724e-06
1.474008658023295634e-07
3.817869134266446372e-08
-1.861683303800374477e-08
5.296282323152060471e-09
-1.242080587884035243e-09
2.597528309409604432e-10
-4.975636228866961759e-11
8.782706615212846163e-12
-1.414523175599284003e-12
2.007483413380287078e-13
-2.246871773545000965e-14
8.163148621940124491e-16
4.308253174789002846e-16
1.005871400879636557e+00
-4.485273931749835831e-03
1.713149722016613563e-03
-6.543029706634784660e-04
2.498710626610345441e-04
-9.540321143195177494e-05
3.641199867206336140e-05
-1.388791079813086240e-05
5.291131423345302509e-06
-2.012322752113768105e-06
7.632908202306645525e-07
-2.884022871833436690e-07
1.083790007229958451e-07
-4.042800027028756142e-08
1.493489733598356077e-08
-5.453551493080480852e-09
1.981599262234135708e-09
-7.771509534056309421e-10
2.396725391732737202e-10
1.001312899106007182e+00
-1.312899106007096297e-03
-1.295896539702827306e-19
1.165549238865769617e-19
-1.004299489518452242e-19
8.286111657871757234e-20
-6.541905450696553658e-20
4.938043272460727442e-20
-3.559945126340248772e-20
2.447964324557676161e-20
-1.603063294046334448e-20
9.977861623858426209e-21
-5.888875429542172862e-21
3.286028959636555963e-21
-1.727807048477685969e-21
8.540413499145811613e-22
-4.001254200668735401e-22
1.902395114667255035e-22
-6.331803330708047239e-23
5.000000000000000000e-01
