6.725619535090033851e-01
-3.067688925354519411e-03
3.326676999035594390e-06
3.935141695443793071e-09
-2.730470862897842724e-11
5.913432863590478920e-14
-2.532205038006017873e-17
-2.239419273774176165e-19
3.314672517805572194e-20
-2.614435627966656523e-20
2.947108610504727277e-01
-3.317982643843256363e-01
7.857852107061022440e-02
1.239255662816080364e-02
-1.783404176759568333e-02
6.452014431362563564e-03
-2.087616572722576867e-04
-9.164684776032227392e-04
4.366213516058616061e-04
-3.705960989636316151e-05
-6.069802752270162053e-05
3.459228667472604839e-05
-4.818438641801735518e-06
-4.254413883132102353e-06
2.947434102583073950e-06
-6.128454523166718482e-07
-2.436302367396691134e-07
2.241278531059927297e-07
-6.447408770113683930e-08
1.586917070380949521e-02
-1.790649239757370961e-02
6.054551047610452937e-03
-1.523261420883921828e-03
3.185718103879172226e-04
-5.907888230920829172e-05
1.006439106774729105e-05
-1.594300900321047309e-06
2.326297854650296380e-07
-3.004202943402335941e-08
3.027580215409087372e-09
-9.567337014923576224e-11
-6.254390012418449662e-11
2.450844061021409009e-11
-6.442148588127617597e-12
1.437151165733465226e-12
-2.896892097552872984e-13
5.547792639708987481e-14
-9.320468102768703887e-15
3.562623805582541651e-04
-6.744168362049504997e-04
5.726464462729443858e-04
-4.378363390274286763e-04
3.031600895345578457e-04
-1.914350976951504984e-04
1.111153060374395809e-04
-5.977943200281050934e-05
3.006586497270524470e-05
-1.425891273630303155e-05
6.431292991604749585e-06
-2.781747760890589511e-06
1.162981230544758034e-06
-4.734100094714487263e-07
1.889054564551154310e-07
-7.446602967388229934e-08
2.955791613767627408e-08
-1.300815830362330147e-08
4.352991716661660027e-09
-2.492991884688213409e-10
4.772585737044489673e-10
-4.183259903056343086e-10
3.351721885959991804e-10
-2.447097636138553076e-10
1.620152886714559980e-10
-9.657224538951351428e-11
5.127263274820951322e-11
-2.384962821858477311e-11
9.456512546338768069e-12
-3.033870508304206485e-12
6.919691447504738800e-13
-5.605582720882099540e-14
-3.428660293315246735e-14
1.644690911855835336e-14
-1.979139313312658645e-15
-1.019938446641507769e-15
4.116146671643120694e-16
4.077626678534553964e-18
7.524105098385314161e-01
1.164218703684712346e-03
-2.270009150085139328e-06
2.120652341119382778e-09
3.821763235607115021e-12
-1.946676502944984041e-14
2.906509513486444193e-17
2.797048226152877897e-21
-3.073430682805895216e-20
3.520529858596987669e-20
8.699056775055483692e-01
9.966235521308872136e-02
-2.484662977778979986e-02
-8.479217168098272762e-04
4.654971334796764899e-03
-2.474492587800608545e-03
5.429484484590070374e-04
1.410267611206113486e-04
-1.647504018963054536e-04
5.625688752109350818e-05
2.217454830164793004e-06
-1.130853463209338504e-05
4.975716419130425302e-06
-2.269031093875544742e-07
-8.540721709884680281e-07
4.619768200739993562e-07
-6.069739591439993362e-08
-7.316220564946944021e-08
4.308071326856120422e-08
9.620534010058887642e-01
1.280848304216634405e-02
-2.171907613470711561e-03
3.710641606687951595e-04
-6.393176361833340993e-05
1.108061160713117546e-05
-1.920576906523112046e-06
3.301682938476461987e-07
-5.574440681844265685e-08
9.134014614977270277e-09
-1.428866237708978588e-09
2.076339744139080385e-10
-2.644064144870660450e-11
2.451327798195407911e-12
2.442188313209762077e-14
-9.399574061682816415e-14
3.336851429547113688e-14
-9.278882171502027669e-15
2.036819383892940556e-15
9.878626867567279479e-01
9.215833308593915710e-03
-3.498809883330640698e-03
1.328357381295012336e-03
-5.043444369015430417e-04
1.915018293215217562e-04
-7.272403576714971661e-05
2.762374498529601718e-05
-1.049650565291839205e-05
3.990640970302465860e-06
-1.518356683417313052e-06
5.782965458824296044e-07
-2.205430041544697519e-07
8.424282941179988752e-08
-3.224826206138968176e-08
1.240159464869871401e-08
-4.865900993730374029e-09
2.139104882840557673e-09
-7.170121275989971869e-10
9.972693955808301647e-01
2.728739151984775450e-03
1.863993027065678802e-06
1.273287702340214872e-09
8.697787235550540334e-13
5.941854016335370104e-16
3.731138088556856982e-19
2.442516993293524518e-20
-1.692979489600158719e-20
1.129010582756259262e-20
-7.117294488539521456e-21
4.246012631942454153e-21
-2.375589495553832431e-21
1.257513355798376641e-21
-6.142049867991207608e-22
2.836085271246481424e-22
-1.153115393882643454e-22
5.155978975088762152e-23
-1.393512855872562058e-23
1.044538005066657504e+00
1.787933422540523092e-04
-7.205190916130371647e-07
9.386706310621943502e-10
1.669241809800043606e-12
-1.085396187648380932e-14
2.199412947440740413e-17
-8.989708669503822008e-21
-2.008518146047378596e-21
3.462447622648656224e-21
1.040461332140523387e+00
-1.098319681927226524e-02
-4.918956871257882182e-03
2.824484194183595788e-03
5.809236720273461464e-05
-6.798700221111485861e-04
3.317469530202732711e-04
-2.739962039882193185e-05
-5.262178850160162082e-05
3.119726779051141109e-05
-4.851373229541229513e-06
-3.763924711449982481e-06
2.758110745633267476e-06
-5.763086120418366492e-07
-2.756042873578959772e-07
2.523111945575405952e-07
-6.792051994829781932e-08
-2.678531672127553005e-08
2.310919962012698788e-08
1.019267157200202112e+00
-6.511594561333227185e-03
1.068384012757796686e-03
-1.653581345118616624e-04
2.305505923278867921e-05
-2.623854559114424411e-06
1.580454911902752225e-07
3.036744215970096680e-08
-1.550399834690088813e-08
4.342612177616353697e-09
-9.924598282451009385e-10
2.012912148660515356e-10
-3.723218662745814327e-11
6.307740567834482380e-12
-9.645832002326160170e-13
1.267940997177383251e-13
-1.202043449634239863e-14
-2.174895702965429842e-16
4.318115356487260560e-16
1.006118034508031611e+00
-4.673611755530114424e-03
1.785023596744456749e-03
-6.817023743315220102e-04
2.602943130911780363e-04
-9.935314146920578454e-05
3.789879134270077464e-05
-1.444132627557539778e-05
5.493474926245504769e-06
-2.084271620402581699e-06
7.877872750602205521e-07
-2.961772911527443025e-07
1.105543452098285561e-07
-4.088059613347587950e-08
1.493679283766491825e-08
-5.380313168762868946e-09
1.921317881880218141e-09
-7.360226780473102493e-10
2.230757770304569504e-10
1.001368062031746442e+00
-1.368062031746484315e-03
-1.305174715498835795e-19
1.164329766819762267e-19
-9.917094692044243142e-20
8.059753318789450028e-20
-6.244881290267568846e-20
4.608138581926925247e-20
-3.234003304625856208e-20
2.154971864891668323e-20
-1.360593490694525865e-20
8.118636066261673706e-21
-4.563576909752716310e-21
2.406652508741795079e-21
-1.184447640908130095e-21
5.406386521857639557e-22
-2.286323113713469315e-22
9.465323271191904580e-23
-2.843238986361975209e-23
5.999999999999999778e-01
