7.134330991688930812e-01
-3.099365677086079237e-03
2.237202662979909616e-06
7.960961566719825977e-09
-3.080152962138494901e-11
3.579316943561663629e-14
8.199319205961987305e-17
-1.553901606927692825e-19
-1.497218582082705360e-21
-6.802067566782651458e-20
3.101393195932848901e-01
-3.557246931066708195e-01
8.473998589222238309e-02
1.485190015924478524e-02
-2.024061056950914386e-02
6.927806218091503085e-03
1.616099885424095823e-04
-1.221354926597789398e-03
5.029929087313082586e-04
2.046442581783996536e-06
-9.707320294099102190e-05
4.458461699272552503e-05
-1.699867930676019691e-06
-8.118709970786800687e-06
4.218735419141403464e-06
-3.944076437063097214e-07
-6.170982473639394391e-07
3.241497345699509890e-07
-4.731914411333327434e-08
1.479647916913202563e-02
-1.723690942600556580e-02
6.050786140016144350e-03
-1.577242347250709491e-03
3.403737212461237943e-04
-6.488356683292232393e-05
1.133972235950678779e-05
-1.845186701776337954e-06
2.781953853727278265e-07
-3.768618713033190824e-08
4.181333391721415876e-09
-2.406468875452757636e-10
-5.158484838786110366e-11
2.582454750283765847e-11
-7.334590925908591947e-12
1.718276597653104709e-12
-3.606714018499947082e-13
7.195457080767577704e-14
-1.255180291109786840e-14
2.911093987045494723e-04
-5.527552551962584826e-04
4.735302222572425053e-04
-3.672003232539232842e-04
2.589943165927515475e-04
-1.671611532613110664e-04
9.940538151592226250e-05
-5.486629975351126445e-05
2.832242834796554440e-05
-1.378003682186499496e-05
6.368405587099432272e-06
-2.817021255649085591e-06
1.201536892682572448e-06
-4.976422657292115232e-07
2.014840902509477134e-07
-8.038570116894264364e-08
3.223071634474438949e-08
-1.431023425043738646e-08
4.811721213532658253e-09
-2.589960994619292299e-10
4.969293002777117702e-10
-4.385265339802303956e-10
3.554429779234131204e-10
-2.639100288512870981e-10
1.787613241121240996e-10
-1.098043484240891807e-10
6.063244991309773023e-11
-2.970826442086414440e-11
1.265363736317099886e-11
-4.520173176457831441e-12
1.256278012463564510e-12
-2.149426363733668021e-13
-1.147642002159997994e-14
2.179776958572410102e-14
-6.278354097350167311e-15
-7.490679110201812936e-17
6.092623415784151567e-16
-1.540017673530816477e-16
7.420308345312338627e-01
1.235910025734049010e-03
-2.146425589526789984e-06
8.534573079484164894e-10
6.897893844166387091e-12
-1.815701795550290487e-14
-9.352156169631818939e-19
1.686129452260090978e-19
1.268581436762205941e-21
-1.103695272285087301e-20
8.676550699708382997e-01
1.056815517800650389e-01
-2.766916622687940960e-02
-7.147036589861851912e-04
5.279476689897593007e-03
-2.837626414002799267e-03
5.795333368492868766e-04
2.105525553195377762e-04
-2.092678195910700203e-04
6.201513848573556931e-05
1.026874371728759957e-05
-1.698319533102347084e-05
6.017792218730482638e-06
5.843166910713289038e-07
-1.524244435048186318e-06
6.232429923647499781e-07
2.720218573656096514e-09
-1.386577139063133565e-07
6.313640100500001147e-08
9.630889490817000631e-01
1.248128159789636989e-02
-2.126075524741302767e-03
3.669008865457589787e-04
-6.437150228944426070e-05
1.146466988708871594e-05
-2.058409382102982268e-06
3.687250769537182018e-07
-6.514661810046969961e-08
1.121874896670518010e-08
-1.857477829606471441e-09
2.899732419382418477e-10
-4.119240176983723285e-11
4.881960557168149526e-12
-3.303899398493863386e-13
-5.291825044685175818e-14
3.147285625457834584e-14
-1.025760241551172030e-14
2.432994840807076921e-15
9.882016578853429767e-01
8.959988399746824511e-03
-3.402262557127534726e-03
1.291926252404502779e-03
-4.905993744221628537e-04
1.863174529921951311e-04
-7.076980605160107540e-05
2.688807076043283291e-05
-1.022028037449712826e-05
3.887431846221510917e-06
-1.480127181445016973e-06
5.643440626438985654e-07
-2.155744560143838983e-07
8.254452310913108217e-08
-3.170816201727984978e-08
1.225368753154847142e-08
-4.841344121335676973e-09
2.148725727849725475e-09
-7.248249176282765031e-10
9.973461101934925077e-01
2.652127936027431129e-03
1.760700805483148856e-06
1.168898108033813835e-09
7.760106863062052410e-13
5.152481265816844393e-16
2.883599088409918017e-19
4.047274707699971546e-20
-2.880355757517360328e-20
1.964569569522902925e-20
-1.272922497403806882e-20
7.839241993055993775e-21
-4.560792419160905227e-21
2.511666400176322780e-21
-1.294418268045603836e-21
6.286341307249454166e-22
-2.837974130779173860e-22
1.330322539681184433e-22
-4.211012170471409389e-23
1.036839251351240110e+00
2.357475487940444061e-04
-7.538712627199542207e-07
4.731049477472829716e-10
3.330983871863107989e-12
-1.123416096490268704e-14
6.736404704799861165e-18
8.224345269366066921e-20
-1.006623884648012499e-20
-1.049829654419678424e-21
1.037528523649382306e+00
-7.572907915344855717e-03
-6.456115790742240901e-03
3.068325155067210160e-03
3.104210343812769746e-04
-8.968202204564177651e-04
3.920355243473523177e-04
-7.329279198420338827e-06
-7.747949114536865954e-05
3.904410135009501114e-05
-2.804444415716749181e-06
-6.739463131846665124e-06
3.803120011347231328e-06
-4.010079434781943743e-07
-6.165884782210343880e-07
3.892701001251242196e-07
-6.227479495086312006e-08
-6.248504016292004376e-08
3.892205281670871056e-08
1.018737417422570291e+00
-6.347188032713391159e-03
1.047164959470910225e-03
-1.636138127129078024e-04
2.309886238331753958e-05
-2.659705218337734697e-06
1.573582650071756995e-07
3.448517877710318885e-08
-1.743053931327232081e-08
4.965505083810171076e-09
-1.159719657959612544e-09
2.410510865177387341e-10
-4.583819082305658950e-11
8.023102092199619791e-12
-1.279217627836753224e-12
1.791230112223709959e-13
-1.957103216875649729e-14
5.819768173333699201e-16
4.125402200584644085e-16
1.005945761093980595e+00
-4.542065483504531195e-03
1.734829248217991749e-03
-6.625729942979418849e-04
2.530213761606135378e-04
-9.660013555993803415e-05
3.686467433330010079e-05
-1.405780855480955662e-05
5.354126357318123460e-06
-2.035248324040020585e-06
7.714037623434754868e-07
-2.911553876760723334e-07
1.092545744467813298e-07
-4.067752453706315513e-08
1.499138321108703735e-08
-5.458215216770054512e-09
1.976086189842109143e-09
-7.713065704164334497e-10
2.370557511531893416e-10
1.001329529324618273e+00
-1.329529324618248165e-03
-1.296881696057989398e-19
1.163974882407049785e-19
-9.999534532212205645e-20
8.218229106395545579e-20
-6.457018173502012004e-20
4.845612566371538829e-20
-3.469273201785426131e-20
2.366454037424595367e-20
-1.535280954630709842e-20
9.453673092237095061e-21
-5.510831871372218271e-21
3.031459320961063915e-21
-1.567631401383322302e-21
7.595447155332765517e-22
-3.468999425140012220e-22
1.595339964719643169e-22
-5.188136199237656119e-23
5.300000000000000266e-01
