8.174064874339427300e-01
-2.275835867368329862e-03
-1.560436586195005691e-06
8.001467180702551304e-09
-6.270015749497690277e-13
-3.198952917762037655e-14
3.282674789907386229e-17
1.827542348568210439e-19
-3.264373803794968362e-20
2.101474243175037184e-20
3.708576380314522192e-01
-4.229205762674096425e-01
8.047006538906520401e-02
3.432718300027223779e-02
-2.618653242732268613e-02
3.600449608328889790e-03
3.537303204535313054e-03
-1.987380924765165882e-03
-8.497081935545362310e-07
4.346079089613948620e-04
-1.741474876755676378e-04
-2.636149253775979816e-05
4.985053756683058014e-05
-1.445850343810991832e-05
-5.394563514052365676e-06
5.620318215115422540e-06
-1.231245153352018380e-06
-8.809175606938780275e-07
6.001301022594908865e-07
1.429064283790302918e-02
-1.806353244748927847e-02
7.010182636972804582e-03
-2.011256849990984610e-03
4.720188191751688257e-04
-9.645875828914071107e-05
1.783095976753460601e-05
-3.034987238843821244e-06
4.738137431869115884e-07
-6.544274968065703027e-08
7.063369459686529417e-09
-2.393377139336509992e-10
-1.681913344648172372e-10
7.082259440924299932e-11
-2.000371384762001598e-11
4.792291113158737283e-12
-1.036445051103951753e-12
2.133628153280370572e-13
-3.813094263499571079e-14
1.885004418813283227e-04
-3.606247852302418128e-04
3.158455040562624231e-04
-2.537686744353776359e-04
1.876059629707041844e-04
-1.281139364007689212e-04
8.118209756368263360e-05
-4.797647321930970831e-05
2.658424212402570519e-05
-1.388916124381786373e-05
6.881227351103374524e-06
-3.251739834631294509e-06
1.474181431003743977e-06
-6.449071171624441308e-07
2.738781696694670383e-07
-1.138194615186730016e-07
4.725109169250970932e-08
-2.162169548559916988e-08
7.387116380656368259e-09
-3.195370065770762531e-10
6.166010320220629199e-10
-5.536364141941102076e-10
4.621538928595916680e-10
-3.580539927076106706e-10
2.568021206583897205e-10
-1.698886970401557009e-10
1.031490053865203697e-10
-5.707717650092948620e-11
2.849870118827177608e-11
-1.265002331502177455e-11
4.873844682103093254e-12
-1.560353380808639007e-12
3.755023331364801999e-13
-4.530501192004130495e-14
-1.133821827741258453e-14
7.912214103100603676e-15
-1.530467617530850016e-15
-1.739306514143451469e-16
7.352427051009610137e-01
1.083506450689662379e-03
-7.449528400470108470e-07
-1.743146840940223021e-09
2.696158093408158731e-12
6.307875243740892331e-15
-1.582658118930191320e-17
-2.340277595767224695e-20
-3.267030977267113253e-21
1.050891427235178746e-20
8.706619444372899475e-01
1.161598931567700416e-01
-3.139230845034793327e-02
-3.255283272194027609e-03
7.739724238160550218e-03
-3.121139482690584756e-03
-1.123173879078460377e-04
6.692145861957936271e-04
-2.447591393373916061e-04
-4.896469574860451559e-05
7.511388487874944085e-05
-1.912800177471214586e-05
-9.839733948805750156e-06
8.591349525846360606e-06
-1.173796957900886841e-06
-1.630729777391957962e-06
9.783993194872474353e-07
1.057174418414239261e-07
-2.389650343723056693e-07
9.696626101255416685e-01
1.034836381458243901e-02
-1.800945611460166981e-03
3.261292590583909305e-04
-6.244058694938779349e-05
1.261885994101926561e-05
-2.635477801912363172e-06
5.529056032901948944e-07
-1.137580500884840938e-07
2.257280762894178694e-08
-4.265654333387852309e-09
7.571414384254116981e-10
-1.233557236262739973e-10
1.752585300080569351e-11
-1.845718686950430152e-12
1.045386323018018770e-14
7.098071262944703725e-14
-3.002346679570563225e-14
7.986044724430903746e-15
9.903363454451803438e-01
7.346730334348899362e-03
-2.792676374009492226e-03
1.061590165734647203e-03
-4.035652890106614750e-04
1.534307340034110840e-04
-5.834331198244923380e-05
2.219305599353310569e-05
-8.446983544448630362e-06
3.218247250161969255e-06
-1.228090760881053269e-06
4.697870401067342869e-07
-1.803514217735796959e-07
6.958527041592426332e-08
-2.703889289629186055e-08
1.062986919332975407e-08
-4.309293736277893447e-09
1.983918884866630575e-09
-6.856911309942504223e-10
9.978286147466333134e-01
2.170205592465767556e-03
1.179020019803738071e-06
6.405329580364018651e-10
3.479857692561697049e-13
1.892542998513575365e-16
-6.144172840074531542e-20
1.286930813604011746e-19
-9.664418365112321173e-20
6.997762492617405598e-20
-4.840489384916553348e-20
3.228266445613120588e-20
-2.043057540677639811e-20
1.251250909341284901e-20
-7.187839302126193061e-21
4.069736009565883096e-21
-2.149395679542142967e-21
1.277764562630216281e-21
-4.482297951029487000e-22
9.937861502401758029e-01
3.649646934597364223e-04
-4.139227524053473196e-07
-7.207522684683895837e-10
1.699827436276195950e-12
2.585897319220648578e-15
-1.003760579250630417e-17
-7.213630183055675989e-21
1.780617568412471637e-21
1.381344483119539466e-21
1.018188039136161072e+00
1.288948175435149050e-02
-1.271338084887241489e-02
2.157835701840620651e-03
2.271742469159649270e-03
-1.610073701959948127e-03
2.160184176900810404e-04
2.612650708280372827e-04
-1.534704584579345992e-04
1.984026948802746153e-06
3.481020303213328151e-05
-1.450782352201221572e-05
-2.403042969334320119e-06
4.469275614870142951e-06
-1.247234204624434683e-06
-5.910504612007203585e-07
5.466118168805176078e-07
-1.273132697116160525e-08
-1.044392086197937935e-07
1.015332763278096406e+00
-5.194842731228522907e-03
8.542805498173440103e-04
-1.307175268748486023e-04
1.690810555926101013e-05
-1.274677293309414734e-06
-1.992515183227911156e-07
1.299637485873948470e-07
-4.215801846008972690e-08
1.098221185889312716e-08
-2.524479352674023202e-09
5.290110293576095239e-10
-1.020953721549605575e-10
1.806363333638852548e-11
-2.860678806642172267e-12
3.777271754517685306e-13
-3.068785717937278358e-14
-4.114073880926414882e-15
2.474145549711815497e-15
1.004864467445705456e+00
-3.716093057161236422e-03
1.419391913961224943e-03
-5.421338824950325437e-04
2.070553584239368948e-04
-7.907104047816975508e-05
3.018938348422548946e-05
-1.152173044180019027e-05
4.394160042810828961e-06
-1.673857573259750189e-06
6.363924367179912284e-07
-2.412267163049399563e-07
9.102341838348099957e-08
-3.411823876746546271e-08
1.266760164006078727e-08
-4.644779986811470117e-09
1.689337737258130923e-09
-6.586079793745207217e-10
2.015801844781513328e-10
1.001087733009749847e+00
-1.087733009749794087e-03
-1.563384556499541440e-19
1.424969625374593832e-19
-1.251119398723529085e-19
1.057790082256551401e-19
-8.608262414822867910e-20
6.739131084350284273e-20
-5.071844501494486163e-20
3.666401211403937285e-20
-2.543274865968882027e-20
1.690885718679225200e-20
-1.076012283550509391e-20
6.545010003277718177e-21
-3.803012935805109026e-21
2.117846648356312680e-21
-1.151821995504341701e-21
6.558784588493610624e-22
-2.441414402906281106e-22
3.500000000000003109e-02
