6.106332028226354458e-01
-2.784548783869756836e-03
3.948816660771264235e-06
-1.185649021115271607e-09
-1.323990501929661091e-11
4.754228317223884654e-14
-8.981280806689325637e-17
8.037992324632271560e-20
-1.822962452645820836e-19
1.161211255242554573e-19
2.749918422345373759e-01
-2.968184272348232122e-01
6.643280541825312413e-02
1.100518820963654852e-02
-1.469900177017294078e-02
5.286558979041574603e-03
-3.214237213042108474e-04
-6.143058514314200455e-04
3.152197810648897864e-04
-4.375469423071552531e-05
-3.033797587474862238e-05
2.043510510532267933e-05
-4.079386735342020169e-06
-1.621143157242092803e-06
1.448306685273171694e-06
-3.953362550655889498e-07
-5.948523890342916459e-08
9.844223546378106601e-08
-3.526850827514077757e-08
1.808266280600758641e-02
-1.940733513644900959e-02
6.196472498573635246e-03
-1.477141740760445996e-03
2.943482316694938589e-04
-5.221792505337469219e-05
8.504487702398916225e-06
-1.277753160711664792e-06
1.732138641528761473e-07
-1.968709605903941770e-08
1.380136682469530606e-09
1.328425332738921787e-10
-8.654841154926688216e-11
2.503871652344853206e-11
-5.776092740071594102e-12
1.176856678126473109e-12
-2.190477126688382995e-13
3.849370581939284891e-14
-5.930826621709856004e-15
4.893868145600756064e-04
-9.218726460982272324e-04
7.716077092129138741e-04
-5.767565333672572533e-04
3.878014963460822999e-04
-2.366220714966635688e-04
1.322816165804010103e-04
-6.843626174004633733e-05
3.309832403411076915e-05
-1.511514009398831379e-05
6.581671837392392493e-06
-2.758006336407058420e-06
1.121707795878129431e-06
-4.461203973751827997e-07
1.746414838717428707e-07
-6.776963387085279371e-08
2.654122721250727082e-08
-1.153643188821815079e-08
3.833307802389116804e-09
-2.166708601074743285e-10
4.133266264640909362e-10
-3.584035057272362293e-10
2.819055292660758883e-10
-2.003353185297808271e-10
1.278233616028942076e-10
-7.252953990014677598e-11
3.606302692376291697e-11
-1.533790024452354741e-11
5.338511694069743280e-12
-1.374588246865275983e-12
1.756528135194919479e-13
4.246262486899219433e-14
-2.917615964457009727e-14
5.049934416240231725e-15
1.442659494698543461e-15
-8.846482068378635006e-16
1.634270683750665568e-17
9.323797843581671291e-17
7.704069296302931136e-01
9.903716738573853460e-04
-2.053897802303631463e-06
2.934194880010304191e-09
-8.924402498568339635e-13
-9.599239616159957079e-15
3.200159098269826563e-17
-7.285667932206395333e-20
4.470971677747474588e-20
-1.605349379047043461e-20
8.740493772644587489e-01
8.990900362212614350e-02
-2.013706662700488759e-02
-1.422654793548003326e-03
3.894193330145448526e-03
-1.913836651981428187e-03
4.019394822672499811e-04
9.653940658782440831e-05
-1.125602914986420034e-04
3.966229983888398748e-05
-8.162183026006763996e-07
-6.119944728493871128e-06
3.000613973731337868e-06
-3.599522710735821457e-07
-3.509581824166297618e-07
2.291479906231907780e-07
-4.635523919823810926e-08
-2.523489739158901018e-08
1.799814064650605801e-08
9.606953767048860282e-01
1.322302425685543611e-02
-2.223757776966613260e-03
3.735129037035758368e-04
-6.252565444584159656e-05
1.039559430915104339e-05
-1.708214668667457582e-06
2.755102505721077217e-07
-4.317329874682805085e-08
6.466897168006402989e-09
-8.989644852105899356e-10
1.085546263295552935e-10
-9.072232818853910342e-12
-3.605460776126287295e-13
4.294721836886563636e-13
-1.406710659491200547e-13
3.568754211018294601e-14
-8.287289041467835839e-15
1.628869794716124279e-15
9.874139538948740746e-01
9.554343123059076681e-03
-3.626461655030148272e-03
1.376473215838651225e-03
-5.224647860958703000e-04
1.983144439704753455e-04
-7.527743467930256651e-05
2.857558093801982707e-05
-1.084807629018122748e-05
4.118555700876311985e-06
-1.563781632521036894e-06
5.938067709762480657e-07
-2.254988331093222043e-07
8.563879554112433906e-08
-3.253290503620192053e-08
1.238762919209449335e-08
-4.797592273748500213e-09
2.073682244392060083e-09
-6.874332594978275611e-10
9.971677914066962023e-01
2.830201843749055070e-03
2.005327680661070807e-06
1.420866541989750878e-09
1.006749035882484437e-12
7.133361635288241802e-16
4.991313600545916164e-19
4.864040058321505448e-21
-3.062860143806002564e-21
1.959896926264323671e-21
-1.187988172033557890e-21
6.663437927982912971e-22
-3.492753960213726898e-22
1.706369038046451811e-22
-7.870617781744678928e-23
3.072043870338063414e-23
-1.155560703743515469e-23
2.629483694411714907e-24
-1.450691667345848433e-24
1.051970451150737507e+00
1.024993864689444480e-04
-5.635314377504258642e-07
1.139943833524889142e-09
-5.480567985364153410e-13
-4.655517813607438008e-15
1.884685075438998629e-17
-5.117183851814812530e-20
1.019166632559690509e-20
-1.849603947134484256e-21
1.043203879540608447e+00
-1.398570067159202006e-02
-3.294283447509227872e-03
2.374323944028046071e-03
-1.078046016499237155e-04
-4.480391113204382843e-04
2.347085067076634885e-04
-2.756201469933860712e-05
-3.056317684792885745e-05
1.984855042310940812e-05
-4.004518677047901658e-06
-1.648675825218035664e-06
1.490686943938122809e-06
-4.028433306809287098e-07
-8.091899073307250088e-08
1.122039037912206714e-07
-3.793760431299389890e-08
-6.744222316739081245e-09
8.649543759060690603e-09
1.019953023025703454e+00
-6.706660630061555585e-03
1.086027174685281040e-03
-1.641077857664028511e-04
2.201876501747391794e-05
-2.345090968696206510e-06
1.095347073965205711e-07
3.481974697156776966e-08
-1.486157421954301309e-08
3.875910284541933884e-09
-8.365917819606732078e-10
1.603340923109041703e-10
-2.784255129109905545e-11
4.361542233399534530e-12
-5.958215494963788447e-13
6.324707461977233633e-14
-2.330171191361521403e-15
-1.411644928588610594e-15
5.165990403702327638e-16
1.006346144601829806e+00
-4.847699699223317719e-03
1.851368534098049795e-03
-7.069200812175353973e-04
2.698312185935570996e-04
-1.029268853644553711e-04
3.921689099055931899e-05
-1.491474588084377451e-05
5.656181943658316954e-06
-2.136107120136292012e-06
8.020421972779260976e-07
-2.988026773117903647e-07
1.101995379030299468e-07
-4.012548206557943327e-08
1.437973471640735098e-08
-5.055477306605117808e-09
1.748699277643738665e-09
-6.399735124018791084e-10
1.870842039062919254e-10
1.001419101921146249e+00
-1.419101921146283469e-03
-1.115856749994286725e-19
9.858298224188179880e-20
-8.282084820567866059e-20
6.611102491186210021e-20
-5.008838907855299900e-20
3.596866335386933617e-20
-2.443810938561677829e-20
1.567470268991398504e-20
-9.464554868950165809e-21
5.360723989307420997e-21
-2.835160934548666484e-21
1.391668859363969401e-21
-6.287753354646837759e-22
2.583907750828954229e-22
-9.508119675386502031e-23
3.191664036078059439e-23
-7.894406224409958586e-24
6.799999999999999378e-01
