7.686100345657179700e-01
-2.853269133386587657e-03
1.317626657526487698e-07
1.087524057020739489e-08
-1.923446813700868932e-11
-2.057595846020911860e-14
1.414321845176395252e-16
-1.337080245034466892e-19
7.526464177427707276e-20
-4.617207781748943622e-20
3.366085410869470995e-01
-3.899944150065673965e-01
8.813049871349241948e-02
2.186092866058515077e-02
-2.384820096078102414e-02
6.539736089096868758e-03
1.386056992976483033e-03
-1.755435618140030766e-03
4.631063277967685911e-04
1.573973751268733145e-04
-1.666054773929001760e-04
4.191012956450393856e-05
1.644952822291657679e-05
-1.653748000286856256e-05
4.024548098395669370e-06
1.771404565969162217e-06
-1.646182884342076764e-06
1.750588090140059294e-07
2.140875447659587036e-07
1.396868357927478696e-02
-1.698231122131952861e-02
6.277514912117480167e-03
-1.718935223212605945e-03
3.873714879302618021e-04
-7.660621450281709759e-05
1.381695468625036872e-05
-2.314023923707379509e-06
3.592211485432244027e-07
-5.031433365502817392e-08
5.848879967021464311e-09
-3.855872057775005767e-10
-6.112908999579823712e-11
3.504656861770823184e-11
-1.045474062549002282e-11
2.541670491247007705e-12
-5.516447802221281179e-13
1.138572301805231950e-13
-2.045854741628326446e-14
2.258476838674727089e-04
-4.305401213253770803e-04
3.731486495349383261e-04
-2.947954442080046749e-04
2.130986129352609485e-04
-1.416360645365473544e-04
8.704179820597445719e-05
-4.976152172388388954e-05
2.663504104203185221e-05
-1.343618837994237210e-05
6.430807413232189529e-06
-2.939889619080104479e-06
1.292235585568860877e-06
-5.496677995960629955e-07
2.277174267971319437e-07
-9.262975041636802775e-08
3.775268247854020886e-08
-1.700100562369841316e-08
5.759661706697574368e-09
-2.784098343484713583e-10
5.357668494432757363e-10
-4.770762475603918917e-10
3.926647364180475284e-10
-2.980927542505663732e-10
2.080522870073939123e-10
-1.328828572821765091e-10
7.715830318763041659e-11
-4.034675867712148449e-11
1.873392095861159919e-11
-7.552523580302188404e-12
2.539644840041563158e-12
-6.520437156778640716e-13
9.323565873240168972e-14
1.374251589604166623e-14
-1.275647084579900668e-14
3.138926339368928016e-15
2.839201749119880753e-16
-3.669905899633244423e-16
7.327364353097154392e-01
1.233476599237375926e-03
-1.562418847049211275e-06
-1.074780025653068288e-09
7.070969215149943027e-12
-3.225102006909315863e-15
-3.582504138092511237e-17
6.921404100148204943e-20
8.594867976269169459e-21
-4.877363758665019516e-21
8.665228556096581380e-01
1.126217698308748100e-01
-3.061333243263936535e-02
-1.272690597879643296e-03
6.401847077443159964e-03
-3.219315547280176409e-03
4.370457749112215628e-04
3.990890436727762111e-04
-2.696543083218703985e-04
4.201735804738658097e-05
3.723999644798963896e-05
-2.592680571099945341e-05
3.701706340378352448e-06
4.047047555315700393e-06
-2.686956380814823690e-06
3.325974086940532066e-07
4.167081067020797645e-07
-2.171333783803302185e-07
2.104013762583117896e-08
9.652913509043004048e-01
1.177144892966231794e-02
-2.019955106659706168e-03
3.544524228278812155e-04
-6.414402629526818299e-05
1.197159588407900930e-05
-2.281043368996927747e-06
4.366631665937715160e-07
-8.262738939614190161e-08
1.523924746221254615e-08
-2.704490380127462816e-09
4.548950609428914113e-10
-7.077527366164878762e-11
9.674389332503896914e-12
-9.922363942334821800e-13
1.002474894749902816e-14
3.388046959427229609e-14
-1.407056648954708421e-14
3.671918531771448876e-15
9.889185865913073803e-01
8.418568133053033406e-03
-3.197827039084250901e-03
1.214733207859315656e-03
-4.614513678001711623e-04
1.753108017312931708e-04
-6.661348862045813463e-05
2.531873484983231833e-05
-9.628006573073670686e-06
3.664187093589318177e-06
-1.396216906612924890e-06
5.329803263181778847e-07
-2.039696436367403634e-07
7.832507733420396604e-08
-3.021878705551297342e-08
1.175453975427624392e-08
-4.689898602327312436e-09
2.110928114420423339e-09
-7.188144514009559895e-10
9.975082733962525872e-01
2.490173477199636182e-03
1.552158463227930140e-06
9.674811483732980479e-10
6.030438116910323079e-13
3.760014793181091027e-16
1.413830579139609903e-19
7.142567327786855355e-20
-5.236223942640554989e-20
3.680234108424420471e-20
-2.473110711428152961e-20
1.585288004778620903e-20
-9.672812577842801055e-21
5.610301400938963356e-21
-3.082821530132359609e-21
1.607185667763561103e-21
-8.065954018783380093e-22
4.174630842092718630e-22
-1.468462632756346943e-22
1.020169739028011779e+00
3.128360750376336973e-04
-6.534339947960255013e-07
-3.465708018761880286e-10
3.770671671913274858e-12
-3.665886470358319497e-15
-1.732490892873474917e-17
5.799036219656629504e-20
4.454169402041108633e-22
-6.036901601370515906e-22
1.030630422195651041e+00
2.091372601352175663e-04
-9.332496693624511147e-03
3.092968895368877758e-03
1.012271973656388071e-03
-1.283902612366642163e-03
4.137029629990770238e-04
8.072202809855529265e-05
-1.266140069385061028e-04
4.037685975952783437e-05
9.453560689952199308e-06
-1.329121342168078006e-05
3.950102815898044906e-06
1.199469772512341378e-06
-1.452755192026208651e-06
4.021572644765093138e-07
1.273115653406512990e-07
-1.340385135155390664e-07
3.548072569491607396e-08
1.017599382836066546e+00
-5.970765678210554830e-03
9.880012379668520230e-04
-1.547143049714768336e-04
2.167217061213504788e-05
-2.360734094369072920e-06
7.445078685119230324e-08
5.925531739090961145e-08
-2.443315822060171264e-08
6.779727974793131116e-09
-1.591139909625610776e-09
3.358697531465835443e-10
-6.517019659390954345e-11
1.166872099133397785e-11
-1.906243615041589808e-12
2.738243254435634473e-13
-3.072967837699372989e-14
9.375288099126382781e-16
6.773070092770634129e-16
1.005582003152602377e+00
-4.264222871788166634e-03
1.628741688424969764e-03
-6.220838243530812939e-04
2.375818401336036371e-04
-9.072224440090987296e-05
3.463336045687302755e-05
-1.321482583463453397e-05
5.038056859002606729e-06
-1.918090707050972500e-06
7.286934598427787207e-07
-2.759461030390073276e-07
1.040117611874348901e-07
-3.894999088238954987e-08
1.445763094956094260e-08
-5.308880831438985055e-09
1.941443211511192285e-09
-7.670632313303569077e-10
2.377160908362853757e-10
1.001248182305683132e+00
-1.248182305683202516e-03
-1.333243593040691038e-19
1.206266481175144774e-19
-1.048121508852376519e-19
8.742418176255523422e-20
-6.996174248797564170e-20
5.367730549579397243e-20
-3.944939135283473965e-20
2.774239055380151341e-20
-1.864393544870865824e-20
1.195475306756588177e-20
-7.300208354180398215e-21
4.236142629867285040e-21
-2.330910215561196538e-21
1.216461606712566437e-21
-6.103980148826469076e-22
3.162795495380974212e-22
-1.113400753285979506e-22
3.900000000000000133e-01
