3.464300140922679239e-01
-7.907971791526387803e-04
7.899622415637409688e-07
-7.360515530142367788e-10
6.295209973820174862e-13
-4.737565483545503994e-16
4.374137155280953044e-19
4.707639012792111932e-19
7.976836336258154587e-19
-8.759851717632795887e-19
2.033602107945346460e-01
-1.455268574437956208e-01
1.032582050703891551e-02
9.375088431291384722e-03
-3.974585021074797386e-03
5.049234640552952794e-04
1.727982951624900656e-04
-9.811068376767532746e-05
1.654679399810722945e-05
3.071666299032092382e-06
-2.339470596536712966e-06
4.552431738906575936e-07
6.007094579442929754e-08
-5.643881685629846290e-08
1.151430239684104209e-08
1.494388898991078612e-09
-1.429147301100861941e-09
2.346789610211681453e-10
5.227795350107135783e-11
3.637471830021111324e-02
-2.949322206334440213e-02
6.899762737591600900e-03
-1.199478106826467293e-03
1.694311004420831425e-04
-1.919654390764271088e-05
1.381087244676342993e-06
7.637051339377961815e-08
-5.719802650604170459e-08
1.484773948079964213e-08
-2.903123032046447166e-09
4.734190180047388083e-10
-6.471690847685303672e-11
6.854902225433017211e-12
-3.464983940476236835e-13
-7.576723907365025061e-14
3.146425739026718196e-14
-7.560115264716884462e-15
1.352565879117378400e-15
2.074966765578310952e-03
-3.789453703808337483e-03
2.904979632366952013e-03
-1.900346149899206135e-03
1.082821679374612860e-03
-5.491056194922624284e-04
2.530840172621415772e-04
-1.081480760635589433e-04
4.363296969851110949e-05
-1.688556533406091817e-05
6.347794555655131140e-06
-2.339011932743479410e-06
8.491557115405511426e-07
-3.042614600509524745e-07
1.074949758491126772e-07
-3.735163515451104061e-08
1.279829458151134645e-08
-4.644953999569338139e-09
1.351275038551582906e-09
2.698438504609322906e-08
-5.046221084460044690e-08
4.117071214703658767e-08
-2.912599628046079223e-08
1.765177548903341587e-08
-8.969340073288840821e-09
3.670562735845744688e-09
-1.106827302075364062e-09
1.810340760063804525e-10
2.433089438334250911e-11
-2.276787045196205894e-11
3.367565711555732443e-12
1.653679509997730178e-12
-6.642230140178956023e-13
-1.043889512996769142e-13
9.477526655595403468e-14
6.785347031142303966e-15
-1.142523279771751456e-14
-7.861583178257495067e-16
8.464028036916526609e-01
2.371306227543435374e-04
-2.480374416996067282e-07
2.644191050487176779e-10
-2.712316925354806704e-13
2.610337022425509516e-16
7.893500470435994833e-21
5.980047055414108146e-19
-5.669003047605284001e-19
7.885975437543822048e-20
8.905602234863938538e-01
4.574690214532484145e-02
-2.000851009967187337e-03
-2.635617899083992407e-03
1.093922246705261248e-03
-1.676675696272554182e-04
-3.637850598097728036e-05
2.812094314698888132e-05
-6.638910301060252916e-06
-2.531177014844487460e-07
6.955328381618234805e-07
-2.132519712240730471e-07
7.895685538865058612e-09
1.684836146670911120e-08
-6.213518601041162138e-09
4.666336849889531545e-10
4.111961754351182064e-10
-1.590050346766795637e-10
1.414061732374264109e-11
9.507627476246915954e-01
1.554595214631777911e-02
-2.288258303095168800e-03
3.063850304649242589e-04
-3.621576259940078733e-05
3.511227841373615254e-06
-1.982341649004861917e-07
-2.203895788100285871e-08
1.100904963760599186e-08
-2.727218050377159014e-09
5.448925015207792468e-10
-9.563205409637144640e-11
1.500000244412933733e-11
-2.066305521507492143e-12
2.325709668856880180e-13
-1.549810920480301734e-14
-1.620548714317819821e-15
9.870929174438148605e-16
-2.453238287128270120e-16
9.838879688780897137e-01
1.219817616857519528e-02
-4.612545290913187650e-03
1.740654659476572426e-03
-6.546395785824516344e-04
2.449014259697666267e-04
-9.092682894653268937e-05
3.342175046562301233e-05
-1.213224747163021581e-05
4.339807601572928302e-06
-1.526913512955623035e-06
5.276217064129572586e-07
-1.788255976393239083e-07
5.936311362817306035e-08
-1.926108985796334641e-08
6.087582594321547147e-09
-1.870272688677513340e-09
5.895226840274726023e-10
-1.529469561431899010e-10
9.963657407280427369e-01
3.630954305841115060e-03
3.301960608032909920e-06
3.002773725523261542e-09
2.732762378582139487e-12
1.001503773827156034e-15
9.852412428238930592e-16
-5.989898118904927657e-16
3.330386853830588493e-16
-1.673563618564454602e-16
7.494958560877415743e-17
-2.925660575944561429e-17
9.568180234410967274e-18
-2.403936844744232873e-18
3.416122597821636001e-19
4.615369896691922524e-20
-4.391336445515440653e-20
9.939434700828650495e-21
3.395046086338193951e-22
1.059454540220375218e+00
-3.185812764927830601e-05
-1.414351038785682175e-08
5.035723700730275342e-11
-7.793135078008675139e-14
9.459483399692332870e-17
1.344300762172806956e-19
-9.905273006806805022e-20
1.794567785449260915e-20
-7.192755799466101226e-21
1.047833398198385835e+00
-1.367798211794174837e-02
-1.203624666433672063e-03
8.859969349339685742e-04
-6.590515734062331831e-05
-5.537242001526383864e-05
1.613967722203280176e-05
2.076393848019498972e-06
-2.344775908390516324e-06
4.748042427630923781e-07
1.046591916208164030e-07
-8.379583552271941242e-08
1.619428698090781595e-08
3.299666054892095473e-09
-2.683056251988822277e-09
5.316912938110850653e-10
9.092523637131821620e-11
-7.717763284059120243e-11
1.563440287602236752e-11
1.024895420468829643e+00
-7.685592132624630667e-03
1.035388910623032208e-03
-1.108445533379720521e-04
6.740144276481341880e-06
6.708219009588785965e-07
-3.317597307322604337e-07
7.423385267803278209e-08
-1.247783587960153081e-08
1.658578521060749429e-09
-1.548961534950226173e-10
1.594149364656516870e-12
3.629642594865314069e-12
-1.111143676500239009e-12
2.312050737862373720e-13
-3.863711348393003775e-14
5.227500031764759782e-15
-4.957513472568900032e-16
8.644257946887038334e-18
1.008139678496932090e+00
-6.207795382416766983e-03
2.362547000693744105e-03
-8.958537319041707907e-04
3.376085023204332793e-04
-1.260153467144102936e-04
4.638891435479483794e-05
-1.675767339843420512e-05
5.906652390385294967e-06
-2.017848520126697294e-06
6.624073030903382054e-07
-2.063118602127078896e-07
5.960702963314202538e-08
-1.520152463531593700e-08
2.927940540141030624e-09
-4.781616397333698808e-11
-3.909502567595386130e-10
3.484270508162782127e-10
-1.497966357799721145e-10
1.001822096386251415e+00
-1.822096386249685493e-03
-3.063849105972823310e-15
2.560095162371704012e-15
-1.986302142904955396e-15
1.427433340438199408e-15
-9.468153596469828888e-16
5.768592076948028055e-16
-3.206659813090997590e-16
1.610949540887971132e-16
-7.211911261782663237e-17
2.813713583261690358e-17
-9.194667108234640539e-18
2.306533563919818955e-18
-3.260940676312933826e-19
-4.513048854097616203e-20
4.232587316909930588e-20
-9.539508846688556305e-21
-3.494974327509675400e-22
8.699999999999999956e-01
