5.665052797552024844e-01
-2.475395704075338855e-03
3.758084497660640012e-06
-3.009859429131069442e-09
-4.598509065492667387e-12
2.655187133789038896e-14
-6.652788463248972604e-17
5.338780303091035784e-20
-1.073899531061559512e-19
7.298647062001338657e-20
2.625094679311615331e-01
-2.722655262163660161e-01
5.674249991620193556e-02
1.089028120439357143e-02
-1.272303374593435933e-02
4.345421248436222468e-03
-2.409379995374556663e-04
-4.780185751535405468e-04
2.376004773799855871e-04
-3.404829193759854953e-05
-1.964355093832269834e-05
1.333120968836416396e-05
-2.716921943183769581e-06
-8.946508610000111509e-07
8.222636207442458249e-07
-2.234496579228650597e-07
-2.894162515794502426e-08
5.014181496335289837e-08
-1.768683539879766184e-08
2.007961032596688664e-02
-2.075175531991613198e-02
6.351768525997601202e-03
-1.455133614141713343e-03
2.795551389358314430e-04
-4.785657662423408273e-05
7.490744219360754421e-06
-1.068269246902277959e-06
1.333403746223449725e-07
-1.267385612430459165e-08
2.578253800849650184e-10
2.895804514263653146e-10
-1.034015401717592431e-10
2.559625744405469788e-11
-5.389900233737216403e-12
1.020186039220399008e-12
-1.766455873386507949e-13
2.845218780060981331e-14
-3.962313564103087670e-15
6.170573650189752892e-04
-1.157900678644822748e-03
9.584084858264957894e-04
-7.040010653749423277e-04
4.628949420357404742e-04
-2.752442320114548168e-04
1.496464909240168212e-04
-7.523940596911116792e-05
3.538068204949717225e-05
-1.573391570228488241e-05
6.687381484295932011e-06
-2.743429259415357649e-06
1.095855128980038960e-06
-4.293950824908692721e-07
1.660566567311986362e-07
-6.378233996632412483e-08
2.474805879950717228e-08
-1.065517244259396710e-08
3.520047411989008206e-09
-1.331473018341466750e-10
2.533082548887138698e-10
-2.178445637972515359e-10
1.689349045615980876e-10
-1.175743322043731237e-10
7.288634854544901412e-11
-3.977584212644849048e-11
1.875350304200575271e-11
-7.395517863081994619e-12
2.285349007635812458e-12
-4.609852871037778043e-13
5.164646669886090680e-15
3.590778667364192889e-14
-1.166562493066611683e-14
-1.413526165247018693e-16
1.217460884069822064e-15
-2.617079210295827437e-16
-8.304313721849967382e-17
4.490138089172530222e-17
7.837875897940697056e-01
8.452142244077671647e-04
-1.723309654764555608e-06
2.745030576154714521e-09
-2.483600811422190633e-12
-2.558901106340595770e-15
1.744126349542892842e-17
-2.152543440545625347e-20
-1.088586081035699151e-20
-1.594279053519273091e-21
8.771036852917589721e-01
8.272959589349251908e-02
-1.669167431477024122e-02
-1.907694500783523083e-03
3.415549095688628391e-03
-1.532161864119290211e-03
2.852088493592909728e-04
8.502801006479438883e-05
-8.454583081350174696e-05
2.787830989476442443e-05
-3.742965074835423550e-07
-4.064379783563810153e-06
1.913403798395506134e-06
-2.329426472198425708e-07
-1.979275849476200920e-07
1.274743363571821952e-07
-2.582254131715651673e-08
-1.220932792560266996e-08
8.794106190782734676e-09
9.596559263838999598e-01
1.352620358551297024e-02
-2.256157373449218118e-03
3.730503494763740425e-04
-6.090946234282633247e-05
9.782116331043490867e-06
-1.537910370704605261e-06
2.348860681938567893e-07
-3.437116370993638942e-08
4.690175479964111276e-09
-5.612003683982316211e-10
4.801440252661667776e-11
1.072628345328215067e-12
-1.914262996411081910e-12
6.350857755579063202e-13
-1.601309593834592836e-13
3.538302157833567243e-14
-7.394508679701908167e-15
1.341981861067834491e-15
9.870661852903616085e-01
9.816502537340239531e-03
-3.725211737470814424e-03
1.413622972240325152e-03
-5.364061638035046283e-04
2.035227421297043226e-04
-7.720793565679690852e-05
2.928180511834315580e-05
-1.110099723780454507e-05
4.206100780160647555e-06
-1.592437275660927949e-06
6.022996439031808708e-07
-2.275269574323965282e-07
8.583122826278236598e-08
-3.233618174464136852e-08
1.218897843964237664e-08
-4.662237490817860363e-09
1.984234584941575340e-09
-6.512322290302378946e-10
9.970890011834795397e-01
2.908878805168578236e-03
2.118467397835173134e-06
1.542829528580613812e-09
1.123606133971700767e-12
8.182924710682074769e-16
5.983472077890668403e-19
-1.239013269279901691e-21
1.123068583848601264e-21
-6.958792943588953648e-22
4.102926343310447647e-22
-2.126780352633136005e-22
1.156460598419908934e-22
-5.396524694718743197e-23
2.382066599385365876e-23
-3.130175114151937394e-24
6.959295356196239766e-24
7.334162483331762398e-25
1.251019734457258969e-25
1.055289277686545457e+00
5.841710980497389700e-05
-4.225454130699368292e-07
9.879250748468903174e-10
-1.165696905804097145e-12
-9.733543159674352909e-16
9.111243549461635042e-18
-3.663088975729915558e-21
-7.593257357536647257e-21
-1.088504240813928798e-22
1.044479479872221450e+00
-1.509731483473330041e-02
-2.516753869927513751e-03
2.060474177031898328e-03
-1.434537472301871872e-04
-3.329715471739483432e-04
1.741855710119195107e-04
-1.983882146311808417e-05
-2.161092074896390775e-05
1.360891797557047408e-05
-2.695338075346510166e-06
-1.028856690367280500e-06
9.188784483952662985e-07
-2.471028629601690087e-07
-4.133499056468999515e-08
6.055054808096647542e-08
-2.042391127126495118e-08
-2.914041060223079203e-09
4.119488753020864242e-09
1.020473323379015973e+00
-6.842330331527847476e-03
1.093188913731479948e-03
-1.611603694463478720e-04
2.073326927468655272e-05
-2.026651711926817381e-06
5.156350444470637104e-08
4.231086453805748709e-08
-1.518926622003459903e-08
3.688101060313508772e-09
-7.528866658531146938e-10
1.364515532805692362e-10
-2.219441923264075518e-11
3.179350834504915779e-12
-3.723091456351077265e-13
2.515167318945764447e-14
3.361191800381596638e-15
-2.084349882177011610e-15
5.580011763994916860e-16
1.006522923177955775e+00
-4.982508049922951265e-03
1.902654312514700683e-03
-7.263423336629134261e-04
2.771234086420688554e-04
-1.056228226742512310e-04
4.018743140526428136e-05
-1.524869587216514650e-05
5.762304395969495102e-06
-2.164885438051597568e-06
8.069584017306926981e-07
-2.977170038058672810e-07
1.084189415883345109e-07
-3.884962396471664378e-08
1.364588678705163618e-08
-4.677018140150326461e-09
1.563047242850019165e-09
-5.427010090305271052e-10
1.516359687118211560e-10
1.001458676399454850e+00
-1.458676399454835858e-03
-4.606211010624344745e-20
4.039161148583415369e-20
-3.357625594547085036e-20
2.643309839975120408e-20
-1.968217465530851440e-20
1.383812248516119916e-20
-9.166997112000486011e-21
5.705962019847837948e-21
-3.325469552606590763e-21
1.806444357587779853e-21
-9.091586513816310674e-22
4.204811613324592593e-22
-1.766276810068465753e-22
6.616931053635806925e-23
-2.141230173361904314e-23
5.745797892292851630e-24
-1.059876747236438449e-24
7.249999999999999778e-01
