4.489486080617245967e-01
-1.518082612326853527e-03
2.099777490020374187e-06
-2.439946957802072482e-09
2.049723902947666700e-12
-1.649256333403359502e-16
-3.847450761902687235e-18
1.006633739549570350e-19
8.750804395235413568e-20
-8.087250677694036210e-20
2.316152707255920429e-01
-2.060153507067979395e-01
3.029304284585607188e-02
1.106102021323089948e-02
-7.882256210877552211e-03
1.960345199595216279e-03
8.495266306334290198e-05
-2.475414857758476551e-04
8.578323628731464030e-05
-5.218657524553948725e-06
-7.562384991325382715e-06
3.375030280236780037e-06
-3.745725581337338629e-07
-2.546478127797441449e-07
1.373229643215904778e-07
-1.979951551405141767e-08
-9.168125726384282352e-09
5.514751927536249082e-09
-1.007787476675068154e-09
2.731336633048246643e-02
-2.517857432255384345e-02
6.798943781505267618e-03
-1.379474420977122844e-03
2.348163532175695284e-04
-3.509204187998507096e-05
4.578749977452137099e-06
-4.805265040895486403e-07
2.574075284900483238e-08
5.108716547691923159e-09
-2.316098803826155278e-09
5.871305492528382422e-10
-1.204799612965601766e-10
2.159267844026506319e-11
-3.440002652741172141e-12
4.800096061083158016e-13
-5.475641896556718647e-14
3.530532012469838133e-15
3.608392630260862070e-16
1.164759725857497175e-03
-2.158831635874308881e-03
1.724809127062126553e-03
-1.200023406197623863e-03
7.370530971844498243e-04
-4.057926853659475142e-04
2.034346970646327718e-04
-9.431743933079957565e-05
4.104638975353854538e-05
-1.700276097447461391e-05
6.788104485587748042e-06
-2.639673549432699140e-06
1.008105226621975697e-06
-3.803038515345166250e-07
1.422351681259800607e-07
-5.290749590462867388e-08
1.982296701326994667e-08
-8.178612890092188451e-09
2.625848218778632584e-09
2.086725408901504058e-09
-3.937271605852832731e-09
3.301654955361644931e-09
-2.450872663472024546e-09
1.598246046448871774e-09
-9.039550161794489927e-10
4.340181799109987527e-10
-1.701498942449328892e-10
5.006787033556244270e-11
-8.364092841446944173e-12
-8.657566953349054665e-13
9.817628188464257734e-13
-1.921937839207348647e-13
-5.158679768788796537e-14
3.134727210287059766e-14
3.225719217812064920e-16
-3.879459945412936481e-15
3.257887954222810238e-16
4.699173266503544429e-16
8.185671260257731952e-01
4.744797965936191201e-04
-7.620767879209734678e-07
1.142245657781121055e-09
-1.490903297414506970e-12
1.535360232208896839e-15
-1.059998801055335838e-18
1.241240961308038917e-19
6.448591939330121187e-20
-3.725613673978622675e-20
8.846685422935429699e-01
6.318837140411254216e-02
-8.018023779642615215e-03
-2.807697969900031874e-03
2.168788397686205634e-03
-6.602600441649077037e-04
3.912875072465712398e-05
6.211897991125786718e-05
-3.179961301819582810e-05
6.093541757283761904e-06
1.283126977597424377e-06
-1.265775939126909976e-06
3.589209223619799502e-07
9.761436947349789429e-09
-4.756098028334657475e-08
1.747355485253233673e-08
-1.011888165227638349e-09
-1.907437288951328033e-09
8.253425489942919444e-10
9.558781959304479825e-01
1.451956837564020303e-02
-2.324415896434754367e-03
3.577798315683042513e-04
-5.248833312098740166e-05
7.275093104474118640e-06
-9.364579374296135657e-07
1.070101381571397931e-07
-9.337573149414218211e-09
1.069439557634350726e-10
2.246872294708634629e-10
-7.668014538348983721e-11
1.877224750092541667e-11
-3.959597145177769049e-12
7.558480065211499619e-13
-1.324613314074731804e-13
2.124364955391581764e-14
-3.086395211807759858e-15
3.707883114461472709e-16
9.857660935631901156e-01
1.079448703312470281e-02
-4.092230984153935949e-03
1.550751194315191494e-03
-5.872247347633942393e-04
2.220904492130365972e-04
-8.383402135557666034e-05
3.155741652764614463e-05
-1.183440174587742747e-05
4.416848294946285582e-06
-1.639029600086271693e-06
6.042647667337159958e-07
-2.212043213060175717e-07
8.038315380999592706e-08
-2.899929360178390905e-08
1.040214979302514777e-08
-3.754325251165595438e-09
1.489217643972817979e-09
-4.666290586861871934e-10
9.967939680620224729e-01
3.203460214859274891e-03
2.569660206873767427e-06
2.061256612946422273e-09
1.653446624100236367e-12
1.321280319776079058e-15
4.611021945336069625e-18
-2.332559295608414314e-18
1.426196106171616530e-18
-8.058209127152831045e-19
4.180298656736501695e-19
-1.972223116826309854e-19
8.344172372190642779e-20
-3.096776224102176833e-20
9.692448021774112349e-21
-2.349555480109541787e-21
3.224750838175358984e-22
5.848755074160636607e-23
-4.319455734500077717e-23
1.059464532220535826e+00
-1.390482839622283016e-05
-1.211230149420118004e-07
3.220341373612961309e-10
-5.569352235779757729e-13
7.050666588886615787e-16
-5.546875759256170324e-19
-1.347641969987079626e-20
-3.199298533854538475e-21
1.172597377126633950e-20
1.046670410150247310e+00
-1.550320717957049017e-02
-1.441755400462618438e-03
1.356450277207551331e-03
-1.184151864671241549e-04
-1.420394459103415286e-04
6.176002250472115477e-05
-1.503140475734806827e-06
-8.450241506853722396e-06
3.615534185212281456e-06
-2.915146113131111736e-07
-3.736679983431360916e-07
1.891924295630919246e-07
-2.612486709704698473e-08
-1.444630689664833795e-08
9.110418761052814305e-09
-1.702615156904436625e-09
-6.445033011318862551e-10
4.358770958145652631e-10
1.022354605033862995e+00
-7.269495113957439789e-03
1.092613251807905564e-03
-1.440717029936384097e-04
1.504159006877831918e-05
-7.736727398791722376e-07
-1.575598976349274663e-07
6.712467565376782147e-08
-1.602078733397800374e-08
3.057778393888089083e-09
-4.983237709183554934e-10
6.887838964762726301e-11
-7.357202961497595924e-12
3.285303300342139383e-13
1.115758743681187742e-13
-4.557981348757390597e-14
1.137883509029866217e-14
-2.383873821310560974e-15
4.098951919794276243e-16
1.007183990663131468e+00
-5.485522103247576775e-03
2.093093671341036011e-03
-7.977529083841246359e-04
3.034331860916146453e-04
-1.150215859226598323e-04
4.337067729769447107e-05
-1.622787805045838362e-05
6.007768622947830920e-06
-2.193332518615312939e-06
7.867064098395300139e-07
-2.760481864416191801e-07
9.426881429496493901e-08
-3.111078524310750926e-08
9.813772556861551381e-09
-2.898096089142477064e-09
7.619291444811597400e-10
-1.535613973311813095e-10
1.525579084090184292e-11
1.001606879756956836e+00
-1.606879756956823471e-03
-1.448776176986477392e-17
1.241558880359154382e-17
-9.988187883828622412e-18
7.531500235136403595e-18
-5.311515155093503120e-18
3.493431984584868290e-18
-2.134687156191665560e-18
1.205778552120273497e-18
-6.252828354773138173e-19
2.948536730621106485e-19
-1.246711038480259932e-19
4.622974394341683135e-20
-1.445146873469879394e-20
3.490827195122653375e-21
-4.734358996140692347e-22
-8.958673671207733505e-23
6.427736042377442049e-23
8.149999999999999467e-01
