7.559786798951791641e-03
1.584959325093832083e-02
2.495978665589555778e-02
3.498218795324512659e-02
4.600253748545825999e-02
5.808684704195627574e-02
7.126297180237003981e-02
8.550005605140814646e-02
1.006928497074961737e-01
1.166602357608500645e-01
1.331636876107748779e-01
1.499416619322055388e-01
1.667470122247676767e-01
1.833742023548664835e-01
1.996707689203531255e-01
2.155356077349998567e-01
2.309100809828075196e-01
2.457671608656116224e-01
2.601015834576916874e-01
2.739221076966046886e-01
2.872459218379759815e-01
3.000948210886054679e-01
3.124927019616398627e-01
3.244639786839642048e-01
3.360326213029755094e-01
3.472216019703436851e-01
3.580526036079924590e-01
3.685458937651522326e-01
3.787202999721741570e-01
3.885932453565593692e-01
3.981808181295621307e-01
4.074978582582981512e-01
4.165580509447353030e-01
4.253740206056255690e-01
4.339574216618362623e-01
4.423190241095138475e-01
4.504687928935383057e-01
4.584159607529204594e-01
4.661690945977845502e-01
4.737361557040259408e-01
4.811245541310418261e-01
4.883411978223010097e-01
4.953925368613881219e-01
5.022846033449493985e-01
5.090230473087924423e-01
5.156131691115836135e-01
5.220599486453225690e-01
5.283680717071186361e-01
5.345419538326658948e-01
5.405857618604171799e-01
5.465034334663069204e-01
5.522986948825218123e-01
5.579750769900734264e-01
5.635359299537353595e-01
5.689844365490097644e-01
5.743236243140533714e-01
5.795563766446575338e-01
5.846854429372748685e-01
5.897134478735043261e-01
5.946428999292218132e-01
5.994761991825170444e-01
6.042156444866322307e-01
6.088634400670300817e-01
6.134217015955274466e-01
6.178924617888552628e-01
6.222776755742160937e-01
6.265792248599759695e-01
6.307989229458688119e-01
6.349385186036382578e-01
6.389996998560115715e-01
6.429840974792032648e-01
6.468932882517290928e-01
6.507287979701740221e-01
6.544921042506099962e-01
6.581846391326595658e-01
6.618077915016635782e-01
6.653629093430045716e-01
6.688513018414310451e-01
6.722742413370694781e-01
6.756329651488514054e-01
6.789286772751498278e-01
6.821625499805927806e-01
6.853357252773301100e-01
6.884493163082918699e-01
6.915044086394497302e-01
6.945020614674616288e-01
6.974433087486768823e-01
7.003291602549085448e-01
7.031606025610954713e-01
7.059385999694834934e-01
7.086640953747055383e-01
7.113380110737470563e-01
7.139612495245722945e-01
7.165346940568433354e-01
7.190592095380006210e-01
7.215356429976802488e-01
7.239648242133025491e-01
7.263475662594086613e-01
7.286846660232227935e-01
7.309769046886858135e-01
7.332250481911057882e-01
7.354298476444134369e-01
7.375920397428712416e-01
7.397123471389865923e-01
7.417914787992575532e-01
7.438301303392678143e-01
7.458289843395617957e-01
7.477887106436368336e-01
7.497099666393033379e-01
7.515933975245736587e-01
7.534396365591922162e-01
7.552493053028175307e-01
7.570230138408213794e-01
7.587613609985968122e-01
7.604649345452265674e-01
7.621343113872732777e-01
7.637700577534465296e-01
7.653727293708029178e-01
7.669428716331404550e-01
7.684810197621577688e-01
7.699876989619484080e-01
7.714634245673159807e-01
7.729087021864174956e-01
7.743240278381526842e-01
7.757098880847078659e-01
7.770667601596503715e-01
7.783951120918987110e-01
7.796954028259019953e-01
7.809680823383295944e-01
7.822135917515222747e-01
7.834323634439732675e-01
7.846248211580574283e-01
7.857913801052094360e-01
7.869324470687545370e-01
7.880484205045455992e-01
7.891396906395683475e-01
7.902066395686567768e-01
7.912496413494324310e-01
7.922690620955833429e-01
7.932652600685835553e-01
7.942385857679338246e-01
7.951893820200008900e-01
7.961179840655182582e-01
7.970247196458097871e-01
7.979099090877773692e-01
7.987738653876947925e-01
7.996168942938419733e-01
8.004392943879981015e-01
8.012413571658184575e-01
8.020233671161111078e-01
8.027856017990134818e-01
8.035283319230801524e-01
8.042518214212782679e-01
8.049563275258866391e-01
8.056421008422967045e-01
8.063093854216952794e-01
8.069584188326238694e-01
8.075894322313994511e-01
8.082026504313777338e-01
8.087982919710372531e-01
8.093765691808684215e-01
8.099376882490494367e-01
8.104818492858749668e-01
8.110092463869277291e-01
8.115200676949620995e-01
8.120144954604743281e-01
8.124927061009425966e-01
8.129548702587040543e-01
8.134011528574470740e-01
8.138317131573017393e-01
8.142467048084897074e-01
8.146462759035267842e-01
8.150305690279391335e-01
8.153997213094803520e-01
8.157538644658282045e-01
8.160931248507294899e-01
8.164176234985818237e-01
8.167274761674292449e-01
8.170227933803463349e-01
8.173036804652059617e-01
8.175702375927944576e-01
8.178225598132725649e-01
8.180607370909581677e-01
8.182848543374162675e-01
8.184949914428435447e-01
8.186912233057290766e-01
8.188736198607854400e-01
8.190422461051316549e-01
8.191971621227183142e-01
8.193384231069892332e-01
8.194660793817550859e-01
8.195801764202975681e-01
8.196807548626626749e-01
8.197678505311609687e-01
8.198414944440594043e-01
8.199017128274539434e-01
8.199485271253336149e-01
8.199819540078062685e-01
8.200020053775159967e-01
8.200086883742150334e-01
