5.493584043434549358e+01
3.760988381493329058e+01
2.970811597648845748e+01
2.485772338227068445e+01
2.146717775514043325e+01
1.891082349313723299e+01
1.688987131929405194e+01
1.526539566085377153e+01
1.389831285849437137e+01
1.276955374103852314e+01
1.179985532273321347e+01
1.098988117710766588e+01
1.030007506835322317e+01
9.710734696869920413e+00
9.202020172221940797e+00
8.753991845347719902e+00
8.366666267742216334e+00
8.020000567834555838e+00
7.713953200797464049e+00
7.428453194460112208e+00
7.183470196217940362e+00
6.978954734021701078e+00
6.774819154220871553e+00
6.591043336568626287e+00
6.427590622975236201e+00
6.264407731741710172e+00
6.121487084373108623e+00
5.998803621794753127e+00
5.876314512347348362e+00
5.754000466963336891e+00
5.651865258204958664e+00
5.549873083943108298e+00
5.468031383185763872e+00
5.366286993657689131e+00
5.284670816247142078e+00
5.203152825929352687e+00
5.139242730250302316e+00
5.067907254060235900e+00
5.001652555249688881e+00
4.940472559260850716e+00
4.879356652969875974e+00
4.823304994713613070e+00
4.769810508929003490e+00
4.718869088467138262e+00
4.670476985441381679e+00
4.622128227837738912e+00
4.578824767114474170e+00
4.535558632212890018e+00
4.494829713527446202e+00
4.454133031357060624e+00
4.418471394737350622e+00
4.382837649809353309e+00
4.347229868235047867e+00
4.314148780652210746e+00
4.281090196553284599e+00
4.250555083767337372e+00
4.222541990989498117e+00
4.194547052475448012e+00
4.166569009974605997e+00
4.141109191389072741e+00
4.115663983425829286e+00
4.090232351710257674e+00
4.067315824900023635e+00
4.044410987513632705e+00
4.024019477395076372e+00
4.003637988889196642e+00
3.983265763184841379e+00
3.962902084643379119e+00
3.945048765605605023e+00
3.927202679695984688e+00
3.909363227055521861e+00
3.894032322491828069e+00
3.876204467860183467e+00
3.860884119117473201e+00
3.845568318537099017e+00
3.832759092159937708e+00
3.817451062952411434e+00
3.804648780197894986e+00
3.791849390368404293e+00
3.779052537238021259e+00
3.766257884800642053e+00
3.755967586946258319e+00
3.743176405422385056e+00
3.732889000232994192e+00
3.722602638744871406e+00
3.712317075116067233e+00
3.702032079051678082e+00
3.694249903627180753e+00
3.683965412557375085e+00
3.676183355046012124e+00
3.668401090439461942e+00
3.660618459388759405e+00
3.652835314991240701e+00
3.645051522377129150e+00
3.637266958317142862e+00
3.631983979909799043e+00
3.624197550102763454e+00
3.618912516297085880e+00
3.613626330430102396e+00
3.605836453076737058e+00
3.600547764925720262e+00
3.595257745594430343e+00
3.589966353962517065e+00
3.587176032161300210e+00
3.581881809307038367e+00
3.576586142691868808e+00
3.573791502681745058e+00
3.568492936386581160e+00
3.565695407638070691e+00
3.560393973288414227e+00
3.557593617719300827e+00
3.554791889768643465e+00
3.551988825650442383e+00
3.549184467922902542e+00
3.546378865270733982e+00
3.543572072289970176e+00
3.540764149275130723e+00
3.537955162008567633e+00
3.535145181551885951e+00
3.534836781495033886e+00
3.532025050865078342e+00
3.529212570056310394e+00
3.528901932602586555e+00
3.526088229599075863e+00
3.525776566739343476e+00
3.522962035890106591e+00
3.522649758114128726e+00
3.522337336200542790e+00
3.519522370185722782e+00
3.519210001730739723e+00
3.518897837707438470e+00
3.518586000012053905e+00
3.515772091599920657e+00
3.515461280647489417e+00
3.515151175996146904e+00
3.514841908543224314e+00
3.514533610989492018e+00
3.514226417665149871e+00
3.513920464357883411e+00
3.513615888143131638e+00
3.513312827216493517e+00
3.513011420728509915e+00
3.512711808621717502e+00
3.512414131470084300e+00
3.514621075527573080e+00
3.514327694145138015e+00
3.514036671700021319e+00
3.513748149731330983e+00
3.513462269644690661e+00
3.513179172567076680e+00
3.515401555779929854e+00
3.515124448840985405e+00
3.514850545222213629e+00
3.514579983535426333e+00
3.516815464790045365e+00
3.516552001406592076e+00
3.516292289500447588e+00
3.516036463070877360e+00
3.518287224787488121e+00
3.518039567899012621e+00
3.517796189254172035e+00
3.520059790499108665e+00
3.519825351330785335e+00
3.519595566981345680e+00
3.521873136870536047e+00
3.521653026644286477e+00
3.521437928798570205e+00
3.521227957855818769e+00
3.523525809558268662e+00
3.523326428143516598e+00
3.523132501872900502e+00
3.525446721458202592e+00
3.525264016864913419e+00
3.525087070996792971e+00
3.524915979229974461e+00
3.527253424897646816e+00
3.527094317062404727e+00
3.526941330923967666e+00
3.526794549331305095e+00
3.529156646190404700e+00
3.529022510587167094e+00
3.528894808089792168e+00
3.528773608092630631e+00
3.528658976502420774e+00
3.531053573538453616e+00
3.530952263487051823e+00
3.530857698130970501e+00
3.530769929008360286e+00
3.530689003974449403e+00
3.530614967170281560e+00
3.530547858994017574e+00
3.532990317034923056e+00
3.532937172830311834e+00
3.532891055660543511e+00
3.532851990715686341e+00
3.532819999337546424e+00
3.532795099006094564e+00
3.532777303328357377e+00
3.532766622029810843e+00
3.532763060948186595e+00
