7.267594697011244831e-01
-3.801573256846467637e-03
7.635979138737407143e-06
-1.400335793047283216e-08
4.131380406836407627e-11
-2.495919566709115091e-13
1.631914696981446690e-15
2.355024986846149922e-18
1.399465555035276135e-17
-1.136549944677189350e-17
3.204882166965812296e-01
-3.502282933067543680e-01
8.477525495284939094e-02
8.539900221086334578e-03
-1.669135211195998947e-02
7.151258148603480830e-03
-1.114824062889009041e-03
-4.997861881503223641e-04
3.995538065445581656e-04
-1.105753800395655904e-04
-1.060048378929436168e-05
2.221276171317214810e-05
-8.254909057430869223e-06
-8.262629400976377121e-08
1.547704721724067793e-06
-7.446939203203304026e-07
7.604696289425659620e-08
1.336085863923886705e-07
-7.663400871597176342e-08
2.108844908602193827e-02
-2.247376378937873329e-02
7.092692363919649023e-03
-1.665112593726679425e-03
3.259796435895056404e-04
-5.683615904540292862e-05
9.142333041299938192e-06
-1.372128759781071517e-06
1.900331927333018599e-07
-2.325742438536016116e-08
2.188723369914136776e-09
-4.647545867011158271e-11
-4.906364690875109094e-11
1.776575813511030243e-11
-4.481864110334217398e-12
9.701727043657284494e-13
-1.910452026887844677e-13
3.595507133393434720e-14
-5.983642805806218830e-15
5.812766597600719154e-04
-1.094734013063298692e-03
9.157035970662339352e-04
-6.837246475847854124e-04
4.590167495045282360e-04
-2.795025329548819358e-04
1.558453004865798690e-04
-8.036320863831740034e-05
3.870969346323041354e-05
-1.759072307360509677e-05
7.614358473735941953e-06
-3.168483309326232351e-06
1.278254762970910368e-06
-5.037474123208101056e-07
1.952173513722619770e-07
-7.492716215115755433e-08
2.899319557653066233e-08
-1.243381277355566174e-08
4.097631675476853245e-09
-2.251155048801782389e-10
4.294074487871417561e-10
-3.722726726706174388e-10
2.927136603161385389e-10
-2.079114018989298293e-10
1.325658646536202882e-10
-7.515136312431083371e-11
3.732069945391480833e-11
-1.584587743203273446e-11
5.501355330149293849e-12
-1.410017802242141739e-12
1.772619556704124196e-13
4.481620767114797070e-14
-3.008437805211642104e-14
5.090985493003439929e-15
1.524406393072169998e-15
-9.086965415270895483e-16
1.193936949293325465e-17
9.684734306485031353e-17
4.455572979161833147e-01
2.330813762233849111e-03
-6.128640779677398379e-06
1.648052445345654484e-08
-4.941248969920958999e-11
1.812002433007304765e-13
-7.807180212275852615e-16
1.476307363072334959e-19
9.854857181510293013e-19
-1.834108657919936676e-18
6.812739120204825971e-01
2.064906828164149166e-01
-4.240605391601918323e-02
-3.147769985843441084e-03
7.770150740866988391e-03
-3.898983122099457244e-03
9.986550121243440489e-04
4.306721961996271822e-05
-1.738403577087070857e-04
8.493908339704126095e-05
-1.783849620590054772e-05
-3.481497233531946069e-06
4.220019046226504331e-06
-1.450460335940898733e-06
4.427173646529766700e-08
1.881530085603860460e-07
-8.026831891861013301e-08
-7.357673223994348638e-09
1.529218563453770075e-08
8.896172170260723266e-01
3.573537245432849979e-02
-5.767208767398297915e-03
9.247532042296639429e-04
-1.466055690068092366e-04
2.284212252402820470e-05
-3.473033997358889989e-06
5.106313811035059908e-07
-7.159655358886378566e-08
9.331346108148960331e-09
-1.066184796417222080e-09
8.771861247062947146e-11
1.586694057578038167e-12
-3.115486141607863617e-12
1.006858597703129882e-12
-2.483075285576407201e-13
5.413207254989299219e-14
-1.129566805446595019e-14
2.068210493727090144e-15
9.638133379677090717e-01
2.714243783347579722e-02
-1.017929866687628838e-02
3.817549622082902928e-03
-1.431683287477194611e-03
5.369082658284780483e-04
-2.013427072904605997e-04
7.549887837510123887e-05
-2.830685401730894123e-05
1.061097984086120578e-05
-3.976343218597085611e-06
1.489400404616728996e-06
-5.575144404168998028e-07
2.085116737384955346e-07
-7.791629110273172047e-08
2.913717116800200669e-08
-1.105155283972125274e-08
4.656254313134276979e-09
-1.517703544349667308e-09
9.917594330619284859e-01
8.223555256759445750e-03
1.697656269681549157e-05
3.504611715985875717e-08
7.234858727054688654e-11
1.493551540386965261e-13
3.083225569179271795e-16
6.405494831978630177e-19
-1.077621844949924869e-21
1.105387919762273346e-21
-5.745024747404600733e-22
1.182736752597007370e-22
-3.585190127884183903e-22
5.736960978858475115e-22
-2.713650341939128940e-23
-2.524930827002196652e-22
1.971232506855731936e-22
3.656362041406345340e-23
-1.462713764728595525e-22
1.256169337411656262e+00
-7.981650317217394786e-04
2.393486798038249261e-06
-1.087096132483124840e-08
5.405003816494103496e-11
-2.606838865368079316e-13
1.225022895670584432e-15
-1.152637872375624757e-17
3.547619400006854371e-18
6.158177852000009115e-19
1.159631309301201396e+00
-9.108701681217976076e-02
1.206575023804212082e-02
3.662128677037980104e-03
-2.813357540936944814e-03
8.470327606496021742e-04
-1.069434008176244478e-04
-1.018321846437623534e-05
1.229767613969419894e-06
1.323431642516507893e-06
2.747600308074984034e-06
-3.880851373974481843e-06
2.251405811892590362e-06
-5.423193768898291426e-07
-2.024711139720942119e-07
2.612499655214678588e-07
-1.165319532753604741e-07
4.994292091403574675e-09
1.459359884290601820e-08
1.058444317012107172e+00
-1.982829303276400709e-02
3.296656574125333018e-03
-5.290317527005655154e-04
8.052756833432004561e-05
-1.138327103440783587e-05
1.443576152414728220e-06
-1.510804113603530503e-07
9.033296662502092138e-09
1.198210985646988296e-09
-6.214130846327941761e-10
1.642062829046201048e-10
-3.513659457987839182e-11
6.656768568807363339e-12
-1.147022418862333264e-12
1.800536155650842520e-13
-2.519214350247806151e-14
2.913373704195897878e-15
-2.112909683560279998e-16
1.018540456404914085e+00
-1.416315062586238384e-02
5.409392023485124282e-03
-2.065828830568230533e-03
7.887816589073121847e-04
-3.010690996041362998e-04
1.148447511674350165e-04
-4.376486373296673753e-05
1.665242941237698342e-05
-6.322137459180944487e-06
2.392830150815900762e-06
-9.019646900109620133e-07
3.382385683798228449e-07
-1.260440304117389204e-07
4.662877778246862043e-08
-1.712958117138431937e-08
6.316955649909663119e-09
-2.552963509595763001e-09
8.078131982150092872e-10
1.004145864420830092e+00
-4.145864420830061743e-03
-1.238484235483075381e-19
1.093300138622413657e-19
-9.182984855200645866e-20
7.330014433538618424e-20
-5.552111048479551102e-20
3.985333609741642848e-20
-2.706789048858305690e-20
1.735546021326595653e-20
-1.047391822774324831e-20
5.928639247615422025e-21
-3.133688044611661232e-21
1.537174278566141514e-21
-6.938397990463984536e-22
2.848285175861896724e-22
-1.047089710230222659e-22
3.508302016883648127e-23
-8.655344828385193293e-24
6.819388485660397015e-01
