8.602581995293484551e-01
-8.905682538883349236e-03
6.384237253939808272e-05
-7.803001936294118969e-07
1.228165751928188488e-08
-2.061180557090950256e-10
3.535073161620819705e-12
-6.157574494538365428e-14
1.087542483277323286e-15
-1.955080146113080255e-17
3.236146876346832069e-01
-4.030063973539939615e-01
1.385023452366231367e-01
-1.629952930733549049e-02
-1.348381539263746563e-02
1.115138671386196878e-02
-4.642969677466076556e-03
1.028033498186949404e-03
8.613933578660659207e-05
-1.698708466125352021e-04
5.641601095745655729e-05
6.195929344747935152e-06
-1.365086745576532670e-05
3.938059222209949110e-06
2.893711531010100376e-06
-4.005496574433756765e-06
2.416635929844568580e-06
-7.867103112682200219e-07
9.299966106526774003e-08
1.414203070555468227e-02
-1.577908874770562325e-02
5.267960253922817151e-03
-1.310969406877057590e-03
2.723783632520518513e-04
-5.060450855836775934e-05
8.767180423292580770e-06
-1.449134101683816217e-06
2.305831369662591720e-07
-3.528742310980958564e-08
5.146967195777236354e-09
-7.015584513760641942e-10
8.560138530099079632e-11
-8.271239415178113826e-12
2.753443252772463023e-13
1.499163433887409249e-13
-5.867328589428356921e-14
1.607767507067717070e-14
-3.436750548906968907e-15
3.319685443857257651e-04
-6.277033613349175707e-04
5.311975979507938764e-04
-4.040105729308812884e-04
2.778452030266749875e-04
-1.740716392655808267e-04
1.001762881831822443e-04
-5.341990736785172389e-05
2.663205513677712079e-05
-1.252366736064497347e-05
5.603706716831237935e-06
-2.405984873887989105e-06
9.991371882408901373e-07
-4.042294787917160044e-07
1.603954475685267753e-07
-6.289515331898661999e-08
2.483725801558431982e-08
-1.087392159980023269e-08
3.627760802690304170e-09
-2.117963763862388135e-10
4.050385484009653005e-10
-3.538957411546622284e-10
2.820106575335366150e-10
-2.042704445983279198e-10
1.337894995582018329e-10
-7.861719977897836934e-11
4.096252159950620704e-11
-1.857953635597297197e-11
7.109677222444600453e-12
-2.156577322166976030e-12
4.371185223442743081e-13
-1.088153066058509874e-14
-3.137669407719535643e-14
1.125912660807803370e-14
-4.601603219751580287e-16
-9.778824297970558514e-16
2.449971574547120440e-16
4.490307240963799383e-17
2.980411975864883933e-01
5.798125287930970193e-03
-3.931491435661135054e-05
3.632667211824103055e-07
-4.229976494477727784e-09
5.617916639893403920e-11
-8.032101181905024203e-13
1.205321694303943335e-14
-1.875252051511020049e-16
3.004993967206933954e-18
6.446668547176158670e-01
2.678616392884263231e-01
-7.852188850747655879e-02
1.081160014748755276e-02
6.003225550152924139e-03
-6.094303325635991829e-03
3.144741527528770175e-03
-1.075510564682500636e-03
1.827450414902166980e-04
5.749975119408746316e-05
-6.558055512233502765e-05
3.260383996709843212e-05
-1.126387269576034633e-05
3.199282706212206913e-06
-1.106218011560627497e-06
5.615860159808818728e-07
-2.085187182626659744e-07
-6.102916951182781208e-08
7.686374112649373586e-08
8.896796521802430302e-01
3.576698358658509519e-02
-5.797663192677383372e-03
9.392114648110509939e-04
-1.518649928613243871e-04
2.445781240274472635e-05
-3.912303239398369128e-06
6.195815637844376345e-07
-9.679150268806358133e-08
1.485116072193950665e-08
-2.225001877865867163e-09
3.226304092346069026e-10
-4.460554952079521197e-11
5.712976140816459446e-12
-6.330359908648511811e-13
4.714523966845250747e-14
2.690168320829243085e-15
-2.490749958335168325e-15
7.063403933133713894e-16
9.638477634170032893e-01
2.711714266409299967e-02
-1.017004471618025187e-02
3.814195447403727606e-03
-1.430491497460055017e-03
5.365025327357743389e-04
-2.012173522506399334e-04
7.546934364947692226e-05
-2.830693654812940291e-05
1.061790636479783920e-05
-3.983043637430936086e-06
1.494259944612102215e-06
-5.606278657068575136e-07
2.103639389462157180e-07
-7.896321453527441010e-08
2.970932051823199985e-08
-1.136365324272259850e-08
4.843094091555317403e-09
-1.591011737648842057e-09
9.917674227181100255e-01
8.215597854689518642e-03
1.694440767524422916e-05
3.494729860727553764e-08
7.207768503429099156e-11
1.486579401772877284e-13
3.065859355495873235e-16
6.441332051865815653e-19
-6.879742473906998122e-21
5.454325188829752704e-21
-3.371259626958116246e-21
1.951086889756274604e-21
-1.071283909279745876e-21
5.664503259558967895e-22
-2.888908016943058547e-22
9.624923770924484202e-23
-4.012856366047605958e-23
3.365422293663119657e-23
-3.234852002618990745e-24
1.365440787723081861e+00
-3.419189973487753078e-03
3.615730940436565993e-05
-4.870221719730759133e-07
7.092992436615347788e-09
-1.085777101036897888e-10
1.729580798223894838e-12
-2.840989204416721401e-14
4.778692535360681692e-16
-8.228988819777046235e-18
1.189167625300100894e+00
-1.378650408650109460e-01
3.643027113098071951e-02
-4.361443114857009758e-03
-2.013507055353289110e-03
1.842230786810296859e-03
-1.002948834902235272e-03
5.094928894454866164e-04
-2.619216045866905817e-04
1.227452486216061632e-04
-4.174254810769778643e-05
2.016360955821990214e-06
1.068219101471482020e-05
-1.018584941215527389e-05
6.005010989097917059e-06
-2.484033069125635161e-06
5.558345244752728546e-07
2.179314527880415953e-07
-1.950467805833503554e-07
1.058500469029072910e+00
-1.997912309463862821e-02
3.381377398643888813e-03
-5.630024182513983060e-04
9.147331057253232835e-05
-1.439112102433667038e-05
2.175947844518099257e-06
-3.133128451544874686e-07
4.232665429940202758e-08
-5.205313783827331994e-09
5.396554813392305396e-10
-3.429667428023576970e-11
-3.345235406373816139e-12
1.969314408942249676e-12
-5.367196796647340811e-13
1.180644932343494172e-13
-2.317975072228270737e-14
4.314093299312580350e-15
-7.085724885868819452e-16
1.018523499635227925e+00
-1.415055737842779542e-02
5.404897069524696417e-03
-2.064373251727805690e-03
7.884296549466396700e-04
-3.010846955840210115e-04
1.149548830165615469e-04
-4.387530229960854558e-05
1.673711332723758086e-05
-6.379555952313541281e-06
2.428830458942771485e-06
-9.232420442826220227e-07
3.502151431632268279e-07
-1.325072446625426813e-07
4.999236070779958799e-08
-1.883298324411071830e-08
7.179087141744021760e-09
-3.034317577991248023e-09
9.905851017120604622e-10
1.004142003881548506e+00
-4.142003881548418469e-03
-1.003014083054334050e-19
8.922738605111117931e-20
-7.569796541939187295e-20
6.120311163684457474e-20
-4.711679809903131426e-20
3.449759578851077199e-20
-2.398723327065275650e-20
1.581106962257957897e-20
-9.857156425017208173e-21
5.795986747188658935e-21
-3.202906475782957662e-21
1.655839684948993380e-21
-7.960585211562225493e-22
3.531922711092023045e-22
-1.439538195760371273e-22
5.653835225003351702e-23
-1.625800413636046204e-23
6.298699053234992906e-01
