1.314450779787864898e-01
-3.926729219670965369e-05
4.823553526513488481e-09
-5.796749282083222002e-13
6.977328185089985414e-17
-1.221033576679170201e-20
-3.120867816685775801e-22
2.332606401665884422e-21
-1.571410098128785853e-21
3.975446695215480161e-22
1.159407685329129217e-01
-1.923970235414846491e-02
-3.267727311051842921e-03
5.340248012266811612e-04
1.740013032890093343e-05
-9.474193591116788062e-06
3.584021448755320342e-07
1.234177512372144857e-07
-1.385539125826555145e-08
-9.992077289718626054e-10
2.838184862532929661e-10
-3.341374780978635546e-12
-4.226916814629621425e-12
3.341623399008688555e-13
4.407029226316401031e-14
-8.159626017498439584e-15
-1.510780270009466152e-16
1.356227107042318364e-16
-6.420329790571681956e-18
6.796365594707241831e-02
-2.479685925227825480e-02
1.376791441099894063e-03
1.274068633066777927e-04
-3.152732753198556742e-05
2.646740632489721851e-06
-1.577412508203317438e-09
-2.871999513442316604e-08
3.826416555707836818e-09
-1.914934864823107512e-10
-1.705296686021948728e-11
4.424169441807943097e-12
-4.010813789559551606e-13
3.954024132105549778e-15
3.992375803203069884e-15
-5.794802373496794560e-16
3.239488546772127878e-17
2.310058928124419011e-18
-6.572107201020180093e-19
9.946227648798515106e-03
-1.680876313619290852e-02
1.044824329788361129e-02
-4.966318180428853230e-03
1.848314450658893222e-03
-5.334264158759902596e-04
1.067851221294363942e-04
-3.983001824076233465e-06
-9.437066832084730183e-06
6.208327763242433050e-06
-2.796961991435355396e-06
1.055902644844886971e-06
-3.497057271656131364e-07
1.009194157765259795e-07
-2.371991002571654670e-08
3.283001185560438172e-09
7.915487488497708607e-10
-1.094713451498308743e-09
4.840254723788067458e-10
5.660791016572128928e-06
-1.032892192695987005e-05
7.804766238532325411e-06
-4.803419477759235299e-06
2.320812594033196942e-06
-8.082419350833182052e-07
1.517605108923582899e-07
1.842582573671356583e-08
-1.939699370875904319e-08
2.107725481369211643e-09
1.937338273442097671e-09
-4.913034999223203250e-10
-2.280536432867704060e-10
7.908327041318107213e-11
3.513676036152613501e-11
-1.150597268417980489e-11
-6.997590013318241853e-12
1.327920055904178215e-12
1.396744723426270371e-12
8.688356427287245998e-01
2.208105107618726310e-05
-2.355349082066742374e-09
2.653973758652378974e-13
-3.091808159935068099e-17
3.371595994405444934e-21
-5.338604212591568848e-22
7.545027153061268790e-22
-6.776085850847929711e-22
2.119381364444031234e-22
8.777822224640138282e-01
1.117108219972259842e-02
1.992327413422196117e-03
-2.692233571557230403e-04
-1.039925227766209866e-05
4.488176892998691762e-06
-1.441776983368006009e-07
-5.659421672999959585e-08
5.976995394808538086e-09
4.523879768691754309e-10
-1.226332179069241677e-10
1.414001315761008491e-12
1.814878829614263232e-12
-1.470691818793998351e-13
-1.848063731767267669e-14
3.596578976806602650e-15
4.618635321423834474e-17
-5.942961471936384884e-17
3.301156412684874718e-18
9.074570424169935423e-01
1.637585156231074687e-02
-5.186288574032076049e-04
-9.034249538260683964e-05
1.629787977008433859e-05
-1.136867240560406350e-06
-2.020657786064622028e-08
1.416341325252716850e-08
-1.631463524222711568e-09
6.622675988711244282e-11
8.520522446397640881e-12
-1.852189765501467939e-12
1.568552331268807856e-13
-9.011325656145554255e-16
-1.613241457436790443e-15
2.296933471161311424e-16
-1.323862578581708072e-17
-8.151969369144097877e-19
2.663532925341679107e-19
9.631992390576350482e-01
2.660401184550135328e-02
-9.248497855744271939e-03
3.008631130113119390e-03
-8.773793514647040912e-04
2.103670576319133885e-04
-3.029571335915354777e-05
-5.729242140164330430e-06
7.173764654638258527e-06
-3.824252850171548548e-06
1.559140927796770804e-06
-5.349308250772276611e-07
1.569274319583583962e-07
-3.781044859536135623e-08
6.094966778945314757e-09
4.000164621039655056e-10
-9.550656795186026791e-10
6.368441188203317708e-10
-2.386701632397459819e-10
9.914139923415086209e-01
8.567537935578203520e-03
1.843015238878078124e-05
3.936809731593518298e-08
2.787595955641406748e-10
-1.205706449577551698e-10
6.647501368980688597e-11
-3.169089689003269983e-11
1.267744445368496512e-11
-3.994768766293857461e-12
8.326115042311276678e-13
-1.753239066802286448e-14
-6.451413275156160072e-14
2.275774529886856632e-14
-4.297483975141959211e-16
-2.254637049827718328e-15
6.017023011661720658e-16
1.347203472866425443e-16
-9.708644668165616003e-17
1.066288169544664211e+00
-1.035685371772084413e-05
9.781210720985461910e-10
-9.450697642785438301e-14
9.184162619119719076e-18
-5.742139819294389230e-22
5.915574740070300347e-22
-5.629742081002383703e-22
1.644221067231663885e-22
4.199982367286333880e-25
1.062019930964226866e+00
-5.349640472023748337e-03
-9.809244761920441185e-04
1.183218048723474488e-04
5.673456642688850421e-06
-1.809774268251751383e-06
2.829231838389841825e-08
2.166552779310090203e-08
-1.567830108116505637e-09
-1.942813608005575041e-10
3.095026915748291075e-11
8.625707740603270369e-13
-4.472100851840987776e-13
1.174218954369146444e-14
5.199672441616210232e-15
-3.992247104261240702e-16
-4.884505284500512282e-17
7.084897458741048179e-18
3.541840457229937115e-19
1.047423679908358718e+00
-8.232360060094137330e-03
2.141302031495643209e-04
5.033236030803763607e-05
-7.842151180745679103e-06
4.285497031473713886e-07
2.500190464747822875e-08
-7.036078669697907886e-09
5.874349553400502841e-10
-9.493232965918831200e-13
-5.690158140723621999e-12
6.920301722585331447e-13
-2.594609961421836996e-14
-3.907791943024852419e-15
7.384889407874551442e-16
-4.894313682879436671e-17
-1.777300903507404656e-18
7.312774895088921348e-19
-6.843432528778874224e-20
1.018780025270776601e+00
-1.374751088485963273e-02
4.811855728007877371e-03
-1.561988676711751570e-03
4.475278720699256852e-04
-1.015556615573418931e-04
1.106078072480748498e-05
5.159195407083141839e-06
-4.544744184933504060e-06
2.224856398808357517e-06
-8.528003334507649446e-07
2.726152228513532331e-07
-7.177054381218733313e-08
1.370752278905745546e-08
-4.614872887882645168e-10
-1.240111014997365682e-09
8.311161784949723405e-10
-4.215488033157098384e-10
1.411456921748851033e-10
1.004320807580690644e+00
-4.320807452259335310e-03
-2.331170541406984438e-10
1.813568931000330623e-10
-1.267977125560617124e-10
7.908154857570342624e-11
-4.349112995160972363e-11
2.070434806837175694e-11
-8.264369976863729039e-12
2.594153800273602892e-12
-5.355019615312942697e-13
8.375995679774451666e-15
4.275554636122895634e-14
-1.479958600858511276e-14
1.890332096914606250e-16
1.495418718305890228e-15
-3.889354339802055363e-16
-9.153010872942966101e-17
6.387095292303619242e-17
9.319753689529488572e-01
