2.994611474361804637e-01
-3.547170694363089151e-04
1.851713033632524599e-07
-9.430900716802898206e-11
4.684395675528963563e-14
-2.248485039049007332e-17
1.270214165157668335e-20
1.051119784021761742e-21
-1.317749559706555424e-23
-5.187721308635058653e-22
2.087803770646172452e-01
-1.012385090451766861e-01
-3.634900549259119460e-03
6.302594094020523910e-03
-1.149141133605197877e-03
-8.578336486249125536e-05
7.890342579119845562e-05
-1.229676943365380199e-05
-1.560292780695951893e-06
9.761401059121436965e-07
-1.207029733732026904e-07
-2.653678544789771047e-08
1.173835270923346204e-08
-9.655367527885391225e-10
-4.241814762171512749e-10
1.337563154135294415e-10
-3.701583372790306138e-12
-6.238957707697935226e-12
1.374380430013946891e-12
5.925450861818447323e-02
-4.121507191056267977e-02
7.605747089525195792e-03
-9.112391697781794652e-04
6.043040793810895445e-05
3.788274879494872478e-06
-2.153832935969431077e-06
4.556968422696482438e-07
-6.868052656435636655e-08
7.561052547907759188e-09
-4.302097945786429568e-10
-5.509873745240171455e-11
2.335758496248720652e-11
-4.724817632725554202e-12
6.874860001715624744e-13
-7.065652081500650143e-14
2.763037619084779416e-15
9.227842528072457444e-16
-2.833127512794551889e-16
4.258080811383971320e-03
-7.706386159670192831e-03
5.754559783639911878e-03
-3.608859290847876017e-03
1.941417188250734631e-03
-9.152140856847752705e-04
3.857810124370809586e-04
-1.481202077430207413e-04
5.265604318513160328e-05
-1.756123692001672698e-05
5.538335735551412216e-06
-1.650219161886834010e-06
4.567757855923803277e-07
-1.113058342092385629e-07
1.963922758654110419e-08
8.377803831664032477e-10
-3.510629640648554220e-09
2.920794298985510053e-09
-1.237740041852756236e-09
9.233639117998243372e-08
-1.724140436158912300e-07
1.400124133221928698e-07
-9.822747521960516253e-08
5.875416761096738761e-08
-2.925673354981819774e-08
1.158527363004895905e-08
-3.277447337671145187e-09
4.270723281676674468e-10
1.243024533188713155e-10
-7.458871543568211536e-11
5.989584736994054573e-12
6.799782115948173408e-12
-1.847742569890704309e-12
-5.867599483683061564e-13
2.993815063966581974e-13
6.033083001541648367e-14
-3.824555846761795015e-14
-8.417369391947294327e-15
7.591555100156026636e-01
1.723749068182399511e-04
-8.421747739381625811e-08
4.382624777864341567e-11
-2.314119844014596935e-14
1.214787158532192819e-17
-7.847324385613553475e-21
-9.008222329429484599e-22
7.202245254488883511e-22
-1.060686638389564028e-23
8.056423177742281228e-01
5.279166118186717077e-02
3.106300575909665216e-03
-2.953586757655486759e-03
4.938689141412825907e-04
3.803393374470898075e-05
-3.396668598481651050e-05
5.638100166855561969e-06
5.482022056020678989e-07
-4.276696132792943870e-07
6.561133283991536014e-08
8.820074179960235497e-09
-5.532556430088291801e-09
7.234811928048172504e-10
1.467247449827773799e-10
-7.104674015226859123e-11
7.105619798177716319e-12
2.451446487369727144e-12
-8.898563124879566044e-13
8.936116662785698050e-01
3.045573605632808864e-02
-3.713501399038537151e-03
3.426179051304807958e-04
-1.365260522180118024e-05
-3.088358802084647599e-06
9.986030231120538985e-07
-1.835531726363671624e-07
2.561861571527635259e-08
-2.701574361537422901e-09
1.546616921141902736e-10
1.734179778941125999e-11
-7.759822716558598732e-12
1.628365322388100258e-12
-2.522064440766442127e-13
2.957397157808142888e-14
-2.082600210088228097e-15
-1.390552224369791426e-16
7.850903881525986759e-17
9.637840982263129463e-01
2.709772432984426660e-02
-1.010821719560745478e-02
3.750388663583585983e-03
-1.378892436400704470e-03
4.998806101517229471e-04
-1.775711606434506203e-04
6.134842236156469106e-05
-2.042839728610056107e-05
6.479185017737010052e-06
-1.922237792093064645e-06
5.155713343429481543e-07
-1.147428978201797603e-07
1.439725665430562371e-08
4.579664585869482977e-09
-5.084837264619078062e-09
3.079338925390733141e-09
-1.742168789582767803e-09
6.473599876423685596e-10
9.917395937737563116e-01
8.243312342148527427e-03
1.705851044559872768e-05
3.530043282375155568e-08
7.307647674957067850e-11
1.322326972011930501e-13
1.275094143138507588e-14
-7.484152845602190600e-15
4.095652253995215825e-15
-2.016303040441832997e-15
8.788179450817509623e-16
-3.303181458791719203e-16
1.019089571667539356e-16
-2.287910474182792857e-17
2.054230992518723688e-18
9.974313357110638769e-19
-5.301857007633863293e-19
7.526520243081744899e-20
2.035745163322467421e-20
1.117358958088869647e+00
-6.545570714919662382e-05
2.227441805640292377e-08
-7.285330624130610533e-12
2.048824988772942954e-15
-3.702081954860498519e-19
7.176131582371480534e-22
-1.603574670795982436e-23
-1.379613858247575642e-22
-1.835418026924832603e-23
1.097440952733811148e+00
-2.324765696254494848e-02
-2.116271924672899311e-03
1.198076053063526838e-03
-1.179975738006655941e-04
-2.802843865216561616e-05
9.300540373936388950e-06
-3.209867750727642780e-07
-3.362758423180688083e-07
6.252955397841462417e-08
5.788515534143858395e-09
-3.546379441885919164e-09
1.817096163184432326e-10
1.513920690088538624e-10
-2.841352536987841325e-11
-4.665900854731800893e-12
2.284553269256020533e-12
-1.875581172381398180e-14
-1.366794333132872849e-13
1.055333274418533529e+00
-1.586089467101996220e-02
1.816580396328698740e-03
-1.333902538059798088e-04
-2.632584850575173379e-06
3.004650146543511398e-06
-6.265798811576234429e-07
8.594706200860266035e-08
-7.769356743639972402e-09
1.304210381634754898e-10
1.234363915838037909e-10
-3.179329646465248574e-11
5.038437236953118209e-12
-5.461723411421736979e-13
2.544037339878668681e-14
5.504099343070888541e-15
-1.894913070978507504e-15
3.484748753140443729e-16
-4.338309892714757105e-17
1.018538519168780798e+00
-1.410777533235954562e-02
5.344093017729983561e-03
-2.008053610729981005e-03
7.444997897993557191e-04
-2.704407493268862856e-04
9.539218010347375813e-05
-3.230536734853696175e-05
1.034381401029064132e-05
-3.055753150955328777e-06
7.928078749059639218e-07
-1.563338384039258160e-07
5.931836340131780514e-09
1.628841597679651867e-08
-1.223430046825038319e-08
6.508950535128738205e-09
-3.056182857164584929e-09
1.478092787715441538e-09
-5.112047101126146897e-10
1.004155934018654550e+00
-4.155934018634251277e-03
-3.803245797990521590e-14
3.164891271328549018e-14
-2.441001478082831416e-14
1.740246937776496838e-14
-1.142419152520467202e-14
6.869043759713948981e-15
-3.754723275759009426e-15
1.845870616507382676e-15
-8.029891970890182643e-16
3.009710517838823210e-16
-9.242668638830089759e-17
2.054486487957200051e-17
-1.741912805595808040e-18
-9.444017113396144101e-19
4.864022044252176235e-19
-6.614195376791195751e-20
-1.973439125781437297e-20
8.717242576204676796e-01
