8.478973725686275165e-01
-7.966623863366353170e-03
4.783197217808407830e-05
-4.893728617011369710e-07
6.695897577366456261e-09
-9.832910161164116766e-11
1.470112308918271400e-12
-2.225788676288801964e-14
3.411936910649448224e-16
-5.292763125237795880e-18
3.248416084489695876e-01
-4.001086371584203771e-01
1.330364508329591744e-01
-1.252088246420953420e-02
-1.484003741248334472e-02
1.113665509366290433e-02
-4.267858770730136204e-03
7.447000987524974398e-04
2.126068662912097775e-04
-2.043229472095931768e-04
5.933421388346715546e-05
7.695559242941152516e-06
-1.372306675953614239e-05
3.489021317610110318e-06
2.869099634878741551e-06
-3.520572562275038382e-06
1.836049754996655746e-06
-3.025521764572918841e-07
-1.142795284559048794e-07
1.463834629906670196e-02
-1.631551775075152505e-02
5.439492668253961480e-03
-1.351523670167461329e-03
2.802882396662707810e-04
-5.195380648333439464e-05
8.972684311384962103e-06
-1.476412636947243989e-06
2.333525273712918796e-07
-3.534788616128520116e-08
5.072739066800484616e-09
-6.724299305853855055e-10
7.757900105596191267e-11
-6.363929597107411292e-12
-1.400839711458977096e-13
2.348931332425818793e-13
-7.520643280598474126e-14
1.924861369983878871e-14
-3.983518832533109582e-15
3.449316891388343577e-04
-6.521588894141652683e-04
5.517550045559167522e-04
-4.194787437255405554e-04
2.883322745917452599e-04
-1.805297603347082180e-04
1.038208607336320386e-04
-5.532235696373169562e-05
2.755933053500475699e-05
-1.294968295434416947e-05
5.789903084627687838e-06
-2.484092343696594318e-06
1.030845960111155504e-06
-4.167803209910682529e-07
1.652713591919861883e-07
-6.476778879522286671e-08
2.556096127530047521e-08
-1.118325879536313127e-08
3.729434229628466490e-09
-2.178015446634364359e-10
4.164990573618055701e-10
-3.638461062315833297e-10
2.898538405985100279e-10
-2.098605928848299237e-10
1.373695176482410626e-10
-8.065744330381643360e-11
4.198180406282831055e-11
-1.901501917464821945e-11
7.261645898056961947e-12
-2.195472766385467381e-12
4.417299920684808292e-13
-9.385463139732840709e-15
-3.233010950404344419e-14
1.142575555571352599e-14
-4.120270874965158908e-16
-1.008948247595448103e-15
2.461269956368784865e-16
4.812861687553719102e-17
3.111868370945160556e-01
5.223194802302578120e-03
-3.118856879945178690e-05
2.478185179180095159e-07
-2.486099664160313227e-09
2.860652132671577891e-11
-3.547238871762052884e-13
4.614177071845274343e-15
-6.218996180884505240e-17
8.563530462575625585e-19
6.461047624460735106e-01
2.628924369704754294e-01
-7.459163247998583379e-02
8.719222890894707395e-03
6.683474944850183348e-03
-6.071454958930916010e-03
2.929982696637964575e-03
-8.991792219336213875e-04
9.151131710972351533e-05
8.886709433094477667e-05
-6.982101378566439045e-05
2.935384934356395710e-05
-8.045143130267854502e-06
1.420170686334268574e-06
-3.269843934911753292e-07
2.503496590176017638e-07
-8.881113027570110676e-08
-1.024907958808247164e-07
8.637017759655232661e-08
8.888737392871708387e-01
3.601217494381743489e-02
-5.834491317035814945e-03
9.445748091118151991e-04
-1.525914471065757108e-04
2.454013988914718051e-05
-3.916998671556885926e-06
6.183208402729738079e-07
-9.613636733511000635e-08
1.464852500280293639e-08
-2.172201879115315968e-09
3.100550758047172762e-10
-4.177786163453262890e-11
5.103117800843374159e-12
-5.058116847283922225e-13
2.135529305082955686e-14
7.787923190253868812e-15
-3.507863062942218079e-15
8.905101274492469822e-16
9.635738577508622393e-01
2.731875986122645275e-02
-1.024422189800369351e-02
3.841476171770443274e-03
-1.440521061432666408e-03
5.401884719696810420e-04
-2.025714636337031210e-04
7.596662061780341596e-05
-2.848948058142416139e-05
1.068488340240224462e-05
-4.007601521424391754e-06
1.503254998526364580e-06
-5.639170684033930767e-07
2.115635008193602093e-07
-7.939894075862988130e-08
2.986682925720232912e-08
-1.142078230927507058e-08
4.865675584522483287e-09
-1.598034473208454894e-09
9.917039007295465058e-01
8.278856501207153273e-03
1.720693154940138641e-05
3.576321117570726234e-08
7.433093282556050031e-11
1.544908350931845803e-13
3.210797863412022031e-16
6.797197978605037171e-19
-7.145741205615315305e-21
5.552201449021563041e-21
-3.453145400210197472e-21
2.067153353494404488e-21
-1.144524983443266950e-21
5.706884246493421146e-22
-2.697979080758255016e-22
1.034257968445310903e-22
-3.735302211580152586e-23
3.033103076667453032e-23
-1.165818083434759254e-23
1.353100697290469556e+00
-2.898539232004742564e-03
2.667423512294470988e-05
-3.145754364702276038e-07
3.990226487778392288e-09
-5.296683085143437327e-11
7.307980523549259125e-13
-1.039881803668218670e-14
1.515487396811147108e-16
-2.262540424831399128e-18
1.187102430600421865e+00
-1.330347022689687686e-01
3.316497849247598828e-02
-2.853651894097872146e-03
-2.452668505294864406e-03
1.849271818288926840e-03
-9.084867266450322469e-04
4.252054261127014988e-04
-2.065091565042565598e-04
9.067570546908006678e-05
-2.549236769111058680e-05
-4.377960352448811857e-06
1.178123981876549436e-05
-9.170735129733620299e-06
4.675352082111033084e-06
-1.550364474640347694e-06
9.819309912954647594e-08
3.665878913499504198e-07
-2.191508926370600773e-07
1.058949591372101651e+00
-2.012608897777784511e-02
3.403147571685982004e-03
-5.654896347411604227e-04
9.153485842677062023e-05
-1.431090412542302445e-05
2.142309234811367829e-06
-3.036063580755495426e-07
3.994432296485514447e-08
-4.675294627512280405e-09
4.297113035807734255e-10
-1.272435173710035483e-11
-7.378088492826752393e-12
2.689470937593715752e-12
-6.593811675605504599e-13
1.378700375360896605e-13
-2.616994777456424387e-14
4.728071233929214511e-15
-7.561122769595904996e-16
1.018667344909535144e+00
-1.426043277675760959e-02
5.446854555046390031e-03
-2.080390187031704464e-03
7.945401101441937255e-04
-3.034130617799100623e-04
1.158402321982526253e-04
-4.421076302977858073e-05
1.686350221888210327e-05
-6.426762003159074003e-06
2.446235294599299416e-06
-9.295394973527173034e-07
3.524323195245299516e-07
-1.332569044186654722e-07
5.023014492955932102e-08
-1.890007836168764002e-08
7.193015201952110018e-09
-3.033449349408203457e-09
9.887811769781777580e-10
1.004174171054083464e+00
-4.174171054083289888e-03
-1.063146689669190670e-19
9.456208768956701096e-20
-8.020617179988531211e-20
6.482948980921361983e-20
-4.989070245307757285e-20
3.651274889653099416e-20
-2.537534924832352902e-20
1.671590753130853737e-20
-1.041389203546142650e-20
6.118303061191991982e-21
-3.377775453359243635e-21
1.744279612797727936e-21
-8.374587007029019863e-22
3.709564432687547233e-22
-1.508717413165795913e-22
5.907100250514354810e-23
-1.694080824383503930e-23
6.312128829549369380e-01
