1.497825631649317979e-01
-5.507156731019825731e-05
8.452180267426826640e-09
-1.274216512505964751e-12
1.923344184062414405e-16
-2.599126818759929070e-20
-2.218917181043284214e-22
-1.378885658263442428e-22
8.897440173294768728e-23
1.424825175155261535e-22
1.289428005816874723e-01
-2.560709622588703410e-02
-4.013211057639878149e-03
8.383634969288177117e-04
1.137597473278081979e-05
-1.691326394485815956e-05
1.155600850637572192e-06
2.282543171542783548e-07
-4.073582661686730053e-08
-1.043680739074627927e-09
8.663640963014139460e-10
-5.048359164534185548e-11
-1.253429713371620484e-11
1.982959051807188620e-12
8.059916785617238390e-14
-4.447731585076857679e-14
2.015940336678136029e-15
6.824572687349895042e-16
-9.228146974377435343e-17
6.946042994272738635e-02
-2.868365013015898232e-02
2.141580530488468390e-03
8.482047180418406389e-05
-3.932127995154728042e-05
4.683014434487258609e-06
-2.079769459772553913e-07
-2.712873160068423196e-08
6.712250305415363235e-09
-6.755299127768996571e-10
1.737300996277564752e-11
5.986998715904636525e-12
-1.135905631652499155e-12
9.631629051668258640e-14
-5.671372118664106762e-17
-1.235073510398177867e-15
1.891570867572872930e-16
-1.253575220705687575e-17
-5.346003175217808357e-19
9.130893929085231661e-03
-1.566490860394258861e-02
1.012455516764153643e-02
-5.107651722352102991e-03
2.067434804474206807e-03
-6.780586256973509651e-04
1.750147484456462271e-04
-2.974878642078788630e-05
-1.404526198934183972e-06
4.230938008280079312e-06
-2.522154713360876388e-06
1.133666178861922693e-06
-4.417590266482245409e-07
1.548190691812086605e-07
-4.883173646646460953e-08
1.342485888029526158e-08
-2.837557477594818321e-09
1.089750397561232069e-10
1.809698075526524161e-10
3.231302253980766218e-06
-5.921054193576854114e-06
4.534324531777553467e-06
-2.860817142812042360e-06
1.441881211601225935e-06
-5.425838372504425765e-07
1.252196862070244126e-07
2.270402686605684443e-10
-1.151665443012977804e-08
2.636843645047258658e-09
8.179711416923275027e-10
-4.347283811058759358e-10
-6.595235297854060553e-11
6.456926273508107290e-11
8.447866233479422675e-12
-9.904424977789230773e-12
-1.959997731410371895e-12
1.322792556555697886e-12
4.946827683441419456e-13
8.551148879754520982e-01
3.013817795418747972e-05
-4.034211801212573598e-09
5.741865361163886820e-13
-8.462831545248049736e-17
1.167603239060861402e-20
1.321975585092590816e-21
-1.112102780143896138e-21
-3.473112711465559153e-22
6.286988407448552877e-22
8.668742246941363305e-01
1.455835549642543574e-02
2.430996932518632997e-03
-4.150482569467284352e-04
-8.622513120214625633e-06
7.904613046678782330e-06
-4.857076599993644157e-07
-1.038481797142588970e-07
1.758385681944900260e-08
4.766974106994240760e-10
-3.728171915044043966e-10
2.222654762878257121e-11
5.298486746254653127e-12
-8.750126123333744197e-13
-2.937945895230385381e-14
1.949860116371238094e-14
-1.058051018008926237e-15
-2.902887484158030298e-16
4.475165996759974155e-17
9.032273825745685825e-01
1.899817720585800923e-02
-8.826691634456082730e-04
-7.779634086044272083e-05
2.077956165886165750e-05
-2.082166512981292979e-06
6.297128735472302261e-08
1.490412895222097289e-08
-2.950825414776962928e-09
2.647737100097361128e-10
-4.341642535612859243e-12
-2.592244887874696523e-12
4.525115701241568262e-13
-3.729820203352520456e-14
4.174170544251168751e-17
4.700544375691191106e-16
-7.367625429079133434e-17
5.295110520904836254e-18
1.193906391237175653e-19
9.627678958264933584e-01
2.719508394695679607e-02
-9.656505142932685776e-03
3.268112482122330440e-03
-1.023853213317310129e-03
2.827545648749871959e-04
-6.135458364320720503e-05
5.667019939640656469e-06
3.742049998738972104e-06
-3.089620464174533405e-06
1.538691923538937005e-06
-6.221922349624003622e-07
2.188565110541383873e-07
-6.811180136054808483e-08
1.845029623299560422e-08
-4.007923498063950513e-09
4.244563629032478902e-10
2.607256573153570843e-10
-1.634778715125879082e-10
9.913711533355490380e-01
8.610192119523164822e-03
1.861426279905291337e-05
4.016028170877885701e-08
1.448640953341911745e-10
-3.686674532256539938e-11
2.112105517856730011e-11
-1.055955981952296796e-11
4.520894762883798130e-12
-1.585996163590914421e-12
4.121768558437609377e-13
-5.317886974743772644e-14
-1.316974226169093093e-14
9.229911896319410674e-15
-1.690894623090368617e-15
-4.349657926734900512e-16
2.934222071452690613e-16
-1.056788419922369615e-17
-2.981216812607508367e-17
1.073075217426389560e+00
-1.388332595545919852e-05
1.607679389162112720e-09
-1.906988856598226510e-13
2.265021784510222195e-17
-1.269943457355534573e-21
-6.311329399692140380e-23
-1.875980518083982360e-22
1.434755950568312610e-23
2.714298305158329273e-24
1.067527973336014568e+00
-6.903983588222779334e-03
-1.200765571123416911e-03
1.791188091136078754e-04
6.054524871783596448e-06
-3.136955660747232858e-06
1.167156866953317123e-07
4.092904445108661807e-08
-4.539195422539531405e-09
-3.435564497221480740e-10
9.339890888678349768e-11
-4.954761385040322889e-13
-1.434594446457240965e-12
9.243602478462143227e-14
1.724721764761479373e-14
-2.367970628647969307e-15
-1.537697964298632142e-16
4.379822770866274721e-17
7.322176937135064220e-19
1.049701290687251376e+00
-9.580919165021854061e-03
3.826707607320641957e-04
4.820160825876381317e-05
-1.042375644532135786e-05
8.526538137623746144e-07
1.595348784353948928e-10
-9.341425904566185054e-09
1.254440569038033531e-09
-6.553245456673460264e-11
-5.259591734801637081e-12
1.471057849554292796e-12
-1.415057616219773625e-13
2.320006152150572393e-15
1.351354036514350269e-15
-2.151573376774289833e-16
1.363539668866505882e-17
7.448100100292114362e-19
-2.670587300690284632e-19
1.019018160396787609e+00
-1.408143479863576547e-02
5.043208503127316264e-03
-1.708043520600113600e-03
5.287389128575258491e-04
-1.407659352320512515e-04
2.730056893391045352e-05
-4.652679732770209498e-07
-3.033413406354935362e-06
2.003321048008124381e-06
-9.170713027097294926e-07
3.471425327810665475e-07
-1.133440310202545883e-07
3.171201466301157606e-08
-7.067971480357826258e-09
8.377314867819555500e-10
3.026883175994196313e-10
-3.466349018276596807e-10
1.482470354994682810e-10
1.004342505667115137e+00
-4.342505628696506290e-03
-7.006029652054989500e-11
5.519592074536197869e-11
-3.931429571979626025e-11
2.515830197984961117e-11
-1.432687886961196298e-11
7.153830050027210578e-12
-3.057070487576990297e-12
1.069217724621108730e-12
-2.761785801654000936e-13
3.476054415452160541e-14
9.262088335849675867e-15
-6.277133499988948515e-15
1.119622324969351978e-15
3.064950222220240140e-16
-1.996873096533745555e-16
6.062152640149789617e-18
2.060226640775631144e-17
9.247088691782410219e-01
