4.359295214625273918e-01
-9.836386089191321343e-04
9.580872482594515862e-07
-8.599435278634301541e-10
6.879954154414088946e-13
-4.470810807667305585e-16
1.610245730422772390e-19
-4.209640963774382429e-21
4.952682103865789558e-21
-3.469855036281561092e-21
2.557233748118282746e-01
-1.838990318361329313e-01
1.241687880528814618e-02
1.192796205983156881e-02
-4.924615006222671926e-03
5.945716589243327504e-04
2.223657346942408319e-04
-1.206897168301289966e-04
1.914741058645010475e-05
4.252499427897151974e-06
-2.912489449476148364e-06
5.123841564020548566e-07
9.753037781744447661e-08
-7.275696985358162465e-08
1.252148310691765379e-08
2.872887652353975768e-09
-1.951559733692540114e-09
2.267649837609205389e-10
1.066342781163566262e-10
4.396372128453381045e-02
-3.727305445880779722e-02
8.936024511711227955e-03
-1.550974513112874991e-03
2.137031023351630319e-04
-2.311992123156524114e-05
1.486515860590869448e-06
1.316349734140044344e-07
-7.494014863217453237e-08
1.862827673838434055e-08
-3.574220233300277846e-09
5.771768544983550941e-10
-7.850798231516402744e-11
8.295537915737480327e-12
-4.164701608362637595e-13
-9.335717680086077616e-14
3.878742340048141465e-14
-9.390371209813911814e-15
1.696208898736662538e-15
2.217997037272422759e-03
-4.089579692661036471e-03
3.218118558165617305e-03
-2.185366478470564602e-03
1.299542093862356791e-03
-6.876366451244524895e-04
3.290687579680782364e-04
-1.447096041959072268e-04
5.938307368841347502e-05
-2.307130352776079341e-05
8.598621542901151298e-06
-3.108627592995908210e-06
1.099413584051161373e-06
-3.823683501487867359e-07
1.310172273953709890e-07
-4.418121825188592013e-08
1.469026868691559666e-08
-5.151032120229698212e-09
1.460902356178851525e-09
7.174677548554437698e-09
-1.351687235354352863e-08
1.128228412924472996e-08
-8.307261673600309312e-09
5.350956533512730777e-09
-2.972903032916508554e-09
1.390631598716157454e-09
-5.234584065493893150e-10
1.428412586684892016e-10
-1.858482977817457940e-11
-4.939226095889675234e-12
3.150633677070005727e-12
-3.749165668382134638e-13
-2.373546235717562366e-13
8.885438459554074678e-14
1.280496524118875694e-14
-1.301177010955252930e-14
-3.080412347687835342e-16
1.751762105235025632e-15
6.770905469613541783e-01
4.798994883608435121e-04
-4.774965694338546455e-07
4.844223722601129070e-10
-4.756145990521087346e-13
4.415027719872829304e-16
-3.812743693439100999e-19
2.563294902444323815e-21
-2.995824418189640869e-21
1.597404799682519188e-21
7.687106384750932442e-01
9.545867930886037245e-02
-3.650015574858238212e-03
-5.608448843593924135e-03
2.205747730415757481e-03
-3.006838877448011669e-04
-8.315294335130921099e-05
5.475368871763545536e-05
-1.150220946516799002e-05
-9.150470409405012206e-07
1.322843953456339369e-06
-3.574521624343225185e-07
-9.265205235662682999e-11
3.163262059160852823e-08
-1.005549860845118173e-08
3.582129874623166164e-10
7.700356888231639299e-10
-2.425786968591182895e-10
8.710727133301992098e-12
8.951501298879598334e-01
3.278674509025379658e-02
-4.845879055676748787e-03
6.559514759370624337e-04
-7.789956720297319572e-05
7.348997760596057710e-06
-3.280522666216459937e-07
-7.390109453647213341e-08
2.882752276303345911e-08
-6.613643678260461277e-09
1.240159451024169143e-09
-2.031953516660146984e-10
2.930279435916949487e-11
-3.583162216069273353e-12
3.189454129147447911e-13
-2.335953817655723240e-15
-7.782924131618750375e-15
2.538996448594260406e-15
-5.346338458011464968e-16
9.653062252071675786e-01
2.603281534402204084e-02
-9.762379029937800351e-03
3.657518446576968341e-03
-1.367998959490062099e-03
5.102237746057321742e-04
-1.894678335388020479e-04
6.991326007796465044e-05
-2.557660401326227538e-05
9.253531104066493534e-06
-3.302441867092398026e-06
1.159547766722728665e-06
-3.994686922349319296e-07
1.346102031988663499e-07
-4.419221773522425670e-08
1.405267307209343930e-08
-4.301135157801244584e-09
1.324001490784031354e-09
-3.327002437068047049e-10
9.921034540986171102e-01
7.880926197250765972e-03
1.558880769217058576e-05
3.083532547462117306e-08
6.099368134985176164e-11
1.205775856178193027e-13
2.877861559132829467e-16
-3.147679536155885257e-17
1.924908150890230695e-17
-1.068547483302998791e-17
5.424109307659952844e-18
-2.490215714963142008e-18
1.017138473591583357e-18
-3.597781221268573065e-19
1.046848511584964133e-19
-2.203957600553111053e-20
1.652409638132189050e-21
1.162041008992515665e-21
-5.291271670022049625e-22
1.150772975341609161e+00
-1.509552086008474048e-04
8.877215135205927956e-08
-4.941906266441733396e-11
3.101185029487112614e-14
-3.806442692599008961e-17
7.618388482053364784e-20
-1.135169878268712768e-21
9.360978424418407956e-22
-5.947864248731465320e-22
1.114304320787817382e+00
-4.016333458463235140e-02
-8.351090923365944284e-04
2.494856056109183429e-03
-5.759848018092839864e-04
-1.374873633125508137e-05
3.991557633231685852e-05
-8.296025781805855382e-06
-8.053825845989267061e-07
7.220065440569278682e-07
-8.027162717042066254e-08
-4.035608672327208500e-08
1.361473758856385470e-08
1.432911198373522762e-09
-1.750422671508326979e-09
2.413332455441169910e-10
1.452344318731218919e-10
-6.223396741377179196e-11
2.261776264503002853e-12
1.054886155798298253e+00
-1.749690818296190456e-02
2.521670534835998134e-03
-3.091725600687442307e-04
2.828779361328085076e-05
-8.015950302894509064e-07
-4.094410672968799641e-07
1.281532435849327407e-07
-2.549429305387084937e-08
4.021101884177322271e-09
-5.108261443884467352e-10
4.586415875769976753e-11
-3.916358610114648799e-13
-1.034369012754391561e-12
3.064256417774307614e-13
-6.184764594135190626e-14
9.985336788177627622e-15
-1.289915836160214834e-15
1.138619019789517691e-16
1.017752811058592499e+00
-1.355085335512156916e-02
5.166559083175597741e-03
-1.966078056468495254e-03
7.456303364279371054e-04
-2.812126705040163266e-04
1.051681015011664603e-04
-3.886143206492093631e-05
1.412925890558009039e-05
-5.030535905201309729e-06
1.744298614482842049e-06
-5.850943151906793348e-07
1.881234332965804128e-07
-5.713816546285013747e-08
1.594074856164946450e-08
-3.807337024871469460e-09
5.694367635274957900e-10
1.646502236416061327e-10
-1.345304959129522961e-10
1.003971782355537412e+00
-3.971782355537256844e-03
-1.824888588079752778e-16
1.557449125009760876e-16
-1.245575344674536814e-16
9.318956725757667932e-17
-6.507074084741673643e-17
4.227207986157539912e-17
-2.544132632051548925e-17
1.410528019794558719e-17
-7.148224343439587700e-18
3.274719522858859532e-18
-1.333672051835059069e-18
4.697265889399140442e-19
-1.357172085632540720e-19
2.813565988900839691e-20
-1.893602774723624915e-21
-1.586731445308139972e-21
6.979459731469457219e-22
8.226879229907597679e-01
