3.914655745801983167e-01
-7.364554454960746096e-04
6.058046690098506567e-07
-4.708806914144902254e-10
3.403396883519926111e-13
-2.198207850152672166e-16
1.054243256093829753e-19
4.403739603140533378e-21
2.360866398675648183e-21
-2.603791218539650862e-21
2.421075073656394350e-01
-1.568134611135279521e-01
5.595547234124686846e-03
1.038079831146933481e-02
-3.434980580486612142e-03
2.306300443683964954e-04
1.875780799619975662e-04
-7.084835732331954349e-05
6.171224618451792587e-06
3.524888727541660836e-06
-1.429382726360852600e-06
1.266834059346236816e-07
7.253821409639901266e-08
-2.865174990913175509e-08
2.004958379320662508e-09
1.667303085339452189e-09
-5.833138794722522976e-10
3.149925281344086939e-12
4.366356346363505919e-11
4.867137554473432298e-02
-3.915075957553608432e-02
8.783367963773892548e-03
-1.401498642464116783e-03
1.704605895940474033e-04
-1.419860771370793597e-05
-3.530474857500772470e-09
3.315390256156877350e-07
-9.289283197847025827e-08
1.822678681775044550e-08
-2.901800888294773043e-09
3.769386938961058322e-10
-3.561501649622393125e-11
7.911924492672848724e-13
6.639255961048301879e-13
-2.099943509489592629e-13
4.348642903244346851e-14
-7.279416840585993531e-15
9.622360373768116349e-16
2.728172385011339712e-03
-5.005420507836207990e-03
3.883861098352273545e-03
-2.581488835221308186e-03
1.494156123594022126e-03
-7.664752126765692498e-04
3.546613203904764493e-04
-1.505706717931711578e-04
5.960956090188188462e-05
-2.233875966578362915e-05
8.029675153883941919e-06
-2.797676764666153624e-06
9.513970839079342084e-07
-3.165914949996025577e-07
1.028306057135965509e-07
-3.231539816677973150e-08
9.663864314243963593e-09
-2.788781551257913449e-09
6.411087983309157891e-10
1.611321662671632871e-08
-3.027960792085247174e-08
2.507696208614568061e-08
-1.821335410243697773e-08
1.149056619617891276e-08
-6.194105740541468162e-09
2.771437669228929796e-09
-9.719385598568452818e-10
2.303244595707575514e-10
-1.412550054131078862e-11
-1.443824523146393975e-11
5.459473952953510394e-12
6.471172572825630151e-14
-5.966515067629903632e-13
1.006408689462579379e-13
5.695508974651149296e-14
-2.012993279571246327e-14
-5.047634167124241076e-15
3.079056280920303535e-15
7.044237444638448142e-01
3.556576843094187549e-04
-2.899240122297571971e-07
2.451493439510346404e-10
-2.041767825465216039e-13
1.638463289394538559e-16
-1.199456459925839153e-19
-2.229843154671072598e-21
-1.575143331884890821e-21
1.676112485816497346e-21
7.801276571869849574e-01
8.109995364514099858e-02
-6.453910260144553887e-04
-4.869454501339853802e-03
1.520949793782330837e-03
-1.175162672242533092e-04
-7.650489782637914500e-05
3.251167097543196838e-05
-4.125782528367682280e-06
-1.251582467167758518e-06
6.973198401020354436e-07
-1.109725369602490202e-07
-2.142098044768893836e-08
1.486022403463491317e-08
-2.615150881330039633e-09
-4.098693746812034126e-10
3.166746733951536975e-10
-4.754796447210947091e-11
-1.033926756228867962e-11
8.946348294249227839e-01
3.234162829794397925e-02
-4.587768529496842954e-03
5.754890295942940211e-04
-5.917004291733907986e-05
3.795449181956889001e-06
2.366651170100112242e-07
-1.472827653732711448e-07
3.547333784841635815e-08
-6.574713766910915072e-09
1.033715056089403504e-09
-1.387704068762618568e-10
1.488091726053516211e-11
-8.917804875716300257e-13
-1.119473244744372883e-13
5.523942652603026319e-14
-1.334688293145387767e-14
2.559506404928063683e-15
-3.934587683152454555e-16
9.649306166214043357e-01
2.630140935947719930e-02
-9.854416367692233822e-03
3.686113417332795034e-03
-1.374800985524273758e-03
5.103200173150621239e-04
-1.880688608455256166e-04
6.860780222099700418e-05
-2.469162655192169839e-05
8.734981249920083048e-06
-3.025640478466186572e-06
1.021733569875201035e-06
-3.346064899647412768e-07
1.054878825737724093e-07
-3.162737798476382013e-08
8.801667956756910068e-09
-2.132764081785082607e-09
3.490209071845628523e-10
-4.872070903507850808e-12
9.920148426654014084e-01
7.969184754819265068e-03
1.594063008938833548e-05
3.188578125391918078e-08
6.378118071504855908e-11
1.271570274853750550e-13
5.451776809726863413e-16
-1.840023975917779950e-16
1.082495461513665434e-16
-5.816043360770079630e-17
2.834843929364087824e-17
-1.236176403862406186e-17
4.717670307682951739e-18
-1.515209211501886792e-18
3.758839340209370281e-19
-5.331568491744590486e-20
-6.812913726624329692e-21
6.981198680699246290e-21
-1.899653251736498756e-21
1.139920031970960590e+00
-1.184566934045861017e-04
5.934658066033826357e-08
-2.720691479271303154e-11
1.076628270414568000e-14
-5.267714359003661732e-18
5.315782546876285059e-21
1.013362337369678869e-21
5.017018280278141988e-22
-4.685759517830312457e-22
1.109141861822317665e+00
-3.453208905527003353e-02
-1.476517539867632260e-03
2.069724450408372707e-03
-3.859243192119938062e-04
-2.893028117865911438e-05
2.795943188050473502e-05
-4.158991582704812378e-06
-8.029461103621786333e-07
4.004827545360646343e-07
-2.166317306248885220e-08
-2.260625699309673766e-08
5.250773277944490284e-09
8.723523544029387980e-10
-5.949854297351768251e-10
3.390617517611208826e-11
4.983380346675294785e-11
-1.243074732390966628e-11
-1.813921489542191661e-12
1.055055300442096833e+00
-1.713536206053210137e-02
2.344600060058121306e-03
-2.595222344726571509e-04
1.818908630534904854e-05
7.554822276247804134e-07
-5.763266199063093624e-07
1.325820297786179257e-07
-2.200434228200779064e-08
2.849652155354500827e-09
-2.593383445161317833e-10
3.793590295084619328e-12
5.075716306030187045e-12
-1.477468933087850073e-12
2.833960960838221436e-13
-4.217299558176385390e-14
4.697273667973898361e-15
-2.349166889797269785e-16
-4.730693330091115238e-17
1.017947154564950996e+00
-1.369220218160710836e-02
5.214655315917153013e-03
-1.979994717919371632e-03
7.478712088002516072e-04
-2.801263111783493178e-04
1.036279950795909808e-04
-3.767416562505109407e-05
1.338218862732725361e-05
-4.612588259039472976e-06
1.529496537670594676e-06
-4.819753412111134520e-07
1.414047347957302023e-07
-3.701635270233566390e-08
7.654557162201560895e-09
-5.261926243672395349e-10
-6.984955853967392889e-10
6.879298743770714595e-10
-3.005528801753535208e-10
1.004016620017807560e+00
-4.016620017807080723e-03
-9.856333960195745026e-16
8.351782218815180810e-16
-6.611172617341904804e-16
4.879410268290151375e-16
-3.348632437278734770e-16
2.129019080414636927e-16
-1.247789744567819895e-16
6.695687535640318143e-17
-3.258231042659770517e-17
1.417675033537114804e-17
-5.393494474841927873e-18
1.723876008554419306e-18
-4.236791102887046652e-19
5.819643235338366801e-20
8.621503555335371199e-21
-8.082499107849956288e-21
2.147665744741813136e-21
8.393741619074817084e-01
