7.395789152655088960e-01
-4.025947968074512252e-03
8.573374735385280861e-06
-1.816015132053032377e-08
6.745236110926791879e-11
-4.408325126177655353e-13
3.022548377412272430e-15
-3.168971285992013556e-17
5.105945056108262968e-18
3.272945219374343113e-18
3.221104031784360333e-01
-3.567070581816453312e-01
8.918991849571404618e-02
7.414295997965311517e-03
-1.706594320533205700e-02
7.633461300038479544e-03
-1.322392284904573383e-03
-4.758045975495969076e-04
4.246355586264841304e-04
-1.274457813836839769e-04
-6.911361891800742967e-06
2.350939888513300095e-05
-9.499837366021132094e-06
1.956095144266237874e-07
1.703642623155241035e-06
-8.962168393274227918e-07
1.195128859085483702e-07
1.568677590299470597e-07
-9.672301369760437709e-08
2.031287178480934222e-02
-2.179758723127510692e-02
6.936980749240550387e-03
-1.642567890111707590e-03
3.243559204111196828e-04
-5.707067552566786158e-05
9.277632920959307905e-06
-1.411852747275042390e-06
1.996179166527692438e-07
-2.533996545137798728e-08
2.608096830172033159e-09
-1.254623239683654561e-10
-3.515660482429016778e-11
1.549824458996683498e-11
-4.147821533172613985e-12
9.284966354475328711e-13
-1.876166296363189422e-13
3.621664831502181439e-14
-6.169788435056772645e-15
5.470551131782455971e-04
-1.030915262787245176e-03
8.638631498064657140e-04
-6.468399948548037535e-04
4.358524801610231115e-04
-2.665480063801872008e-04
1.493345835385470903e-04
-7.739610137999298524e-05
3.747315478889413697e-05
-1.711584866920611608e-05
7.445221939398606458e-06
-3.112372295274727119e-06
1.260912907150090628e-06
-4.987971824258984772e-07
1.939522991427206986e-07
-7.466843201592499635e-08
2.897656236766644438e-08
-1.246343662658274174e-08
4.114673671748684455e-09
-2.316729133733509239e-10
4.420879546114934909e-10
-3.837208551685405604e-10
3.023303164035236534e-10
-2.153847098342402707e-10
1.378967633817966459e-10
-7.860652501400639509e-11
3.932848718378690514e-11
-1.687268164061395988e-11
5.950505934395517989e-12
-1.569672038127945478e-12
2.181293793887052586e-13
4.056889006974811711e-14
-3.212994605594360594e-14
6.241640499248472035e-15
1.362851104982067857e-15
-9.867644225904289766e-16
4.615760946738559592e-17
9.734569020963440518e-17
4.320008588044821907e-01
2.502353084751073476e-03
-6.960000597850511508e-06
2.022779870594760519e-08
-6.732938835590181007e-11
2.749951547046263540e-13
-1.308201812916541737e-15
2.258834369517785566e-17
-9.603154820266939268e-18
3.790600592660843213e-18
6.766856719084599625e-01
2.124587496808668097e-01
-4.516860061699445178e-02
-2.482005763572341442e-03
7.937530617088624924e-03
-4.165895395320684362e-03
1.142429896531495454e-03
4.125811151844111382e-06
-1.773339841703531821e-04
9.421858552101976952e-05
-2.259173555159851935e-05
-2.394189184510734217e-06
4.393012917603069109e-06
-1.693325126556344194e-06
1.283882402536842452e-07
1.863564134730451045e-07
-8.908928530614526159e-08
-7.729740422073273649e-09
1.768315395811913061e-08
8.891112551038730105e-01
3.590038011084745878e-02
-5.797391486611595465e-03
9.311614981052215769e-04
-1.481082026637325422e-04
2.320137661327801917e-05
-3.556349026608526587e-06
5.290493141408411335e-07
-7.547387918568465939e-08
1.011214093605847884e-08
-1.217288344447215888e-09
1.158952157270136599e-10
-3.474336422617806141e-12
-2.243332353119513001e-12
8.639669460516035546e-13
-2.264474589026638981e-13
5.112895829035141738e-14
-1.096591063369113443e-14
2.050525509078475796e-15
9.636443365678201145e-01
2.726686090117370898e-02
-1.022509481921110575e-02
3.834408307099552039e-03
-1.437893706843708548e-03
5.391999536531386344e-04
-2.021912393880757170e-04
7.581497666283604382e-05
-2.842578031819170450e-05
1.065638959927047225e-05
-3.994033771589019094e-06
1.496464309056731946e-06
-5.604125674487995811e-07
2.097325881906253509e-07
-7.844278157546266608e-08
2.936915596763445078e-08
-1.115751533594146322e-08
4.711076370698194194e-09
-1.537822034591840173e-09
9.917202446417974215e-01
8.262581329578121483e-03
1.713840592691298441e-05
3.554881289509233525e-08
7.373603493417755598e-11
1.529447191796571439e-13
3.172331473621671706e-16
6.629409742750121378e-19
-1.880969053093731699e-21
1.795768392645381265e-21
-1.184039961591645713e-21
8.192824762814389716e-22
-5.431678753928824024e-22
1.058263861924930265e-22
-2.089925475851856642e-23
2.645255710849587399e-23
1.337730031523564522e-22
6.688913100315018520e-23
-9.994319138503624632e-23
1.264156275390149409e+00
-8.892403375626213189e-04
2.954767900294664644e-06
-1.453301996969004922e-08
7.716620850930890539e-11
-4.000224388613193053e-13
2.042171406329820253e-15
-6.870631961018414522e-18
-1.534334874720068503e-18
1.292429501222994403e-18
1.162577241123706751e+00
-9.471393484327621237e-02
1.345780544266452980e-02
3.450246073471887557e-03
-2.927178390438415004e-03
9.500678620887436764e-04
-1.527023385715511688e-04
4.787090237352728586e-06
-3.031756162550088116e-06
2.090049574944726704e-06
3.319243983369216908e-06
-4.754411371863027065e-06
2.868468881875881010e-06
-7.955329792300523855e-07
-1.761691910073713559e-07
3.065099115706438246e-07
-1.530674508497556234e-07
1.764727165802018493e-08
1.325174081599268042e-08
1.058740676063048669e+00
-1.994826180723994688e-02
3.324975389638730114e-03
-5.362651806956898184e-04
8.233838999500494194e-05
-1.180547142075851035e-05
1.534080546548775711e-06
-1.689531857311688195e-07
1.229715967217960038e-08
6.476286222098131312e-10
-5.366237562361184740e-10
1.526966411372151689e-10
-3.389963213683973401e-11
6.601544268709704834e-12
-1.167975323486914564e-12
1.890808033473217757e-13
-2.763374045777951744e-14
3.484469450557091302e-15
-3.216768253020255666e-16
1.018629227479623589e+00
-1.423103019343824847e-02
5.435375866519710254e-03
-2.075799971169826116e-03
7.926259808182429568e-04
-3.025634125460988956e-04
1.154332399751148571e-04
-4.400106107764680679e-05
1.674959712685932303e-05
-6.363255328054649161e-06
2.410723207293852316e-06
-9.099354955550006277e-07
3.418456397974603606e-07
-1.276880308536120387e-07
4.737799554089034284e-08
-1.747024024653593461e-08
6.474053240688105446e-09
-2.633714238504197991e-09
8.372505122677085935e-10
1.004165701900584518e+00
-4.165701900584413420e-03
-1.294798981467571789e-19
1.144251076828656627e-19
-9.625497204710669714e-20
7.698466967600106767e-20
-5.845692465882902801e-20
4.208746354325000040e-20
-2.868834945747104216e-20
1.847294427422177850e-20
-1.120427342202385976e-20
6.379398643681582816e-21
-3.395348278770272396e-21
1.679296689702635531e-21
-7.655593435563475847e-22
3.181755669813659937e-22
-1.189399985126979531e-22
4.093549222971254022e-23
-1.038833585154682080e-23
6.748470112041311531e-01
