6.717925469089155444e-01
-3.028655888907965353e-03
5.149534738032998719e-06
-6.542009661182802483e-09
5.976787817250939284e-12
-1.500296240039317370e-14
1.395736875899078033e-16
-1.073812523634370867e-17
-7.307570172457771592e-18
5.824863220596112962e-18
3.116934981682943917e-01
-3.210398392826825931e-01
6.741889198010073136e-02
1.178438386130850439e-02
-1.463741542085325760e-02
5.285068660609536229e-03
-4.777925000542553231e-04
-4.950341796442189789e-04
2.844890552898577817e-04
-5.558557530202607399e-05
-1.631619805050615478e-05
1.507320635581498654e-05
-3.999408186020148407e-06
-6.200546389312006918e-07
9.152214963269084346e-07
-3.080850323609953100e-07
-1.070546986100321503e-08
6.170400217005766842e-08
-2.591894180907064422e-08
2.458945704939891411e-02
-2.535250202093157837e-02
7.690608158199266006e-03
-1.733433604009937921e-03
3.255624341153594888e-04
-5.428410151856376210e-05
8.277118465765174289e-06
-1.154457281129678269e-06
1.420591109247780421e-07
-1.356083943430052961e-08
3.674383337109236995e-10
2.712261796515690840e-10
-9.991743468289572547e-11
2.500035951292559052e-11
-5.317425020638724802e-12
1.020256002567026238e-12
-1.802745166108663373e-13
3.003938526897247639e-14
-4.392059537245642356e-15
7.536234960247060414e-04
-1.415116359025616428e-03
1.173523308196592913e-03
-8.644019155149014044e-04
5.701735562818467488e-04
-3.400809878856353658e-04
1.853526074066407555e-04
-9.331478169347541941e-05
4.386731053260635509e-05
-1.946253687278969510e-05
8.233691019702432746e-06
-3.353785783117450190e-06
1.326933277580510497e-06
-5.138878019700850978e-07
1.960714536312802996e-07
-7.419853201751708928e-08
2.832225017767256632e-08
-1.197313630408828345e-08
3.911315938525070174e-09
-1.558896364849815385e-10
2.968046782645588534e-10
-2.558547110066294255e-10
1.992188365361660765e-10
-1.394833610253044769e-10
8.718747899525324690e-11
-4.811826448096293011e-11
2.303930627359227731e-11
-9.289316768525251833e-12
2.975160835919431622e-12
-6.494131962435502771e-13
3.238094919611591660e-14
4.111578697227063084e-14
-1.597667167483669852e-14
7.349074306837814907e-16
1.412822408278720601e-15
-4.104566256960743796e-16
-7.598931483904665432e-17
6.070876531135656324e-17
4.998881432808965908e-01
1.748771304880812096e-03
-3.770885766767718906e-06
7.853565738051013841e-09
-1.630601324811619366e-11
3.811573611713360476e-14
-1.104752691754670376e-16
5.116540559094323791e-18
-7.027917719513186477e-18
5.248541864061657393e-18
7.006872777832695576e-01
1.820874628272240447e-01
-3.196830816147527149e-02
-5.118319991286166513e-03
6.815336524228809631e-03
-2.855451804671288972e-03
5.289951260532085473e-04
1.303022861557276402e-04
-1.393248521916007029e-04
5.008902746809465369e-05
-4.633479562130193155e-06
-4.765069329949301521e-06
2.816248815681138975e-06
-5.984587033714407625e-07
-1.284566306438962399e-07
1.375501331002265932e-07
-3.848251805500214376e-08
-7.614457104703533934e-09
8.039842686363941512e-09
8.918681288258996087e-01
3.498050827982546879e-02
-5.621461140520248555e-03
8.920752259552215332e-04
-1.387416558103885303e-04
2.096781518754560394e-05
-3.047277005737954528e-06
4.192826858891921910e-07
-5.302913391186544192e-08
5.736462418457523933e-09
-4.006568163779922394e-10
-3.013535757327301971e-11
2.146001872171651600e-11
-6.269590226340169790e-12
1.466253278521112997e-12
-3.060963909675711303e-13
5.919776236008548265e-14
-1.105812418411087009e-14
1.838414299019912352e-15
9.645588334449093360e-01
2.659323774587721984e-02
-9.976983328295668460e-03
3.742974951023935425e-03
-1.404151039814680816e-03
5.267099456154148438e-04
-1.975419862528933707e-04
7.406789158195767081e-05
-2.775964303736875780e-05
1.039719111364567332e-05
-3.890574047416129552e-06
1.453976671160923708e-06
-5.424708372422239788e-07
2.019736546984124882e-07
-7.502682856480993254e-08
2.784303833916902748e-08
-1.045573144693017464e-08
4.347715376221429916e-09
-1.404618029007525713e-09
9.919322044062733879e-01
8.051490422529913524e-03
1.627221812988693142e-05
3.288646809113018146e-08
6.646418914229591651e-11
1.343254082639178339e-13
2.714752658741005704e-16
5.485369917236313882e-19
3.515050804406969197e-21
-1.312322296598227604e-21
4.664958463723599243e-22
-1.201790499159427921e-22
-2.039034383917146995e-22
-1.861914439036648339e-22
8.168263095136361947e-23
8.807844574761444885e-23
-1.223923812377035267e-22
-3.450633973135017084e-23
1.479728515794717068e-22
1.226947548906017538e+00
-5.325457127156561776e-04
1.055947294474066930e-06
-3.421217949288820785e-09
1.344556782378598238e-11
-5.126345235462059731e-14
1.794376144170798114e-16
1.129962882831325325e-18
-1.412478029352567446e-18
1.065781174137027506e-18
1.148050043031985989e+00
-7.762555971099578678e-02
7.490342149261405846e-03
4.029112579241525896e-03
-2.281139152109097189e-03
4.998222059989944734e-04
1.319514910436490383e-05
-3.844455075666278296e-05
6.871613657983125180e-06
1.103548826074832590e-06
6.873264332877470769e-07
-1.491499193413280470e-06
7.832863269906925226e-07
-8.006087981129538562e-08
-1.460487842281294220e-07
1.062956169521479338e-07
-3.016632178340618147e-08
-8.637567468494168239e-09
8.713509841154664460e-09
1.057123686295190046e+00
-1.927998327315008642e-02
3.163845864469571646e-03
-4.949302656311439048e-04
7.212600953644713274e-05
-9.482553200519547266e-06
1.052136157872134801e-06
-7.752857502183368946e-08
-3.580320384357200694e-09
3.152060604661916474e-09
-8.851388157754622827e-10
1.917662831145378968e-10
-3.610266805979234239e-11
6.101243817083962467e-12
-9.255328658174991594e-13
1.220636974637028369e-13
-1.246335667661941513e-14
3.530851424171420652e-16
2.284609731471748219e-16
1.018149076953311472e+00
-1.386375993566285603e-02
5.294684883240767873e-03
-2.021728710698781489e-03
7.717181916517884196e-04
-2.943944999861947674e-04
1.121895204607883511e-04
-4.268359932812514405e-05
1.619934552917398008e-05
-6.126448987107587844e-06
2.305991777958213809e-06
-8.626636497332418780e-07
3.202693906714364587e-07
-1.178193901319916516e-07
4.288590510414842215e-08
-1.543861759472239976e-08
5.545720859754099738e-09
-2.162359478786766881e-09
6.666796395796330853e-10
1.004058426487494105e+00
-4.058426487494120986e-03
-6.321471437547784064e-20
5.541511857189085597e-20
-4.620138182455087553e-20
3.654675952028050113e-20
-2.735377921145378262e-20
1.934568898686489795e-20
-1.291342481129452280e-20
8.112758572638074045e-21
-4.777888053922754484e-21
2.627523979863779668e-21
-1.342726645367259996e-21
6.325051189609241509e-22
-2.715644482852812839e-22
1.046994843329017225e-22
-3.533303630883840696e-23
1.021411139058834142e-23
-2.100346074212612927e-24
7.126844241348578857e-01
