6.861571541193779433e-01
-3.208790824223100788e-03
5.646159532353355456e-06
-7.609364341698731372e-09
9.389778945002290457e-12
-3.554734339799061594e-14
2.601316341424792548e-16
-1.917571272421737391e-17
-2.755478859164440666e-18
7.838061607724655272e-18
3.142320728057000911e-01
-3.288414905911004604e-01
7.173566046189026879e-02
1.113725832133319674e-02
-1.521936500522268199e-02
5.739753979860057025e-03
-6.117846259718057308e-04
-5.076304054316012858e-04
3.138967186406913120e-04
-6.735254130348626187e-05
-1.595958815235789583e-05
1.697371688835973920e-05
-4.917572957181050104e-06
-5.603390654055224200e-07
1.067021547730143071e-06
-3.938789972086322536e-07
1.153268018793848408e-09
7.637166532772720472e-08
-3.488021022455756582e-08
2.364693405334243603e-02
-2.460373709470140349e-02
7.544993386785512311e-03
-1.719772458185310710e-03
3.267342186279038863e-04
-5.516814510014812160e-05
8.542116725667865494e-06
-1.217532721336711261e-06
1.554235661566397018e-07
-1.616597698004617346e-08
8.379003294608162695e-10
1.930471929794377343e-10
-8.823627429830833332e-11
2.352598923832755257e-11
-5.193163727098300524e-12
1.026446756326919799e-12
-1.867125583284588865e-13
3.222099036093852253e-14
-4.903340393021084482e-15
7.044114475710243524e-04
-1.323796896047995915e-03
1.100421180386413570e-03
-8.136080123007475044e-04
5.392863026791170538e-04
-3.234953131257304010e-04
1.774197863731130599e-04
-8.990994812895224423e-05
4.254895260271240317e-05
-1.900135478758942004e-05
8.088833962774469874e-06
-3.313914577826600805e-06
1.318075785881178610e-06
-5.128683783426675544e-07
1.965083775648919300e-07
-7.465074921660567464e-08
2.860228314966252062e-08
-1.214030681037838869e-08
3.975848701830095825e-09
-1.822751204135936054e-10
3.472196322798847400e-10
-2.997833650375908303e-10
2.340537672145906508e-10
-1.645252450563999541e-10
1.034073739394068530e-10
-5.749684214253759942e-11
2.781203357300130933e-11
-1.137841048531037139e-11
3.729810283180932575e-12
-8.547156834551764209e-13
6.262818044564811775e-14
4.613582265089683294e-14
-2.039000765187532965e-14
1.665495499794355171e-15
1.590665575114250605e-15
-5.571886704568274083e-16
-6.676629029350337952e-17
7.532726415820228319e-17
4.862927365245627853e-01
1.881695172413966853e-03
-4.252297884399169657e-06
9.372052388140491171e-09
-2.113857233768057195e-11
5.539798705897650233e-14
-1.683778584042179857e-16
4.353361821204072192e-19
-4.701979327507019736e-18
1.427192589755231204e-18
6.957119164322748128e-01
1.882693361421018119e-01
-3.449835946165764194e-02
-4.717913684520761916e-03
7.089498255074090823e-03
-3.110632265120018281e-03
6.317493238645936976e-04
1.170052173589235256e-04
-1.499879761539404206e-04
5.818195124389562796e-05
-7.137791201155215646e-06
-4.786845789453759398e-06
3.214243931996940289e-06
-7.799372608977380282e-07
-1.072175364893868232e-07
1.553699770258424891e-07
-4.844121042820932490e-08
-7.715899600153464004e-09
9.614776681713275364e-09
8.912963749883321407e-01
3.517667210775088371e-02
-5.660940089248512816e-03
9.012760593279083715e-04
-1.409972428923816012e-04
2.150577187738563837e-05
-3.168281052669496214e-06
4.448444247957427323e-07
-5.812595929299470906e-08
6.701277090516438538e-09
-5.745564529022828460e-10
-3.450802233499928917e-13
1.665187088501970370e-11
-5.553458802831209178e-12
1.372546321640250383e-12
-2.968572993056679216e-13
5.909060563979931571e-14
-1.136457394671479830e-14
1.941482494924001229e-15
9.643708012157794496e-01
2.673181877598299061e-02
-1.002806569704414036e-02
3.761823395617186223e-03
-1.411122165198212429e-03
5.293003521768503087e-04
-1.985126522699416445e-04
7.443658114173058022e-05
-2.790249460184319704e-05
1.045400533716076894e-05
-3.913867200597522817e-06
1.463825669200980919e-06
-5.467487364000072492e-07
2.038687511417951756e-07
-7.587644176602608668e-08
2.822707112401782079e-08
-1.063332137050860559e-08
4.439733677529297729e-09
-1.438324138573939268e-09
9.918886430897025930e-01
8.094875020438818680e-03
1.644839944547130727e-05
3.342236212845968934e-08
6.791264365924292322e-11
1.379952466989734265e-13
2.804018891929277335e-16
5.684319334841693285e-19
1.476513599869913242e-21
-9.131292693902842021e-22
7.535497129359443481e-22
2.244943556893705183e-22
-2.403262437208991499e-22
-1.925445447399132837e-22
3.941165019956562845e-22
5.794084857533662482e-23
-2.897114502330541753e-22
-4.241097883739572422e-23
9.072742405370314575e-23
1.233880631714964871e+00
-5.871768238925548916e-04
1.292154015406484381e-06
-4.581053536611347570e-09
1.905511063510087122e-11
-7.651273218438715599e-14
2.944990971105639419e-16
-3.430891771894179377e-18
-2.897649920756296012e-18
1.960659891386490699e-18
1.150900250171539074e+00
-8.084883063006419179e-02
8.504687296397873617e-03
3.997069144999206881e-03
-2.421141263525784446e-03
5.768209482900566376e-04
-8.654539134129805020e-06
-3.509506662036015681e-05
6.631171876086766007e-06
9.497589641750930424e-07
1.110085424531072750e-06
-1.934310029069332731e-06
1.032411248970330655e-06
-1.402272693177005637e-07
-1.704822999755970938e-07
1.377456224635218927e-07
-4.416695524215342178e-08
-8.421784521398305523e-09
1.074054873546295018e-08
1.057460213291216755e+00
-1.942318778125685236e-02
3.199467216768653050e-03
-5.041816391266445421e-04
7.439586586122925462e-05
-9.988653707047015059e-06
1.154085079667065627e-06
-9.612287734783766350e-08
-5.191802295566954543e-10
2.706297999639653071e-09
-8.314522038136156460e-10
1.877649647270947335e-10
-3.646202429724266272e-11
6.352667307045978870e-12
-9.998261473645704493e-13
1.393288336446936590e-13
-1.596168588628260972e-14
1.004879880879603273e-15
1.246493715820329147e-16
1.018247770130480845e+00
-1.393928376618889728e-02
5.323644134875240089e-03
-2.032881058084932968e-03
7.760472096635388957e-04
-2.960973876472143443e-04
1.128729818820500309e-04
-4.296541619891690978e-05
1.631927819036747132e-05
-6.179122701184300740e-06
2.329736324400887097e-06
-8.735477310414559216e-07
3.252895684313278555e-07
-1.201278644447190699e-07
4.393744514721308004e-08
-1.591263992502332954e-08
5.760832403576408632e-09
-2.270507434309315044e-09
7.055773206205460475e-10
1.004080470277637804e+00
-4.080470277637882406e-03
-8.494371131973395180e-20
7.463118171387087650e-20
-6.235096511136676879e-20
4.944068149603961383e-20
-3.712676736608775606e-20
2.636676074518504478e-20
-1.768457532253140374e-20
1.117280003482396856e-20
-6.625023166598767850e-21
3.672857685257694790e-21
-1.894640230501136722e-21
9.026905957010821707e-22
-3.931199982474838701e-22
1.542991100782436391e-22
-5.336869516919593733e-23
1.612929361449449932e-23
-3.521614134362334515e-24
7.047047004610584864e-01
