6.257937422573865982e-01
-2.515773938736052227e-03
3.904970834619426473e-06
-4.554650209360316508e-09
2.656149445498774954e-12
2.446755372128839355e-15
1.853825864277981987e-17
-4.474646682452368236e-18
-1.262762894658670441e-18
1.972720477018681004e-18
3.027200604156621289e-01
-2.954833644053669883e-01
5.444698196499603987e-02
1.318014749612477290e-02
-1.268717136181589204e-02
3.977848690684164350e-03
-1.562183394724571037e-04
-4.300528817217327848e-04
2.002940987701858273e-04
-2.773013951259014736e-05
-1.482120540967700220e-05
9.711359437068834156e-06
-1.891423627482869826e-06
-6.052031945249321373e-07
5.234158358884727540e-07
-1.281315009864389647e-07
-2.340446716095232280e-08
2.947841725612219448e-08
-9.159611563416454343e-09
2.775158291982460571e-02
-2.773766172234545455e-02
8.109128496859727142e-03
-1.758952582465786799e-03
3.173630475829683040e-04
-5.058078817861995905e-05
7.280274888797233291e-06
-9.309516920655293853e-07
9.697674285073531429e-08
-5.207436228996717100e-09
-1.052732699918419494e-09
4.886632937009630391e-10
-1.283650406544536923e-10
2.765012787069187194e-11
-5.287826307136030580e-12
9.205453852494375577e-13
-1.462284456221288748e-13
2.107350170933803314e-14
-2.527711406053250350e-15
9.333749433591621066e-04
-1.747683857374751366e-03
1.437449041635373032e-03
-1.045248454385383410e-03
6.780954166778318647e-04
-3.966827625059676896e-04
2.116588357859965758e-04
-1.042164268429601943e-04
4.790560823127453942e-05
-2.079316286240109847e-05
8.615218358146479956e-06
-3.442124979929171555e-06
1.338250057932903616e-06
-5.101942305510285318e-07
1.919264525879582781e-07
-7.168020587422919637e-08
2.700143520751657481e-08
-1.124861161484637390e-08
3.640508644098305652e-09
-3.843099739860922408e-12
7.304237546238326880e-12
-6.262960586462314582e-12
4.831949014666655484e-12
-3.337466767533127924e-12
2.047176902261903165e-12
-1.101120833512669699e-12
5.087977052983597059e-13
-1.947857347194697153e-13
5.725990231091198692e-14
-1.021043086417668991e-14
-5.480160509825744765e-16
1.037296305052997439e-15
-2.663297831346551846e-16
-2.781068863310622279e-17
3.417628347291958232e-17
-4.446486687883044007e-18
-2.853435068856361234e-18
1.006032502565160927e-18
5.407112264113674849e-01
1.386584989301342186e-03
-2.602852437350970050e-06
4.663440789908414749e-09
-7.869478374494580911e-12
1.338476759712630791e-14
-1.594994762870443401e-17
-6.843912930718462838e-18
2.792257851957569903e-18
-1.234329208137707491e-18
7.159094194055964921e-01
1.631870485127648041e-01
-2.463927084158356456e-02
-6.002124109344550082e-03
5.887079928894665103e-03
-2.123170156070484840e-03
2.727515928908804386e-04
1.455126010958948321e-04
-1.042222556893744915e-04
2.923259081340061089e-05
3.313982039041182654e-07
-3.958065574826257040e-06
1.683029601256687973e-06
-2.036117280812135485e-07
-1.343190673106213066e-07
8.190977947170874662e-08
-1.536055276825875131e-08
-6.117487767347670107e-09
4.179780615574072614e-09
8.934665493153924887e-01
3.440032148691866964e-02
-5.493543703336406514e-03
8.599932164450565164e-04
-1.306294808710170769e-04
1.903270471711016084e-05
-2.619047062521512336e-06
3.310607886867429214e-07
-3.597460472689106029e-08
2.624910686439198145e-09
1.355041409574074137e-10
-1.167931184113639189e-10
3.434159463776907718e-11
-7.946325294959717756e-12
1.629690096645102810e-12
-3.076900606741000348e-13
5.420619016685270978e-14
-9.111985351514009489e-15
1.356016479094790529e-15
9.650750343691203437e-01
2.621249497706369669e-02
-9.836447016077115232e-03
3.690987733425534455e-03
-1.384831004578894551e-03
5.194677968181702753e-04
-1.947874417756774315e-04
7.299681512241474636e-05
-2.733059354142133184e-05
1.021920003911030334e-05
-3.814075566387992468e-06
1.420094437002192764e-06
-5.271491309727116984e-07
1.949730038610038219e-07
-7.182245749913973028e-08
2.637799444390671174e-08
-9.775844438332829420e-09
3.996254088710692552e-09
-1.276216495859264015e-09
9.920517193137987633e-01
7.932455465162703209e-03
1.579371263681461336e-05
3.144566773172642381e-08
6.260909273553145324e-11
1.246562318655654475e-13
2.481941868459548134e-16
4.955468976766117766e-19
4.539208654741809795e-22
5.980170720720691019e-23
6.199134851610314344e-23
-4.666973256698899584e-22
3.401320931298147397e-22
-2.805667917445409143e-24
-8.099130305534427197e-23
1.734598099334980090e-22
-1.068551494224824065e-22
-4.253590479042001606e-23
1.485208287749188160e-23
1.207400747879532554e+00
-4.011354319771220965e-04
5.812431702500131499e-07
-1.377282270507356196e-09
4.510645143559497431e-12
-1.498181872760762664e-14
4.646071215793713147e-17
-8.593052123880833454e-19
5.082262533232799530e-19
-9.109712452339702895e-19
1.139742840492305564e+00
-6.841322713264945399e-02
4.855601441207960112e-03
3.949461628842106456e-03
-1.853791849701334933e-03
3.055713232759665757e-04
5.378305532634236060e-05
-3.907385062403037715e-05
5.376838280772949617e-06
1.611181243080161254e-06
-1.211639312597731201e-07
-6.323354868076940307e-07
3.286530799377874654e-07
-3.154720714785596047e-09
-7.679050263953068963e-08
4.268082910872174633e-08
-7.364083481930178254e-09
-5.628508605635730409e-09
3.718156956530956726e-09
1.056172577572653815e+00
-1.884838054230265902e-02
3.049281691461292344e-03
-4.642641422774793341e-04
6.460500372357118380e-05
-7.837571707930899480e-06
7.312932566865947274e-07
-2.161686887049604962e-08
-1.219645933760538724e-08
4.275832316719830691e-09
-9.899794147918415574e-10
1.913693184310663461e-10
-3.262097433816708579e-11
4.935067225884277387e-12
-6.420088075906850122e-13
6.341016373421863744e-14
-1.699039148916567043e-15
-1.435578160187710916e-15
4.772839335811078569e-16
1.017878143191236262e+00
-1.365621468576093227e-02
5.214917364302716803e-03
-1.990862440271878777e-03
7.596282488096837244e-04
-2.895649625274580407e-04
1.102051245187684036e-04
-4.183914860550288665e-05
1.582647547302798880e-05
-5.956450634665263833e-06
2.226794798439700293e-06
-8.254331318018201044e-07
3.028095298000004718e-07
-1.097210166633996044e-07
3.918954418106304900e-08
-1.377779568785511794e-08
4.797889477503453130e-09
-1.790650037656822718e-09
5.339371985455278545e-10
1.003997953059822645e+00
-3.997953059822536952e-03
-3.265748972447019365e-22
2.973571932247782813e-24
1.420558197683897955e-23
3.794107475414362469e-23
-2.848261283740382332e-23
4.772184941709895518e-24
-4.879304584460062010e-24
7.920462321383099822e-24
-3.216541673253003812e-24
2.931039968394872848e-25
-8.312415323346896572e-25
6.854288451355901662e-25
-1.649997550908217767e-26
-2.114850697525573947e-26
-6.848333374403263626e-26
9.066300777867798452e-27
1.227142134498023351e-26
7.374240979250443750e-01
