4.139040957934460030e-01
-8.559726374732796583e-04
7.695723159693069791e-07
-6.461620512044310154e-10
4.949716144146358284e-13
-3.257307058851829329e-16
1.596082202581794514e-19
-1.771485918210295130e-21
-7.925326697474683624e-22
1.890645897300664379e-21
2.491414171070096550e-01
-1.705006970168022606e-01
8.864468870015542595e-03
1.120962849691987603e-02
-4.161085401014240175e-03
3.949905817399631245e-04
2.082514351860183070e-04
-9.431811187084789948e-05
1.170664685055477458e-05
4.023096827161975672e-06
-2.097796257865070440e-06
2.801803249200155515e-07
8.878194331268275399e-08
-4.730828740095367122e-08
5.796748939454599392e-09
2.324298994153617318e-09
-1.117013610979237301e-09
7.045717394361372646e-11
7.276058928118678859e-11
4.625129710925606624e-02
-3.824369058298930646e-02
8.885890625052966438e-03
-1.483301108821725956e-03
1.932718034502780831e-04
-1.877644813376527259e-05
7.355737838068326311e-07
2.379819038004390796e-07
-8.585615002513733009e-08
1.884705558918936926e-08
-3.309035600398046573e-09
4.859590334255541285e-10
-5.755373247866575548e-11
4.402233141879696078e-12
1.866149953663624687e-13
-1.675366714535697121e-13
4.422962589885240850e-14
-8.824483660206266124e-15
1.386623649941557014e-15
2.456252388260008260e-03
-4.518223830883199947e-03
3.531693137151668306e-03
-2.373877284351831943e-03
1.393529513652382252e-03
-7.265298272642774354e-04
3.421460024965420764e-04
-1.479621389775063328e-04
5.969406621549234624e-05
-2.280190668105893756e-05
8.356288159928846877e-06
-2.970336226744573806e-06
1.032195947411650449e-06
-3.521289734010364814e-07
1.179505316253087470e-07
-3.864278430813991356e-08
1.232768888742913907e-08
-4.031561683809544454e-09
1.070427529150657722e-09
1.070647027493555666e-08
-2.014588882526474768e-08
1.675208821544432400e-08
-1.225362464943719495e-08
7.814454396139729020e-09
-4.279190390059005549e-09
1.959708566482060916e-09
-7.134874757069138306e-10
1.825676943831875376e-10
-1.808072587463985360e-11
-8.714734147585316750e-12
4.217313242575042027e-12
-2.477265864504225040e-13
-3.867368695660843924e-13
1.015837099601674678e-13
2.977271460809614823e-14
-1.697787571172873471e-14
-2.014431800745370559e-15
2.439201614017162123e-15
6.907544657955465572e-01
4.151069456747306279e-04
-3.754494111413258304e-07
3.492955342292320060e-10
-3.173178312027837239e-13
2.751826137051511763e-16
-2.286663628861227394e-19
2.721826942410982572e-21
9.090585829229585921e-22
-1.407453426154193710e-21
7.743435558810450869e-01
8.829361318009817938e-02
-2.068477740123076964e-03
-5.264616705127744128e-03
1.853426942880755058e-03
-1.997316434338011694e-04
-8.203266827857847452e-05
4.309022253958485262e-05
-7.290485486825680928e-06
-1.210895778454844471e-06
9.914425059886281333e-07
-2.120894163615987501e-07
-1.635377484617498840e-08
2.265569181633723949e-08
-5.517079620047297465e-09
-2.301386191321464752e-10
5.226900225820033030e-10
-1.179976080974742608e-10
-7.153383964362165135e-12
8.949177696933641180e-01
3.258618796984026622e-02
-4.727608462842648220e-03
6.183995532578938706e-04
-6.896966832438409850e-05
5.610008854761575586e-06
-4.187821449373501021e-08
-1.132288069876129396e-07
3.289651589154126055e-08
-6.752461119420513754e-09
1.164369645292322478e-09
-1.747810719368454983e-10
2.243358574785559314e-11
-2.223500988677486080e-12
8.732262756476639933e-14
3.138377101788577761e-14
-1.166864160077694982e-14
2.756505657246211506e-15
-4.951457739470607487e-16
9.651379901708760922e-01
2.615336968392215425e-02
-9.803889344678995074e-03
3.670567586390462676e-03
-1.371219078351571235e-03
5.103770418051154769e-04
-1.889035400991618771e-04
6.935979024201438807e-05
-2.519384594176750987e-05
9.026160990975622950e-06
-3.179638909015762035e-06
1.097727985012402541e-06
-3.700579064918730852e-07
1.212631758381847268e-07
-3.837169296849415871e-08
1.159359507874586491e-08
-3.273843406208725226e-09
8.561112639182246760e-10
-1.741436365458453817e-10
9.920638165131374642e-01
7.920406422799385407e-03
1.574569939656889084e-05
3.130231378939272097e-08
6.222895959703791308e-11
1.235389777879101300e-13
3.645593214698194197e-16
-7.584124733653690290e-17
4.540510083538762136e-17
-2.481459278216091977e-17
1.235480093876233898e-17
-5.535402809643939977e-18
2.189994498684739577e-18
-7.408570532371004083e-19
2.007688534483368266e-19
-3.615667741215468005e-20
5.626456049176654107e-23
2.978068329937060871e-21
-1.046775550545280424e-21
1.145364680965343496e+00
-1.342080978821992804e-04
7.294229439288510207e-08
-3.660197307814942308e-11
1.777624322034090044e-14
-1.473882827859150333e-17
2.774508574985663148e-20
-7.650913852510333470e-22
-9.350429081341083097e-23
3.261665595410294456e-22
1.111756316406527390e+00
-3.735451460396424506e-02
-1.179474130061371195e-03
2.285389497684532558e-03
-4.768701078930140825e-04
-2.296598668412430842e-05
3.385819448028110903e-05
-6.025809228035335663e-06
-8.425747784045992381e-07
5.502916658421502168e-07
-4.603867714447252604e-08
-3.082232841502059584e-08
8.750408660532584379e-09
1.131538888079339992e-09
-1.041920854360622308e-09
1.017779209000646444e-10
8.794969089877193724e-11
-2.900349812220471991e-11
-1.405112930010327411e-12
1.054959258797899535e+00
-1.732921944590056634e-02
2.438700162154308453e-03
-2.854771828234892758e-04
2.334748559153763766e-05
-1.136146412731880671e-08
-5.007080302558947305e-07
1.324061637335265720e-07
-2.411732658447787148e-08
3.481504572961973209e-09
-3.871835426950785668e-10
2.394116454083780376e-11
2.694597663974197524e-12
-1.338569548750344526e-12
3.095574995103796244e-13
-5.395276994142458467e-14
7.479163389168571384e-15
-7.399637278242813093e-16
2.255746957002115114e-17
1.017839853624699087e+00
-1.361429047699803767e-02
5.188249481471954132e-03
-1.972433805299094334e-03
7.467176815751337205e-04
-2.807745400069009225e-04
1.045016164628518565e-04
-3.833816953465463004e-05
1.379600926908936640e-05
-4.842108374415177299e-06
1.646446975812158551e-06
-5.376221225060260993e-07
1.663815585148082804e-07
-4.766793247668050839e-08
1.199449349243176877e-08
-2.224631312855904182e-09
-5.125594856798478856e-11
4.256086965271145521e-10
-2.183958348539883494e-10
1.003991838388782698e+00
-3.991838388782489866e-03
-4.201443580682702648e-16
3.573346038763830011e-16
-2.843700929179978272e-16
2.113667091672182254e-16
-1.463655873529816503e-16
9.410510013903498128e-17
-5.592093220141335849e-17
3.052333979934021611e-17
-1.517225400780445504e-17
6.783042525116008583e-18
-2.675570231903304462e-18
9.010669620068045219e-19
-2.422779023793371646e-19
4.274273071765039993e-20
4.185735927309492572e-22
-3.734235048015542764e-21
1.278790224183604412e-21
8.310674081330315932e-01
