1.584120932450172070e+01
1.439150382977685183e+01
1.317831113369106255e+01
1.216228272312540071e+01
1.128392731591897657e+01
1.052371207337128745e+01
9.842026383557714198e+00
9.239250229441759998e+00
8.715720018687710180e+00
8.251714809233055448e+00
7.827475225542649184e+00
7.443216670388584255e+00
7.099112521334313364e+00
6.795295959968659538e+00
6.511852983520624250e+00
6.248851056312367369e+00
6.026338946817849873e+00
5.804318448254614182e+00
5.622806792995361569e+00
5.441781528421804737e+00
5.283730515482042200e+00
5.133626462547654867e+00
4.996441590763400775e+00
4.869644117569517761e+00
4.750700734414230020e+00
4.639576440449480366e+00
4.538733608429072142e+00
4.443135784610057648e+00
4.352743818791704911e+00
4.267516670832987913e+00
4.189908956807847140e+00
4.114878905249411467e+00
4.042378787065366019e+00
3.974854518880763798e+00
3.912250506773717440e+00
3.852010951394414739e+00
3.791577113682880196e+00
3.735873544632177357e+00
3.682331795793238438e+00
3.630874750684897734e+00
3.581420516120225717e+00
3.533882719784711579e+00
3.488171105077003453e+00
3.444192541339538671e+00
3.399359052963589978e+00
3.358564801340282457e+00
3.319228161255496357e+00
3.283766280074092769e+00
