4.105677635484814014e-01
-7.263856173501829832e-04
4.906800980652476182e-07
-2.554685748541128008e-10
6.890510127462676385e-14
5.542670526787745745e-17
-8.906935714081763061e-19
-6.266705439000702219e-18
2.459959839382787754e-18
6.014131990802679189e-19
2.537795928664010603e-01
-1.665557446932482699e-01
4.214094422945478813e-03
1.157540624143794765e-02
-3.374092803120401756e-03
3.782918606206426090e-05
2.313872877538566573e-04
-5.759325897569167653e-05
-3.722043968222147456e-06
5.074276993004132393e-06
-7.746088205429790162e-07
-2.483085697613324054e-07
1.161714145408864755e-07
-2.392080834099529916e-09
-1.013648787754962558e-08
2.486743156290690989e-09
3.917341586472981266e-10
-3.078791433634643022e-10
3.846246256620927329e-11
4.778266481811962313e-02
-4.067014341442053843e-02
9.600276755801511255e-03
-1.587345926622923996e-03
1.958897462855074931e-04
-1.585670981075378220e-05
-2.552791898254662342e-07
4.554980015061038507e-07
-1.235190660120671857e-07
2.399678181382172118e-08
-3.762337601915413757e-09
4.663553305243008943e-10
-3.642018347114763773e-11
-1.850665887873113667e-12
1.538235685745785646e-12
-4.052170083305372606e-13
7.792326866261223955e-14
-1.204904037452159982e-14
1.396811743614561254e-15
2.344399987367816462e-03
-4.335055593353810514e-03
3.438474827934159990e-03
-2.361935409993771041e-03
1.423098715023557318e-03
-7.627711681225285726e-04
3.689623313037570206e-04
-1.633481376595354181e-04
6.709280583381950036e-05
-2.589567739173208457e-05
9.502847382639188878e-06
-3.349096707008188967e-06
1.142292278681041805e-06
-3.786868988347406814e-07
1.219968720258861634e-07
-3.793916832018095586e-08
1.121305361329713491e-08
-3.185950162883085534e-09
7.205308990280268703e-10
4.551827005619304524e-09
-8.596085878229754998e-09
7.227896443398452204e-09
-5.390524818826718415e-09
3.539709830859248997e-09
-2.021638575958521613e-09
9.839385638964868137e-10
-3.934246184352853283e-10
1.195961383724437958e-10
-2.168663612034384633e-11
-1.333537061160681609e-12
2.288829637996070720e-12
-5.370607964749186186e-13
-9.314354017519415648e-14
7.807724146700615289e-14
-4.129929283162406669e-15
-8.827263056306998976e-15
1.351424625312138981e-15
9.857107495807737365e-16
6.084520582717060089e-01
4.855676957685778512e-04
-3.885693899352159577e-07
3.113889242010614694e-10
-2.430347003437006252e-13
1.954731351945194191e-16
-5.691202419610616899e-18
1.710777419885692709e-18
5.727579475141098000e-18
-4.386862719875089356e-18
7.113729761500502402e-01
1.099265859561273095e-01
-1.368599745840576440e-03
-6.738370857884869516e-03
2.131935351174799043e-03
-1.495821360230472556e-04
-1.142339756118884925e-04
4.487905000821275543e-05
-4.390128529432850090e-06
-2.119018388551114107e-06
9.127405225416212357e-07
-9.011736120567074154e-08
-4.259835818806700683e-08
1.716742082281707171e-08
-1.182430455493852551e-09
-8.970549050257923717e-10
2.715824350985966179e-10
8.004590901217939885e-12
-1.848038080103277752e-11
8.639430958456435494e-01
4.188098153089264697e-02
-6.072662243292038797e-03
7.954384206593109697e-04
-8.786434559737757693e-05
6.662713239258063860e-06
1.346377730251226677e-07
-1.916779016124897251e-07
5.117174273264660087e-08
-1.004023369593658703e-08
1.645093121434878977e-09
-2.280607003554758557e-10
2.502777271411788252e-11
-1.490230790883813984e-12
-2.135939040461380440e-13
1.029734534780293295e-13
-2.500505605325086504e-14
4.795953277960051811e-15
-7.291417721554519122e-16
9.545437748553126101e-01
3.392297779491328796e-02
-1.265308015372603595e-02
4.715849305964928996e-03
-1.755067295953767047e-03
6.515411811588818968e-04
-2.409061148109351328e-04
8.853964874364550139e-05
-3.226458149034544607e-05
1.162346777127053539e-05
-4.125871076703611070e-06
1.437550605240961474e-06
-4.894754847610423107e-07
1.619522376847617693e-07
-5.164823373846779322e-08
1.565771989880690648e-08
-4.390453707904747017e-09
1.103984283598926967e-09
-2.076190272488463691e-10
9.895979155370276947e-01
1.037496308045829721e-02
2.705066886115318724e-05
7.052928090055201500e-08
1.838912130105544305e-10
4.794364239713227351e-13
1.266826394160647437e-15
-7.843930545117985862e-18
6.865034423639868458e-18
-3.924668758335880709e-18
2.068939047033063963e-18
-9.941511538268826570e-19
4.311823548634909375e-19
-1.655283594475526249e-19
5.413911374125241342e-20
-1.398881214010905880e-20
2.197602010215497530e-21
1.013521359981882564e-22
-1.461665599000505154e-22
1.202501536913521685e+00
-2.219446077441724664e-04
1.675127022557386791e-07
-1.492267207796071078e-10
1.520841206944130600e-13
-1.748133758182352833e-16
4.592685666545114323e-18
3.761797536007908804e-19
-1.902847708830090252e-18
1.024618645503857214e-18
1.152302653794859078e+00
-5.466929758085353752e-02
-5.814748098530090996e-04
3.280963380015744588e-03
-8.545583174929618792e-04
3.439410530242491141e-05
4.318322740709369472e-05
-1.479164475998488864e-05
1.866514543972903914e-06
3.230798134016988258e-07
-2.430798781740435234e-07
7.289628632392413789e-08
-9.739965302014605385e-09
-3.254193599521928709e-09
2.514186830567190015e-09
-6.704628717241999225e-10
-1.700723238483917180e-11
8.035967840706090684e-11
-2.590944552324746588e-11
1.072534464650582331e+00
-2.319797960534073292e-02
3.358817445245099523e-03
-4.135258877590687132e-04
3.792765503446678333e-05
-1.096654815243046482e-06
-5.310339059024287318e-07
1.635490196429917037e-07
-3.153664783711562386e-08
4.736465017712244274e-09
-5.536312930774760840e-10
4.041593240092328099e-11
1.871124230319259876e-12
-1.434531248002511960e-12
3.397851276510281080e-13
-5.689564996907348749e-14
7.047722614645021653e-15
-4.657018640154911513e-16
-4.606794206097849727e-17
1.023431879300793712e+00
-1.788798156891021826e-02
6.822030900617316596e-03
-2.597421910769988004e-03
9.859902186176658107e-04
-3.724288848465165933e-04
1.395949803401258559e-04
-5.174104722931658609e-05
1.888447664571706768e-05
-6.753500652758100463e-06
2.352753602552190292e-06
-7.927065866425820763e-07
2.557637237342337955e-07
-7.779338308377461592e-08
2.164595668731985904e-08
-5.105031214670456863e-09
7.136598423836651801e-10
2.660383736759885442e-10
-1.999386068110815256e-10
1.005241904151324084e+00
-5.241904151323835762e-03
-6.954347707897338005e-17
5.975173430867569892e-17
-4.825148005623139804e-17
3.656559712823100000e-17
-2.594963714636694547e-17
1.719910152396806687e-17
-1.060818510801859271e-17
6.059804479874048284e-18
-3.185348411902889252e-18
1.527116653867699723e-18
-6.591746751091640246e-19
2.510778556070153291e-19
-8.150487794734811885e-20
2.096621466991013631e-20
-3.375637114644479292e-21
-2.995979857828818885e-22
3.369013149675644040e-22
8.024386178075282317e-01
