4.233211261871899223e-01
-7.914048672505620552e-04
5.609702426151132659e-07
-3.026398032662912277e-10
8.307946839632029098e-14
4.198810068862593597e-17
2.504443639814428027e-18
1.515735135585519131e-18
-2.889217610538803018e-18
1.089738088949975433e-18
2.573717420675925571e-01
-1.748283283906208185e-01
6.126066124641844045e-03
1.218982356250659232e-02
-3.817987160457324627e-03
1.066482105327603869e-04
2.570077595115326740e-04
-7.118029805329068624e-05
-2.759777738442916235e-06
6.144451248371525982e-06
-1.111021950983527898e-06
-2.811004787388949865e-07
1.584845301520101690e-07
-8.421314666785507967e-09
-1.344126429782159431e-08
3.977002101859366013e-09
3.887141876858738279e-10
-4.717396173245838075e-10
8.312867805064390118e-11
4.599297672183495084e-02
-3.984760982053155848e-02
9.624849270962560974e-03
-1.639608181007584870e-03
2.119444740571488578e-04
-1.918820314703986987e-05
2.860715581462158402e-07
3.887160177518582146e-07
-1.193977840241189510e-07
2.481894827217362814e-08
-4.160455384686738782e-09
5.681183484178184413e-10
-5.635183231308138875e-11
1.286903306899381603e-12
1.169484359068684046e-12
-3.871630313209814479e-13
8.388523369462252400e-14
-1.463573570388592787e-14
1.991017841916310133e-15
2.173119060547484393e-03
-4.024507286759699404e-03
3.206256344949998463e-03
-2.217542609032839649e-03
1.347882808105525104e-03
-7.299119477621087825e-04
3.571089322556075330e-04
-1.600403956294857346e-04
6.658034763905045677e-05
-2.604067903086156288e-05
9.687935381792186235e-06
-3.463675880626378893e-06
1.199806776995261542e-06
-4.048053769105660744e-07
1.332327302135230425e-07
-4.263983291519181185e-08
1.318196343026770172e-08
-4.099410064458131136e-09
1.035294656224307548e-09
3.377449048758480754e-09
-6.383332896866590430e-09
5.380359676601591361e-09
-4.029603893138904733e-09
2.662867492689587392e-09
-1.534660265404564519e-09
7.566213985030979302e-10
-3.084271320997448635e-10
9.690118549509882445e-11
-1.910537017304028585e-11
-3.122992091155858203e-13
1.716245437104244235e-12
-4.773096978012609763e-13
-4.596782736346438543e-14
6.096662105866727043e-14
-6.708796353793730247e-15
-6.183143687385779502e-15
1.390181003478716905e-15
6.220701445300132807e-16
5.947754724189570075e-01
5.377235310028153281e-04
-4.603569381716864160e-07
3.950889608178365186e-10
-3.325312020058825758e-13
2.716596125404620873e-16
1.065449542910075606e-17
7.368453197121748167e-19
-7.988812955970058311e-18
4.986301203517636848e-18
7.048255861197795236e-01
1.164973727842020940e-01
-2.592484160437061574e-03
-7.108467734916672914e-03
2.428747849100785974e-03
-2.187293788081988921e-04
-1.212293377845103108e-04
5.434524346510223412e-05
-6.848558764533124952e-06
-2.225765069486544365e-06
1.170759648028252390e-06
-1.580280786058399274e-07
-4.496408935014725736e-08
2.336334329877729213e-08
-2.616635151540692421e-09
-1.004620625643255746e-09
3.943708810960061900e-10
-6.064510449999059559e-12
-2.395787959530042289e-11
8.632099533610455566e-01
4.230802944976405633e-02
-6.207851695551027706e-03
8.325136161932072476e-04
-9.631981997441774863e-05
8.278841933086527599e-06
-1.241512001616285195e-07
-1.584536008077254326e-07
4.844425317500562096e-08
-1.017798958292070579e-08
1.772142130349583918e-09
-2.646088048959512574e-10
3.287893596196816784e-11
-2.892268015930136063e-12
-4.305017634111587532e-15
7.887864948836655545e-14
-2.371665009265940879e-14
5.160301070537542896e-15
-8.731003883015408157e-16
9.543579272951642212e-01
3.406053742861821915e-02
-1.270496213406746740e-02
4.736129842276402650e-03
-1.763456952277658038e-03
6.552713547278468361e-04
-2.426857915514115185e-04
8.943244595063223673e-05
-3.272234922343786312e-05
1.185746846792570499e-05
-4.243141065414285795e-06
1.494632498325515178e-06
-5.163504243551472473e-07
1.741797467705185755e-07
-5.703110659807236528e-08
1.796056338989755810e-08
-5.365431211614977050e-09
1.553707964755189008e-09
-3.610121862380733701e-10
9.895548218943518437e-01
1.041783124648395023e-02
2.727526146636204916e-05
7.141024559274106105e-08
1.869614930500597773e-10
4.894779341123926420e-13
1.290096356700695232e-15
-2.354562953616148709e-18
3.564642870563363792e-18
-2.055641925252396250e-18
1.095617089097842508e-18
-5.340322837024617555e-19
2.360419248025385642e-19
-9.317077524651782828e-20
3.154486400724847774e-20
-8.551491999471953788e-21
1.475653588432175682e-21
2.491015908210661839e-23
-2.203208468167318957e-23
1.210312205648518491e+00
-2.485172119971439803e-04
2.048124900761845771e-07
-2.009756622538362977e-10
2.249897764040403673e-13
-2.695889901447246119e-16
-3.113382313289982759e-18
2.091578200861745527e-18
1.158401574387783749e-18
-8.289410465826003483e-19
1.156248100150834013e+00
-5.834162815311613737e-02
-3.483257482380576367e-05
3.500890418534789283e-03
-9.932244798495108370e-04
6.302338686077134605e-05
4.558595764869000739e-05
-1.820352660740614121e-05
2.953219688016271295e-06
1.929980301474140358e-07
-2.917599492629877824e-07
1.087826689414791744e-07
-2.082560925489495644e-08
-2.550035174619082219e-09
3.591101867113776171e-09
-1.216044940035051524e-09
7.322874608268635886e-11
1.157716566517474994e-10
-4.794687571119324902e-11
1.073009277262508609e+00
-2.351835667616290759e-02
3.460619652780963680e-03
-4.397151362502717264e-04
4.331557386396024537e-05
-1.983078898370592604e-06
-4.199471282357571777e-07
1.556492129906881678e-07
-3.231283645083228055e-08
5.185900796632307737e-09
-6.647682268094691949e-10
6.074055685024173549e-11
-1.040101682433569786e-12
-1.139879796864390611e-12
3.334166637371124712e-13
-6.303485146534141314e-14
8.974829198834286122e-15
-8.525486557732195335e-16
9.353780738801250495e-18
1.023531504457535712e+00
-1.796610696313369337e-02
6.853569096487691428e-03
-2.610780400769790663e-03
9.920258794506961898e-04
-3.753458208285680576e-04
1.410789841344097005e-04
-5.251466654747623621e-05
1.928702604484601839e-05
-6.958636302217590415e-06
2.453968701476829994e-06
-8.407864515451348841e-07
2.777076624230797809e-07
-8.741754843851209066e-08
2.570814235649107737e-08
-6.760908206010554705e-09
1.375367993736203722e-09
-1.830684436558513778e-11
-1.072631802685698157e-10
1.005263791312733801e+00
-5.263791312733764535e-03
-3.744526833017488692e-17
3.224290995558405666e-17
-2.611940296588006172e-17
1.987642634364776877e-17
-1.418028828983760505e-17
9.459817248669303333e-18
-5.881172771158562736e-18
3.392073489786954970e-18
-1.804075506054706893e-18
8.774944052672093480e-19
-3.857395557483702289e-19
1.504943969166276603e-19
-5.054395611691054593e-20
1.375255053176931381e-20
-2.540623060276343061e-21
-2.991073879848718981e-23
1.789266997238967596e-22
7.957811294479325559e-01
