5.371201407133573413e-01
-1.717447709545029053e-03
2.328593609591188377e-06
-3.692696814591070707e-09
9.463288293312661960e-12
-3.351117342512745779e-14
1.153078939080526987e-16
-1.691907161787212534e-19
3.302871967195209396e-18
-4.753344880223223136e-18
2.791461494281757272e-01
-2.479255084388223007e-01
3.326717394354220675e-02
1.447465595097656085e-02
-9.106847268041414964e-03
1.914473151316912428e-03
2.365324176456376829e-04
-2.745949080395912391e-04
6.628492027595951337e-05
6.848374647555315205e-06
-8.321794649137830111e-06
1.172537856273533932e-06
8.229917503873433310e-07
-3.999056819553435683e-07
-2.074390869051504352e-08
8.600576353730369997e-08
-3.336162003183720490e-08
-3.728184500849500872e-09
6.420817531494626156e-09
3.082247686149051924e-02
-3.026941011004053578e-02
8.581059071124006246e-03
-1.776938868960265330e-03
2.995937959653128830e-04
-4.320310264610744723e-05
5.302560058119740404e-06
-4.941280050938206590e-07
1.174610211942120408e-08
9.808490853239025216e-09
-3.430843322329594154e-09
8.150138311063266295e-10
-1.624896844406924633e-10
2.859925496649338180e-11
-4.470002268283470977e-12
6.024442674377157692e-13
-6.245130511226622857e-14
1.819605392811223022e-15
1.138878543539871856e-15
1.075883078275546769e-03
-2.013654420412363047e-03
1.654018223720771664e-03
-1.199953320902039447e-03
7.757779777388438365e-04
-4.516539014939229620e-04
2.394507961212361479e-04
-1.169240749727967771e-04
5.318262106854108493e-05
-2.278261730670670424e-05
9.289755900878154726e-06
-3.641474910685675321e-06
1.384534160291230335e-06
-5.145223804114467655e-07
1.880500913612359995e-07
-6.798376506191030286e-08
2.465352258256415133e-08
-9.800163307097921874e-09
3.073024852892713156e-09
8.423974824702736470e-11
-1.601254376012124628e-10
1.373464201716710456e-10
-1.060281501835600370e-10
7.329912159784821091e-11
-4.501571397433636378e-11
2.425231892375611139e-11
-1.123124529971557542e-11
4.313367460278345524e-12
-1.274515884138102069e-12
2.301135029025549256e-13
1.092116475690361453e-14
-2.293260848479867914e-14
6.033372058157877341e-15
5.656588138956496786e-16
-7.596060739255210074e-16
1.058883241896930845e-16
6.225118743707198281e-17
-2.308110296839514110e-17
4.583052777861279514e-01
1.353791510250568165e-03
-2.329273346193561812e-06
4.450510873134679221e-09
-9.623706154073008452e-12
2.367613579027091669e-14
-5.302342609846829654e-17
1.968580575466703549e-18
-6.825153555437160120e-18
2.387400052610810199e-18
6.484494764012469492e-01
1.831180349297382159e-01
-2.153420931303568972e-02
-8.278989164333144801e-03
5.951758262146488246e-03
-1.747376272784167571e-03
1.141372695364164966e-04
1.441435238746126410e-04
-7.531585706974727875e-05
1.681263931239168250e-05
7.382500027321357772e-07
-1.965176680135574346e-06
7.208979641228320356e-07
-1.181920405141172121e-07
-5.231525917844292101e-09
7.436687662467912599e-09
-2.889408378089389464e-09
2.379948072217899236e-09
-1.222185861054924589e-09
8.589780949103789087e-01
4.462785728310887656e-02
-6.959444519292415018e-03
1.055895163956941394e-03
-1.533458413540392706e-04
2.086460471563555291e-05
-2.565763199382817895e-06
2.615496056489128468e-07
-1.506134062782359075e-08
-2.128201977272287023e-09
1.066527948115870960e-09
-2.795143074006537550e-10
5.968101404260547373e-11
-1.132661182595203579e-11
1.962363005206109830e-12
-3.112854247555433033e-13
4.444975282455362662e-14
-5.423891923848128493e-15
4.726771887694104496e-16
9.532196077737806750e-01
3.489698973302000906e-02
-1.301567278684176085e-02
4.854148900409981787e-03
-1.810071742246206457e-03
6.747764973205690360e-04
-2.514300140184411083e-04
9.361252040898138148e-05
-3.481146687534025032e-05
1.292211282762836161e-05
-4.784735446516473416e-06
1.765757772987289766e-06
-6.488517109729696991e-07
2.371747799927436546e-07
-8.616026862121071235e-08
3.111547213010140455e-08
-1.128628356523133769e-08
4.481181164111139990e-09
-1.401459180297298540e-09
9.892896107070440204e-01
1.068163419452927004e-02
2.867789715395076955e-05
7.699400393188655598e-08
2.067123893273961272e-10
5.549784326023398596e-13
1.490000856192694380e-15
3.999159015462120804e-18
1.129811598615640158e-20
-6.673906177723517708e-23
5.221903267901941260e-22
-9.300228210025040329e-22
7.629052423317217042e-24
5.499115817632035885e-22
1.439156232403594110e-23
-3.043988207394206544e-22
-5.724546066880206602e-23
6.326968876678422426e-23
3.122808072931129001e-23
1.297538098406812335e+00
-7.577263622709115272e-04
1.553213747910520406e-06
-3.932210397560594054e-09
1.093700503489334227e-11
-3.168568355313832645e-14
1.005335066294437110e-16
-4.098942112680340225e-19
-9.067919977626965231e-18
5.620116376821627113e-18
1.193697875356788174e+00
-1.005677934663145312e-01
1.073952377856684029e-02
4.402569598984139472e-03
-2.901022293243194546e-03
8.759180643103459465e-04
-1.228709800795630466e-04
-3.088148680285866191e-05
3.094269616746008752e-05
-1.396780954639786241e-05
3.989493272348727523e-06
-2.546213968922078824e-07
-4.957518611160760748e-07
3.327916701758982239e-07
-1.098641243642566558e-07
8.929640745629596218e-09
1.143474606156801707e-08
-7.385819909653735011e-09
2.081477169687373436e-09
1.075839826418420131e+00
-2.543653282013372263e-02
4.112149809658039237e-03
-6.259911201367679423e-04
8.739373855726098421e-05
-1.076532413145900594e-05
1.069161952639766645e-06
-5.622724918737012782e-08
-8.972561894929830833e-09
3.940588356214843510e-09
-9.311478639229604227e-10
1.761773331510298523e-10
-2.873903928823257414e-11
4.068524147784899669e-12
-4.772427266995873170e-13
3.781921527374211722e-14
1.004220824062978618e-15
-1.331825869562463173e-15
3.430943761093248217e-16
1.024141155720461382e+00
-1.844012569990224545e-02
7.041678362854192873e-03
-2.688189026815162620e-03
1.025650312029943679e-03
-3.909365053591183615e-04
1.487631616457970067e-04
-5.646334685246245331e-05
2.134996510217980177e-05
-8.030622084355491989e-06
2.999791091997409284e-06
-1.110776848507103272e-06
4.069349165919752832e-07
-1.472091613326705025e-07
5.248118321753260005e-08
-1.841385986187107524e-08
6.399791472870705104e-09
-2.384497435986810378e-09
7.104257199563929580e-10
1.005398519927060974e+00
-5.398519927060816195e-03
-2.015792617208356929e-20
1.712966777221690088e-20
-1.416409075474348879e-20
1.119188521010073043e-20
-8.290185606717491477e-21
5.764085183111815251e-21
-3.792041301966476106e-21
2.347353794666788332e-21
-1.350636684070484145e-21
7.216024461733107615e-22
-3.587413418616790617e-22
1.632911162948156128e-22
-6.648458835133676413e-23
2.409474800126811096e-23
-7.579447455135701351e-24
1.840470158713934768e-24
-2.637122349482966142e-25
7.350812670750483946e-01
