2.955027030409449473e-01
-2.992246709741894109e-04
1.236306965769293997e-07
-4.605872070657838188e-11
1.479550542633388621e-14
-3.445555167466167610e-18
2.601887231521699490e-21
3.866056686347559766e-22
-9.712827214087864399e-22
3.913092552299360460e-22
2.121319910456054003e-01
-9.499381919498689486e-02
-5.671611718364585712e-03
5.682817765875646486e-03
-7.519884214954438914e-04
-1.271077304102374481e-04
5.585355447213992311e-05
-3.587423895862720122e-06
-1.927237067943929539e-06
4.565682932366399023e-07
1.993204704881607824e-08
-2.360295499496881475e-08
2.219551103035785306e-09
8.494937013943368658e-10
-2.190547340363591001e-10
-1.619109287003449241e-11
1.400336187116972694e-11
-8.242704054287455760e-13
-6.736692466118092091e-13
6.354109149034027626e-02
-4.404895024510081802e-02
7.859429416751852887e-03
-8.496747792080737395e-04
3.421113307670562190e-05
8.951642839025777807e-06
-2.785653156081529647e-06
4.818371766753469443e-07
-5.815101449046865791e-08
3.896245616342247855e-09
3.027034446050356206e-10
-1.593423243953893987e-10
3.251007263890141494e-11
-4.467637748399731912e-12
3.743266045976384085e-13
8.304184803867547471e-15
-1.057661654487304714e-14
2.477686324499402385e-15
-3.652151794116140190e-16
4.499907166961025773e-03
-8.171268678121977602e-03
6.155329474067321172e-03
-3.905434819040962818e-03
2.125841770331026673e-03
-1.011295278677151830e-03
4.277448649957737146e-04
-1.633246200539610669e-04
5.699892173689504019e-05
-1.832759067613008407e-05
5.429194004841585994e-06
-1.456193536760708624e-06
3.314774034156025955e-07
-4.783192033198113894e-08
-8.947319591818207618e-09
1.284393375915936790e-08
-8.377240727212723584e-09
5.027058620252428498e-09
-1.926246475355893378e-09
6.359498669644260928e-08
-1.190741684295756166e-07
9.752042367588029359e-08
-6.944943185936720656e-08
4.251162759861548909e-08
-2.191344976435383622e-08
9.158188839473244761e-09
-2.858146090376352966e-09
5.095308748116408075e-10
4.678357566993463269e-11
-5.945268295104991026e-11
1.132293217538813001e-11
3.658550316868822033e-12
-1.974036797486709965e-12
-1.281535385154451949e-13
2.651183567053215232e-13
-8.409058062764750564e-15
-3.075000494690237261e-14
2.314280919131048454e-15
7.179773350673963606e-01
1.806492937207963942e-04
-7.557164951919955928e-08
3.252066327601284102e-11
-1.379470085344174624e-14
5.660358733251222702e-18
-3.226389674420352193e-21
3.706409286400186388e-22
-5.328089100476926302e-23
6.025262736003897992e-23
7.693859285052737640e-01
5.909030122246346911e-02
4.299478385213818983e-03
-3.219709721883171148e-03
4.375712948210574754e-04
6.032666695599539427e-05
-3.197419012508748333e-05
3.365439243185347907e-06
8.621133672110290140e-07
-3.218106907958452203e-07
1.902198087542870452e-08
1.171310509856456451e-08
-2.987248164675167407e-09
-2.608957876485800040e-11
1.435718260930986180e-10
-2.267390433038560679e-11
-2.933841293402022410e-12
1.431871689470818193e-12
-8.472060259225410817e-14
8.712011802131404137e-01
3.645189994206902984e-02
-4.347381768916074897e-03
3.748190017156581371e-04
-7.975604323880905835e-06
-5.135990755432540829e-06
1.361942470535208082e-06
-2.247526233677266848e-07
2.719534537676742870e-08
-2.085248713773162706e-09
-4.679759185472987062e-11
5.513302601488048476e-11
-1.271104786045136203e-11
1.987969474520877198e-12
-2.214976250434455185e-13
1.195208252927740133e-14
1.901710986680841424e-15
-7.675182872247004700e-16
1.457216964813409493e-16
9.558819240351785762e-01
3.288630901185096017e-02
-1.222511677654451907e-02
4.522212212954116427e-03
-1.658634201648272275e-03
6.001489661115010218e-04
-2.128150088990549290e-04
7.334098006941426866e-05
-2.430079790243558133e-05
7.625665495818763627e-06
-2.210835880878347967e-06
5.624280251843265687e-07
-1.073538717911509063e-07
2.127180550873329287e-09
1.256056856563925541e-08
-9.207130123525135177e-09
5.006958945689542722e-09
-2.676210521949968326e-09
9.706652776167923431e-10
9.898989658242145495e-01
1.007546186984103510e-02
2.550756576632913928e-05
6.457627202956816262e-08
1.634958493323539894e-10
4.058117227438622546e-13
6.457340714725758812e-15
-3.334305300206245315e-15
1.883607888988913269e-15
-9.644142239506042271e-16
4.421929507580147716e-16
-1.779815347146035397e-16
6.075577013048262033e-17
-1.637450231586920406e-17
2.799130144298605098e-18
1.032489849097500124e-19
-2.623907263437430160e-19
7.877981883663141306e-20
-5.126994551474782621e-21
1.143821752468853203e+00
-8.050448539719856406e-05
2.871583436273956064e-08
-1.104376643074630927e-11
4.615486195383814237e-15
-2.129800890496580240e-18
1.218708046156690155e-21
-2.591984888536920951e-22
3.001196051444036568e-22
-1.598138112543375998e-22
1.119462829211843813e+00
-2.841809280357709966e-02
-2.584226452588875896e-03
1.451131743328389978e-03
-1.468740166496745490e-04
-3.113335262560554929e-05
1.112286717934559908e-05
-7.234569214272551139e-07
-3.076996983092006412e-07
8.431858129656798402e-08
-3.954511426316496683e-09
-2.471930000681797585e-09
6.763554901701538424e-10
-5.683840727584463540e-11
-1.528948152050990861e-11
7.307719611600895129e-12
-1.306136484622521092e-12
-1.215358409597733348e-13
1.198930673559257267e-13
1.067866418093539327e+00
-1.949724626694699162e-02
2.228943399457629457e-03
-1.601448267630862729e-04
-4.264752519608525881e-06
3.813954109253149037e-06
-7.624980457089824661e-07
9.909663779639399305e-08
-8.001229729075850580e-09
-5.504149709533948956e-11
1.626774293106506869e-10
-3.550908723104119175e-11
4.870066512890594114e-12
-4.089842728969816795e-13
-3.028261735351406481e-15
8.718442073015019425e-15
-1.890669837599328281e-15
2.459646789198246966e-16
-1.668670683794204591e-17
1.022706527523971509e+00
-1.728599491110209552e-02
6.552911979853048331e-03
-2.465554677039473105e-03
9.160430325246111082e-04
-3.337269019681695964e-04
1.181336795972798748e-04
-4.015258310856489648e-05
1.289009598956682026e-05
-3.805715925978659223e-06
9.782133684594260226e-07
-1.849269983776797008e-07
6.235372120774904535e-10
2.403116623130462245e-08
-1.701629041789132594e-08
8.853173302432517077e-09
-4.086334256392565099e-09
1.939982348073083672e-09
-6.632070375926800194e-10
1.005089039245630644e+00
-5.089039245621531857e-03
-1.701243794916532163e-14
1.426945831444380815e-14
-1.113158221191974954e-14
8.057318861860319349e-15
-5.393452161979413445e-15
3.323529388250539918e-15
-1.873476403417747841e-15
9.575396722990404798e-16
-4.380084707338608043e-16
1.757169848261439796e-16
-5.968142661315259108e-17
1.593862178208120640e-17
-2.655020594280086062e-18
-1.377244081718630775e-19
2.656769201035393964e-19
-7.684599842293545139e-20
4.144005611809704789e-21
8.570862491811782613e-01
