5.047634116115947700e-01
-1.360965900746989371e-03
1.432903889149823080e-06
-1.416473690994192998e-09
2.002307872554369597e-12
-5.273547787916363819e-15
2.241781969871240106e-17
2.792184975675072685e-18
2.107484520889675806e-19
2.118728159964933508e-20
2.749913025725764237e-01
-2.277128423431362403e-01
2.345577184977137505e-02
1.477949689420918374e-02
-7.437270349664078239e-03
1.107775616950205629e-03
3.430664779979633659e-04
-2.121654314855784401e-04
3.061999158842448155e-05
1.174496152485376937e-05
-6.096715849970587743e-06
2.693409172297125224e-07
6.426775082886743818e-07
-1.997143569031753814e-07
-3.524129944195328763e-08
4.182547457132805523e-08
-9.340981639625072946e-09
-3.759040667838947806e-09
2.669669605224936613e-09
3.487879725294027594e-02
-3.326139285186628658e-02
9.082815422115524118e-03
-1.799691326308615943e-03
2.870378644603654560e-04
-3.817831272872952876e-05
4.030661828882627207e-06
-2.283662761718098769e-07
-3.689200608188051011e-08
1.761076214705724289e-08
-4.475363295572685714e-09
9.103685709310827380e-10
-1.598351511172307116e-10
2.443302087575862128e-11
-3.122758299406605895e-12
2.796116911055161281e-13
3.027044045262260791e-15
-1.001061510475041727e-14
2.913462569132021617e-15
1.315305296920791026e-03
-2.455805811205208182e-03
2.003065480503864182e-03
-1.437201991388896470e-03
9.159256430897522909e-04
-5.243078979078979974e-04
2.727938573930121266e-04
-1.305563277765977627e-04
5.815737678447311401e-05
-2.439166366620449565e-05
9.737902209038887540e-06
-3.738424722554176987e-06
1.392593094430221962e-06
-5.071368929090086296e-07
1.815870063307402852e-07
-6.423503769714650440e-08
2.271500283440676897e-08
-8.741302630565480857e-09
2.677772146917512079e-09
3.825736688923336239e-10
-7.262264437037931607e-10
6.203543530840509669e-10
-4.755036035153579283e-10
3.252768304076405309e-10
-1.968439717159178283e-10
1.039222083857969567e-10
-4.677714491756433570e-11
1.721637003807900553e-11
-4.720768847669093518e-12
6.874726296787388238e-13
1.187392140893501318e-13
-9.787051370835314970e-14
1.788684584402024018e-14
4.987741946455931659e-15
-3.037953450336358617e-15
7.616144977119646506e-17
3.057018320297799164e-16
-5.793528042694612577e-17
4.991706215979211381e-01
1.033608711811948022e-03
-1.417603148648472939e-06
2.059380189851267751e-09
-3.235597688266724882e-12
5.717922679611252445e-15
-1.861542106987281321e-17
1.128120273250397061e-18
-1.512926898751284936e-18
1.445508001729259830e-18
6.633645070537445010e-01
1.630123813364297569e-01
-1.446351709752081299e-02
-8.579253551128858055e-03
4.853287039953795012e-03
-1.106599929214595454e-03
-4.708599755309165173e-05
1.308896035242821450e-04
-4.638881887245841114e-05
4.842764952895373493e-06
2.650785178307310660e-06
-1.415472076377978045e-06
2.656279191889381620e-07
2.563327699163905450e-08
-2.695415735097290408e-08
5.854809644319258418e-09
-2.441700875642287884e-10
1.936944125325025272e-10
-1.974987692312076538e-10
8.594398055876941722e-01
4.430612720622875700e-02
-6.834262427420988162e-03
1.013593171025261794e-03
-1.413030035984711699e-04
1.790833123306926806e-05
-1.923416730939589505e-06
1.356222946651326511e-07
7.430328047866505698e-09
-5.779347097288883912e-09
1.593253862424330598e-09
-3.423158401923954795e-10
6.418177955947661380e-11
-1.083017545500331099e-11
1.644237449301254941e-12
-2.179371506009574173e-13
2.271660546389405624e-14
-8.682895323530810065e-16
-3.329707404159694416e-16
9.533255170387496813e-01
3.481905330614638167e-02
-1.298659780885079093e-02
4.842989470036732427e-03
-1.805567898910303073e-03
6.728198071563349985e-04
-2.505041052955980590e-04
9.314021700427302332e-05
-3.455881113756535580e-05
1.278458087344454907e-05
-4.710283600047564545e-06
1.726235412508232697e-06
-6.284261754622751840e-07
2.269259215410148537e-07
-8.116508541409138234e-08
2.873826182969893031e-08
-1.015652524641683682e-08
3.890114738568667288e-09
-1.184799901603530617e-09
9.893142689671545753e-01
1.065710835176900823e-02
2.854601267903937505e-05
7.646303415272638529e-08
2.048130385287481398e-10
5.486098624621486547e-13
1.469559849791030932e-15
3.896324744346576395e-18
3.620500996670509712e-20
-1.709602936428925211e-20
9.223530778548948849e-21
-4.299752879830214316e-21
2.343519915419601150e-21
-9.515535489363737901e-22
4.046235572318746923e-22
-1.246558534515093793e-22
7.444295993407853189e-23
-8.394129160220790251e-23
-1.540351424951558981e-23
1.269379152472522199e+00
-5.385971926103860080e-04
8.284433408627131861e-07
-1.566556737701488593e-09
3.275556348240573653e-12
-7.093253342034968496e-15
1.095554531208057051e-17
3.842401181917202641e-20
3.866362223707449406e-19
7.313512547766684612e-19
1.183003840139227991e+00
-8.678137988290715588e-02
6.296246299376624320e-03
4.526603923910941379e-03
-2.261069306260356584e-03
5.078212421516653530e-04
-1.195894689479173020e-05
-4.085521519573075643e-05
2.046839168496502833e-05
-6.080729639212395751e-06
8.081530924936820757e-07
3.844950216919529933e-07
-3.359296928659272469e-07
1.255414022215494097e-07
-1.590754269579664603e-08
-1.012463654662351040e-08
6.991303974498116504e-09
-1.611316536467965324e-09
-8.554026761843176389e-11
1.075481945316165255e+00
-2.511834014569542389e-02
3.984225753665341166e-03
-5.847197229082744035e-04
7.649515449902181713e-05
-8.327801047336474738e-06
5.957014375109284659e-07
2.453420186408277525e-08
-2.096123354168544425e-08
5.412098062082109138e-09
-1.051633496419980192e-09
1.719251309941447583e-10
-2.394049313603719339e-11
2.683325786577710206e-12
-1.811341402273081302e-13
-1.484802749907821885e-14
8.871766150599513873e-15
-2.243331678152572762e-15
3.996343074845150164e-16
1.024084114140912272e+00
-1.839536033636726686e-02
7.023556012275590510e-03
-2.680444928942017201e-03
1.022077250780794059e-03
-3.891422870028534852e-04
1.477976219094326651e-04
-5.592332369114175438e-05
2.104550984298244752e-05
-7.861370979123354780e-06
2.908210525658333824e-06
-1.062852220709614052e-06
3.827359707161141491e-07
-1.354171683213450317e-07
4.692459272782797627e-08
-1.586767936891120805e-08
5.240499973219952238e-09
-1.805325351217357754e-09
5.033451066390844760e-10
1.005385992980639687e+00
-5.385992980639574788e-03
-4.232256768584070458e-19
3.682015512987152260e-19
-3.034454920172565887e-19
2.363556570741783971e-19
-1.735355989874191853e-19
1.198958412381769037e-19
-7.780529120377888516e-20
4.726053110676345255e-20
-2.674272540666130218e-20
1.402351234356078888e-20
-6.767437872859619237e-21
2.972153226927208793e-21
-1.168731241800502815e-21
4.013943905646264688e-22
-1.141898725639535556e-22
2.318808290807748338e-23
-2.156713021176325147e-24
7.517578068038465178e-01
