4.937708035676514062e-01
-1.262236861154021920e-03
1.239389933737263570e-06
-1.070052535103113505e-09
1.179056925810789339e-12
-2.730226763293015820e-15
1.402024033266228402e-17
4.441653356818735472e-18
-2.131146240199081489e-18
-3.995957436048332266e-19
2.731927940078516248e-01
-2.206673675444761895e-01
2.053007214101642761e-02
1.464897439769600324e-02
-6.880431452994127672e-03
8.961564310629102506e-04
3.508873552193326030e-04
-1.887711345858945249e-04
2.186298571678736371e-05
1.181588306366677914e-05
-5.171592873130917883e-06
5.244558734823179083e-08
5.684994297056400486e-07
-1.508954276820579177e-07
-3.464472062986039010e-08
3.199132555699602771e-08
-5.632007460875485614e-09
-3.098347346207266608e-09
1.836810748918865861e-09
3.632158183207820357e-02
-3.425212969983670863e-02
9.221210059402745393e-03
-1.796402923707445063e-03
2.803065121093383568e-04
-3.604966443201815989e-05
3.544412120526130518e-06
-1.348892769845267562e-07
-5.245393703516883195e-08
1.978082395027172507e-08
-4.691184108029285446e-09
9.105552064755379585e-10
-1.525564954062361153e-10
2.193477885787492069e-11
-2.515381762344501696e-12
1.567462575718181835e-13
2.441231512932343023e-14
-1.317217285946952486e-14
3.265620248264095363e-15
1.409078752980717081e-03
-2.628436160770436080e-03
2.138081611134290752e-03
-1.527584304935331559e-03
9.681957799583356923e-04
-5.506623324336181163e-04
2.844600868253473105e-04
-1.351020376163822399e-04
5.970633548318207446e-05
-2.484019750785861205e-05
9.837377408465037429e-06
-3.746606504585207156e-06
1.384664622138080820e-06
-5.002737527866895497e-07
1.776711139843673914e-07
-6.229249717111286038e-08
2.179398149884456652e-08
-8.266961298729873846e-09
2.505262492603382873e-09
5.444461289596730832e-10
-1.032972032331383273e-09
8.809968659331832406e-10
-6.734558668930363885e-10
4.588359920799635518e-10
-2.761033802911717321e-10
1.446308220855745148e-10
-6.438354513072889001e-11
2.329969077759018007e-11
-6.194105544606519878e-12
8.119837489611190930e-13
1.964113149296665147e-13
-1.338843041602318252e-13
2.060710187073820300e-14
8.036650406539813169e-15
-4.011498642354846884e-15
-8.781157963825365955e-17
4.314666764990195198e-16
-5.631352005263147256e-17
5.128104719284012347e-01
9.448559213855243881e-04
-1.207611400694653356e-06
1.613656325256183270e-09
-2.293904278547385255e-12
3.645268293085995935e-15
-1.108316730474824479e-17
-1.949239510854273435e-18
7.572069326170757265e-18
-5.792463802832964741e-18
6.687652284632562560e-01
1.563248032050409686e-01
-1.239095468164343704e-02
-8.527235976710885110e-03
4.483025189421414175e-03
-9.302870275065930512e-04
-7.814026336908155574e-05
1.212325415999002435e-04
-3.805575185592465366e-05
2.419636041504335135e-06
2.695016792334992595e-06
-1.164950547376377752e-06
1.613119877097078776e-07
4.209941430680200877e-08
-2.435831663357373621e-08
3.811824171821309786e-09
3.408310914968089060e-10
-2.700189992077811967e-11
-1.052024567246459584e-10
8.597825475319685884e-01
4.412406789575685356e-02
-6.774671115320999616e-03
9.951854587992834972e-04
-1.363647215540348756e-04
1.675628292384358041e-05
-1.685665664068146315e-06
9.164776659942017571e-08
1.473288773639424552e-08
-6.848154306386318953e-09
1.722017299476323517e-09
-3.517297734784222167e-10
6.322973002214743477e-11
-1.020001786222338358e-11
1.460077072533269161e-12
-1.756143677760109276e-13
1.428683043040561590e-14
6.555456321693727851e-16
-5.657592705305847686e-16
9.534202547822163698e-01
3.474965056930978680e-02
-1.296098006743303180e-02
4.833377651340338248e-03
-1.801850474191749691e-03
6.713107895173628858e-04
-2.498509251358435037e-04
9.283752014760087291e-05
-3.441045021211174281e-05
1.270939594892452624e-05
-4.671791214727633909e-06
1.706674234405838712e-06
-6.186671630589186582e-07
2.221732598840359523e-07
-7.890934669890249516e-08
2.769107021766492719e-08
-9.671034882721630260e-09
3.642412180926584799e-09
-1.095217623070696281e-09
9.893363862475466064e-01
1.063510959138750343e-02
2.842796858640348981e-05
7.598881713461304778e-08
2.031203994950752187e-10
5.429467720437629984e-13
1.451444180336179002e-15
3.788992285997014203e-18
6.979752056948584672e-20
-3.535187476834627483e-20
1.925947626198706068e-20
-1.051239921092954937e-20
4.984046243111374578e-21
-1.929998359861632054e-21
9.403436494251126148e-22
-2.306384449725347709e-22
7.904583560495629566e-23
-1.844970488676363891e-22
9.486568070599387385e-24
1.260408990556274089e+00
-4.819676613046335869e-04
6.762386026527077438e-07
-1.163893317864816783e-09
2.223108543107518128e-12
-4.403658645351604474e-15
1.101489892270596978e-17
-1.973566777231454273e-18
1.258096917719176951e-18
-5.869817301341028127e-20
1.179305296610037690e+00
-8.240650555348859319e-02
5.078311874435632693e-03
4.466902365464566621e-03
-2.053323616414698925e-03
4.118658305352578919e-04
9.382491407465364365e-06
-3.950846721411120557e-05
1.692876033087554186e-05
-4.289751415699824166e-06
3.000805023540187361e-07
4.003070628131940859e-07
-2.629553886585460067e-07
8.188140418146661828e-08
-3.820792326865904719e-09
-9.674578225555680658e-09
4.984994255308790865e-09
-7.377391985181445325e-10
-2.371840242312034420e-10
1.075248792043388635e+00
-2.495978077526737546e-02
3.928692222448126013e-03
-5.681298748395436976e-04
7.236398068265080714e-05
-7.455122755014454251e-06
4.368929226285154420e-07
4.940361951949705700e-08
-2.419032279783473618e-08
5.708189009925974209e-09
-1.051454378942809818e-09
1.633558247548518219e-10
-2.127091074410799120e-11
2.098339870079357851e-12
-7.622713683400797521e-14
-3.049228393737866592e-14
1.067219302019193599e-14
-2.334815955399316540e-15
3.784893958394856826e-16
1.024033385352140835e+00
-1.835605451433337462e-02
7.008068909789343798e-03
-2.674151448274506970e-03
1.019392952811733850e-03
-3.879232815686688043e-04
1.472072163235968142e-04
-5.562268353992882492e-05
2.088832198366914522e-05
-7.778920969206440893e-06
2.865564925473856770e-06
-1.041331564748496787e-06
3.721981035797810409e-07
-1.304202948509162561e-07
4.462881026004131953e-08
-1.484121766009324732e-08
4.784887617211764978e-09
-1.583804235610250425e-09
4.253532928003717379e-10
1.005374755664781183e+00
-5.374755664781136547e-03
-8.701733130915767587e-19
7.564332839342410304e-19
-6.221586306218719621e-19
4.832354252191466945e-19
-3.536139370364988859e-19
2.433342627953766763e-19
-1.571252854795645057e-19
9.487009807317821512e-20
-5.330609498960136475e-20
2.771739799264351663e-20
-1.323696653124460177e-20
5.739070858772095142e-21
-2.220044313891914366e-21
7.453049476310559999e-22
-2.045471460567539888e-22
3.799599428234378565e-23
-2.260852455663053705e-24
7.576764397975003229e-01
