5.156283306175011294e-01
-1.468533031911658376e-03
1.669247810515584129e-06
-1.914489307475383663e-09
3.378770993510038579e-12
-9.881516550646229641e-15
3.382459136012102527e-17
1.061034406787280937e-17
-4.587872272604858671e-18
-3.061247742109933139e-18
2.765776352067665367e-01
-2.346017718465269464e-01
2.654848560969679319e-02
1.480286492341247560e-02
-7.997985065002573626e-03
1.347163796260241082e-03
3.231792373366533587e-04
-2.350681260023164160e-04
4.099853956822482637e-05
1.100534909101854049e-05
-6.988176274817521024e-06
5.389723797851952164e-07
7.100137302548259654e-07
-2.569317324696034251e-07
-3.370028132761726044e-08
5.388965888562849151e-08
-1.475354398756987043e-08
-4.294968348672186931e-09
3.741856287105308286e-09
3.348176452471605946e-02
-3.226513267016140052e-02
8.928957463629531854e-03
-1.797333135705952468e-03
2.924780053390070014e-04
-4.008373030898661367e-05
4.488031591098991035e-06
-3.201157984706751796e-07
-2.082754270896700289e-08
1.518898420670359028e-08
-4.187267698762019004e-09
8.936557960226091429e-10
-1.639071760980907776e-10
2.640455897898184687e-11
-3.662104109658002363e-12
3.978769266580056959e-13
-1.925099494920027723e-14
-6.332609843142985335e-15
2.424392787582503637e-15
1.228911340780293590e-03
-2.296493547488102742e-03
1.877847323911428475e-03
-1.352697781974293622e-03
8.665026353316618518e-04
-4.990192968392672106e-04
2.613829262467577859e-04
-1.259942610896711099e-04
5.654391277232304752e-05
-2.389459806363533671e-05
9.611587354249687617e-06
-3.717482496242158264e-06
1.394978818368415513e-06
-5.117238412954657276e-07
1.845987597466036091e-07
-6.582401999801280852e-08
2.349649496327160227e-08
-9.154312536333431093e-09
2.829745384332188235e-09
2.573424769996846004e-10
-4.887396613436209483e-10
4.181034402034041305e-10
-3.212926530405848246e-10
2.206155726599020869e-10
-1.342129844815537771e-10
7.137391693510844427e-11
-3.245752890224539662e-11
1.213217076064307487e-11
-3.420017962906171366e-12
5.423418359924159160e-13
6.547693563853466733e-14
-6.779888159893378651e-14
1.426028760189261228e-14
2.853686829130085816e-15
-2.162917637316040478e-15
1.441154798525689603e-16
2.036185690515518971e-16
-5.050870580158927359e-17
4.855389686317375109e-01
1.130518737459560710e-03
-1.667585103775861840e-06
2.643542428480040345e-09
-4.605709729607448533e-12
9.074529904874789213e-15
-5.581995872100738502e-18
-1.525475144496907682e-17
1.223644607276654800e-17
-4.526682633242356318e-18
6.581681976820273894e-01
1.697091529034091550e-01
-1.667423872519115460e-02
-8.560826442001312833e-03
5.224256320681513500e-03
-1.301360301892589590e-03
-5.739337192293043401e-06
1.385657832106604965e-04
-5.551811978076740992e-05
7.994051383801159945e-06
2.369985575283654867e-06
-1.655919654487624622e-06
3.964302068057240137e-07
-4.344576104005504555e-09
-2.626384869281301730e-08
7.734400870102061718e-09
-1.083196431341300207e-09
6.233654142829110633e-10
-3.785905451746902373e-10
8.591851049966552356e-01
4.445182726729722533e-02
-6.884837497752705794e-03
1.029797744073919930e-03
-1.457717076126836147e-04
1.897768391931006172e-05
-2.150069625965717296e-06
1.788554165417696278e-07
-3.686081535505456123e-11
-4.621906990905222879e-09
1.438426242796784883e-09
-3.267428957885781854e-10
6.386744072020469500e-11
-1.122939006607358596e-11
1.791552937750975861e-12
-2.554427477377344251e-13
3.076213728189244562e-14
-2.438582852812080628e-15
-7.271331306497586683e-17
9.532579983980895566e-01
3.486854954397992229e-02
-1.300489926646646727e-02
4.849882928544275128e-03
-1.808254654688483138e-03
6.739250171071722558e-04
-2.509917640307735942e-04
9.337148677430097291e-05
-3.467487586374917697e-05
1.284468770011015482e-05
-4.741642028296334521e-06
1.742433190971761881e-06
-6.366244214588553653e-07
2.309711754594137401e-07
-8.310885886503374171e-08
2.965151728840155113e-08
-1.058517247420169143e-08
4.111617945517189467e-09
-1.265462736676770969e-09
9.892985122581785529e-01
1.067278047602634831e-02
2.863025714651335057e-05
7.680206916240598185e-08
2.060253178546645054e-10
5.526729890281255217e-13
1.482594351862017719e-15
3.960303201524870986e-18
2.210822278644259897e-20
-6.345162137571655284e-21
3.056557511099362223e-21
-2.013621978447786263e-21
1.550822531476892931e-21
-2.920148160056957992e-22
4.830419840590046250e-23
-2.029736097034119357e-22
-2.269222399333269624e-22
3.501711976991163722e-23
1.592273559326200626e-22
1.278550725171436309e+00
-6.025528528135073265e-04
1.017759991492086381e-06
-2.117157813478190377e-09
4.855717741221787832e-12
-1.155203926822598040e-14
2.870696677668708152e-17
-2.500881914752456408e-18
-4.346599484542884452e-19
9.791199909620490303e-19
1.186642113512935914e+00
-9.126600148054013484e-02
7.639537769409239509e-03
4.541267510451986109e-03
-2.473571469139370076e-03
6.167997104402441920e-04
-4.028212600134688020e-05
-4.037638616323686609e-05
2.414519839530024595e-05
-8.285923071980232359e-06
1.552007119641004058e-06
2.972585114170006741e-07
-4.087066145792195102e-07
1.824196378169774605e-07
-3.586874659378323186e-08
-8.388448740602136709e-09
9.124113732839068024e-09
-2.968154443673473388e-09
2.774918269501044050e-10
1.075661869142994664e+00
-2.525148740338167136e-02
4.033375778887156662e-03
-5.999069595711172117e-04
8.038549383276086789e-05
-9.173722383570403344e-06
7.549627643095354846e-07
-1.571060304081676456e-09
-1.731131145216550539e-08
5.013912420518948439e-09
-1.031384156613053490e-09
1.770221089822003098e-10
-2.612297237995546807e-11
3.219945175931900415e-12
-2.858511294216648656e-13
2.286440542929868485e-15
6.580367245800319679e-15
-2.037782692636354667e-15
4.008919937790062460e-16
1.024120315228602474e+00
-1.842348060856487113e-02
7.034696536384285083e-03
-2.685020171543701321e-03
1.024063324985327464e-03
-3.900666026867578157e-04
1.482581779235510170e-04
-5.616448383332254759e-05
2.117474890675393731e-05
-7.930584691187719001e-06
2.944642281272207694e-06
-1.081518138331954205e-06
3.920015210784859419e-07
-1.398669456033768559e-07
4.899416725193475533e-08
-1.680434459119231000e-08
5.661634410537068954e-09
-2.012953289931732925e-09
5.770314670272525221e-10
1.005393998619868112e+00
-5.393998619868126121e-03
-1.889795520796194651e-19
1.643398557410880040e-19
-1.356782349695946990e-19
1.059938189891314718e-19
-7.806578341798646775e-20
5.412772823340349143e-20
-3.529033447726490316e-20
2.155948467666242484e-20
-1.227884057694622895e-20
6.488643289305287983e-21
-3.162070812275435809e-21
1.405474665784954842e-21
-5.608334896488381528e-22
1.965880828298383968e-22
-5.776920461812993702e-23
1.261171392620645395e-23
-1.488915991461661562e-24
7.460056931802058200e-01
