1.658391551860509405e-01
-6.536046090514264920e-05
1.047247816552385121e-08
-1.613652975035666910e-12
2.437293957294074948e-16
-3.470236779534846367e-20
9.119326894179425984e-22
-5.816612786818267619e-22
1.970978920894716305e-23
4.244478882553508928e-24
1.413570588751721646e-01
-3.000748094896560358e-02
-4.601128919603339994e-03
1.022495976908629079e-03
1.058258240072694889e-05
-2.113543449005285705e-05
1.513207262328310450e-06
2.907769896654701613e-07
-5.281816275449002071e-08
-1.465449668066187715e-09
1.134938452979808694e-09
-5.848303438068046814e-11
-1.732921853568300561e-11
2.372601705930100200e-12
1.596481035893800459e-13
-5.548306222887247788e-14
6.628046866569966977e-16
9.751166600097713899e-16
-6.929914888335261446e-17
7.309482189282910658e-02
-3.215756699522909906e-02
2.634983255137582532e-03
7.329012087530675074e-05
-4.578703349798059436e-05
5.886653551119361836e-06
-3.043288299536341745e-07
-2.942050133945494429e-08
8.512895465566667731e-09
-9.315413419400886861e-10
3.156730582700303596e-11
7.542510272778929275e-12
-1.593779866995496228e-12
1.452303968409618308e-13
-8.895861987064840850e-16
-1.837461795453704825e-15
2.957406199438741601e-16
-1.998507340137525368e-17
-9.023827139395358494e-19
8.934245076029297822e-03
-1.551507078304265042e-02
1.033683023954861356e-02
-5.438565231127440343e-03
2.314345873029971436e-03
-8.046266103966743036e-04
2.241265912085636065e-04
-4.448628960772436534e-05
1.781958773128053064e-06
3.972356470355284723e-06
-2.722169199307055514e-06
1.289602863867919525e-06
-5.198272387061488189e-07
1.881431762269748090e-07
-6.180375793518155581e-08
1.809720856434975324e-08
-4.379194551211949314e-09
5.809284146987502820e-10
7.062156618384718230e-11
1.800869993439994738e-06
-3.317453540250462164e-06
2.583005546284590030e-06
-1.679969167477179264e-06
8.903778196131299728e-07
-3.653937819691448920e-07
1.021161205269991087e-07
-1.014936534344393546e-08
-5.731203908610547982e-09
2.490157367876360272e-09
8.700515771845925744e-11
-3.061555786317839299e-10
2.812045568422238634e-11
3.853219506928621409e-11
-6.056731663645237548e-12
-5.593428186210081801e-12
8.770678424815848557e-13
7.676947986427636035e-13
-7.511638079333838628e-14
8.276668382151083359e-01
3.971377176424799901e-05
-5.798391024381028386e-09
8.851736321081248916e-13
-1.378275541985646122e-16
2.192033939652808596e-20
1.998304466861291998e-22
-1.225358506631179295e-22
-1.719874962568331133e-22
1.156316783854728099e-22
8.428998308971185072e-01
1.878391136843972353e-02
3.036754928191250872e-03
-5.738790780273896833e-04
-7.924235474572992395e-06
1.144434738595395063e-05
-8.186222697271344603e-07
-1.519785365544358694e-07
2.904853990878755141e-08
5.141764141373133126e-10
-6.210557097296950994e-10
4.257566277561072217e-11
8.818802949020411796e-12
-1.592764034182915956e-12
-4.393479719932695297e-14
3.548309506520087668e-14
-2.022640874172177557e-15
-5.381182076403112210e-16
8.282646588115990145e-17
8.884379939369121404e-01
2.314002827867384093e-02
-1.254823301692207420e-03
-7.653888801823021629e-05
2.637233805102207195e-05
-3.028156356846255525e-06
1.360942852667556120e-07
1.651015468246457664e-08
-4.241053430155730532e-09
4.513358976868929186e-10
-1.648701003420688984e-11
-3.247398593844124785e-12
7.305320400681498117e-13
-7.316867449739044908e-14
1.913561046374683693e-15
6.771136486936077908e-16
-1.337996895084620829e-16
1.198565208872547058e-17
-1.120860532891298108e-19
9.578335558858620535e-01
3.092186493565580313e-02
-1.109555408834736294e-02
3.834200768670904987e-03
-1.246258542803636545e-03
3.671191939364250854e-04
-9.096051543546566768e-05
1.474715238301649828e-05
1.574665460610793129e-06
-2.865187834811850402e-06
1.685443323746508474e-06
-7.529442962950147833e-07
2.879568467068647567e-07
-9.765766243540467848e-08
2.945057870062014046e-08
-7.648409672229498703e-09
1.482023559057228707e-09
2.260557619843155380e-12
-1.195878267862442416e-10
9.902454974886000238e-01
9.730656769271471898e-03
2.378746161304843258e-05
5.812856656205747154e-08
1.581076599779964048e-10
-1.019553044480971725e-11
6.268340496769369995e-12
-3.314425431255275329e-12
1.532446563373377956e-12
-6.016781629359216246e-13
1.895463855099339249e-13
-4.132594014452716657e-14
2.287010915342175019e-15
2.571347423585446902e-15
-1.091950125085069479e-15
1.021499543272446674e-16
7.864345434909693983e-17
-2.726882497104562102e-17
-1.152305937969011815e-18
1.087927936251045891e+00
-1.879385686872023930e-05
2.441553373444174547e-09
-3.265694902152186420e-13
4.444843191235849146e-17
-5.771337446489144724e-21
-1.873424039435582106e-22
-1.553416130282614927e-22
2.014234582911290026e-22
-4.268322261076156545e-23
1.080565154950397844e+00
-9.122426168321318141e-03
-1.531865038985388361e-03
2.579863665209179788e-04
6.414638040732034979e-06
-4.822529108426460885e-06
2.504160523092938297e-07
6.391908274532840209e-08
-9.151155285186264170e-09
-4.138593851558323035e-10
1.909913700874893492e-10
-7.457794289530462966e-12
-2.762475734115575299e-12
3.470212095238270901e-13
2.077935794504654167e-14
-7.758498671368981714e-15
2.805820437046845188e-16
1.112394082984484172e-16
-1.481202509839303024e-17
1.057784704657546149e+00
-1.187558767207254687e-02
5.758424310735260707e-04
5.037794528302083375e-05
-1.366371062969637676e-05
1.330434352589607664e-06
-2.890673387216527470e-08
-1.132374336113320032e-08
1.942666516465295612e-09
-1.443047244780520473e-10
-2.285106205934127851e-12
2.046853114787332196e-12
-2.674190086085728542e-13
1.388949019618542678e-14
1.230598892596457495e-15
-3.447693161596508772e-16
3.441066486329489632e-17
-6.630657537452220370e-19
-3.157436044628331990e-19
1.021620397121373758e+00
-1.612225956760934484e-02
5.856268380019094728e-03
-2.034298531285759232e-03
6.575442894603229305e-04
-1.890553901474917721e-04
4.372840448799848701e-05
-5.197625915902288394e-06
-2.069208363063891671e-06
2.004567977019229371e-06
-1.051280941604658069e-06
4.378227041110217737e-07
-1.565493052815260402e-07
4.886516920900905118e-08
-1.300633482891312884e-08
2.634639466995808879e-09
-1.481876661319794497e-10
-2.763321397295110979e-10
1.499371175872835632e-10
1.004913165362565364e+00
-4.913165351836601240e-03
-1.967972156072442831e-11
1.574959498207185482e-11
-1.147851938476660014e-11
7.580201785134444570e-12
-4.501865625815426388e-12
2.377592998259329955e-12
-1.097264026915790701e-12
4.296188775555425925e-13
-1.347006138853215101e-13
2.904429444127245004e-14
-1.434280032889118758e-15
-1.886130916253599351e-15
7.807105528156921929e-16
-6.793215081609220751e-17
-5.804483158127261690e-17
1.943495334624836159e-17
1.034518337511185307e-18
9.123421076670452656e-01
