1.818691119627720842e-01
-8.301783248409632841e-05
1.550556141129056454e-08
-2.779188978401047811e-12
4.852090200430522107e-16
-8.300092877004776411e-20
-2.903112800113197046e-22
1.328421275158151522e-21
-9.606491095849085435e-22
3.169501611154772493e-22
1.518501892536119058e-01
-3.648883399308391201e-02
-5.193959478023071376e-03
1.384701381324750756e-03
-7.560578081609612665e-06
-3.079657634826353589e-05
3.026579399533368048e-06
4.125329583446969200e-07
-1.050642243230474859e-07
2.017577369147771216e-10
2.306198607164779275e-09
-2.012350128021896097e-10
-3.370412637366071585e-11
7.083018694362330240e-12
1.798235600372331749e-13
-1.660496398857251533e-13
7.913120836641884733e-15
2.999022759644476033e-15
-3.593923307686469686e-16
7.322503263189371336e-02
-3.497442956029734457e-02
3.376117180917683706e-03
1.281320877173121405e-06
-4.873879721941893164e-05
7.884066791848887905e-06
-6.186134053381642676e-07
-7.903579713905788725e-09
1.014413125418259181e-08
-1.597671623303840745e-09
1.226937922185452375e-10
2.621580361612404941e-12
-2.248296686319778590e-12
3.410328808765654240e-13
-2.415177228208107145e-14
-1.018684053921799389e-15
5.338912090726770089e-16
-7.421581400064233773e-17
4.496613021586873052e-18
8.248547520898987309e-03
-1.445114956576206734e-02
9.859453494914837204e-03
-5.379146173525440125e-03
2.404526539491481148e-03
-8.942679308417794378e-04
2.762420787214125832e-04
-6.782067301117666630e-05
1.050703188628516655e-05
1.175049916428265142e-06
-1.970065663187460305e-06
1.144117490781448355e-06
-5.204859184405948679e-07
2.089974630460441161e-07
-7.674629093647673889e-08
2.593255472698868324e-08
-7.953213424185074003e-09
2.203078696678821249e-09
-4.616421692805865138e-10
1.130996204957329816e-06
-2.089340048415263046e-06
1.641185531415268896e-06
-1.084671762485403689e-06
5.901062405079641238e-07
-2.529629020406570010e-07
7.710046699386059485e-08
-1.115417233283246328e-08
-2.845332025956107010e-09
1.842659874149871624e-09
-1.235595904327633385e-10
-1.867183074441109325e-10
4.194824821701029527e-11
1.993573027459388266e-11
-7.205392997432008066e-12
-2.616480857290489070e-12
1.136512454460131379e-12
3.504276497359467311e-13
-1.575953248361610189e-13
8.139483271594015745e-01
5.001348424028261448e-05
-8.588870820232793304e-09
1.544381579381946915e-12
-2.826873326945709660e-16
5.280338934093168686e-20
2.879695298388476577e-22
-5.443136586646383185e-22
1.363855308145513682e-22
1.915743345076555238e-23
8.325000297235217728e-01
2.270107111693386165e-02
3.440883905845773007e-03
-7.748747039089435521e-04
1.634881374850463424e-06
1.662921722521882003e-05
-1.658271872658332324e-06
-2.097750447618227677e-07
5.812360606490997275e-08
-9.142400428429890676e-10
-1.243237887787410613e-09
1.416488106671947521e-10
1.500634547975833990e-11
-4.695761445341416336e-12
9.779354299090335319e-14
9.881503913467765862e-14
-1.136622333406210012e-14
-1.229699575016475283e-15
3.693118325467367992e-16
8.849112108655919906e-01
2.544641266411680480e-02
-1.658763610461230342e-03
-4.453114247274572306e-05
2.862956107492632996e-05
-4.086167694735276122e-06
2.927143041840895622e-07
6.134437916950720271e-09
-5.006872532378228633e-09
7.639655639574603220e-10
-6.047826828365317229e-11
-4.298478967134796353e-13
9.408992042640844549e-13
-1.566939467246435337e-13
1.344964385052352425e-14
-3.167604559086976757e-17
-1.935077580423250077e-16
3.412498607344904289e-17
-3.036431222716755670e-18
9.573751978432001319e-01
3.140336046125954961e-02
-1.137969376628477150e-02
4.006345039151452611e-03
-1.345871843432034720e-03
4.201016732773797929e-04
-1.164088243785334014e-04
2.567538035869835491e-05
-2.572329846923650019e-06
-1.508289442838383738e-06
1.327646215359538422e-06
-6.958206811053574802e-07
2.985164456353304796e-07
-1.130068022559805668e-07
3.871534001113368770e-08
-1.202733503068335825e-08
3.305184358254969378e-09
-7.504813645939951037e-10
1.127408812520364408e-10
9.901685717576734769e-01
9.807204457590383909e-03
2.416410393771267553e-05
5.953030250806730376e-08
1.525360349800757421e-10
-3.560883266647767869e-12
2.383575965526062071e-12
-1.296427314398613184e-12
6.227041817048439730e-13
-2.579087788034365446e-13
8.826361434634723490e-14
-2.266542555395136443e-14
3.017621990014561536e-15
6.386207136444644934e-16
-4.890934412230958962e-16
1.037431896259040919e-16
1.506071857539900150e-17
-1.364131415010598847e-17
2.170542247336243508e-18
1.094926914791566341e+00
-2.345644816960564140e-05
3.546576299787197891e-09
-5.541016453105868645e-13
8.836680214022061078e-17
-1.459151324394866785e-20
-2.734321034550064542e-22
3.198315205014314816e-22
1.028793669938078244e-23
-8.826791679088967054e-23
1.085997939101192244e+00
-1.099029037025335727e-02
-1.749683021573852221e-03
3.464740205726789669e-04
3.960138656235387106e-06
-7.017709693029990118e-06
5.223515964990274836e-07
9.300814951477541222e-08
-1.838896973407652129e-08
-2.457219490084987764e-10
3.882374668611053245e-10
-2.947953264255371166e-11
-5.118052938325811470e-12
1.054743620137825371e-12
4.202288637081757528e-15
-2.144639029586575290e-14
2.037387887755617898e-15
2.234639356442425044e-16
-6.582502681972893874e-17
1.059758884742659335e+00
-1.312291415071348104e-02
7.760132855023558996e-04
3.837832363073094896e-05
-1.549640761623193464e-05
1.878335842538682118e-06
-9.230082056334113486e-08
-9.495007055741470312e-09
2.636307368653454640e-09
-2.879610520915030488e-10
1.093048728743487594e-11
2.029572919023407904e-12
-4.606437297991631489e-13
4.547576146876358373e-14
-1.039334450004621400e-15
-4.387077368877003614e-16
8.185709358895804581e-17
-6.729013660529350570e-18
-3.704861959859564228e-20
1.021872655195523949e+00
-1.640043955838817527e-02
6.024578650895190228e-03
-2.136705588923549712e-03
7.162767913284753601e-04
-2.197352051156091317e-04
5.807392035249501187e-05
-1.112475071071225467e-05
5.232423360368085536e-08
1.377089961717113785e-06
-9.207726933110459372e-07
4.372734974942640307e-07
-1.747703012609702713e-07
6.161678513468278090e-08
-1.933866636766613672e-08
5.282840118611173725e-09
-1.130048890119017496e-09
7.170727448516844869e-11
5.539707841518320786e-11
1.004952198592819812e+00
-4.952198588841075395e-03
-7.320568993748113198e-12
5.907083307772777306e-12
-4.357194555609582008e-12
2.924904143122714728e-12
-1.775150248979653233e-12
9.646688291354538250e-13
-4.625582959142970949e-13
1.911038104686310342e-13
-6.514035517982304566e-14
1.659517919787692932e-14
-2.142768068476222333e-15
-5.013374905907217609e-16
3.657859952375521545e-16
-7.531284420580261402e-17
-1.210077785174491071e-17
1.021614358872626927e-17
-1.546450520695142338e-18
9.054334589177697179e-01
