3.264045658145969808e-01
-3.902298688954466618e-04
1.877682988590953978e-07
-7.870884664732333107e-11
2.618780987927509033e-14
-1.070252253210505694e-17
2.991892682124445114e-18
5.723081600004823499e-19
9.894723845476808120e-19
-8.282764228583278135e-19
2.249817801293611530e-01
-1.134589339353741372e-01
-4.196143381667440976e-03
7.225299454283920508e-03
-1.234522741816781663e-03
-1.341154722159718907e-04
8.981992420066207408e-05
-9.705424515224235412e-06
-2.918412691347871627e-06
9.983917297153837056e-07
-7.353755196711007222e-09
-5.274385721410734679e-08
8.307850670725852534e-09
1.839440561739619994e-09
-7.786929766338959946e-10
3.334659739173495532e-12
5.004344716684010193e-11
-7.343519197834938492e-12
-2.056761924687981367e-12
5.948208623444314891e-02
-4.401138431864543704e-02
8.611029710262181613e-03
-1.087208354724494234e-03
7.711484110495091379e-05
4.012946229378128243e-06
-2.627483959088573582e-06
5.760288486662034903e-07
-8.890685546951672210e-08
9.874447371166078604e-09
-5.145597762088517355e-10
-9.613091646364444686e-11
3.722016620121073468e-11
-7.461465802153681563e-12
1.066727185285749815e-12
-1.004838682477078297e-13
5.271077173817332009e-16
2.419308882690117120e-15
-6.138793893824131621e-16
3.794097220477797225e-03
-6.929913062929711140e-03
5.307029056315028595e-03
-3.453348682807988283e-03
1.941474273130154452e-03
-9.595278391301482373e-04
4.239084264129402979e-04
-1.700208278419997054e-04
6.277277936282265203e-05
-2.158239435214330789e-05
6.964585150726826173e-06
-2.112288453304871745e-06
5.955303569291296642e-07
-1.500716469836960306e-07
2.952332899015269081e-08
-1.256888176431368869e-09
-3.327142123306376653e-09
3.132927273226026613e-09
-1.367330237526243490e-09
3.115532108582212248e-08
-5.848654510887916693e-08
4.828492453586701061e-08
-3.487483055142964374e-08
2.181499893797417954e-08
-1.161177525923772677e-08
5.096640636399837674e-09
-1.730592312010912744e-09
3.813202176011273996e-10
-8.911351448435209772e-12
-2.955844402953876114e-11
9.230000954016870433e-12
7.295655129175322629e-13
-1.157827668728118480e-12
1.188456869129359273e-13
1.248775869310208468e-13
-3.045665167923079799e-14
-1.233766427240135118e-14
4.945615032681575855e-15
6.905790434976871728e-01
2.399391467861350803e-04
-1.212376089130102204e-07
6.241322456359876798e-11
-3.134614395668525091e-14
1.417750261917856313e-17
4.614362922895998875e-19
-6.095497636267894499e-18
2.417896287371429460e-18
9.831883697673534859e-19
7.538182960053210202e-01
7.133845830189992909e-02
3.585468025256255929e-03
-4.126389000459806944e-03
7.366931911104087098e-04
5.189748682818670552e-05
-5.090710887075300829e-05
8.389181199438731050e-06
9.480865158937101526e-07
-6.592860458784540276e-07
8.648656522117705371e-08
1.801076380658171310e-08
-8.275718346401547126e-09
6.514008322401007626e-10
3.171022695864717331e-10
-9.300772033578909649e-11
1.874556290063343274e-14
4.697226242180405221e-12
-7.784483768951630243e-13
8.690612565692739100e-01
3.826452034824345122e-02
-4.909867840084279969e-03
5.004276478637971265e-04
-2.856994910579783344e-05
-2.829723934997657838e-06
1.281494920788292194e-06
-2.644872637167287130e-07
4.043907017226036073e-08
-4.737638023485147728e-09
3.466332462852503867e-10
1.467344270911728455e-11
-1.169033102765135793e-11
2.754135106998080677e-12
-4.596820394688603841e-13
5.778179635135836894e-14
-4.531716236597362172e-15
-2.040968549050289149e-16
1.513236498614498892e-16
9.555864685164060512e-01
3.312999184170980355e-02
-1.233695936270222913e-02
4.580012474817853063e-03
-1.691147721436584133e-03
6.189918305486902033e-04
-2.235738438922898921e-04
7.923835901126731831e-05
-2.736705038859905571e-05
9.131608020985215182e-06
-2.909358039883513790e-06
8.689307303302882560e-07
-2.348668567896434625e-07
5.252971854968018219e-08
-6.391114265362594356e-09
-2.431268054730646151e-09
2.700194153558670828e-09
-1.881517937121025441e-09
7.529129967530640779e-10
9.898354487832062842e-01
1.013865587792895338e-02
2.582936757445869025e-05
6.580321961838951628e-08
1.676434338162420666e-10
4.253846956175323780e-13
2.247624949750963635e-15
-7.289045560289217703e-16
4.248160468715178105e-16
-2.253023193445084643e-16
1.080329492922657239e-16
-4.611796763650886710e-17
1.709525542285041844e-17
-5.254718723447852458e-18
1.200722566391810758e-18
-1.259289931320993088e-19
-4.204957205667514958e-20
2.599629374496516559e-20
-5.714927241730955941e-21
1.158009915654008681e+00
-1.064830812079873868e-04
4.640952431055466802e-08
-2.229178475422039107e-11
1.191782610409871433e-14
-6.326915100466967754e-19
-2.596706229828811102e-18
-2.033327632946479772e-18
3.860911185759616294e-18
-1.909826506390638272e-18
1.127979342192519940e+00
-3.445676675638364994e-02
-2.437339360930474482e-03
1.887904898910086051e-03
-2.601764849344410566e-04
-3.287434403355128507e-05
1.824200707806811463e-05
-2.223830955528938987e-06
-3.550716329206121648e-07
1.749398291525551521e-07
-2.358976092757756604e-08
-2.130982190390100912e-09
1.663903210257460010e-09
-3.831622343757315246e-10
2.466908568875303786e-11
1.882285049836402113e-11
-8.294812596709106119e-12
8.980988688227094317e-13
3.663226132101008726e-13
1.069227001865702409e+00
-2.066733136262128082e-02
2.571302340439414642e-03
-2.291866540485400835e-04
5.219959781328030983e-06
3.151046362839945215e-06
-8.359985231116395353e-07
1.350003056347714397e-07
-1.547263876879139497e-08
9.966663249680831320e-10
7.207674921090005192e-11
-3.726042887423140578e-11
7.411789009731851491e-12
-1.000185658399791843e-12
8.428651075544523396e-14
9.467059116168338313e-16
-2.020204935598368223e-15
4.678620570822479575e-16
-6.634674115091466093e-17
1.022868991753403289e+00
-1.743096489549955316e-02
6.625166363533813337e-03
-2.505459725969967980e-03
9.393731507264407345e-04
-3.474339619307362562e-04
1.259356576063050555e-04
-4.437034409205182535e-05
1.503652819931709384e-05
-4.830884681243491059e-06
1.437613053282634596e-06
-3.782021153953858024e-07
7.698529613598522290e-08
-4.263430757535784809e-09
-7.234350445891459744e-09
5.742103434517950936e-09
-3.210847882155611995e-09
1.743008129420419469e-09
-6.364908128925591273e-10
1.005121286088768828e+00
-5.121286088766742288e-03
-3.823281054901698349e-15
3.230554392027097218e-15
-2.546939509134029535e-15
1.869675180907084454e-15
-1.274294138624577120e-15
8.032000949738506399e-16
-4.657024905591081244e-16
2.465617102413778240e-16
-1.179579159815427486e-16
5.019995375898246028e-17
-1.852611162483948325e-17
5.653778993155799797e-18
-1.272761075261457675e-18
1.238845344414042126e-19
4.929779172556373730e-20
-2.835388477035058067e-20
5.942195150481505399e-21
8.432939673554649129e-01
