1.500806404404324279e-01
-5.057658155804783766e-05
6.872481394027423309e-09
-8.985332257664248963e-13
1.157106125454596617e-16
-1.569996203708259289e-20
4.363569463089862974e-22
-4.208151584030514664e-23
-2.884943404824303395e-22
2.495512875120232728e-22
1.304892892158321660e-01
-2.420221731550685484e-02
-3.963757964327915308e-03
7.302994417234767071e-04
1.840664577190371745e-05
-1.376303227584823538e-05
6.593390665345887775e-07
1.853317191240405582e-07
-2.402158356693452166e-08
-1.440773227112845698e-09
4.991023614141090261e-10
-9.646809348575582259e-12
-7.610640770487623952e-12
6.517163497881500656e-13
8.308449621922011251e-14
-1.571326235440952857e-14
-4.005616966488942566e-16
2.707511000116705175e-16
-8.314606674243961463e-18
7.230138799208665756e-02
-2.898717186389170378e-02
1.936102372970180873e-03
1.217889896903180137e-04
-3.979009623813802032e-05
3.965818826074691896e-06
-8.194148274543665949e-08
-3.503590231197418431e-08
5.875071751291064533e-09
-4.089182792148717092e-10
-1.284292459781822005e-11
6.736278609925801066e-12
-7.921068327810969076e-13
2.940579372816258147e-14
5.536288648376288510e-15
-1.134972744247833827e-15
9.063037412488318170e-17
1.514483404358799940e-18
-1.282368996452532497e-18
9.632005252200065426e-03
-1.655168510427855802e-02
1.072263621998949951e-02
-5.404086059145454812e-03
2.166445798015664750e-03
-6.907835987874498974e-04
1.653608777922632223e-04
-2.063302916314235710e-05
-6.214938216570769047e-06
6.162021491891197000e-06
-3.144860328542382126e-06
1.286612076850187792e-06
-4.601433766716310127e-07
1.465030675267579876e-07
-4.063405063300928226e-08
8.913196589195834965e-09
-8.188521848199286059e-10
-7.519940599871968956e-10
4.486382399895584278e-10
2.909168581246021868e-06
-5.342050831153901762e-06
4.118079134305381975e-06
-2.629853311475223759e-06
1.352309846764758190e-06
-5.268791770958926490e-07
1.316259803848364995e-07
-5.239524723781801572e-09
-1.036016547551524503e-08
3.066876147253776160e-09
5.517645026626016986e-10
-4.538928919116849356e-10
-2.160520723552685093e-11
6.417953927823776402e-11
8.912130928446926884e-13
-9.797932414020628793e-12
-5.235193220294630417e-13
1.341925155324722299e-12
2.334467567657818727e-13
8.413869970189032932e-01
3.106099822838939749e-05
-3.816795961303031653e-09
4.890727104709362627e-13
-6.398435365462899577e-17
9.228408698789462022e-21
-5.603393415708888651e-22
9.979193087319209634e-23
3.410292947508141321e-22
-2.317081769310648427e-22
8.536816849255327577e-01
1.526983282947917686e-02
2.613840591533179731e-03
-4.118586815125198385e-04
-1.178049988934230468e-05
7.476373679375842100e-06
-3.506549993678669999e-07
-9.822516837513286150e-08
1.310498092896734997e-08
6.921980999019624116e-10
-2.738121288429500836e-10
8.319424715697129405e-12
4.082050668627300339e-12
-4.402836276581759384e-13
-3.826113389563739118e-14
1.031472837619736993e-14
-7.887469538367046920e-17
-1.687318081471456945e-16
1.302296280600993937e-17
8.925833916166358017e-01
2.067548902340085593e-02
-8.800717326615906414e-04
-9.628508354668441295e-05
2.262249797312890654e-05
-2.017877123020087711e-06
2.595388007412308903e-08
1.894904539146804662e-08
-2.941287156234894345e-09
1.982323699594319687e-10
5.864322487334256935e-12
-3.159496233556826250e-12
3.845241233165848835e-13
-1.770992042014328196e-14
-2.066243673239027334e-15
5.129692989331796742e-16
-4.901181705906514910e-17
7.244347802651911210e-19
4.810228818206602764e-19
9.584276653545520386e-01
3.029605238940478659e-02
-1.072880476882288533e-02
3.616381831518764977e-03
-1.124207334580590127e-03
3.049943376942169373e-04
-6.277935909492397902e-05
3.523769698290837256e-06
5.403597275296114871e-06
-3.915432420490122168e-06
1.864944565225251377e-06
-7.281209171157624334e-07
2.457006476628824268e-07
-7.194555264931567513e-08
1.748800372942982923e-08
-2.871633702460761695e-09
-2.158037452181152272e-10
5.735778434670433641e-10
-2.677526716185299674e-10
9.903445125826497719e-01
9.632123870043481084e-03
2.330705002421703016e-05
5.633369844032626242e-08
1.813979496657203728e-10
-2.881460063601764588e-11
1.689937390369388968e-11
-8.644184682527813610e-12
3.819358622018900858e-12
-1.404013189673356288e-12
3.963583407893990577e-13
-6.618174235101633569e-14
-5.705860863940382934e-15
7.766677685829486295e-15
-2.034242832477364801e-15
-1.524055566014682317e-16
2.527420437401748042e-16
-3.512734868486728642e-17
-1.873544449412320844e-17
1.080914048327851429e+00
-1.482748369993940800e-05
1.639299629762720058e-09
-1.858849462714251687e-13
2.139695017539011439e-17
-2.364910052996276656e-21
-6.424397211605664877e-23
7.467307884937821757e-23
-7.701686153309481185e-23
2.324991366654354411e-23
1.074945196476179143e+00
-7.441302090497141364e-03
-1.311052993306258043e-03
1.864175428066785936e-04
6.977325056398494627e-06
-3.160309958954983446e-06
1.007474245583292961e-07
4.022547582755420082e-08
-4.119326932120772654e-09
-3.321198803261099799e-10
8.372356198815103586e-11
-5.269484183051471611e-13
-1.229745705300722835e-12
9.028752017396525297e-14
1.252478573188536940e-14
-2.225458814525511893e-15
-3.505661356582897335e-17
3.577129012392890378e-17
-2.059766070784159352e-18
1.055495805024668554e+00
-1.056246815428279681e-02
3.936170622461677157e-04
5.653773204507250014e-05
-1.131863009062634955e-05
8.441872552824838329e-07
1.129496057858430245e-08
-1.031961477746219571e-08
1.209032073271913977e-09
-4.676750163524478549e-11
-6.872007102157967058e-12
1.402159328059887265e-12
-1.089266461883501280e-13
-1.020534188583677626e-15
1.324997354386122759e-15
-1.619389006250834470e-16
6.553893960571269871e-18
9.442078580526120509e-19
-1.901610607367643329e-19
1.021295914991918519e+00
-1.576552977889017493e-02
5.643009324823427750e-03
-1.907529570099867960e-03
5.873141438081321995e-04
-1.540363796409000431e-04
2.832473145523353578e-05
6.581478932403606143e-07
-3.916397494612441996e-06
2.431234791290885734e-06
-1.078120386876471517e-06
3.951998001657226389e-07
-1.234800670594175045e-07
3.209883041070875363e-08
-6.043340081449372927e-09
1.352711922607881834e-10
6.268547593544082473e-10
-4.778181929425467696e-10
1.864392690580806056e-10
1.004862930387648623e+00
-4.862930357697046145e-03
-5.474901042050740582e-11
4.340754454801892954e-11
-3.120605510479604692e-11
2.022522201046981128e-11
-1.171505793016777895e-11
5.984244901190396464e-12
-2.638729081681886104e-12
9.669218111030439316e-13
-2.713366427280270008e-13
4.447862663771571572e-14
4.350388670236320953e-15
-5.428266801328735944e-15
1.388212181429976773e-15
1.184878103200438802e-16
-1.771380381639654524e-16
2.344075216713307999e-17
1.345935560349940623e-17
9.192547737300093003e-01
