2.144565506287779699e-01
-1.278308278537932221e-04
3.141318354777234923e-08
-7.341459893384122264e-12
1.640569522857366848e-15
-3.446655171657104354e-19
8.345063557014526431e-22
-3.782898131094645815e-22
-2.700495178630193137e-22
3.462740605519521830e-22
1.715280463586780768e-01
-5.126234234578383453e-02
-6.110038671502314618e-03
2.324870027943325753e-03
-9.168818365738557136e-05
-5.665867384659827667e-05
9.203186871069253999e-06
5.664502918690217010e-07
-3.247752011074728467e-07
1.945681228554964589e-08
7.055427746748072610e-09
-1.265734715103982750e-09
-7.162782181442427723e-11
4.190940279908782489e-11
-1.764589337065825577e-12
-1.027020719894872505e-12
1.337357116036761633e-13
1.936437653530680136e-14
-5.463867815119522460e-15
7.190699437249535586e-02
-3.941405999366699026e-02
4.873930684052958651e-03
-2.021241277917111372e-04
-4.277292035283713725e-05
1.117065094560701417e-05
-1.424665407039287161e-06
9.131914642417509357e-08
5.851052785069318017e-09
-2.660383306069130536e-09
4.188925640085186621e-10
-3.633300456003098965e-11
-9.765182815444710530e-14
6.457730529415064897e-13
-1.242255573503760700e-13
1.295641324417233705e-14
-3.469881195722995233e-16
-1.661118366913520876e-16
3.782684320474130625e-17
6.966841226118714557e-03
-1.237648582899487926e-02
8.770591745709694839e-03
-5.069924338175359202e-03
2.446797381771896769e-03
-1.005117996998489876e-03
3.558019322682855635e-04
-1.085159235598344988e-04
2.768693755410775323e-05
-5.160877761319716092e-06
1.174918547868322550e-07
5.348746254382325260e-07
-3.735503312194262039e-07
1.885296077373846764e-07
-8.292664702324913732e-08
3.353213804980505066e-08
-1.280768265113141949e-08
5.039123169483939101e-09
-1.527524907800500766e-09
4.653203193457884219e-07
-8.637345552179883480e-07
6.886586060427519228e-07
-4.675505132076766324e-07
2.655888482186334325e-07
-1.220609922931645296e-07
4.225945999603341334e-08
-8.919939101388297169e-09
-1.991780697348693960e-10
8.576425515253643047e-10
-1.995074113475209893e-10
-5.015078958290158824e-11
3.184004606021678155e-11
1.949471481488746235e-12
-4.398697661081096556e-12
2.244831612504482406e-14
6.609849855037941972e-13
-1.195948632037757849e-14
-1.023575453677850905e-13
7.865169116807118055e-01
7.621610926245419031e-05
-1.760109349101123833e-08
4.253073710811037638e-12
-1.039404426744462236e-15
2.533988763785337637e-19
-5.866980875538025051e-22
-1.407692784696157102e-22
1.855428113984708110e-22
5.311873344244623961e-23
8.128256873061553422e-01
3.166094849755319435e-02
4.116103668832585098e-03
-1.299382308631400352e-03
4.795155440789928430e-05
3.034341306450713286e-05
-5.147832103369769015e-06
-2.345185950513041739e-07
1.794887215518993984e-07
-1.534341008706635334e-08
-3.408823691410691931e-09
8.681174318732944517e-10
-3.675234208030015621e-12
-2.518161818602482319e-11
3.054608888091226748e-12
3.872434294376750312e-13
-1.333177813591218421e-13
2.974209244092406460e-15
3.551011985310937146e-15
8.793907707812856911e-01
2.949860896288244994e-02
-2.498398829320315744e-03
5.114396465419806864e-05
2.721499869398562757e-05
-5.865146994805400406e-06
6.942654432299286509e-07
-4.209606189133561405e-08
-2.753928069530126367e-09
1.207048288488922087e-09
-1.925238480802605297e-10
1.823669600771500911e-11
-4.200637854373445093e-13
-2.229375442789629711e-13
5.165291813131062251e-14
-6.514867516653758288e-15
4.134887416317165487e-16
3.257521729899120529e-17
-1.332377106364453539e-17
9.567431731191922140e-01
3.206086666274613611e-02
-1.176845969664778307e-02
4.246377014014205559e-03
-1.489676070200847847e-03
5.004052127804270575e-04
-1.574776541051457767e-04
4.477245400225062026e-05
-1.061134208600365573e-05
1.534723107139014374e-06
3.080177690585972974e-07
-4.055997925705655412e-07
2.372921592959136064e-07
-1.104452204775217703e-07
4.544480824080942804e-08
-1.717389890053132589e-08
6.094158377353734444e-09
-2.196887152572645619e-09
6.246219191736218890e-10
9.900607862489505528e-01
9.914455241711955108e-03
2.469683671062313502e-05
6.151850167885721538e-08
1.540989091709770435e-10
-2.077613202269069460e-13
3.720910980569329115e-13
-2.115408293555269592e-13
1.079892315766784967e-13
-4.856708418454856523e-14
1.872800608031654652e-14
-5.880901238009113418e-15
1.322990476670169545e-15
-1.071913352898680032e-16
-6.541844607731808381e-17
3.267394564406835291e-17
-4.949836834924486997e-18
-1.755270718596144782e-18
9.684162731628262040e-19
1.108885772570276318e+00
-3.511085260978186298e-05
7.010231053609328591e-09
-1.457572371745493802e-12
3.123953764701879427e-16
-6.966874621170017658e-20
9.543636186025594858e-23
1.154762742846029506e-22
-1.216943002139525448e-22
5.976781267954508823e-23
1.096317299888215357e+00
-1.525200158322660704e-02
-2.145310446604028164e-03
5.775759551600827399e-04
-1.026636310658417266e-05
-1.304908905691650938e-05
1.673353982423481617e-06
1.430140063350802067e-07
-5.789156813539265907e-08
2.849334584273560242e-09
1.140314131934718334e-09
-2.025879529420124122e-10
-4.983723199656357268e-12
5.684484139858526988e-12
-5.864911926646980817e-13
-6.577811762975165206e-14
2.419872713931009616e-14
-1.782843605323760878e-15
-3.794556719232697552e-16
1.062918552646461290e+00
-1.537039761450303618e-02
1.205119506666851859e-03
-1.963776042340899277e-06
-1.677786316131574043e-05
2.964083787278661428e-06
-2.784485755049622129e-07
6.181926912253229297e-09
2.968726956045524577e-09
-6.208268870309737613e-10
6.708623100915607509e-11
-2.742121646459398564e-12
-5.196447522082733627e-13
1.349435028897983885e-13
-1.626435873060427782e-14
8.408721236062014119e-16
1.000774138450073268e-16
-3.089250538812734936e-17
3.854780005485077978e-18
1.022224070996194056e+00
-1.678756810348957032e-02
6.261168983785834162e-03
-2.284223345204505328e-03
8.041999752706169942e-04
-2.681185133635277098e-04
8.226904848375072720e-05
-2.203078041338159685e-05
4.448775023865335849e-06
-1.846784329373531158e-07
-4.492929631621384875e-07
3.292283757024654655e-07
-1.660483448819947445e-07
7.080602345715680694e-08
-2.705064344904045543e-08
9.452375186535798885e-09
-3.035011981391271858e-09
9.316491409723043622e-10
-2.258709481657142836e-10
1.005006898563927331e+00
-5.006898563323523323e-03
-1.116963511851611293e-12
9.138977937568526260e-13
-6.878436221301913743e-13
4.745221766304070409e-13
-2.984977379018504878e-13
1.699440360920735843e-13
-8.662077834775300986e-14
3.887429167555523555e-14
-1.494352499427765682e-14
4.668081181564471019e-15
-1.038132096089403289e-15
7.794141078443529241e-17
5.423469560960131266e-17
-2.620864109755143407e-17
3.796552765706153446e-18
1.466275355802373584e-18
-7.802711435407050709e-19
8.916210826527698474e-01
