7.723502738038995341e-02
9.089207792712523937e-02
1.050376042301469914e-01
1.196494219403387849e-01
1.346950190355848120e-01
1.501312238953705080e-01
1.659045261210481403e-01
1.819521453035972680e-01
1.982038495687952206e-01
2.145844128771584036e-01
2.310164957019930909e-01
2.474236656740203266e-01
2.637332609406782824e-01
2.798788408528926075e-01
2.958020513886892577e-01
3.114538321426220668e-01
3.267949835305263284e-01
3.417961805124994923e-01
3.564375565762245568e-01
3.707079915055903063e-01
3.846042264104536645e-01
3.981299081461721623e-01
4.112946401014671016e-01
4.241130923274059605e-01
4.366042037835589640e-01
4.487904940095966966e-01
4.606974906341854137e-01
4.723532720918897088e-01
4.837881208864574512e-01
4.950342808899734770e-01
5.061258118347121693e-01
5.170985348151012628e-01
5.279900639112681260e-01
5.388399207187056783e-01
5.496897304630131709e-01
5.605835003880316192e-01
5.715679831780304809e-01
5.826931302714081218e-01
5.940126420059665957e-01
6.055846236087615297e-01
6.174723579721178579e-01
6.297452077280217830e-01
6.424796595908947028e-01
6.557605215257658049e-01
6.696822742458908850e-01
6.843505559444840181e-01
