1.094327989776915783e-01
1.615380926811041118e-01
1.982048894372669956e-01
2.271076911293082867e-01
2.510019248291741611e-01
2.712685094761191351e-01
2.887229494015540743e-01
3.038978558992807000e-01
3.171660091902697709e-01
3.288019133774814362e-01
3.390157573851655393e-01
3.479735840481708031e-01
3.558099736495912713e-01
3.626363931540229624e-01
3.685469020526162542e-01
3.736221757465216786e-01
3.779324187266198121e-01
3.815395218491786089e-01
3.844986904615821377e-01
3.868596928151012970e-01
3.886678298855098523e-01
3.899646966716605045e-01
3.907887845429866558e-01
3.911759603295838494e-01
3.911598482541801536e-01
3.907721340747759564e-01
3.900428060515884199e-01
3.890003439906316030e-01
3.876718652493733597e-01
3.860832349351416837e-01
3.842591463432832866e-01
3.822231769438750315e-01
3.799978245109508213e-01
3.776045276769392500e-01
3.750636747635510138e-01
3.723946044318260373e-01
3.696156013663878248e-01
3.667438898865748587e-01
3.637956279792365910e-01
3.607859038691423326e-01
3.577287368070561357e-01
3.546370833216974106e-01
3.515228497497771554e-01
3.483969114420636948e-01
3.452691386716268962e-01
3.421484289420689828e-01
3.390427451272181036e-01
3.359591586736790370e-01
3.329038969625981448e-01
3.298823938496678321e-01
3.268993423904270057e-01
3.239587487804911903e-01
3.210639866109414875e-01
3.182178506277017482e-01
3.154226092951724625e-01
3.126800555806870663e-01
3.099915554950087304e-01
3.073580940390087668e-01
3.047803183111404968e-01
3.022585776254487766e-01
2.997929605713309797e-01
2.973833290146918884e-01
2.950293490958025289e-01
2.927305193227633384e-01
2.904861958922134169e-01
2.882956153918045383e-01
2.861579150541733729e-01
2.840721507399763812e-01
2.820373128304500820e-01
2.800523402081490643e-01
2.781161324995961581e-01
2.762275607462076343e-01
2.743854766608469498e-01
2.725887206172578625e-01
2.708361285090042370e-01
2.691265376036353629e-01
2.674587915071108268e-01
2.658317443430274207e-01
2.642442642412343723e-01
2.626952362209917791e-01
2.611835645450288346e-01
2.597081746127409829e-01
2.582680144532715216e-01
2.568620558723759273e-01
2.554892953008330858e-01
2.541487543865039167e-01
2.528394803671525914e-01
2.515605462565950190e-01
2.503110508727542927e-01
2.490901187325667288e-01
2.478968998355297881e-01
2.467305693548515755e-01
2.455903272526578363e-01
2.444753978335189870e-01
2.433850292486263167e-01
2.423184929612315908e-01
2.412750831824978237e-01
2.402541162855512391e-01
2.392549302044584547e-01
2.382768838237701858e-01
2.373193563634717895e-01
2.363817467633865521e-01
2.354634730704443513e-01
2.345639718316253619e-01
2.336826974949518521e-01
2.328191218203970458e-01
2.319727333023161586e-01
2.311430366045593710e-01
2.303295520092981108e-01
2.295318148802336089e-01
2.287493751407613518e-01
2.279817967674167278e-01
2.272286572988510833e-01
2.264895473604160436e-01
2.257640702043670622e-01
2.250518412655735934e-01
2.243524877326216194e-01
2.236656481340396074e-01
2.229909719394314038e-01
2.223281191751874941e-01
2.216767600544515826e-01
2.210365746209949078e-01
2.204072524066192362e-01
2.197884921017057569e-01
2.191800012385206331e-01
2.185814958868785574e-01
2.179927003617662951e-01
2.174133469425204301e-01
2.168431756031738156e-01
2.162819337535751285e-01
2.157293759908817110e-01
2.151852638610727286e-01
2.146493656300791364e-01
2.141214560641960252e-01
2.136013162193894921e-01
2.130887332391905864e-01
2.125835001608009367e-01
2.120854157291086062e-01
2.115942842182845507e-01
2.111099152606630003e-01
2.106321236825828835e-01
2.101607293469409388e-01
2.096955570021357684e-01
2.092364361371631953e-01
2.087832008425858921e-01
2.083356896771340616e-01
2.078937455396882850e-01
2.074572155464146639e-01
2.070259509128211939e-01
2.065998068405256183e-01
2.061786424085146618e-01
2.057623204686995777e-01
2.053507075455683339e-01
2.049436737397508368e-01
2.045410926353149195e-01
2.041428412106169876e-01
2.037487997525442296e-01
2.033588517739789714e-01
2.029728839343514502e-01
2.025907859630985408e-01
2.022124505859226318e-01
2.018377734536857537e-01
2.014666530738236927e-01
2.010989907441451674e-01
2.007346904889049655e-01
2.003736589970236681e-01
2.000158055623486308e-01
1.996610420258623786e-01
1.993092827197112116e-01
1.989604444129825234e-01
1.986144462591274695e-01
1.982712097449367827e-01
1.979306586410019553e-01
1.975927189535626460e-01
1.972573188776804987e-01
1.969243887516604896e-01
1.965938610126504449e-01
1.962656701533633807e-01
1.959397526798477007e-01
1.956160470702606735e-01
1.952944937345863219e-01
1.949750349752435163e-01
1.946576149485428897e-01
1.943421796269413360e-01
1.940286767620543473e-01
1.937170558483947980e-01
1.934072680877822747e-01
1.930992663544111587e-01
1.927930051605305228e-01
1.924884406227123368e-01
1.921855304286791410e-01
1.918842338046694573e-01
1.915845114833124030e-01
1.912863256719972427e-01
1.909896400217108714e-01
1.906944195963341249e-01
1.904006308423749350e-01
1.901082415591258123e-01
1.898172208692331664e-01
1.895275391896704686e-01
1.892391682030946376e-01
1.889520808295921395e-01
1.886662511987887980e-01
1.883816546223357757e-01
1.880982675667483006e-01
1.878160676266032447e-01
1.875350334980867006e-01
1.872551449528896683e-01
1.869763828124464955e-01
1.866987289225183755e-01
1.864221661281122711e-01
1.861466782487437299e-01
1.858722500540329337e-01
1.855988672396412797e-01
1.853265164035426960e-01
1.850551850226310746e-01
1.847848614296662695e-01
1.845155347905539367e-01
1.842471950819656312e-01
1.839798330692939687e-01
1.837134402849466552e-01
1.834480090069807723e-01
1.831835322380706843e-01
1.829200036848202260e-01
1.826574177374147290e-01
1.823957694496077253e-01
1.821350545190526804e-01
1.818752692679734273e-01
1.816164106241728859e-01
1.813584761023829262e-01
1.811014637859548748e-01
1.808453723088851717e-01
1.805902008381800872e-01
1.803359490565627776e-01
1.800826171455050251e-01
1.798302057686054778e-01
1.795787160552924089e-01
1.793281495848634277e-01
1.790785083708490988e-01
1.788297948457089337e-01
1.785820118458520678e-01
1.783351625969744336e-01
1.780892506997266422e-01
1.778442801156884245e-01
1.776002551536679519e-01
1.773571804563011667e-01
1.771150609869689974e-01
1.768739020170145282e-01
1.766337091132622605e-01
1.763944881258346087e-01
1.761562451762629655e-01
1.759189866458878704e-01
1.756827191645458919e-01
1.754474495995393957e-01
1.752131850448781780e-01
1.749799328108030960e-01
1.747477004135730982e-01
1.745164955655185146e-01
1.742863261653563312e-01
1.740572002887539327e-01
1.738291261791591602e-01
1.736021122388583249e-01
1.733761670202905447e-01
1.731512992175943400e-01
1.729275176583860429e-01
1.727048312957696341e-01
1.724832492005666518e-01
1.722627805537682855e-01
1.720434346391998826e-01
1.718252208363939548e-01
1.716081486136740164e-01
1.713922275214337376e-01
1.711774671856090557e-01
1.709638773013547608e-01
1.707514676268928888e-01
1.705402479775548208e-01
1.703302282199978257e-01
1.701214182665917174e-01
1.699138280699863668e-01
1.697074676178298991e-01
1.695023469276636940e-01
1.692984760419612711e-01
1.690958650233292671e-01
1.688945239498542694e-01
1.686944629105970039e-01
1.684956920012241899e-01
1.682982213197820875e-01
1.681020609626044937e-01
1.679072210203453042e-01
1.677137115741456630e-01
1.675215426919195727e-01
1.673307244247603798e-01
1.671412668034648885e-01
1.669531798351698848e-01
1.667664735000959353e-01
1.665811577484072048e-01
1.663972424971588704e-01
1.662147376273678812e-01
1.660336529811556883e-01
1.658539983590087419e-01
1.656757835171164261e-01
1.654990181648040293e-01
1.653237119620535323e-01
1.651498745171053606e-01
1.649775153841415709e-01
1.648066440610531647e-01
1.646372699872765411e-01
1.644694025417109962e-01
1.643030510407042510e-01
1.641382247361097280e-01
1.639749328134096629e-01
1.638131843899033324e-01
1.636529885129657802e-01
1.634943541583551152e-01
1.633372902285914752e-01
1.631818055513860888e-01
1.630279088781307617e-01
1.628756088824367954e-01
1.627249141587312209e-01
1.625758332208993573e-01
1.624283745009772462e-01
1.622825463478947683e-01
1.621383570262590612e-01
1.619958147151873140e-01
1.618549275071786142e-01
1.617157034070293986e-01
1.615781503307889277e-01
1.614422761047534238e-01
1.613080884644929880e-01
1.611755950539259519e-01
1.610448034244147397e-01
1.609157210339056121e-01
1.607883552460964705e-01
1.606627133296373855e-01
1.605388024573604633e-01
1.604166297055413803e-01
1.602962020531880361e-01
1.601775263813567107e-01
1.600606094724936757e-01
1.599454580098053635e-01
1.598320785766506047e-01
1.597204776559573991e-01
1.596106616296638914e-01
1.595026367781794685e-01
1.593964092798698107e-01
1.592919852105600942e-01
1.591893705430620087e-01
1.590885711467125985e-01
1.589895927869425796e-01
1.588924411248528179e-01
1.587971217168114568e-01
1.587036400140711956e-01
1.586120013623971980e-01
1.585222110017138752e-01
1.584342740657657678e-01
1.583481955817919173e-01
1.582639804702152819e-01
1.581816335443455013e-01
1.581011595100945688e-01
1.580225629657024122e-01
1.579458484014813480e-01
1.578710201995605911e-01
1.577980826336535247e-01
1.577270398688315201e-01
1.576578959613025577e-01
1.575906548582092781e-01
1.575253203974279481e-01
1.574618963073836642e-01
1.574003862068704684e-01
1.573407936048795419e-01
1.572831219004401371e-01
1.572273743824602055e-01
1.571735542295852883e-01
1.571216645100567133e-01
1.570717081815788396e-01
1.570236880911958510e-01
1.569776069751722680e-01
1.569334674588800660e-01
1.568912720566946195e-01
1.568510231718932280e-01
1.568127230965607743e-01
1.567763740115030169e-01
1.567419779861612683e-01
1.567095369785360681e-01
1.566790528351144907e-01
1.566505272907998680e-01
1.566239619688521434e-01
1.565993583808280021e-01
1.565767179265250275e-01
1.565560418939369314e-01
1.565373314592031773e-01
1.565205876865730372e-01
1.565058115283650131e-01
1.564930038249357502e-01
1.564821653046537808e-01
1.564732965838696588e-01
1.564663981668995563e-01
1.564614704460075834e-01
1.564585137013907723e-01
1.564575281011713337e-01
