1.131373653304813987e+00
-1.503428077797885377e-02
9.639162498623735672e-05
-6.472864686558594841e-07
4.706859972292021616e-09
-3.761000462130938358e-11
3.268459621299319021e-13
-3.013879837553038675e-15
2.880156899687747960e-17
-3.198420595812758959e-19
3.833006937783179358e-01
-5.163843434616249839e-01
2.105806726441867838e-01
-4.527182841260527640e-02
-9.658167742277535064e-03
1.598733911942008118e-02
-9.612732663199062208e-03
3.748694933707186986e-03
-7.877952530356603384e-04
-1.772200808200987830e-04
2.824507191659065219e-04
-1.669101602669290270e-04
6.373154339054319087e-05
-1.295253596763290789e-05
-2.995306058105066489e-06
4.475207735485349613e-06
-2.474329206820028723e-06
8.505147549512238204e-07
-1.567320247441792828e-07
1.177079277098186556e-02
-1.370376695733705255e-02
4.815891195854573106e-03
-1.260876764731992759e-03
2.748569831842251950e-04
-5.344490445230847008e-05
9.685933714081202499e-06
-1.679260574095939274e-06
2.821736720757721503e-07
-4.616320917737479213e-08
7.347674428556784699e-09
-1.133099918862372301e-09
1.680124906889665124e-10
-2.363960540298401231e-11
3.077688084064840986e-12
-3.498288622779622209e-13
2.845834108099158699e-14
8.554546102252813049e-16
-9.901152205221242319e-16
2.330069104029335264e-04
-4.423175118420009260e-04
3.786404414797887277e-04
-2.932803646038804912e-04
2.065574966002157911e-04
-1.331011907157382849e-04
7.901944605528669788e-05
-4.354551740334522923e-05
2.244750234488681538e-05
-1.090979879376416972e-05
5.038359174861406502e-06
-2.228061534717803156e-06
9.504976328388762655e-07
-3.939190858823489130e-07
1.596615858258038339e-07
-6.379786144160805046e-08
2.563364850240510562e-08
-1.141327812234819537e-08
3.844761736284809438e-09
-2.094547770246359938e-10
4.017499317985898136e-10
-3.541971598367153138e-10
2.866268335193274054e-10
-2.123168086501230830e-10
1.433591966397330437e-10
-8.769415275367591094e-11
4.816411903889918086e-11
-2.343406647631330039e-11
9.887218224874688737e-12
-3.483884972415143726e-12
9.460482814436561991e-13
-1.521344462811958677e-13
-1.327171824850968058e-14
1.729717406950894222e-14
-4.547995192913412244e-15
-2.170695167191657379e-16
4.806281877673531582e-16
-1.043620069546729101e-16
5.167749235758127835e-01
5.364868662606448076e-03
-3.197193192089833625e-05
1.691433006207260702e-07
-7.802745502654955474e-10
3.157207772122667145e-12
-1.259841064367242226e-14
7.513435610658104913e-17
-7.905745193737277848e-19
1.937854225002861348e-20
7.884768282499476921e-01
1.917544001551977628e-01
-7.120700989631761901e-02
1.657781676481435290e-02
2.394558699028260813e-03
-5.504789306054779126e-03
3.681948576627824474e-03
-1.563591747339897458e-03
3.542054151127097916e-04
8.318797942936730929e-05
-1.392391215067277069e-04
8.319398395149283504e-05
-2.962994775402017555e-05
3.051161937987659049e-06
4.314788919722386863e-06
-3.701020418925116644e-06
1.571221559611495373e-06
-1.493824953560659723e-07
-1.407239262954705092e-07
9.464808489916047840e-01
1.790106203232577978e-02
-3.002764805351838817e-03
5.063988677623211185e-04
-8.601824372527035526e-05
1.471928817220892038e-05
-2.532584316541376420e-06
4.366758980994675151e-07
-7.515854326148261921e-08
1.286464222616546960e-08
-2.182461403926319443e-09
3.657751264008505293e-10
-6.034830132396965406e-11
9.758893810528274061e-12
-1.537543513082710712e-12
2.339263042052132943e-13
-3.386724932061304113e-14
4.590500129900631059e-15
-5.317945282197350777e-16
9.827900399937191667e-01
1.303399420923530283e-02
-4.935674765261644122e-03
1.869043554557886944e-03
-7.077831317182999189e-04
2.680379030529425328e-04
-1.015126012992598274e-04
3.844957895388937747e-05
-1.456604156475929173e-05
5.519668474902193906e-06
-2.092489680466060102e-06
7.937141290161386519e-07
-3.013009546635289215e-07
1.144935901207217043e-07
-4.357484812073937438e-08
1.665024009610404116e-08
-6.485857728618973781e-09
2.827569377975751022e-09
-9.428713376790387813e-10
9.961182485631120409e-01
3.877980710945397227e-03
3.767063066496964781e-06
3.659317878282548677e-09
3.554654356675413875e-12
3.453026482208328409e-15
3.321313824224964143e-18
2.788215770424318504e-20
-1.756449925256528902e-20
1.194227702959226284e-20
-7.719640595178756797e-21
4.728175650566811815e-21
-2.741202197263408438e-21
1.494459504646599971e-21
-7.658345651177045017e-22
3.708581077296194658e-22
-1.658442270023953707e-22
7.438865431285137766e-23
-2.406434914674556857e-23
1.069581006466351791e+00
1.509500145448688241e-03
-1.791826313642778820e-05
1.455752905581262330e-07
-1.035180162292371035e-09
7.067550560330888917e-12
-4.986570083336971634e-14
3.853253782092016677e-16
-3.318101237673525134e-18
3.279094597341423735e-20
1.066003734849008122e+00
-2.527809228257790752e-02
-8.358006510628507649e-03
9.810247702770944975e-03
-4.073498895339130142e-03
1.859926285116139872e-04
1.001250156304820619e-03
-8.340214175271751630e-04
3.903552975427766573e-04
-9.207058840392792147e-05
-2.521331143995122155e-05
4.132577996391784852e-05
-2.522033572628234823e-05
9.259587974762108613e-06
-1.098765982201371093e-06
-1.257145528606827514e-06
1.124040505156357866e-06
-5.435450920989688687e-07
1.470916392860575237e-07
1.027486113650829314e+00
-9.377557042000266019e-03
1.581394308831929720e-03
-2.607178058893706895e-04
4.142344792756281146e-05
-6.230028163195943552e-06
8.640240565251981463e-07
-1.048722143004943842e-07
9.488052225365871097e-09
-5.698690372692879493e-11
-2.666545958060425818e-10
9.239992375401861960e-11
-2.341548581835235577e-11
5.190881952508904740e-12
-1.063099742240424904e-12
2.058854441857912143e-13
-3.816531597092855774e-14
7.007377727691599227e-15
-1.169157930452400319e-15
1.008705310804426603e+00
-6.650209456291083718e-03
2.540097742066893451e-03
-9.701830723670527845e-04
3.705381566680447029e-04
-1.415031231439905189e-04
5.402752201316316053e-05
-2.062143018606641718e-05
7.866542931607264146e-06
-2.998307216608661860e-06
1.141333383383676974e-06
-4.336677906694970866e-07
1.643697517659900315e-07
-6.209830231691019223e-08
2.336938598503529320e-08
-8.767494909333130753e-09
3.319735835485728842e-09
-1.388259383224863139e-09
4.496594901685366839e-10
1.001946576149485235e+00
-1.946576149485428802e-03
-8.631033091995295455e-20
7.740003904849603231e-20
-6.641441028034881494e-20
5.449919804684441843e-20
-4.273760853935939311e-20
3.199786585412520385e-20
-2.284656774776193179e-20
1.553428873293796840e-20
-1.004090529868129060e-20
6.156482488596779195e-21
-3.571230718924523045e-21
1.953417288457011669e-21
-1.003519411213705618e-21
4.824028758895413955e-22
-2.181197281529771446e-22
9.898680663563051161e-23
-3.188748649344430967e-23
5.427719298245614610e-01
