1.351036958509615582e+00
-1.899969067545556958e-02
1.211927445111182842e-04
-8.092950315381335856e-07
6.177623307951502593e-09
-5.504375620338788777e-11
5.442077300399763937e-13
-5.636589942732908777e-15
5.948848113960580270e-17
-6.781998742594882601e-19
4.380295644412962597e-01
-6.149669652195565162e-01
2.655710572126298019e-01
-6.236242505282227344e-02
-1.035684962999774104e-02
2.058215582601735996e-02
-1.282788463347058969e-02
5.036913020369342131e-03
-9.933427005263202516e-04
-3.127501530702271062e-04
4.186843732584173434e-04
-2.293424390119551805e-04
7.590276461150776820e-05
-7.427788360270770574e-06
-9.310479383161061951e-06
7.380869178397102312e-06
-2.839914716266807892e-06
1.153249175484904927e-07
3.303607171315708537e-07
9.639770532419161472e-03
-1.189866589661304520e-02
4.491032584682579099e-03
-1.258923544791973369e-03
2.913535577433782296e-04
-5.954318830225138450e-05
1.123935950342149511e-05
-2.016937396736095173e-06
3.498630366621370227e-07
-5.911679073630110277e-08
9.748529305762928270e-09
-1.565920573786578033e-09
2.438691061297359843e-10
-3.652696421710853227e-11
5.189910571599214503e-12
-6.812763925010440516e-13
7.760166025174415373e-14
-5.933174961483275462e-15
-1.914294843699354200e-16
1.451607199226490280e-04
-2.770416211102815396e-04
2.409254910743879559e-04
-1.913804013742814681e-04
1.393611800057276183e-04
-9.345735463452074765e-05
5.802505225263380036e-05
-3.354853991890862502e-05
1.817374044207903592e-05
-9.282693445651991665e-06
4.499306811450514477e-06
-2.082824222206566535e-06
9.267348123403680397e-07
-3.988076487232538525e-07
1.670320402602763594e-07
-6.864048712129360027e-08
2.824877757955102550e-08
-1.284392415813717971e-08
4.375116483127046827e-09
-2.060207138249037149e-10
3.967454950349608828e-10
-3.540484481888299442e-10
2.924779272242642834e-10
-2.232175439519300627e-10
1.569086537716699130e-10
-1.011483916194019832e-10
5.942945148714568299e-11
-3.154885056629034708e-11
1.493908788424567871e-11
-6.184418078397931250e-12
2.161716642771243471e-12
-5.935309604987990225e-13
1.026371508085420892e-13
3.963718539542039336e-15
-9.835556292505921485e-15
3.073716249794367296e-15
-2.474067962197146028e-18
-2.714100422897341535e-16
4.714878079051121884e-01
6.530949297377981917e-03
-3.533331291207389896e-05
1.346365750697125156e-07
-2.289035111671837711e-10
-9.887858924211631467e-13
4.629404252664898228e-15
9.312532566944082436e-17
-1.954536425205251606e-18
4.620009123567312699e-20
7.861971555211918483e-01
2.126630121629070336e-01
-8.779997912050135911e-02
2.373607054644569919e-02
1.683932998597294445e-03
-7.068066664863912642e-03
5.113929580713037250e-03
-2.229515432801551164e-03
4.649658847406177545e-04
1.826378756389320835e-04
-2.443018930102976442e-04
1.345469595292346954e-04
-3.905782960126476889e-05
-4.221096667195330031e-06
1.255408378876984608e-05
-7.971460054765118909e-06
2.405146493720882687e-06
7.489227378185668576e-07
-8.042632754355228993e-07
9.521322283897571959e-01
1.606711303281305181e-02
-2.709171072523425001e-03
4.611649102967064671e-04
-7.966553478718845459e-05
1.401055584230910505e-05
-2.506398186807915941e-06
4.539415901343859570e-07
-8.267387975782436450e-08
1.504001368340497723e-08
-2.718147700416697050e-09
4.860455061360635286e-10
-8.572336058406365172e-11
1.487010769660295686e-11
-2.529101871565271113e-12
4.200510915161449241e-13
-6.775887531789887879e-14
1.074655329135079854e-14
-1.551989783671592788e-15
9.846375477644265795e-01
1.164561329649798499e-02
-4.414027811588578515e-03
1.673056992693885449e-03
-6.341509212204288161e-04
2.403736872406859060e-04
-9.111812477747106094e-05
3.454341023707395707e-05
-1.309782140196729236e-05
4.967680319843191828e-06
-1.884940877227936243e-06
7.156922802870528323e-07
-2.719979564055297263e-07
1.035116335659546718e-07
-3.947516231415400482e-08
1.512787096727510719e-08
-5.919059167239177435e-09
2.597594485943358072e-09
-8.702012724514706432e-10
9.965381738398947364e-01
3.458826463717418979e-03
2.997097130149297215e-06
2.597005458961232739e-09
2.250323168112918719e-12
1.949988936266175547e-15
1.634778263945713409e-18
4.375746135924937845e-20
-3.126392206511181953e-20
2.214117208872024892e-20
-1.499958083537410820e-20
9.703297103653240529e-21
-5.988341917053848521e-21
3.516904710369313031e-21
-1.960939327888507641e-21
1.039776372451797309e-21
-5.339987756579278635e-22
2.841410733088203476e-22
-1.008143783823936421e-22
1.010452515640247073e+00
2.831246844450078376e-03
-2.776600698402495923e-05
1.941560913712748638e-07
-1.174400831866062566e-09
7.281754846894214397e-12
-5.634524679948417809e-14
5.579208456126003367e-16
-6.141937258346604778e-18
7.857713585637956927e-20
1.047988036790777011e+00
-2.972005847167322624e-03
-2.110088452328602593e-02
1.554197460394550652e-02
-5.411780540088361770e-03
-4.173503148917757206e-04
1.939104178004398202e-03
-1.450324678968080558e-03
6.313243748905050887e-04
-1.160720769942775944e-04
-7.085459860123697478e-05
8.270857683666087016e-05
-4.468168227370060452e-05
1.310620911302877403e-05
1.093721546131493632e-06
-3.854223819556379933e-06
2.373071610506663687e-06
-6.401832712835748910e-07
7.388329785744846609e-10
1.024526165678068201e+00
-8.383362058875926809e-03
1.420616179737348899e-03
-2.363522036456137758e-04
3.804963315992639951e-05
-5.808133555784161279e-06
8.143588218370395524e-07
-9.814194978019685292e-08
8.089934466123409228e-09
3.374018579031567627e-10
-3.809239371723545118e-10
1.232667574896112936e-10
-3.113656566284820386e-11
7.000296108953451963e-12
-1.465054864043671173e-12
2.912834887301133354e-13
-5.564459370619595311e-14
1.059032563707633343e-14
-1.830050558573761300e-15
1.007763714845289371e+00
-5.930935588203041856e-03
2.265396837427169092e-03
-8.652881611831449290e-04
3.304970784229983643e-04
-1.262279160587040676e-04
4.820666755548149986e-05
-1.840745240776570782e-05
7.026969699785764622e-06
-2.681376424336690400e-06
1.022483973917992014e-06
-3.895075648424009504e-07
1.481628796864411509e-07
-5.624545211819011716e-08
2.129884418434943937e-08
-8.053640656423726765e-09
3.080086402379441229e-09
-1.304718147712638861e-09
4.262509262595810955e-10
1.001736021122388687e+00
-1.736021122388583344e-03
-7.122714542824821183e-20
6.456796924743475032e-20
-5.625602499326761549e-20
4.708999085646811608e-20
-3.785012956175174186e-20
2.919414654921424445e-20
-2.159016557397518275e-20
1.529368464341030086e-20
-1.036425050779132384e-20
6.709663518260009715e-21
-4.142362919060929494e-21
2.434035822827261208e-21
-1.358910340471781859e-21
7.216037670744301088e-22
-3.700399430485063438e-22
1.968237972717908825e-22
-7.040992197987267621e-23
3.451729323308271313e-01
