1.296720974856018449e+00
-1.836863348289952125e-02
1.205170688857569602e-04
-8.295884173407521241e-07
6.422826956053034027e-09
-5.703401520248902545e-11
5.601380410739365801e-13
-5.797676959473825562e-15
6.148698051823585161e-17
-7.407724593197345309e-19
4.226487486002856730e-01
-5.891973551896387828e-01
2.527842024168068802e-01
-5.945556277563930625e-02
-9.338096379009768605e-03
1.917992400186511667e-02
-1.209149243603935449e-02
4.858772580271068960e-03
-1.046980915979202082e-03
-2.315732988758087863e-04
3.748786710761094340e-04
-2.187685755432488459e-04
7.956735285853181448e-05
-1.285132493253158127e-05
-6.256749194137463389e-06
6.505008167735894662e-06
-2.989584088404448934e-06
5.530781125705426067e-07
9.774700502235032750e-08
1.001444979628063683e-02
-1.219149083245809825e-02
4.523211964454277798e-03
-1.247182369661868932e-03
2.844882796105993269e-04
-5.744941596888159820e-05
1.074110799402523263e-05
-1.912731285028235213e-06
3.296009423499029735e-07
-5.534901098754779681e-08
9.070179902352983672e-09
-1.447300730997303438e-09
2.237634918809863498e-10
-3.324179243612879391e-11
4.677230126328708866e-12
-6.060884067534982192e-13
6.757544416950000641e-14
-4.821409770981779627e-15
-2.657681837243016818e-16
1.615946350625812016e-04
-3.080186361174208545e-04
2.668755369712579538e-04
-2.107384563690121071e-04
1.522521199150956401e-04
-1.011386362957937980e-04
6.212579718057035410e-05
-3.550735982440256412e-05
1.900531478918968131e-05
-9.590541819481805989e-06
4.593583053674749609e-06
-2.102453010952960978e-06
9.256411977819299122e-07
-3.945477147207541671e-07
1.638612334560707147e-07
-6.684859178576557575e-08
2.733882596491156581e-08
-1.236184099785938302e-08
4.198617384813725499e-09
-2.051987696291843152e-10
3.947867934726138221e-10
-3.512864932006725634e-10
2.887776792223814796e-10
-2.188396127867611552e-10
1.523766416284586269e-10
-9.702523334846193809e-11
5.611830128590545713e-11
-2.919931780092278497e-11
1.347093805483939921e-11
-5.383867196775044691e-12
1.787561235040774688e-12
-4.487751113636212920e-13
5.975347722225985272e-14
1.145406992631158497e-14
-9.121848273203045088e-15
2.072911441851289434e-15
2.590784850154062937e-16
-2.635139003512680803e-16
4.801526032005197786e-01
6.378106246082865596e-03
-3.645264849676245705e-05
1.601428295389305842e-07
-4.587462514785567935e-10
2.631437454004634372e-13
1.461459018959125711e-15
8.101108588079920315e-17
-1.798893160517921650e-18
5.241637502048044004e-20
7.860404062959495120e-01
2.081418876288805009e-01
-8.411748407077676570e-02
2.231730804520510453e-02
1.611214399711152117e-03
-6.568534339063176845e-03
4.753401446169354047e-03
-2.106314276054589967e-03
4.805208018426688284e-04
1.329385336237084059e-04
-2.103833996600842102e-04
1.231345382249281987e-04
-4.035859634837222272e-05
2.453631005177665612e-07
9.391327132900939751e-06
-6.771934880992334479e-06
2.409037061163070581e-06
2.794800713496758517e-07
-5.277195202470662981e-07
9.505211229641929993e-01
1.659157124398528624e-02
-2.793605214038578748e-03
4.743242557779914323e-04
-8.155827297870559261e-05
1.423433928571433710e-05
-2.518829696590279121e-06
4.499953446901573410e-07
-8.069543045639043811e-08
1.444277881067279677e-08
-2.567828676735752287e-09
4.518492049860609942e-10
-7.845152573795069409e-11
1.339954085282881568e-11
-2.243609492253277549e-12
3.665840447610289766e-13
-5.807651840703504811e-14
9.005702773484325922e-15
-1.267258237223260622e-15
9.841116708445442063e-01
1.204107487946713510e-02
-4.562714289938757731e-03
1.728958125245716199e-03
-6.551674317421428070e-04
2.482751394540080783e-04
-9.408899430476349473e-05
3.566059177856508279e-05
-1.351803110314731498e-05
5.125784511920841224e-06
-1.944446761109128417e-06
7.380925908215319472e-07
-2.804283281531046465e-07
1.066810834824739480e-07
-4.066401452471594398e-08
1.557251453279424934e-08
-6.086444590937229031e-09
2.666682099510967084e-09
-8.923164132986811073e-10
9.964187265900182888e-01
3.578063569185423436e-03
3.206963864922572781e-06
2.874352853815378624e-09
2.576238598615249103e-12
2.309104417905997899e-15
2.020882133507180995e-18
3.911721201297869399e-20
-2.731219283569677324e-20
1.915321502577391436e-20
-1.283897482529971306e-20
8.205383035329174370e-21
-4.988973670116339505e-21
2.877063361363067214e-21
-1.573462428634990015e-21
8.188003319844124053e-22
-4.057941233510996557e-22
2.080287950305223197e-22
-7.428080623629150516e-23
1.028294615043435334e+00
2.515643610215128993e-03
-2.637743197576245048e-05
1.975372500212589496e-07
-1.290836672591525544e-09
8.440350126143176278e-12
-6.410937597840818558e-14
5.990097748470089925e-16
-6.358072123559540779e-18
7.949682669265804538e-20
1.053609268574449587e+00
-1.003999044031996662e-02
-1.724491575176916383e-02
1.400568291173003715e-02
-5.205735159510373189e-03
-1.280515875471596721e-04
1.634111298328512875e-03
-1.284877470636796269e-03
5.858715779345410055e-04
-1.267578699954030228e-04
-4.998330221200382060e-05
6.968244512710568132e-05
-4.054301299820935558e-05
1.359242739351475402e-05
-4.481060354514869016e-07
-2.812143999010430134e-06
2.042700494131679993e-06
-7.543043483766536554e-07
1.226251873826099617e-07
1.025368495319605611e+00
-8.668882686345297586e-03
1.467993912814413802e-03
-2.439585037498404366e-04
3.922979825220137282e-05
-5.989397181491700544e-06
8.436236650096700855e-07
-1.034906554294349998e-07
9.219482293525345914e-09
7.640279779584509308e-11
-3.192603972846748097e-10
1.089510937704608768e-10
-2.791993011340993283e-11
6.302985803391635981e-12
-1.319046138756835217e-12
2.616922695276248660e-13
-4.982378526346176092e-14
9.440744692774791799e-15
-1.624345450338036846e-15
1.008030991887860717e+00
-6.135111244485312587e-03
2.343379634206267399e-03
-8.950703724873493219e-04
3.418691811131531369e-04
-1.305688418207397855e-04
4.986269006539705451e-05
-1.903856662604773114e-05
7.267090944674830754e-06
-2.772502571653332857e-06
1.056936853972387424e-06
-4.024652560884102549e-07
1.530021711823850077e-07
-5.803662719492003150e-08
2.195461910445923447e-08
-8.290931868880448973e-09
3.165718714473610245e-09
-1.338273326231272194e-09
4.366319148596174940e-10
1.001795787160552731e+00
-1.795787160552924115e-03
-7.349060985075856894e-20
6.644916770146682438e-20
-5.768575356924783425e-20
4.805985841536963287e-20
-3.840469064748752355e-20
2.941440915141676907e-20
-2.157353302527520683e-20
1.513536609214988954e-20
-1.014377332909721729e-20
6.484034624968612930e-21
-3.945414782624759804e-21
2.280136594656402489e-21
-1.248751100306676839e-21
6.480741395582649431e-22
-3.229336657726065007e-22
1.659193096556262157e-22
-5.810145736154969938e-23
4.077042606516291245e-01
