2.260529005047976631e-02
-6.614921866289483981e-07
6.819425353975378219e-12
-6.347725385821962394e-17
2.315930354240808406e-22
-2.602779591799190917e-22
3.056845920617066988e-22
3.477454338212678776e-23
6.006683657095605073e-23
-9.145559457520081207e-23
2.229295265136649329e-02
-4.035485770843297510e-04
-9.082616584463609353e-05
1.176130853248759450e-06
1.274934080002513437e-07
-2.300776333025078887e-09
-1.571696548543544319e-10
3.842370023542119544e-12
1.815500308924495765e-13
-5.907301540029068818e-15
-1.991719969696439574e-16
8.494461194786554221e-18
1.312629096249328835e-19
-2.034582631768287274e-20
7.265539558677172365e-20
6.142716824216429524e-21
-3.672242660585563763e-21
8.324657366972861790e-21
-2.147667788474078793e-20
2.077643635454986398e-02
-1.097875967196156174e-03
-7.144412550244150369e-05
3.056944054173507755e-06
6.249602035849797214e-08
-5.342153081713743976e-09
-4.204284988163240913e-12
7.288248462995464718e-12
-1.079264225002565353e-13
-7.990052694546674814e-15
2.687557245317700649e-16
6.381341511061015351e-18
-4.829892649118368257e-19
-5.084096419743665736e-20
6.481978182164803140e-20
7.066452075506632405e-22
-2.837459117689770670e-20
1.366679364130351523e-20
-6.377818950304124968e-21
9.408178230915234530e-03
-8.981003275033172875e-03
1.548975404741635784e-03
1.608229356315362226e-04
-1.390192274288466344e-04
2.909668728733493098e-05
-6.618868865056189930e-07
-1.270717567270415746e-06
3.749358765006947442e-07
-4.018788414803954645e-08
-7.089549824080812226e-09
3.868607327055239335e-09
-7.218762565578705638e-10
1.308654552914935813e-11
3.105973292486009080e-11
-9.222394478505019522e-12
1.061261581027539677e-12
1.715619561843786840e-13
-9.451730222126286587e-14
5.355208493303632508e-04
-8.874779768649871357e-04
4.844075528196029328e-04
-1.406554974707280238e-04
-6.683169314337507996e-06
1.771308280370483587e-05
-4.875908397359415190e-07
-2.716486522926561060e-06
-1.096953491183433002e-07
4.807053355313264960e-07
1.114066185503918615e-07
-7.322467204341782054e-08
-4.487752829901128766e-08
2.268327184044344523e-09
1.145501664985525516e-08
4.025834599159764990e-09
-9.740831201537880264e-10
-1.393218199847704384e-09
-4.602226898972016933e-10
9.719370737956426476e-01
4.634617175178783034e-07
-4.216340885938888740e-12
3.693929229228546661e-17
-2.685483669836762083e-22
-1.744170835342971110e-22
-4.640032353003492795e-24
8.990780983800595695e-23
-1.102114891474981708e-24
-2.344940088445413237e-23
9.721563838834357263e-01
2.834911476502496386e-04
6.399614346104350233e-05
-7.289404894611771879e-07
-7.931760208007617355e-08
1.343361807073246188e-09
9.234101247331934182e-11
-2.135782358293649022e-12
-1.019879049615391887e-13
3.133357834288701569e-15
1.074764613338705764e-16
-4.370805521063286719e-18
-1.058051499441061489e-19
5.903250583061092477e-21
4.711302543948704489e-21
-1.555733561128363110e-21
-3.636944566631105660e-21
9.419767657121511985e-22
1.757722036433672971e-21
9.732291407743861589e-01
7.804782724694743143e-04
5.252642096744768684e-05
-1.920325422640902140e-06
-4.172329689358481016e-08
3.186333179592413162e-09
6.996017984871896905e-12
-4.201991048354340884e-12
5.369729333514554474e-14
4.513891128828784784e-15
-1.358643788328230274e-16
-3.622442369417230601e-18
2.290419167928672492e-19
-2.804518228091662429e-21
1.258327101223497091e-21
2.092697683664828599e-21
-5.901574386924946302e-22
-2.743168251419895574e-22
-7.567426839829721278e-22
9.823910886335064374e-01
7.779880349390500341e-03
-8.186093517219193661e-04
-1.607266828005412109e-04
9.076839727059719245e-05
-1.710702482507963509e-05
5.345246017032657528e-08
8.332503961202668008e-07
-2.234170058190339155e-07
1.926464355572108104e-08
5.406230791852945636e-09
-2.317326944447970511e-09
3.620700970850187811e-10
1.067091049444689835e-11
-1.946816361833810443e-11
4.711672367676492645e-12
-3.695692055712161201e-13
-1.267848116131967928e-13
4.959983502864565625e-14
9.946077385923461911e-01
5.376037619910410507e-03
2.182401383487266307e-05
-8.237185819455289531e-06
3.440187659204964107e-06
-8.698430108764804436e-07
3.193678879293656054e-09
8.634087291660189825e-08
-1.879917841842579134e-08
-7.893553485405557159e-09
3.456535727960448414e-09
9.359857255026609834e-10
-5.640737573608622607e-10
-1.630670173863403813e-10
8.934090102418401632e-11
3.647108942732249932e-11
-1.223373163560331883e-11
-6.667118732331157619e-12
9.679454044384291252e-13
1.014108848630542292e+00
-2.312875346968649409e-07
2.073124629280822238e-12
-1.780326196197679490e-17
1.543653647289697468e-22
2.081251594183579160e-23
1.178698167479403034e-24
-8.512914322270257650e-25
-1.402362268665627672e-23
1.101375672244935492e-23
1.013999377397876600e+00
-1.415153388826759521e-04
-3.195638693669570075e-05
3.586824341858851602e-07
3.907488544064910190e-08
-6.484668399637866749e-10
-4.470252224525801117e-11
1.007136918186923179e-12
4.837819587080602282e-14
-1.437823446214040301e-15
-4.988741957451792786e-17
1.944455482371766096e-18
5.011750544504090321e-20
-2.030854754090380009e-21
-2.675853533000920650e-21
4.370333101540594756e-22
2.680681348732564619e-21
-7.084067653862799402e-22
-9.905816451752091960e-22
1.013463489901757386e+00
-3.900745677832501233e-04
-2.633554532718851426e-05
9.486888369988313824e-07
2.095560304483068617e-08
-1.552660343832187113e-09
-4.336254536958755309e-12
2.020308280880703760e-12
-2.375932564322087122e-14
-2.152837172869555902e-15
6.051581975271711162e-17
1.752525795868423898e-18
-9.934421941431145475e-20
1.211480276894073316e-21
-2.254051386804774066e-22
-6.351805451563971220e-22
1.125480294974334070e-21
4.776805250037041040e-23
-5.453038254139737494e-22
1.008859202109184894e+00
-3.917111780664526109e-03
4.078598439287743019e-04
8.256766479163914782e-05
-4.569419653911560960e-05
8.433422754083490098e-06
3.190774713393407947e-08
-4.237795314491270372e-07
1.094474551769043895e-07
-8.470949964084960133e-09
-2.894025146278073835e-09
1.140643764672810180e-09
-1.639558138062154372e-10
-9.257552263080466687e-12
9.876072054547402713e-12
-2.170144032816660274e-12
1.225741718119743927e-13
7.019331692648658652e-14
-2.350738626877294682e-14
1.002706863343814536e+00
-2.702202126674797290e-03
-7.593221336125094793e-06
4.308893693989609175e-06
-1.795384038318393448e-06
4.526128027537089491e-07
-8.100065977755893543e-10
-4.524421013675283948e-08
9.744320470342516815e-09
4.165277658184412414e-09
-1.801870393457732403e-09
-4.963407995787298501e-10
2.946282425733656710e-10
8.650373317249459838e-11
-4.664810795868025570e-11
-1.930421312896360270e-11
6.357871491481893079e-12
3.523526346139371119e-12
-4.928042789829393986e-13
9.854937343358396440e-01
