1.447226631298096811e+00
-1.937181432066321235e-02
1.120021223990200129e-04
-6.716295500611296217e-07
4.776886523061059860e-09
-4.120283152700875249e-11
3.944671455022159761e-13
-3.888656414260658476e-15
3.841661025406760351e-17
-3.326435908350502515e-19
4.693214488189213496e-01
-6.639222479682054257e-01
2.863665964608032577e-01
-6.436431244444217048e-02
-1.415012484438924086e-02
2.361775152958822330e-02
-1.390989547655727479e-02
4.976659660220334597e-03
-6.496497632491959147e-04
-5.505539435370840340e-04
5.014357533646368950e-04
-2.263287271650054884e-04
5.126034932986300375e-05
1.021946608782291163e-05
-1.603391539701239270e-05
7.904565290217275566e-06
-1.602232036811441306e-06
-1.021847598026105532e-06
7.873458063123252932e-07
9.205029191197911659e-03
-1.163571581965526687e-02
4.525702249283817917e-03
-1.305973984941294309e-03
3.100286694164835696e-04
-6.469682830670332903e-05
1.241381173362405126e-05
-2.256143204069412134e-06
3.953549128188808351e-07
-6.738727749964057410e-08
1.120054519246562981e-08
-1.812428637922809954e-09
2.841433604897426617e-10
-4.279260431194898836e-11
6.099978649565941874e-12
-7.996732267389498416e-13
8.986366181532689705e-14
-6.322377858257384555e-15
-4.168346499560203753e-16
1.221129780174694593e-04
-2.335577609131907597e-04
2.044048344134917960e-04
-1.640398342681415142e-04
1.210912706344253754e-04
-8.255251417431065046e-05
5.221948209712445806e-05
-3.080839298298789435e-05
1.704596489171979394e-05
-8.895542977468482216e-06
4.404052473921036280e-06
-2.080766981323975727e-06
9.437126635402348045e-07
-4.132795163422090896e-07
1.758104533467363907e-07
-7.323765361271547911e-08
3.050002636389365588e-08
-1.401305185620686252e-08
4.799819926471866211e-09
-2.112946731109006000e-10
4.075776602217158591e-10
-3.655467661205833406e-10
3.045635773316468703e-10
-2.353159165204207496e-10
1.681574127767769012e-10
-1.107253152830747945e-10
6.683189176532167109e-11
-3.670851952955011952e-11
1.815797003659348441e-11
-7.963016826910425238e-12
3.018022282435097385e-12
-9.427623581940998752e-13
2.166984971756421270e-13
-2.171082686444968273e-14
-8.496164440844943768e-15
4.894294940126304516e-15
-7.841578538704686231e-16
-1.663078123933897223e-16
4.608304912193551539e-01
6.543076180695096139e-03
-3.031655687420566937e-05
7.457703182676510317e-08
1.437038169578226860e-10
-2.093884198336408482e-12
2.667197972498552837e-15
1.117826381223241664e-16
-1.478474188386083059e-18
4.275609659608041969e-21
7.880169772469615141e-01
2.197739736253949694e-01
-9.369994182021031126e-02
2.549709991317497190e-02
2.431702803120622952e-03
-8.235890896322185795e-03
5.748196871296607467e-03
-2.322432387305721491e-03
3.227555679201057817e-04
3.272616618005931371e-04
-3.134996409269606623e-04
1.434995654719587843e-04
-2.446871809390269690e-05
-1.853710453067154219e-05
1.946515027625482313e-05
-9.214653863446558397e-06
1.389178109781380984e-06
2.077779699933563697e-06
-1.413573112585434641e-06
9.556326905752743350e-01
1.492463859964503897e-02
-2.524705704023552481e-03
4.323001392365411789e-04
-7.548725172854156660e-05
1.351098215774447957e-05
-2.477546527807758890e-06
4.625430457770275196e-07
-8.709865467636165173e-08
1.639139062506708619e-08
-3.061008750281177689e-09
5.644624338480622028e-10
-1.024461059664704601e-10
1.825272667277150396e-11
-3.184105153386184479e-12
5.420050673449883019e-13
-8.962256139382111163e-14
1.461026367852888822e-14
-2.169960628417475355e-15
9.857782857232794127e-01
1.078704521754573348e-02
-4.090946383431962215e-03
1.551485689506999690e-03
-5.884065155868384994e-04
2.231612114174675579e-04
-8.464127337801455320e-05
3.210602955649401906e-05
-1.218044031604320759e-05
4.622323592930732311e-06
-1.754899350470568620e-06
6.667204059091204794e-07
-2.535595274385389538e-07
9.657524423880266332e-08
-3.687049635260029901e-08
1.415178960173267607e-08
-5.550324281839570644e-09
2.444488647891112217e-09
-8.209635297177892751e-10
9.967970631081982669e-01
3.200368054651857135e-03
2.566776876911452459e-06
2.058620578541998393e-09
1.651066154671643621e-12
1.324282082991901430e-15
9.932072343141123481e-19
5.457922670646703211e-20
-4.030540274867099953e-20
2.901426671301646300e-20
-2.003242614989630484e-20
1.326088192822609284e-20
-8.385912044058091425e-21
5.060962788666705726e-21
-2.919132933149421237e-21
1.612942492857358030e-21
-8.671267906938496418e-22
4.873325529435895938e-22
-1.794326316688082388e-22
9.732140020365833699e-01
3.293613044528604684e-03
-2.754528330927448595e-05
1.600034062918205823e-07
-7.755464448878093476e-10
4.162411429433354714e-12
-3.449436102970006138e-14
3.742505413934301163e-16
-4.049988244711961034e-18
4.008063058489553168e-20
1.035553487894591118e+00
1.250366948063730797e-02
-2.904482649594394492e-02
1.821638608908318982e-02
-5.342154301911676215e-03
-1.276174246147154887e-03
2.610201412950478427e-03
-1.725888748850546751e-03
6.480672489174676932e-04
-4.781806947805404925e-05
-1.283854848642860755e-04
1.068718111499951140e-04
-4.631961020245255347e-05
7.217924257901616776e-06
6.179487808152281817e-06
-6.107364597653623531e-06
2.596494863080978193e-06
3.041561576257652843e-08
-4.303247463193106841e-07
1.022699765962831187e+00
-7.760891956274384128e-03
1.315710221077379160e-03
-2.189266250525936247e-04
3.517410137071338359e-05
-5.323750660844412143e-06
7.274788754222801715e-07
-8.103434108040919740e-08
4.424292538696949385e-09
1.159396890753253154e-09
-5.665370310490554691e-10
1.644930650989365890e-10
-4.004957957421419825e-11
8.869803207090354982e-12
-1.845371054857389584e-12
3.663563082395120541e-13
-7.004022889665163609e-14
1.335536174944193596e-14
-2.312113829705170056e-15
1.007185052645615198e+00
-5.488883675788353185e-03
2.096554387142141734e-03
-8.008015173400978093e-04
3.058697870578868088e-04
-1.168245381073827949e-04
4.461740242324062843e-05
-1.703822701895206689e-05
6.505138445895089573e-06
-2.482794376829272471e-06
9.470796652737573793e-07
-3.609636157761091930e-07
1.374019517750270563e-07
-5.220953574073600635e-08
1.979418703479806411e-08
-7.495533055338121374e-09
2.871532198411719119e-09
-1.218764136157562704e-09
3.986525220104860747e-10
1.001606627133296401e+00
-1.606627133296373950e-03
-6.979147928490999929e-20
6.354944962417656293e-20
-5.571832614595076851e-20
4.702306398532475287e-20
-3.818141672745575898e-20
2.981060295401507592e-20
-2.236446443839867582e-20
1.610799181309926108e-20
-1.112682344401449028e-20
7.362344534454657580e-21
-4.659745998619429771e-21
2.816903453917473553e-21
-1.625153033800154681e-21
8.974005868556041321e-22
-4.830308439839232949e-22
2.718440400871268405e-22
-1.005215016086774205e-22
1.650827067669172754e-01
