1.310909424029801373e+00
-1.856055037909777952e-02
1.211037481915001922e-04
-8.286988127810241272e-07
6.403539669178487202e-09
-5.700133801575490886e-11
5.617427800437576896e-13
-5.826341835207623055e-15
6.167612006613943624e-17
-6.337293265513102231e-19
4.265261821889070881e-01
-5.958156582040339266e-01
2.561853875870619968e-01
-6.032004013388114066e-02
-9.535951476872292498e-03
1.952511244413175640e-02
-1.228927287180989723e-02
4.917120556301265120e-03
-1.041484169774110425e-03
-2.491024110203901012e-04
3.857152865701490830e-04
-2.220540224956132674e-04
7.918829591823686959e-05
-1.174905052187740783e-05
-6.960191378698275049e-06
6.739544969410469184e-06
-2.976054645074318551e-06
4.569001068795995467e-07
1.520767556224683172e-07
9.907477723658937932e-03
-1.210526244525277420e-02
4.511502353797099824e-03
-1.249347487908243149e-03
2.860650656784566033e-04
-5.794927416816155250e-05
1.086187235715899796e-05
-1.938212155724469051e-06
3.345907501601530204e-07
-5.628329905204065325e-08
9.239620357207233875e-09
-1.477170181480726660e-09
2.288739170640058009e-10
-3.408652692288811056e-11
4.811104150769348995e-12
-6.261699362265329407e-13
7.035699630952715901e-14
-5.158201667342330545e-15
-2.359206398097321029e-16
1.570299149401875680e-04
-2.994170261437138314e-04
2.596760499033401665e-04
-2.053746898460810319e-04
1.486854220226988953e-04
-9.901599895702503727e-05
6.099316994315293755e-05
-3.496572515987992659e-05
1.877436249650921301e-05
-9.504065350909736331e-06
4.566313074675011148e-06
-2.096163746449430951e-06
9.254083212130911196e-07
-3.954267585734534087e-07
1.645843215626311926e-07
-6.726977324455936596e-08
2.755559397633619075e-08
-1.247750847487450284e-08
4.241083652393687735e-09
-2.052817949568028415e-10
3.950453093880751401e-10
-3.517829669905896437e-10
2.895586869268354138e-10
-2.198403432994399613e-10
1.534568667870763304e-10
-9.803066178972195501e-11
5.693555565335532659e-11
-2.978233064735221985e-11
1.383538575144467543e-11
-5.581808503705373694e-12
1.879268935836131571e-12
-4.837027823577938996e-13
6.978997107906580936e-14
9.860018550008574814e-15
-9.373317692247271695e-15
2.326072230450517222e-15
2.017257068572002758e-16
-2.689425274045585061e-16
4.777122129587869637e-01
6.427886979353726431e-03
-3.629155258505324471e-05
1.544031374721679586e-07
-4.011797780478342188e-10
-8.484688942975440489e-14
2.559356286310737081e-15
8.354929346688356575e-17
-1.781538064036750848e-18
7.569878372309239778e-21
7.860272486367169131e-01
2.093619531537016798e-01
-8.510557202130386578e-02
2.271435151152573911e-02
1.609643557739890525e-03
-6.689407717054898610e-03
4.847156024264273784e-03
-2.142182211318466051e-03
4.801359612045243640e-04
1.438948852503417692e-04
-2.187185362483538972e-04
1.263348590316040428e-04
-4.037301882734864401e-05
-6.957797291640030721e-07
1.014096578704894968e-05
-7.089961732743165085e-06
2.433278181600386701e-06
3.816601820436160718e-07
-5.920602274564017323e-07
9.509221717918570072e-01
1.646111091212311070e-02
-2.772622462975427721e-03
4.710596518079898155e-04
-8.109029760071597315e-05
1.417942895611960162e-05
-2.515901851857959210e-06
4.510051380955775618e-07
-8.119079100377671984e-08
1.459131604538535003e-08
-2.605075514795124982e-09
4.603031073873016984e-10
-8.024692845559860068e-11
1.376246517596513889e-11
-2.314094313921875362e-12
3.798009949973188686e-13
-6.047542746220884634e-14
9.438705072288965106e-15
-1.338431449137067692e-15
9.842426291056697307e-01
1.194261378722598875e-02
-4.525702245134577070e-03
1.715045675846285948e-03
-6.499379830604704381e-04
2.463094419312121682e-04
-9.335004992206370820e-05
3.538276360404706027e-05
-1.341354691140453786e-05
5.086477731859648792e-06
-1.929654742952475282e-06
7.325251077067176986e-07
-2.783334243383311752e-07
1.058937492109676221e-07
-4.036885051197973523e-08
1.546222197008449141e-08
-6.044989740423041577e-09
2.649615443344268625e-09
-8.868640373809050385e-10
9.964484783181754013e-01
3.548364862106905861e-03
3.154013734439036079e-06
2.803489219378390358e-09
2.491920526471480849e-12
2.215041211822777877e-15
1.918594218093828564e-18
4.026475559765482837e-20
-2.829048579694863005e-20
1.988632713559026582e-20
-1.336549680809529550e-20
8.572778072540333772e-21
-5.234193190458364280e-21
3.030613905326444047e-21
-1.667885631821059482e-21
8.724463785011960941e-22
-4.368772133470828236e-22
2.246769261387355255e-22
-7.924969534283537731e-23
1.023851709126092135e+00
2.600481871053163599e-03
-2.683415707704317637e-05
1.978368066347599106e-07
-1.270498970184198925e-09
8.209238485469213638e-12
-6.263565889869916920e-14
5.942976314759181728e-16
-6.342650647518859407e-18
5.483976826460221177e-20
1.052227974704565971e+00
-8.303169076456430597e-03
-1.820639607038646024e-02
1.440339351246732423e-02
-5.272016502382206177e-03
-1.920347577444814441e-04
1.708516988070759744e-03
-1.327801703666897518e-03
5.993937247567787197e-04
-1.255108034522824437e-04
-5.465775768037322408e-05
7.292780666005952437e-05
-4.174014681529812220e-05
1.361199745288312750e-05
-1.317861679839352925e-07
-3.056974448916416988e-06
2.132878185962528330e-06
-7.387657507711494681e-07
9.861743654839257789e-08
1.025158681286534978e+00
-8.597894993937312685e-03
1.456276826595731370e-03
-2.420994696201610782e-04
3.894775448948491832e-05
-5.947638243031494748e-06
8.371912559399985660e-07
-1.023569505210903664e-07
8.981297079662312008e-09
1.324677338975293630e-10
-3.328345589502184912e-10
1.121719121323821831e-10
-2.865644294869637093e-11
6.464900653681007465e-12
-1.353340399963140375e-12
2.687110098600161204e-13
-5.121665589440226296e-14
9.718285189883997678e-15
-1.674393495287341737e-15
1.007964382387128266e+00
-6.084227822694503011e-03
2.323945457759449707e-03
-8.876485051086413242e-04
3.390353509854930657e-04
-1.294872351545387065e-04
4.945014958356241740e-05
-1.888140253892220275e-05
7.207330750838727325e-06
-2.749845946588664534e-06
1.048384041791120530e-06
-3.992559729155657903e-07
1.518076139112786800e-07
-5.759657186991095155e-08
2.179456425622483372e-08
-8.233543405974165907e-09
3.145281823811620925e-09
-1.330425370626942084e-09
4.342419598638709755e-10
1.001780892506997311e+00
-1.780892506997266500e-03
-7.280146737989948269e-20
6.587045935625613038e-20
-5.723786722795252103e-20
4.774584580557012400e-20
-3.821246406384137464e-20
2.932138768624430709e-20
-2.155229783991593356e-20
1.515890904929340408e-20
-1.018932255183069854e-20
6.535020486224798997e-21
-3.991702169353887711e-21
2.317032278461392612e-21
-1.275424613746599564e-21
6.659449052999636254e-22
-3.343735293940952427e-22
1.733979785428152456e-22
-6.107299339625277938e-23
3.926967418546366551e-01
