7.279422023538828501e-01
-5.139277893567312412e-03
1.786556064421161049e-05
-6.399446417398764754e-08
2.360370821419722677e-10
-8.971164891041375791e-13
3.517918808515094771e-15
-1.418851099970019632e-17
9.966092940831207411e-20
-6.232898145673949420e-20
3.080949164790964256e-01
-3.416359825007868611e-01
9.535665006739157956e-02
-1.895416611839810398e-03
-1.342211726099294677e-02
8.144922181787363560e-03
-2.729951945722355021e-03
3.515388121847865823e-04
2.173871169365803029e-04
-1.846657835905557042e-04
7.614389753313457131e-05
-1.650629401787985425e-05
-2.093194698036286217e-06
3.851002120562391040e-06
-1.982956943616129322e-06
5.877561834853820539e-07
-3.808646434292252952e-08
-9.038170265155960631e-08
5.032584098157528877e-08
2.191356805606133051e-02
-2.207586331113974704e-02
6.567235991681123763e-03
-1.467209798574442819e-03
2.771420812003855239e-04
-4.730591573016045746e-05
7.551226117482574566e-06
-1.140320700803096535e-06
1.620803102756217341e-07
-2.121998804488185082e-08
2.425783194390197631e-09
-2.035703526432878392e-10
-4.905019281329263557e-13
5.694617440447366053e-12
-1.817787685405638011e-12
4.295726733548742641e-13
-8.874243000599539361e-14
1.738134473167730453e-14
-3.004039838795526374e-15
7.283121680109689092e-04
-1.363349428296118868e-03
1.120540313797553427e-03
-8.140747292670950886e-04
5.277343376115128286e-04
-3.086654025612946967e-04
1.648227813856120727e-04
-8.132854859150096623e-05
3.752932300708286534e-05
-1.638593899586271343e-05
6.844935280080385509e-06
-2.763824017842633771e-06
1.088460938613796504e-06
-4.212592219293300676e-07
1.611990977422007558e-07
-6.136846575277339043e-08
2.363463405416229627e-08
-1.011214817323387376e-08
3.329862986327985821e-09
-1.675911650894615480e-11
3.183553514602794282e-11
-2.725266825098775405e-11
2.096678001547559490e-11
-1.442197638476264876e-11
8.795461121398477432e-12
-4.693705035742790259e-12
2.145233319402803261e-12
-8.081465763290373977e-13
2.311235522311583539e-13
-3.830505316838226925e-14
-3.587368926709486776e-15
4.408934145567417866e-15
-9.931109181654875086e-16
-1.640336655278497637e-16
1.417313936315888306e-16
-1.218497929150557216e-17
-1.286504390113729878e-17
3.553395185545576154e-18
6.430241907917996214e-01
1.879264547031209891e-03
-6.520136038555801968e-06
2.291170891042681525e-08
-7.893932405097077727e-11
2.654282311117607720e-13
-8.730617385279584469e-16
2.788201906822471703e-18
4.693556326111305788e-21
8.779964864132241072e-21
8.036457113155390797e-01
1.351997615361261174e-01
-3.168977416215812415e-02
2.971580392639009446e-04
4.572184694915324039e-03
-2.859036483106244808e-03
1.023297988233422447e-03
-1.601396228191794826e-04
-7.157211503349505705e-05
7.058760617687045199e-05
-3.110884698170939206e-05
7.106007936395967798e-06
8.899364267624282714e-07
-1.717268937640973898e-06
8.820465817551455152e-07
-2.435849227709364887e-07
-1.546409925935446990e-09
5.003691584683527361e-08
-2.500865328033734059e-08
9.355034409054492350e-01
2.132532538604704764e-02
-3.499704049145032411e-03
5.673083977185304017e-04
-9.043266184858275226e-05
1.412843380797929761e-05
-2.157290521076765643e-06
3.207496238116308007e-07
-4.612798854592077206e-08
6.333988719899337960e-09
-8.088547982979666330e-10
9.028768154145626485e-11
-7.113828253551717247e-12
-2.053018516237941411e-13
2.727912009291386282e-13
-8.525332618863266928e-14
2.064141670225079199e-14
-4.602541590436483592e-15
8.807895204155510674e-16
9.791525586020405347e-01
1.575945797448785601e-02
-5.956474621561411512e-03
2.251211908072327326e-03
-8.507521291581661253e-04
3.214524597815418441e-04
-1.214247100143601396e-04
4.584600666014520805e-05
-1.729829652061200515e-05
6.520677887932508768e-06
-2.454890418039631999e-06
9.227310895422090675e-07
-3.461623731987883652e-07
1.295779945256532437e-07
-4.839867968078283507e-08
1.806863070086289920e-08
-6.834321309721517937e-09
2.869485340768449659e-09
-9.334535293695774543e-10
9.952891087709185847e-01
4.705336508198803419e-03
5.548171182652674835e-06
6.541977054856776156e-09
7.713796560660438108e-12
9.095515924489530352e-15
1.072483465124684482e-17
1.261992121539265619e-20
6.134356558463129696e-23
-2.608010067785648391e-23
1.634833162785736770e-23
-8.004066648209196828e-24
-4.810495647197203073e-24
6.163948955199230983e-25
2.104062346133845960e-24
-3.058115928110313586e-26
9.717904493677371361e-25
-7.974141323468717571e-25
4.342034275197362494e-27
1.111918299942026067e+00
4.807120358258983338e-05
-1.632939074295719887e-06
9.604920332300364033e-09
-4.490437545145046641e-11
1.913744534730093505e-13
-7.784555506356374387e-16
3.086552568687580692e-18
-1.225392373255371044e-20
2.594427330513086889e-21
1.080506734098884758e+00
-3.636736994683013868e-02
-2.054966848580059983e-04
3.844178241064556949e-03
-1.374029786652714675e-03
-5.958081815195413262e-05
2.955477305231543465e-04
-1.552405400418335833e-04
3.327141455682701112e-05
1.027397228630880520e-05
-1.274663845449709146e-05
5.927612631199745172e-06
-1.285929511482691943e-06
-2.972086214337210233e-07
4.180679299717984543e-07
-2.043505506708324224e-07
4.892888712525538218e-08
1.333668029964043906e-08
-1.313609800239795931e-08
1.033223580534071706e+00
-1.116163803923231855e-02
1.812083606642806658e-03
-2.780966363076364930e-04
3.931755608705822665e-05
-4.921941043857735379e-06
4.947800875646107606e-07
-2.407767623547131284e-08
-5.622396382702953217e-09
2.414711873045935116e-09
-6.121179053813621355e-10
1.288561339007608018e-10
-2.434661615988179536e-11
4.241809167106227941e-12
-6.866348536124629755e-13
1.026926224145581663e-13
-1.386288921439682282e-14
1.578768719103356288e-15
-1.198406428072577466e-16
1.010570594267952815e+00
-8.074366901847040978e-03
3.083388897442401917e-03
-1.177140768007005345e-03
4.491609455688468436e-04
-1.712282459832142065e-04
6.517593190609238590e-05
-2.474985271945237414e-05
9.366082257149142495e-06
-3.527521742906694551e-06
1.320248574135147596e-06
-4.902464314795642829e-07
1.803112458258418979e-07
-6.557749859955726213e-08
2.354553863906219131e-08
-8.339186611032866538e-09
2.935729843436334359e-09
-1.114440738429833062e-09
3.369088628549494327e-10
1.002363817467633700e+00
-2.363817467633865486e-03
-7.731647796340210936e-22
6.737735889781597741e-22
-5.566875422878443903e-22
4.351253267125074539e-22
-3.208782203251761122e-22
2.228620788456962696e-22
-1.455465857006266819e-22
8.909666637291989727e-23
-5.088366332735590912e-23
2.697471880263171766e-23
-1.319259028752272509e-23
5.893056549433318435e-24
-2.367028861489790151e-24
8.360640557699306497e-25
-2.489804222713831503e-25
5.627832005960090038e-26
-7.173431581405281935e-27
7.453734335839599101e-01
