4.324047077504105108e-01
-1.170125571204966514e-03
1.520235266154812522e-06
-2.018217269669384723e-09
2.726439202503987781e-12
-3.733002714132354787e-15
4.446183198452416833e-18
1.576253827107605623e-19
-2.717225798637484716e-19
3.205894044996253812e-19
2.450448921773463740e-01
-1.852182241234652804e-01
1.820592262186841725e-02
1.070753205495397070e-02
-5.673315257026607418e-03
1.143630846794596112e-03
9.849755684397293906e-05
-1.465146827382013558e-04
4.709615147034875327e-05
-4.145966476364518652e-06
-2.935801945088151651e-06
1.543512924330597807e-06
-3.166800496570379712e-07
-2.651238404274484544e-08
4.125130801098364382e-08
-1.359747593213644037e-08
1.316007245210899539e-09
9.384895124827991745e-10
-4.662233996950140798e-10
4.071370591163117614e-02
-3.380919735454458036e-02
8.037992549594986588e-03
-1.412698811591545697e-03
2.033929241818357623e-04
-2.444782279730904712e-05
2.221489508165843000e-06
-6.003478065687146046e-08
-3.624071203005036083e-08
1.208574529027971430e-08
-2.659129952353706536e-09
4.840781833109772476e-10
-7.678522119713823431e-11
1.063446115405657750e-11
-1.230230037870457483e-12
9.857889238356247880e-14
1.584706918111648855e-15
-3.118422241763602572e-15
8.313944488701520691e-16
2.180051460241081047e-03
-4.002129325987605069e-03
3.111519387147308659e-03
-2.076188351294637555e-03
1.209522425588523825e-03
-6.266463593573334042e-04
2.941084869536844172e-04
-1.273054707061246872e-04
5.169246027352420873e-05
-2.000070332694680770e-05
7.475297135414703637e-06
-2.728471489827701142e-06
9.800299239979618904e-07
-3.478823281234153903e-07
1.221879634518053162e-07
-4.244299842536813825e-08
1.465993243007994011e-08
-5.436226469907884903e-09
1.615025780202578987e-09
1.361739676074100016e-08
-2.557210457801995746e-08
2.113414994557952680e-08
-1.529390327708579516e-08
9.595825479472508234e-09
-5.131827858417490609e-09
2.269636112606455491e-09
-7.813937215446276045e-10
1.782476015723287568e-10
-7.729890557349118674e-12
-1.227626417998522330e-11
4.167636945911167530e-12
2.054245494336928346e-13
-4.887351958240782900e-13
6.149055160539603595e-14
5.040572465628495078e-14
-1.387879149392061008e-14
-4.833266802839628215e-15
2.179315901856437441e-15
7.442288299932494633e-01
4.411910917294039778e-04
-5.454483250878393971e-07
7.275884475194453912e-10
-9.918995294207621470e-13
1.358001909961094987e-15
-1.683527705694313149e-18
-3.507479973125547130e-19
-5.091238236610135115e-20
1.183404375668884886e-19
8.205930060159485340e-01
7.786451924981017958e-02
-4.583671546314276035e-03
-4.244010446302023433e-03
1.989676080291674903e-03
-3.904999101914721489e-04
-3.227209282397887580e-05
5.029635101830819810e-05
-1.686554855040685180e-05
1.742744939487308559e-06
9.875927139759725499e-07
-5.668416230808559884e-07
1.254203520547128231e-07
7.462651153937056315e-09
-1.557644613857553634e-08
5.384748022289950586e-09
-5.509420404594591782e-10
-3.752076182524983270e-10
1.888660399111761354e-10
9.205595875832123243e-01
2.503144563785690210e-02
-3.718916136190668180e-03
5.080102942096830203e-04
-6.198276562174755003e-05
6.364030403469655877e-06
-4.400661059849728997e-07
-1.572716632034487200e-08
1.444042155980728179e-08
-3.831996148854932653e-09
7.842568811322943467e-10
-1.400020594365129164e-10
2.253555556893721002e-11
-3.274852890740200933e-12
4.182992036752677048e-13
-4.292572498536303890e-14
2.223322464118218336e-15
4.923881128148373895e-16
-1.937379565638361496e-16
9.738748318878276411e-01
1.968585363483546860e-02
-7.411887516154815753e-03
2.787055309057396950e-03
-1.045639227629345611e-03
3.908717955166694032e-04
-1.453193635477335389e-04
5.362087040764587290e-05
-1.959216263721570128e-05
7.072868448201238484e-06
-2.517514857929550088e-06
8.818801243162518006e-07
-3.035168646368942510e-07
1.024614118436268578e-07
-3.385695512222772671e-08
1.092056727311939456e-08
-3.439483187797585029e-09
1.124615131134713966e-09
-3.017971302473328629e-10
9.940787375834747586e-01
5.912484078840013479e-03
8.765323701790595209e-06
1.299468977978264235e-08
1.926519468890810264e-11
2.825050438224814022e-14
2.539755084820850451e-16
-1.337615448028396943e-16
7.791149131890444425e-17
-4.146763055453833404e-17
1.997626227113517303e-17
-8.581813999378415503e-18
3.210569607938471354e-18
-1.001653969648752464e-18
2.359810290012094732e-19
-2.824471616580676813e-20
-6.578848820985059929e-21
4.735931750523421677e-21
-1.123808225930814138e-21
1.108653945476244296e+00
-8.908599266802074530e-05
5.740766438396807424e-09
1.000686851553111670e-10
-2.529651378795360535e-13
4.797231480912126520e-16
-7.919365812781982575e-19
-4.239775540204379220e-20
8.192819887963781282e-20
-5.521222206061912691e-20
1.083674000632718348e+00
-2.808276165453037557e-02
-1.090605230606598620e-03
1.845367717694820341e-03
-3.518805285581947154e-04
-5.335240282316924387e-05
4.153992536056162418e-05
-5.484263827998354028e-06
-2.848046672621225386e-06
1.541493158365276965e-06
-2.060339087241465861e-07
-1.047686731319900025e-07
6.358874647544685224e-08
-1.243668469644434548e-08
-2.402010404850050876e-09
2.351755706305154883e-09
-6.573186120488817842e-10
-3.534974921903328054e-11
7.712821623027515346e-11
1.040958876100783748e+00
-1.294192798642081026e-02
1.835631053746691020e-03
-2.196798108116860431e-04
1.922801513256318438e-05
-3.607001533734341349e-07
-3.268546838953047585e-07
9.684710623605329338e-08
-1.913464260508558665e-08
3.059257705768530253e-09
-4.043519345897440496e-10
4.057808641970065445e-11
-1.636802305575408736e-12
-5.487245338077506973e-13
2.027296973180381806e-13
-4.565845248708420973e-14
8.272444148556677229e-15
-1.287492509401614376e-15
1.629001976127773628e-16
1.013289838641788343e+00
-1.014147235403881422e-02
3.864398243272877762e-03
-1.468877803354345446e-03
5.559379775732055991e-04
-2.089767720308586348e-04
7.776389391375372248e-05
-2.853442710567482383e-05
1.027903596109260661e-05
-3.617425723809954196e-06
1.236749468619868699e-06
-4.079188592337478535e-07
1.285159683467411167e-07
-3.803294962441662234e-08
1.021670528061565113e-08
-2.267370457305869209e-09
2.417808323902877816e-10
1.798180695659101578e-10
-1.145277251187991394e-10
1.002973833290146555e+00
-2.973833290146134494e-03
-7.096501034447387211e-16
6.001279627776827102e-16
-4.737045731935621210e-16
3.483057121206640227e-16
-2.378935923389738172e-16
1.503536389612206167e-16
-8.747886731634796772e-17
4.652196607497035201e-17
-2.238748719690123259e-17
9.603956585871564332e-18
-3.585616060984272303e-18
1.115068200715114567e-18
-2.610229821958975804e-19
3.041580906205870625e-20
7.697153800552468657e-21
-5.321283040617127897e-21
1.235999205993845777e-21
8.454235588972430770e-01
