1.413048325457362475e+00
-1.935378075009713469e-02
1.167222021163396136e-04
-7.332244867276626233e-07
5.383533576887171437e-09
-4.723084421989379462e-11
4.603723615946789277e-13
-4.654321463673862496e-15
4.747036587757885872e-17
-5.304069047767938181e-19
4.575473470225384087e-01
-6.459895171284580906e-01
2.792915382443865169e-01
-6.417499164018422575e-02
-1.248181736075364492e-02
2.246031975686144100e-02
-1.357122750559557403e-02
5.063243301149553469e-03
-8.117066433831709961e-04
-4.529956009052254627e-04
4.730733620431605492e-04
-2.318130313389748566e-04
6.307805481289567215e-05
2.848800612458799461e-06
-1.364919023549992557e-05
8.004457478094696054e-06
-2.225516230453722855e-06
-5.877559652258831906e-07
6.397133206469785105e-07
9.325963097695965515e-03
-1.169031766987484351e-02
4.498853066770258299e-03
-1.284946384093637456e-03
3.022989204453396285e-04
-6.261969130381638796e-05
1.194641626703049437e-05
-2.161721629451136091e-06
3.775259665591404221e-07
-6.417063185318963024e-08
1.064086307847544210e-08
-1.718471005430920972e-09
2.690199185484434256e-10
-4.048998134598550939e-11
5.777032912362071003e-12
-7.604363982302901761e-13
8.653680125829555687e-14
-6.478573445973635054e-15
-2.702838621350069971e-16
1.295108125100374126e-04
-2.475194704819543121e-04
2.161404668867516457e-04
-1.728344339061249439e-04
1.269718920270252989e-04
-8.606022635161858665e-05
5.408043282798821001e-05
-3.167861337687736991e-05
1.739635915800475977e-05
-9.009311937381901610e-06
4.426755666921219081e-06
-2.076270631996303666e-06
9.352223719068134663e-07
-4.069876236966546090e-07
1.721608824390468733e-07
-7.136376218607086407e-08
2.959154338828000009e-08
-1.354390914727154181e-08
4.629774499529297025e-09
-2.087995318674439774e-10
4.025281353006722631e-10
-3.603766995712417687e-10
2.993514927751785211e-10
-2.302863923899847931e-10
1.636102834944207733e-10
-1.069284132353998933e-10
6.393217352479132371e-11
-3.469911519877848701e-11
1.690494178347654774e-11
-7.267372454972688908e-12
2.679599492942897826e-12
-8.022336280115675875e-13
1.693381089417426543e-13
-1.029370160355469926e-14
-9.498760833112041678e-15
4.267207141685956578e-15
-4.551263913285389137e-16
-2.257529045523670321e-16
4.639137888909067864e-01
6.576853124960820030e-03
-3.248769987331245066e-05
9.689000985184603557e-08
2.786432193753304084e-11
-1.913259548165080768e-12
4.347521589407753011e-15
1.081234238295898970e-16
-1.694030184034443328e-18
2.825395985932686471e-20
7.871239238169740471e-01
2.173633622018529832e-01
-9.168786759761420047e-02
2.499160397348212936e-02
2.063218761770473000e-03
-7.775289131284211265e-03
5.526263484841165488e-03
-2.312291358994602881e-03
3.927625543290963017e-04
2.672174961940486176e-04
-2.883896004108928851e-04
1.428287897131306995e-04
-3.187857507134530220e-05
-1.247553936240026763e-05
1.694708494352229072e-05
-9.023600196235044614e-06
1.946937718579451185e-06
1.546010670969680625e-06
-1.196793445116551483e-06
9.542751498343182703e-01
1.536815920719605821e-02
-2.596384237063486221e-03
4.435262384886354920e-04
-7.711346756378123599e-05
1.370531500036642146e-05
-2.488595388193575386e-06
4.590935511953098435e-07
-8.533715173115124019e-08
1.585317852795783656e-08
-2.924284923204472210e-09
5.331585871048534555e-10
-9.576713852927022072e-11
1.690211512128158716e-11
-2.922903085488234712e-12
4.934926112260503176e-13
-8.096148117615157490e-14
1.309071376539897211e-14
-1.929245737827251768e-15
9.853361763548671437e-01
1.111991280498891149e-02
-4.216249626111136933e-03
1.598652334891594810e-03
-6.061604468614211405e-04
2.298438778152656547e-04
-8.715671812304241262e-05
3.305294085325664655e-05
-1.253693804565720273e-05
4.756562129276195915e-06
-1.805455247858819714e-06
6.857616878990926504e-07
-2.607295481628872755e-07
9.927287428297033270e-08
-3.788368248862973080e-08
1.453162423542765595e-08
-5.693924774176697202e-09
2.504196518220257120e-09
-8.401860945686782988e-10
9.966967617556161674e-01
3.300506435536614512e-03
2.729549615793414875e-06
2.257362998966060500e-09
1.866860168253162003e-12
1.543989066798521256e-15
1.213531642931753720e-18
5.024587093073364465e-20
-3.670820003625003935e-20
2.627761155378211666e-20
-1.801737564933352150e-20
1.182656988553276263e-20
-7.415823959529379355e-21
4.435067284520479341e-21
-2.531449808558697158e-21
1.379357480607332844e-21
-7.255800789568885652e-22
3.999954689601893371e-22
-1.470275547759304742e-22
9.872764279102682616e-01
3.147818902655875536e-03
-2.803666510157296860e-05
1.757531481916215172e-07
-9.351140327211149039e-10
5.320026224372294056e-12
-4.261693472924981260e-14
4.489189775156739684e-16
-4.936894132998087649e-18
6.111623024001170303e-20
1.040368043318971258e+00
6.552396132210160616e-03
-2.606866184366626524e-02
1.729298824120284461e-02
-5.446298019418087388e-03
-9.142547053061946113e-04
2.353941864295870136e-03
-1.634416738231975197e-03
6.544573775782077394e-04
-8.046587382788447759e-05
-1.050317689924027190e-04
9.863865395462920421e-05
-4.696995827200637339e-05
1.020103933380546363e-05
4.036327152103424448e-06
-5.305083734561036409e-06
2.610443418230895443e-06
-2.861147600536258885e-07
-2.472190915967565201e-07
1.023407683954954850e+00
-8.002561361630114792e-03
1.356630827795060308e-03
-2.257929709749996992e-04
3.632721372831024351e-05
-5.522776005131537413e-06
7.640879766997160489e-07
-8.836603349377265452e-08
6.002242378323303657e-09
8.071859568203406544e-10
-4.876750067481324825e-10
1.471359919238283060e-10
-3.632909939853273267e-11
8.095561843505116919e-12
-1.689028321665432160e-12
3.357184940041097389e-13
-6.420968132037490367e-14
1.224549708994271728e-14
-2.120358963211919943e-15
1.007409242451476894e+00
-5.660147505273484432e-03
2.161969453818058350e-03
-8.257862261567346270e-04
3.154117744123810432e-04
-1.204682285043731643e-04
4.600841300361002093e-05
-1.756901564589741335e-05
6.707527263283343586e-06
-2.559874269719093266e-06
9.763844689860491263e-07
-3.720776646326427445e-07
1.416033056079367440e-07
-5.379127144582900105e-08
2.038694266208040864e-08
-7.716929149944858780e-09
2.955054191899777749e-09
-1.253643202936190506e-09
4.099552485749818214e-10
1.001656757835171163e+00
-1.656757835171164235e-03
-6.991103409051906378e-20
6.355795751686013978e-20
-5.560189750113849211e-20
4.678932695267585497e-20
-3.785583471043361711e-20
2.942955914722057287e-20
-2.196717427620533694e-20
1.572929231109211238e-20
-1.079229642108996902e-20
7.086340717884509113e-21
-4.446024234981624057e-21
2.661031167209682037e-21
-1.517627984318736799e-21
8.266023206959585349e-22
-4.374554575727584399e-22
2.414563100750573622e-22
-8.829233696215017755e-23
2.476240601503759686e-01
