5.299255814934625830e-01
-2.099905566650313478e-03
4.046855681561445431e-06
-7.991550644136342846e-09
1.609879959487285324e-11
-3.297724609507917628e-14
6.835689511195904198e-17
-3.242658400262209487e-19
4.341725764014027625e-19
-1.565750773697637691e-19
2.686495739943239314e-01
-2.407459929480068039e-01
4.049325986556461671e-02
9.910300845929885527e-03
-9.134991161701853588e-03
3.042372134137759278e-03
-3.405123925699382625e-04
-1.998417328908883852e-04
1.338158967249309826e-04
-3.899033812666833151e-05
2.352347504725134599e-06
3.562432244926679930e-06
-1.964771441453563561e-06
5.008059032261005793e-07
-4.727924704694132304e-10
-6.015209310938721266e-08
2.814586181705146640e-08
-5.028320074633522061e-09
-6.256869691156896241e-10
3.277045328521970002e-02
-2.948841134402659797e-02
7.713034652757595928e-03
-1.511109176358259223e-03
2.488318704766276585e-04
-3.629444995931802341e-05
4.717112032517537697e-06
-5.194915849609979782e-07
3.880987718578453259e-08
1.408145412312500208e-09
-1.430234773666052773e-09
4.029422421822853733e-10
-8.687074816920527280e-11
1.628255265488871117e-11
-2.757754898863349268e-12
4.262614317112539248e-13
-5.958700356650026895e-14
7.296928565721848245e-15
-6.905903140047290917e-16
1.471612122885738875e-03
-2.723542024007411747e-03
2.166561603014684201e-03
-1.496831003504849739e-03
9.106578733585430838e-04
-4.954738892144993061e-04
2.449329833818265499e-04
-1.117471193546707179e-04
4.777094432203588957e-05
-1.941038324789399035e-05
7.594256601809912451e-06
-2.893065115304478770e-06
1.082649277391190673e-06
-4.004982843107405898e-07
1.470328331648891710e-07
-5.374456404601374384e-08
1.980052365056928649e-08
-8.030847027821030530e-09
2.551975832195990348e-09
3.088915318727770944e-09
-5.826672784049133552e-09
4.882044507430529957e-09
-3.618817624514053918e-09
2.354713361693183401e-09
-1.327552460459457916e-09
6.344016868339161427e-10
-2.468703465068325112e-10
7.165138382871100947e-11
-1.147339019616664386e-11
-1.486977153442982347e-12
1.450258953128433752e-12
-2.623886198549286833e-13
-8.282735595146180038e-14
4.554386858036747834e-14
1.465716503194040732e-15
-5.826801268503416189e-15
3.771164683925900474e-16
7.214873706105071415e-16
7.103286753161645040e-01
7.755418638723257044e-04
-1.461256448719739012e-06
2.912692839367225065e-09
-5.852647798046618284e-12
1.169724193807078186e-14
-2.300565595563548951e-17
5.646985898486591485e-20
-4.936333683284930617e-20
2.413137154225897224e-20
8.137280764745336015e-01
9.853258135185977151e-02
-1.234896354893685010e-02
-4.002849458294994132e-03
3.189647917303472212e-03
-1.059258169135413779e-03
1.311963142042944276e-04
6.513227896334433989e-05
-4.763973129843815618e-05
1.491724320339334368e-05
-1.240022963771642949e-06
-1.271465105354386483e-06
7.641316756633627880e-07
-2.052784459399668014e-07
1.885276567993403919e-09
2.478707885396906572e-08
-1.173795520343847357e-08
1.934179925854282370e-09
3.729042693400416214e-10
9.263917004056204663e-01
2.380746585910401350e-02
-3.732952320804163067e-03
5.593865795274722760e-04
-7.916218221713189839e-05
1.044145691278643566e-05
-1.251886079304503302e-06
1.275600508130169327e-07
-8.385208655773834643e-09
-5.785694075405093053e-10
3.895755070567678397e-10
-1.064840764516094701e-10
2.323123074950114687e-11
-4.507763919714167265e-12
8.054250888928129392e-13
-1.340045978957278376e-13
2.073001712075272208e-14
-2.980302122981609388e-15
3.692182978458436941e-16
9.760126991960901277e-01
1.810111966827613814e-02
-6.828080688436011583e-03
2.574500809649321511e-03
-9.698960860379935009e-04
3.648777665523078454e-04
-1.369673615393679337e-04
5.125097715411062945e-05
-1.909434122742923736e-05
7.074579804884595472e-06
-2.603676527680205818e-06
9.508791324233389969e-07
-3.443275196289739634e-07
1.235637542792831887e-07
-4.393272648011809944e-08
1.549132953423390564e-08
-5.474491675336692184e-09
2.112241032507864767e-09
-6.488483947301514260e-10
9.945704191622463108e-01
5.422200728955444034e-03
7.370077451942759113e-06
1.001771130568352794e-08
1.361649908909005386e-11
1.849656142415039038e-14
3.327196152086953032e-17
-5.294665249668943859e-18
3.249989830265755126e-18
-1.831395992249974476e-18
9.469091489108113366e-19
-4.448818331298092556e-19
1.872226339633574380e-19
-6.896151537096294452e-20
2.135214871269527208e-20
-5.068614698002522788e-21
6.502742855056601043e-22
1.454150071131216679e-22
-9.784324132176533555e-23
1.112840811930313700e+00
-9.301762747102439253e-05
-1.271022794574133575e-07
7.010486770015628066e-10
-2.128234251494305553e-12
5.506209852050411226e-15
-1.324994167839833882e-17
7.862743191764939667e-20
-1.810525605968825923e-20
5.375586405195669163e-22
1.083630555713588572e+00
-3.245994436025141650e-02
-4.754700133266907434e-04
2.432786575213110800e-03
-6.167721891532260917e-04
-7.062335168446794262e-05
9.622060922256208402e-05
-2.561303294137182564e-05
-3.356245588190221084e-06
5.222522308316115664e-06
-1.896585159662901570e-06
1.309715858684661034e-07
2.095800058821434882e-07
-1.188717713516214921e-07
2.783651186562593853e-08
3.001316291548586692e-09
-5.137011338086467786e-09
1.933822805947598911e-09
-2.820027417757898014e-10
1.037954843622537648e+00
-1.238521074230152647e-02
1.883033717488068193e-03
-2.565165861218929181e-04
2.946468004466728087e-05
-2.387389056687259567e-06
-1.452680650446944496e-08
6.154112137063662743e-08
-1.758698348417187280e-08
3.652102944523668066e-09
-6.421437532979758991e-10
9.899958595773356592e-11
-1.322949883075520590e-11
1.418829810938548986e-12
-8.175272154832361006e-14
-1.313819386931373036e-14
6.335368165322789036e-15
-1.684141528709653423e-15
3.339835084528632781e-16
1.012186790018951399e+00
-9.305511059587143197e-03
3.550658174837153808e-03
-1.353279185021602190e-03
5.147398138893458444e-04
-1.951337355236654149e-04
7.359259133439090066e-05
-2.754893636123491852e-05
1.020918049536579000e-05
-3.734403325141599212e-06
1.344140880936304747e-06
-4.744914369382100389e-07
1.636749924753435202e-07
-5.492413779466732236e-08
1.781703138612855840e-08
-5.529337227048366169e-09
1.611543922269281800e-09
-4.425868344365750073e-10
9.570641023447771555e-11
1.002725887206172617e+00
-2.725887206172543636e-03
-3.231345655420214625e-17
2.767275695637715732e-17
-2.224034274957607407e-17
1.674802580210472956e-17
-1.179157664035596230e-17
7.739235694808111244e-18
-4.716931470415152201e-18
2.655904846285841677e-18
-1.371861470431608089e-18
6.436969070960801967e-19
-2.704141574640140283e-19
9.938563414232370138e-20
-3.065232552720184858e-20
7.220920961598700395e-21
-8.987003737294002085e-22
-2.243036842293213328e-22
1.420910992109254390e-22
8.154085213032581381e-01
