8.701847068270733843e-01
-8.270691385967620865e-03
3.873513304764638064e-05
-1.879085100434892801e-07
9.500985376267213877e-10
-5.033371147085245183e-12
2.799120420944540729e-14
-1.628153618335200152e-16
1.015842914302621937e-18
-4.873888328805970181e-20
3.336585973221486978e-01
-4.059962292023467367e-01
1.370490215970267822e-01
-1.613854971659370655e-02
-1.334612382160215230e-02
1.147851324824059049e-02
-5.171195423963215188e-03
1.376421660345525074e-03
6.296302711835002916e-06
-2.472040240317758099e-04
1.618701061953670280e-04
-6.312922727222672543e-05
1.311313896666966845e-05
2.454287975588091219e-06
-3.919647457214200461e-06
2.148043578288886429e-06
-7.032146301415780849e-07
3.421412777772748923e-08
6.653536269710452510e-08
1.704105339555849960e-02
-1.822121242493468171e-02
5.799279712202703996e-03
-1.382344191231524083e-03
2.773001455480423867e-04
-5.015010249483845532e-05
8.508464319910645751e-06
-1.380736613848727764e-06
2.155152531656553443e-07
-3.224246417554681149e-08
4.572045644388407556e-09
-6.007379706674728087e-10
6.951183931932818613e-11
-6.042690576458890431e-12
4.417222903757134230e-14
1.536038349278629937e-13
-5.158514671675301131e-14
1.316008980945831807e-14
-2.689519911260182009e-15
4.676441400309482867e-04
-8.805630251436991941e-04
7.361741870950225556e-04
-5.492625974444869091e-04
3.684373568140525846e-04
-2.241800309751051153e-04
1.249410150297070748e-04
-6.442925961958783417e-05
3.105761354716063882e-05
-1.413693939608670937e-05
6.136417426349941206e-06
-2.563889162199798127e-06
1.039999949764138408e-06
-4.126822354451989500e-07
1.612595842157807193e-07
-6.250203688650843899e-08
2.446987703958150940e-08
-1.064453749416859026e-08
3.540171485571930135e-09
-1.974509984232073100e-10
3.765574185544065728e-10
-3.262434655579779192e-10
2.562364874070387062e-10
-1.817051984833164545e-10
1.155963051235599616e-10
-6.533322125689127933e-11
3.231232807160372243e-11
-1.364091313418348565e-11
4.694602644520424956e-12
-1.183715653294511990e-12
1.398502580617425616e-13
4.156390701547481173e-14
-2.578631200304143543e-14
4.010901707779695212e-15
1.421442086593586690e-15
-7.704268884300597557e-16
-4.553454962408069327e-18
8.549121640773776719e-17
5.954906964836259586e-01
3.016891493894095604e-03
-1.396190609601070076e-05
6.322021319469830311e-08
-2.741323347601491828e-10
1.140535925034781143e-12
-4.605706171539774790e-15
1.847936942499373611e-17
-8.594019592162633025e-20
1.264371355259630124e-20
7.975111228728783974e-01
1.577628407910336983e-01
-4.637006187597430412e-02
5.588260022641418530e-03
4.344420331637739718e-03
-4.016274355188656497e-03
1.946048357799021232e-03
-5.710792503745055777e-04
1.837721463322037005e-05
9.639461742326300086e-05
-6.836842571153905243e-05
2.742808253547660076e-05
-5.293435375446125586e-06
-1.680795558685359818e-06
2.106684827531509577e-06
-1.063255973690769672e-06
2.827505109484451426e-07
5.425740835359725730e-08
-6.534263803523687694e-08
9.401436940601131109e-01
1.991448553444351288e-02
-3.309074921470066006e-03
5.484723835399791169e-04
-9.050601523654203953e-05
1.483590772587656187e-05
-2.410314530428975187e-06
3.871838750568336653e-07
-6.132049316512359134e-08
9.537420026910117138e-09
-1.448176031736503314e-09
2.126618070449191207e-10
-2.972223663055930929e-11
3.834104149287977997e-12
-4.242859160766867773e-13
3.042109296788329857e-14
2.339828937318537728e-15
-1.840233090026198625e-15
5.134442462502894543e-16
9.807022999105478034e-01
1.459966362219567576e-02
-5.522677320898589093e-03
2.089085892531375704e-03
-7.902461686065265093e-04
2.989284073240725914e-04
-1.130756160457095866e-04
4.277247281973251388e-05
-1.617883569591187543e-05
6.119379853506830519e-06
-2.314348923748403298e-06
8.751624022608238785e-07
-3.308704104582993547e-07
1.250589921857919711e-07
-4.726511378129238393e-08
1.789730340344878281e-08
-6.887949083215193983e-09
2.955011399506947979e-09
-9.748781974612793989e-10
9.956427597315616884e-01
4.352488588588916164e-03
4.746498023320635349e-06
5.176175198824114707e-09
5.644748934524680963e-12
6.155745111281394871e-15
6.709358209319987586e-18
9.946451629766217974e-21
-1.730232214939133351e-21
1.103354052939229504e-21
-6.715353091978154407e-22
3.744616910832238941e-22
-1.942934229279394679e-22
9.850236038261286681e-23
-3.816330345644654990e-23
1.590070034604055109e-23
-1.067747862778580551e-23
3.430290090848944886e-24
3.140494192369892315e-24
1.104050861891858748e+00
3.541304782235480818e-04
-4.955380294899034743e-06
3.456038313674305953e-08
-2.031515547886061786e-10
1.109486766640660664e-12
-5.874161388310548397e-15
3.100587735108134069e-17
-1.685530459748295798e-19
2.870259344614865624e-21
1.076851361434832954e+00
-3.558503082552347263e-02
-1.426559361515233751e-03
5.334875585283662021e-03
-2.156271989359210845e-03
2.191538150616497988e-05
4.903286874663862795e-04
-3.332218287258003047e-04
1.164700092759503297e-04
-6.288395765762490163e-06
-2.098761200249631614e-05
1.582172380867044313e-05
-6.478175914177141435e-06
1.166275806594106863e-06
5.268852424459203102e-07
-5.893241041168280750e-07
2.811912311523444977e-07
-5.611402646140498239e-08
-7.242875925414626410e-09
1.030803457040591287e+00
-1.043899880244370838e-02
1.730572557641455898e-03
-2.760925164067341321e-04
4.158946236854973576e-05
-5.772117270863469982e-06
7.062063617462531824e-07
-6.732745571524978859e-08
2.080906368968173833e-09
1.209964728719556884e-09
-4.527341886952954115e-10
1.137977357316956277e-10
-2.445517967270616578e-11
4.793085803485287267e-12
-8.786655077939041003e-13
1.522295357804300019e-13
-2.498873983924556093e-14
3.945976269213632051e-15
-5.577827493002099332e-16
1.009775009492875908e+00
-7.467140009684301687e-03
2.851921187188375794e-03
-1.089110262375916688e-03
4.158253268810632166e-04
-1.586995802039903140e-04
6.052583532743685373e-05
-2.305789503007724676e-05
8.769078717488091104e-06
-3.326657108488655110e-06
1.257686002491445853e-06
-4.733420374769880286e-07
1.771341515206909471e-07
-6.582980110991526410e-08
2.426928961824328656e-08
-8.876906490948085450e-09
3.255085719829090564e-09
-1.305438620201144524e-09
4.108044524479731836e-10
1.002185814958868715e+00
-2.185814958868785487e-03
-9.419677670599716100e-20
8.315763245976254535e-20
-6.978786459262399551e-20
5.563059656363486517e-20
-4.207512069597044705e-20
3.015078051782145755e-20
-2.043389308637296416e-20
1.306756993032347693e-20
-7.862885368039026644e-21
4.435351610245161982e-21
-2.334478172038490303e-21
1.139362840349122365e-21
-5.112332495441968236e-22
2.082852256876542239e-22
-7.575655397343930419e-23
2.495527418932581165e-23
-6.047533590512448733e-24
6.853433583959900322e-01
