6.684958304964764286e-01
-4.058376619700148659e-03
1.210454244537667854e-05
-3.713362018773540122e-08
1.168793466947565301e-10
-3.771619780917680404e-13
1.248417497388068267e-15
-4.247696374204316078e-18
3.187646050383346326e-20
-1.157414261751399822e-20
2.969868517954378229e-01
-3.129327902012023488e-01
7.816127954308291215e-02
2.875967040484074099e-03
-1.267428180873555500e-02
6.585183847334105320e-03
-1.835839136643006072e-03
7.006312468950197901e-05
2.288799349313734512e-04
-1.391701402844247397e-04
4.489001014588838036e-05
-4.879887370973285107e-06
-3.855919455789992646e-06
2.905472164139553547e-06
-1.080564987497585078e-06
1.869801164010020679e-07
5.255175712561720124e-08
-6.510155671041401088e-08
2.613094530571457888e-08
2.457592406413226099e-02
-2.404419130210688760e-02
6.920295833391398345e-03
-1.496701520826837625e-03
2.738856500503745019e-04
-4.523064486604830899e-05
6.948090174647837642e-06
-9.980764983789838254e-07
1.319122980757110533e-07
-1.528071605968436191e-08
1.328261536301309823e-09
-1.267552545669219530e-11
-3.164681567797105159e-11
1.041533984799406060e-11
-2.464905974772622614e-12
5.046266268787821431e-13
-9.440713072938355495e-14
1.692564400056496514e-14
-2.710097093787072055e-15
8.892902960604486635e-04
-1.659812605860508123e-03
1.352722865649781886e-03
-9.699631406393799263e-04
6.184020420253029350e-04
-3.548522782023268000e-04
1.856421102647055107e-04
-8.970421850695576823e-05
4.055395518158269000e-05
-1.736702869036311245e-05
7.127870497388331569e-06
-2.833560506526662593e-06
1.101032608896628252e-06
-4.212674203589735402e-07
1.596131380732306691e-07
-6.022170987674905813e-08
2.298630037981072614e-08
-9.737626296401483990e-09
3.186457460130835192e-09
2.534635677893515433e-10
-4.805710380148002443e-10
4.090291138005218547e-10
-3.115702360438484795e-10
2.111728680617283862e-10
-1.261523250798704822e-10
6.542615003385771847e-11
-2.872047225740682238e-11
1.017683950903250391e-11
-2.603296116855796388e-12
2.959869809070788658e-13
1.012153008386222990e-13
-5.771988531646497633e-14
6.872731140106809152e-15
4.060610222053377610e-15
-1.622546302598684510e-15
-1.429460746782555386e-16
1.883436440958087438e-16
-1.027076835842354476e-17
6.631515916970750490e-01
1.485385932729079610e-03
-4.414492217671977363e-06
1.346688920952656153e-08
-4.062546274019387645e-11
1.203175159302928972e-13
-3.499094479611510270e-16
1.017862849391972655e-18
5.636166935777619632e-21
-9.023649463476401055e-21
8.064050179984054711e-01
1.248787919556592213e-01
-2.561219226721169959e-02
-1.458230732393858047e-03
4.363492432252037180e-03
-2.310332360479875127e-03
6.882856672594996755e-04
-4.736244771696745455e-05
-7.880743210246331362e-05
5.300326569226165613e-05
-1.831703176351701901e-05
2.273725666743623003e-06
1.547347195840639739e-06
-1.234267642532154507e-06
4.608417964697290487e-07
-7.063799719368174904e-08
-3.052420974469036314e-08
3.061402229136440401e-08
-1.135284190270405347e-08
9.331378694677195940e-01
2.201373971863652967e-02
-3.581276604430100579e-03
5.717237526215898343e-04
-8.904758480782964741e-05
1.347452593081947235e-05
-1.972826012747553908e-06
2.776030308926441666e-07
-3.702391673062188162e-08
4.538558853004353212e-09
-4.722427029408998893e-10
2.984484282256969520e-11
3.293491391265264279e-12
-1.916786777441439442e-12
5.388604352129700450e-13
-1.235353975914140301e-13
2.549666521255723885e-14
-5.060570281941401734e-15
8.897260281754438968e-16
9.783523043317603474e-01
1.635743004480590124e-02
-6.179689738055389736e-03
2.334395660498392918e-03
-8.816558321717723155e-04
3.328714093364319834e-04
-1.256060715439889168e-04
4.735528725338996193e-05
-1.783117599239545406e-05
6.702620162479842550e-06
-2.513879094603648146e-06
9.402903579795806688e-07
-3.505912916076884249e-07
1.302605248546165636e-07
-4.822592943356197176e-08
1.781949220893112897e-08
-6.657810782448564161e-09
2.753683465682613818e-09
-8.870089114505039327e-10
9.951062364517148096e-01
4.887768956449436812e-03
5.987248789713224495e-06
7.334051259176943865e-09
8.983810439763166677e-12
1.100463486202527950e-14
1.350923846203939791e-17
-3.426844116376101196e-21
1.280583558608922646e-20
-7.679211399257758697e-21
4.285019016684716724e-21
-2.195490923889745359e-21
1.041104710223357422e-21
-4.463852341655534755e-22
1.661368117478992604e-22
-5.820779150484772969e-23
1.834505219865360821e-23
3.445627193682053411e-25
-2.507255596480282741e-24
1.113405988612717890e+00
-2.288797765661360032e-05
-9.039730962516880797e-07
4.950313263019157212e-09
-2.055876029765074214e-11
7.691916223536017388e-14
-2.729874940412101056e-16
9.407517068093853958e-19
-5.829830005341741160e-21
1.717460530995212727e-21
1.081717631602260976e+00
-3.582768998514664766e-02
-8.457877899700404439e-05
3.360800709701291383e-03
-1.110003539450478893e-03
-7.370431731005899030e-05
2.250428125198138595e-04
-1.017670104101621833e-04
1.397307946665035184e-05
1.077571426619823609e-05
-8.723239088182467089e-06
3.141222615658123076e-06
-2.995223795024261411e-07
-3.684323591566488491e-07
2.659633567130079613e-07
-9.292565698249289532e-08
9.131324408535071261e-09
1.321401475582171102e-08
-7.727502469940842197e-09
1.034454924854189439e+00
-1.150811070273728871e-02
1.843229216092596772e-03
-2.759818022930427776e-04
3.745115536537297615e-05
-4.362775567556424374e-06
3.699281760732172951e-07
-6.914309178605857748e-10
-9.403856944737128794e-09
2.930232659889945670e-09
-6.637722341645807753e-10
1.295625122769119116e-10
-2.287027348741227932e-11
3.703783370071515462e-12
-5.479483939634987133e-13
7.209939341560947992e-14
-7.757288952614558448e-15
4.221111887273406635e-16
7.251159463769335890e-17
1.010981985530808203e+00
-8.388141523902884616e-03
3.202810791774378212e-03
-1.222413010541435882e-03
4.661987383640618112e-04
-1.775599038675214499e-04
6.748063678981187788e-05
-2.556146265024850656e-05
9.637188433208782292e-06
-3.610373869158829009e-06
1.341513588005175522e-06
-4.934488442547455330e-07
1.793246345672797181e-07
-6.425697993017817205e-08
2.265601156995649731e-08
-7.846579863899211746e-09
2.683206467853332797e-09
-9.773936400199844302e-10
2.860719698254998008e-10
1.002455903272526649e+00
-2.455903272526578293e-03
-1.871613076791830575e-19
1.625878507087777483e-19
-1.333641205607365446e-19
1.031694692907209120e-19
-7.514866563115238294e-20
5.143203969572178599e-20
-3.298403591167853086e-20
1.975101256471145323e-20
-1.099187821325610910e-20
5.650306257329017459e-21
-2.660243239478915621e-21
1.133328593167727142e-21
-4.288474213447296729e-22
1.395961617283625368e-22
-3.644377980797008277e-23
5.929722778062036621e-24
-3.684886489545703636e-26
7.678847117794486143e-01
