1.153381988852384632e+00
-1.556753528821069182e-02
1.009936646336907215e-04
-6.867101306692290134e-07
5.078110422072485477e-09
-4.147148871399671333e-11
3.693329269160234083e-13
-3.490054747933731025e-15
3.411591034799632186e-17
-2.655215507927816824e-19
3.880236431540837749e-01
-5.257401620737416348e-01
2.164361840670451231e-01
-4.749999117797940040e-02
-9.408268214692195458e-03
1.635016573065759329e-02
-9.958051709955527409e-03
3.930485369131085996e-03
-8.475654615770110900e-04
-1.726325094862109612e-04
2.919137019019254521e-04
-1.747262725265873369e-04
6.737543102152454056e-05
-1.395905702957055608e-05
-2.999946830164187710e-06
4.659671836468856821e-06
-2.586156482685604364e-06
8.815490599552484244e-07
-1.580789113409146580e-07
1.147892596944773483e-02
-1.344754271155771189e-02
4.761243355502958741e-03
-1.255443041056109217e-03
2.753787163834083289e-04
-5.382672092626614949e-05
9.798167115658947468e-06
-1.705433470300537328e-06
2.876945678383223787e-07
-4.726756219130831654e-08
7.560916268194037366e-09
-1.173075569684256641e-09
1.752959138171333837e-10
-2.492838782004404159e-11
3.298782832190683307e-12
-3.864930790532881063e-13
3.430737316654888402e-14
-5.181520212478895180e-17
-8.629905722439052237e-16
2.211856893632017939e-04
-4.201204450228976654e-04
3.602497175083111606e-04
-2.797917209522795298e-04
1.977599625161694571e-04
-1.279726721757205345e-04
7.633403913157001868e-05
-4.227737147937784602e-05
2.190622340511126761e-05
-1.070124490666753838e-05
4.966408020312854456e-06
-2.206363164796538727e-06
9.451762939814141388e-07
-3.931568214156057853e-07
1.598560627020929165e-07
-6.404558514039988657e-08
2.579116757399849689e-08
-1.150597019448247141e-08
3.880051503545123761e-09
-2.084873858299125880e-10
4.000637277154838801e-10
-3.531638829400023130e-10
2.864175692140633472e-10
-2.128378070729337999e-10
1.443312473729002936e-10
-8.878873512064330796e-11
4.912428033032812454e-11
-2.413222701540264053e-11
1.031533268669842217e-11
-3.704297943065061841e-12
1.038915601217317505e-12
-1.820997448296706586e-13
-7.300772137830855872e-15
1.753293936333495976e-14
-5.235738672811131471e-15
7.163816536538038016e-18
4.898527034014159428e-16
-1.306989746269251667e-16
5.111247161189527155e-01
5.537679461493869373e-03
-3.314604390561873499e-05
1.738471503005764670e-07
-7.816248928645954307e-10
3.011766120854326658e-12
-1.152354617199937739e-14
7.597435323839464820e-17
-9.018247609847516930e-19
-1.024067842297221024e-20
7.879489979980902614e-01
1.941697827182471692e-01
-7.307118697112828520e-02
1.743876963620401288e-02
2.231953144499409895e-03
-5.622004268992454069e-03
3.823613406807786688e-03
-1.645109405824115483e-03
3.807597084672745833e-04
8.377490171825017237e-05
-1.464398469382045982e-04
8.844753570701798656e-05
-3.172633643220193586e-05
3.278247101503352594e-06
4.677943013888842278e-06
-4.023175916248372254e-06
1.704773782611621467e-06
-1.476748133464921286e-07
-1.627016640103508969e-07
9.469784898251972782e-01
1.774039954748654613e-02
-2.977320243056851869e-03
5.025694541662082413e-04
-8.550729458887337548e-05
1.466987367323605838e-05
-2.533286897294727829e-06
4.388061938482643253e-07
-7.592987841982640085e-08
1.307375495001689164e-08
-2.232141586927182385e-09
3.766821258001949732e-10
-6.261695674066439632e-11
1.021200234996816834e-11
-1.625094353547975741e-12
2.503573582973086132e-13
-3.686957355657353477e-14
5.140276685625464721e-15
-6.239078769694164967e-16
9.829530942110985547e-01
1.291156822065303404e-02
-4.889717119943374699e-03
1.851792321398367663e-03
-7.013076807379866771e-04
2.656072619727713907e-04
-1.006001960534029017e-04
3.810706390025407907e-05
-1.443745922906378038e-05
5.471404551761134412e-06
-2.074383261826196937e-06
7.869302322277833730e-07
-2.987658221021639851e-07
1.135505435609548539e-07
-4.322661852243411730e-08
1.652297220049904421e-08
-6.439603840026957524e-09
2.809498002698527081e-09
-9.373270864503886706e-10
9.961553416112656212e-01
3.840959400471583973e-03
3.695429425433780530e-06
3.555413430542246263e-09
3.420702442541572481e-12
3.291140087521817974e-15
3.131448848313819702e-18
2.928025629365351884e-20
-1.878476370087506982e-20
1.282532385737021114e-20
-8.331533021806059303e-21
5.133730448449892514e-21
-2.994209873739474727e-21
1.649912996125867106e-21
-8.561319940685032055e-22
4.135792935722235129e-22
-1.871606443669933685e-22
8.776774035647188387e-23
-2.919917153355855012e-23
1.065117586541900474e+00
1.638224244349553802e-03
-1.923046698295730544e-05
1.560410456705316547e-07
-1.109284297685853302e-09
7.600889880601265500e-12
-5.436939849469663701e-14
4.315457068568360490e-16
-3.841195955263580632e-18
2.810227379594137365e-20
1.064687188147116714e+00
-2.372583309507593149e-02
-9.307106001733038078e-03
1.031050851376806229e-02
-4.245031056079553999e-03
1.780218285747545387e-04
1.064700526454648343e-03
-8.877023883165978228e-04
4.177572626792647246e-04
-9.986341351642740133e-05
-2.627294122673327716e-05
4.421120139002847435e-05
-2.720616618089861493e-05
1.006507401282512418e-05
-1.221486990113562238e-06
-1.357937695491932594e-06
1.223827725934945782e-06
-5.927668680832587339e-07
1.601630821310279858e-07
1.027225089778347256e+00
-9.291198662727487984e-03
1.568026467050875764e-03
-2.588988572342301340e-04
4.123186680751747221e-05
-6.221749348920803529e-06
8.666693378538783976e-07
-1.058459112534049295e-07
9.693406758676592880e-09
-8.801011091342560442e-11
-2.640304312044879542e-10
9.274638365862026984e-11
-2.366492946776315385e-11
5.274359130103670507e-12
-1.085540860348783663e-12
2.112702791842171957e-13
-3.936735478783109808e-14
7.271724181012571400e-15
-1.220461366905555113e-15
1.008621928892646569e+00
-6.586518407396053064e-03
2.515776207518764709e-03
-9.608983522547751141e-04
3.669959039635368970e-04
-1.401532558841596843e-04
5.351416215708325558e-05
-2.042685716702059750e-05
7.793190721906348011e-06
-2.970877586439792651e-06
1.131196420874727962e-06
-4.299832089801811596e-07
1.630608408426254465e-07
-6.164780411223295169e-08
2.322112608570106355e-08
-8.721927535922991878e-09
3.307355152013771767e-09
-1.385733528985457539e-09
4.494225687447075712e-10
1.001927930051605298e+00
-1.927930051605305324e-03
-8.414532606235993543e-20
7.554522423332008319e-20
-6.492823983895026673e-20
5.339258877620931658e-20
-4.198020847604059379e-20
3.153087714984326826e-20
-2.259805070843316936e-20
1.543307871829403017e-20
-1.002650462643797791e-20
6.183946549796462266e-21
-3.611578091937544567e-21
1.991033024469646064e-21
-1.032246971057681845e-21
5.016971232385350412e-22
-2.300574901799606991e-22
1.063673100004659923e-22
-3.472307402272827021e-23
5.277644110275689915e-01
