1.204239453753711331e+00
-1.671421633746833155e-02
1.103359767545652705e-04
-7.643082401599271933e-07
5.820111415020704198e-09
-4.955173943599564516e-11
4.626860084329690541e-13
-4.578871992947622780e-15
4.659632896782311130e-17
-4.079072864027189859e-19
3.994714755330316946e-01
-5.476701387841265145e-01
2.297080814936083570e-01
-5.231286242041027768e-02
-9.025184981167558990e-03
1.724231198098389109e-02
-1.073868110537101912e-02
4.317871054775990203e-03
-9.621349397886215038e-04
-1.728808004798562670e-04
3.163512231131129803e-04
-1.919304253208338235e-04
7.436781836083905669e-05
-1.532600425226852899e-05
-3.425128843637147240e-06
5.175815929490051901e-06
-2.806235756996775691e-06
8.831704407023057160e-07
-1.252338706646898882e-07
1.087587848446589130e-02
-1.292104221598618964e-02
4.652864444131331149e-03
-1.246793407116097508e-03
2.773683858401212511e-04
-5.485930272566754974e-05
1.008468903899563855e-05
-1.770473512884326622e-06
3.011547322715364022e-07
-4.991721696572970466e-08
8.065357443900327527e-09
-1.266442990147642128e-09
1.921065817881809402e-10
-2.786872270335442980e-11
3.797155075179975531e-12
-4.680277843764809979e-13
4.710157106997088679e-14
-1.990053680138549802e-15
-5.997471661549412261e-16
1.968817179397069125e-04
-3.744423813165819923e-04
3.223040300703658846e-04
-2.518452618131841953e-04
1.794370542691416266e-04
-1.172284309646008080e-04
7.067465090456812710e-05
-3.959076904791687982e-05
2.075554255212355579e-05
-1.025796663899910689e-05
4.814618974635185811e-06
-2.161681877438170353e-06
9.350180630407025061e-07
-3.922735687075559797e-07
1.606786131082847496e-07
-6.477885072208240466e-08
2.622533944796581208e-08
-1.175392574527545955e-08
3.973446723043290980e-09
-2.065993650866337060e-10
3.968192267750005459e-10
-3.513148757751335323e-10
2.863268964926637061e-10
-2.142978471968196171e-10
1.467329315891504852e-10
-9.141454651132310261e-11
5.141112014679287419e-11
-2.579990381055306699e-11
1.134820230877725485e-11
-4.245232037561246950e-12
1.273079098937728184e-12
-2.612672827321598841e-13
1.037758287970271025e-14
1.708360969702081471e-14
-6.788080429999240695e-15
6.253829941457773053e-16
4.714698231469932247e-16
-1.886755301788667480e-16
4.989103720497166106e-01
5.898572568103900224e-03
-3.526697547755312134e-05
1.782995125592601788e-07
-7.319713380754651254e-10
2.343350374667178469e-12
-7.581562579808802607e-15
7.562706135903859257e-17
-1.163069066798298713e-18
-1.383814364549011278e-20
7.869423480833779294e-01
1.994757038276804006e-01
-7.721129167640872204e-02
1.932938206035637180e-02
1.909088822734838998e-03
-5.913059384009684318e-03
4.150925593333610296e-03
-1.824996527716508899e-03
4.333714514128204757e-04
9.066957733646046746e-05
-1.653125024857398989e-04
1.008063566243140200e-04
-3.604879500155765886e-05
3.271800690808552581e-06
5.821344413803786543e-06
-4.869902292920577438e-06
2.006267273292891220e-06
-9.562385559219596464e-08
-2.411916165016364596e-07
9.481579932220558504e-01
1.735876512328382928e-02
-2.916574536924728973e-03
4.933240104131232260e-04
-8.424273006319412738e-05
1.453842284151154242e-05
-2.531630869575611504e-06
4.431749387447386142e-07
-7.763261080857420292e-08
1.354824278922946116e-08
-2.346592429939271428e-09
4.020514884377845151e-10
-6.792739727493364700e-11
1.127709453814878481e-11
-1.831443175058743086e-12
2.891420008512509537e-13
-4.396030518243291161e-14
6.438190456431466719e-15
-8.411323231103036186e-16
9.833392279530961400e-01
1.262156442997359670e-02
-4.780820658927535660e-03
1.810903506246759999e-03
-6.859548979240851418e-04
2.598425310656356777e-04
-9.843546551734467197e-05
3.729407227462579736e-05
-1.413208102345582068e-05
5.356685869604173548e-06
-2.031293903780138464e-06
7.707566376056415054e-07
-2.927053994836002968e-07
1.112872158410618496e-07
-4.238614224087269028e-08
1.621332910989364428e-08
-6.325719893258977541e-09
2.764172516425019729e-09
-9.232173277890514188e-10
9.962431580984054680e-01
3.753309951545079955e-03
3.528629528906063038e-06
3.317398912766847230e-09
3.118812910754926567e-12
2.932164833495187298e-15
2.716983003847585177e-18
3.256035853495018946e-20
-2.164901544760202266e-20
1.491678748817428324e-20
-9.801328688977536571e-21
6.120802772292460444e-21
-3.625901127391790038e-21
2.031615363879453091e-21
-1.073172996743425856e-21
5.334660824831168292e-22
-2.536275973826293607e-22
1.213289829913798614e-22
-4.041644641420111655e-23
1.053652686864985810e+00
1.946152473223542638e-03
-2.214535842142478832e-05
1.772974490735888098e-07
-1.244644884642545790e-09
8.510312562447657177e-12
-6.249874943191778225e-14
5.266169915461745880e-16
-5.018658891667142535e-18
4.260001099802455423e-20
1.061293371270249031e+00
-1.961791652894922383e-02
-1.176425112521701892e-02
1.154031437971825454e-02
-4.627308786182796931e-03
1.276174447117258944e-04
1.232716303525328806e-03
-1.019508127150012657e-03
4.809614244680047632e-04
-1.154179269290082769e-04
-3.071858608969356153e-05
5.179287453954667777e-05
-3.194995556687558796e-05
1.177796437419965358e-05
-1.333215310557072027e-06
-1.689642556860114619e-06
1.482108075699838454e-06
-6.931771423185049017e-07
1.778637058084991146e-07
1.026606477737377565e+00
-9.085258560400750680e-03
1.535570686742770930e-03
-2.542783089144516162e-04
4.068018302322209679e-05
-6.175978699309158294e-06
8.667080861784092811e-07
-1.067891315473182298e-07
9.899033268928826932e-09
-1.062260098069775737e-10
-2.683061169041440129e-10
9.549706478800909145e-11
-2.460050063228976663e-11
5.531863358440528083e-12
-1.148742246935403971e-12
2.256557435547939698e-13
-4.246859140161930646e-14
7.936056130507687733e-15
-1.347119139209988190e-15
1.008424658305284494e+00
-6.435830136938963664e-03
2.458230057524919774e-03
-9.389274955842300029e-04
3.586116117161573282e-04
-1.369566512884917329e-04
5.229739542868959326e-05
-1.996496156570130737e-05
7.618609393775898142e-06
-2.905324184480791156e-06
1.106816006185275512e-06
-4.210364469090923933e-07
1.598372443811851440e-07
-6.051462444414473898e-08
2.283590249713877944e-08
-8.597007903852874969e-09
3.269605900867044700e-09
-1.375162627447093534e-09
4.471434430831167852e-10
1.001883816546223382e+00
-1.883816546223357740e-03
-7.962999348365044490e-20
7.167654194524006885e-20
-6.182881994710801575e-20
5.108646530467448249e-20
-4.040539459447208861e-20
3.056550467211212943e-20
-2.209198424093371499e-20
1.523698566894021826e-20
-1.001275724786161452e-20
6.257203695327525433e-21
-3.710035736021552166e-21
2.081273941002796550e-21
-1.101162488939050169e-21
5.483766182634409442e-22
-2.593807023061902613e-22
1.248506274325512096e-22
-4.190395943642058132e-23
4.902456140350877067e-01
