1.237913904838552792e+00
-1.739026873936371648e-02
1.152144802304010574e-04
-8.012712578458992810e-07
6.173602474746358946e-09
-5.364982133035137677e-11
5.130653285554610578e-13
-5.192521465716814975e-15
5.392385028227000557e-17
-4.925231275087609838e-19
4.075225007582778392e-01
-5.625032657374275935e-01
2.382801275366027982e-01
-5.518649828762477172e-02
-8.964022889935023553e-03
1.789176692634207588e-02
-1.124215167111621526e-02
4.543144224096555377e-03
-1.014548592241374747e-03
-1.841365281603282982e-04
3.352779987054343058e-04
-2.025338813453944457e-04
7.758960067457032386e-05
-1.528073522591983825e-05
-4.114132927954172277e-06
5.603674091782329326e-06
-2.914514123245221852e-06
8.186665602789728686e-07
-7.034398783567029501e-08
1.052840133959915755e-02
-1.262170512227114502e-02
4.595279809514554205e-03
-1.244351660613699255e-03
2.793812558272596998e-04
-5.568184619082097004e-05
1.030039657260212220e-05
-1.818072585815508267e-06
3.108031565087427225e-07
-5.178241692481527506e-08
8.414547569759111557e-09
-1.330052296804454140e-09
2.033809590198204794e-10
-2.980889203939629761e-11
4.120143476961052006e-12
-5.197504911568598291e-13
5.499517372684251356e-14
-3.135748026749348050e-15
-4.534789503468873013e-16
1.828293677000881448e-04
-3.480053785512911431e-04
3.002789100468269187e-04
-2.355515357113028955e-04
1.686943492885951393e-04
-1.108904289351257710e-04
6.731642260802469656e-05
-3.798910295714026848e-05
2.006825907128940328e-05
-9.994188901494216869e-06
4.725674285938759968e-06
-2.136632001356786313e-06
9.301312281666949053e-07
-3.924630932988158646e-07
1.615571271148644765e-07
-6.540941221218097167e-08
2.657643114720374589e-08
-1.194885370510644533e-08
4.046106694685785995e-09
-2.057356004717458579e-10
3.954035879655704967e-10
-3.507157647198193568e-10
2.867490240499061043e-10
-2.156044279210816778e-10
1.485473811458252733e-10
-9.329754371462566882e-11
5.302047274955237061e-11
-2.696953660604233371e-11
1.207739681740834717e-11
-4.633094991671086969e-12
1.445498270739355096e-12
-3.223020363398724910e-13
2.547790567431301720e-14
1.586477815327807456e-14
-7.742359125682095690e-15
1.107500997820810766e-15
4.238102732792280045e-16
-2.221736490474846764e-16
4.915324302423862979e-01
6.102345055614690275e-03
-3.613180367196384778e-05
1.757055877601353964e-07
-6.574550823745183412e-10
1.674517746459112561e-12
-4.234585694745094619e-15
7.567947603146598004e-17
-1.388998491475284834e-18
2.999990117300708926e-21
7.864619954098339694e-01
2.027768860855919675e-01
-7.981985406913601200e-02
2.049171867765253383e-02
1.749677307489307283e-03
-6.128707504282181716e-03
4.368734887159267041e-03
-1.935586402772680650e-03
4.591859914354595837e-04
1.008526686284493901e-04
-1.799401049131889373e-04
1.090671956310389608e-04
-3.829953601972337221e-05
2.711147586918799302e-06
6.871081957640835310e-06
-5.513612600371726336e-06
2.186788983029746023e-06
-9.820982973862859769e-09
-3.207782050051286171e-07
9.489767162973187231e-01
1.709329927312251349e-02
-2.874125531644826197e-03
4.867980971972605858e-04
-8.333050447523699192e-05
1.443787730161599455e-05
-2.528311494697694242e-06
4.457624783000852229e-07
-7.873310844022533903e-08
1.386413715032955949e-08
-2.424005631937471193e-09
4.193793243638255707e-10
-7.157707239100194529e-11
1.201184326679535475e-11
-1.974064038440574311e-12
3.159593565657662838e-13
-4.885832956665945386e-14
7.332366334702985523e-15
-9.902368264033713957e-16
9.836070086856606443e-01
1.242038050668073899e-02
-4.705250107882470549e-03
1.782518177888532760e-03
-6.752931357291410211e-04
2.558377655944919608e-04
-9.693105553731664562e-05
3.672883503089064328e-05
-1.391965758740540468e-05
5.276833145509185687e-06
-2.001271659081174141e-06
7.594715656943431583e-07
-2.884675803616426734e-07
1.096994462752015588e-07
-4.179375201016428014e-08
1.599359217101722570e-08
-6.244072655938403593e-09
2.731160535910683577e-09
-9.128150841790900184e-10
9.963040377187826202e-01
3.692543814541104225e-03
3.415304870662591338e-06
3.158881233559507537e-09
2.921710009216590655e-12
2.702399777516287939e-15
2.456675630485138952e-18
3.480749282693813741e-20
-2.360314253169841399e-20
1.638031041662255567e-20
-1.083909012498825539e-20
6.826698125514965762e-21
-4.079222725205504970e-21
2.313635249292310435e-21
-1.240405031426295232e-21
6.266913834286509936e-22
-3.008734790941516625e-22
1.484814435578649983e-22
-5.030875125470093834e-23
1.045121298607489591e+00
2.154480331625693336e-03
-2.389656984402112788e-05
1.879789455916192984e-07
-1.295736811137529649e-09
8.772277971400717334e-12
-6.532195519831902676e-14
5.719153026666867927e-16
-5.691459380912742543e-18
5.068974298171642115e-20
1.058741770596206555e+00
-1.646418691152221753e-02
-1.360424583073564439e-02
1.240755719115408696e-02
-4.861196914397110033e-03
6.310061334927699616e-05
1.363127233550243383e-03
-1.112630547847968466e-03
5.215397002780402082e-04
-1.227722613291652536e-04
-3.574607749600262278e-05
5.764825306475862299e-05
-3.514787880103818665e-05
1.270231410807713363e-05
-1.212408299631146231e-06
-2.009260596091089683e-06
1.675070513809273421e-06
-7.404509523149262166e-07
1.745097968807261114e-07
1.026177285129562522e+00
-8.941461940059214006e-03
1.512489683015036997e-03
-2.508439655632550532e-04
4.022417916366367499e-05
-6.124284341273638033e-06
8.619081773606339896e-07
-1.063703186218469430e-07
9.817410203408706642e-09
-7.411514428286852410e-11
-2.798785297653565047e-10
9.900902342817673230e-11
-2.553969078685948538e-11
5.761472486561987190e-12
-1.201265389883996678e-12
2.370620821524265747e-13
-4.484492239943346392e-14
8.431071690198246705e-15
-1.439606008047824718e-15
1.008288033960166974e+00
-6.331465078671359888e-03
2.418372126224661595e-03
-9.237081713171247386e-04
3.528023917334264462e-04
-1.347407959871974883e-04
5.145322279397433328e-05
-1.964402497493219073e-05
7.497001524388804627e-06
-2.859478319780751901e-06
1.089659500230078465e-06
-4.146821424541216197e-07
1.575164634704781287e-07
-5.968251371206882120e-08
2.254465375638884098e-08
-8.498214333797602132e-09
3.237321548654333710e-09
-1.364464409181693030e-09
4.442936782668250865e-10
1.001853265164035500e+00
-1.853265164035426942e-03
-7.707023382321854133e-20
6.948808922948483024e-20
-6.008232928457735203e-20
4.979584022723171024e-20
-3.953485755830858706e-20
3.004455670973231838e-20
-2.183357182483132016e-20
1.515430823195581803e-20
-1.003148990872291276e-20
6.321812398692382418e-21
-3.784657038160768362e-21
2.146804395839168023e-21
-1.150561525553231743e-21
5.818779904586476560e-22
-2.806558504556984076e-22
1.384844159528515996e-22
-4.725289067410759530e-23
4.627318295739348830e-01
