1.149781348292996164e+00
-1.548161583795856777e-02
1.002600397534523260e-04
-6.804521175755219738e-07
5.018855038329099719e-09
-4.084778185664472622e-11
3.623825546803072317e-13
-3.410947533352221413e-15
3.318090444958188166e-17
-3.293332582450846216e-19
3.872421020644691847e-01
-5.242048387290607625e-01
2.154826585268259653e-01
-4.714083274461346867e-02
-9.446180775051004480e-03
1.629005538302105358e-02
-9.901871304640557162e-03
3.901260365871166407e-03
-8.381458512191774938e-04
-1.732221435704953117e-04
2.903296461223606705e-04
-1.734620302852011187e-04
6.680141305982694269e-05
-1.380900669849952222e-05
-2.992929095737472570e-06
4.628173218125841194e-06
-2.568488999445914210e-06
8.775840566837697256e-07
-1.584284931127544675e-07
1.152535902073656762e-02
-1.348827275320344660e-02
4.769868131358195179e-03
-1.256265363429323427e-03
2.752804003249456990e-04
-5.376183444957693692e-05
9.779378080109512911e-06
-1.701081820324016804e-06
2.867810379514916782e-07
-4.708555340684621872e-08
7.525892620126480093e-09
-1.166529676432692747e-09
1.741065388341666297e-10
-2.471847738940262043e-11
3.262866479773898619e-12
-3.805540573720766584e-13
3.336313349814723395e-14
9.396542337022573208e-17
-8.832982649857838316e-16
2.230622204044257486e-04
-4.236449382885961639e-04
3.631719330901280818e-04
-2.819374222498014296e-04
1.991614265852291086e-04
-1.287909730044579752e-04
7.676322833602922601e-05
-4.248035663319313073e-05
2.199295956104760952e-05
-1.073467421452416322e-05
4.977925834795712626e-06
-2.209819494452094719e-06
9.460109406886691335e-07
-3.932669785096312659e-07
1.598181132906201228e-07
-6.400242512202576283e-08
2.576425178042566662e-08
-1.149025601445717939e-08
3.874085497123804110e-09
-2.086411307479871509e-10
4.003312059126265536e-10
-3.533262528650115539e-10
2.864472679324548900e-10
-2.127499294451873841e-10
1.441708257672879891e-10
-8.860884032777597299e-11
4.896651278282475450e-11
-2.401731770976206003e-11
1.024464778811924961e-11
-3.667731172335192456e-12
1.023396386240033277e-12
-1.770297932622410530e-13
-8.342835460669212523e-15
1.751048962713965144e-14
-5.123395366719405601e-15
-3.135098800025984212e-17
4.889956110074679288e-16
-1.264116546794511190e-16
5.120348078024149485e-01
5.510024600488570845e-03
-3.296343825613028220e-05
1.731828579983993302e-07
-7.823044163161601582e-10
3.041561153373751523e-12
-1.172810892634658377e-14
7.575944970063968426e-17
-8.776156662018716370e-19
2.503061268743909264e-20
7.880317992050970277e-01
1.937795321742802890e-01
-7.276914025533003094e-02
1.729951876083405879e-02
2.257771447935322945e-03
-5.602552682772289454e-03
3.800451177502450501e-03
-1.631902428719851032e-03
3.765458188372337975e-04
8.359562463316290350e-05
-1.452270565067313658e-04
8.758350388817560158e-05
-3.139051926814723508e-05
3.248954389920566179e-06
4.613802282507551672e-06
-3.968748581105869536e-06
1.682930046159847138e-06
-1.486590390980448747e-07
-1.586834516303704298e-07
9.468967158789948213e-01
1.776681595399938127e-02
-2.981509801992761072e-03
5.032019809857587664e-04
-8.559228560373977144e-05
1.467826798993341205e-05
-2.533234752184688770e-06
4.384690750554210095e-07
-7.580551732687223007e-08
1.303979691355690897e-08
-2.224041540273888537e-09
3.748992409641222175e-10
-6.224547521402099926e-11
1.013771997378414439e-11
-1.610729672634479692e-12
2.476600162266944651e-13
-3.637654438930841278e-14
5.049980962147515149e-15
-6.087789613319880825e-16
9.829263067872997528e-01
1.293168244942797390e-02
-4.897268370513390562e-03
1.854627062629729062e-03
-7.023718163229875338e-04
2.660067321714873934e-04
-1.007501623400728719e-04
3.816336781258950199e-05
-1.445859959413462652e-05
5.479341592024692168e-06
-2.077361951400089181e-06
7.880468562539641377e-07
-2.991834366224237711e-07
1.137060718129099259e-07
-4.328414279631283732e-08
1.654404423191298866e-08
-6.447288348780269109e-09
2.812516304791353310e-09
-9.382569976636799548e-10
9.961492481908187369e-01
3.847041084365001792e-03
3.707149026642589912e-06
3.572343940342028705e-09
3.442440791356094348e-12
3.317305512187788850e-15
3.162029945303627134e-18
2.905170592450647783e-20
-1.859876820547416143e-20
1.267911009837479177e-20
-8.219993252198210602e-21
5.073095713178092258e-21
-2.951121581441439493e-21
1.622150838231811435e-21
-8.419777371666162579e-22
4.087226212827327090e-22
-1.847808311578365400e-22
8.465599152550963878e-23
-2.717127207510088385e-23
1.065867713690924701e+00
1.616939256177396750e-03
-1.901688155599617607e-05
1.543674978607920162e-07
-1.097663001353447225e-09
7.518184438787897108e-12
-5.366263533262505051e-14
4.240382575680954119e-16
-3.749934296281393303e-18
3.890774726095274844e-20
1.064908474736865118e+00
-2.398871461320589704e-02
-9.147241675369314692e-03
1.022731601634101553e-02
-4.217132598279453061e-03
1.798253293151609632e-04
1.053969466105267533e-03
-8.787820657436694501e-04
4.132644080444918509e-04
-9.862097442524706231e-05
-2.607006882100678806e-05
4.372450978276196001e-05
-2.687800746836467434e-05
9.934973278699735198e-06
-1.203799553004741888e-06
-1.339966240005853864e-06
1.207034107469050210e-06
-5.848648636175973669e-07
1.581914539682182875e-07
1.027267982555801096e+00
-9.305412844624079763e-03
1.570237213716150397e-03
-2.592033373517256610e-04
4.126509241515098359e-05
-6.223572621097350881e-06
8.663439481358771494e-07
-1.057096369431434346e-07
9.664509317490052394e-09
-8.385850858379101491e-11
-2.642834987964683599e-10
9.265695655221942480e-11
-2.361818679467476159e-11
5.259653406400452215e-12
-1.081688730731789403e-12
2.103589879224496009e-13
-3.916575589887406433e-14
7.227680098010427240e-15
-1.211950710386553451e-15
1.008635624388712237e+00
-6.596979745723296693e-03
2.519771113288114209e-03
-9.624234546665205899e-04
3.675777923990119198e-04
-1.403750292106518928e-04
5.359852408031627141e-05
-2.045884552627941994e-05
7.805258539453477823e-06
-2.975395336758014811e-06
1.132868891367593776e-06
-4.305926943826423411e-07
1.632781905522697853e-07
-6.172304524538853582e-08
2.324611210151618848e-08
-8.729725167848797698e-09
3.309542504802145037e-09
-1.386231419300833236e-09
4.494924238685907989e-10
1.001930992663544018e+00
-1.930992663544111448e-03
-8.449163527103121414e-20
7.584209344718853670e-20
-6.516620087715179859e-20
5.356982831151012543e-20
-4.210155665073149465e-20
3.160570957161375832e-20
-2.263784576485646733e-20
1.544921787218351782e-20
-1.002868819272209314e-20
6.179394294155837677e-21
-3.604954694935083608e-21
1.984860150137631402e-21
-1.027523945329587266e-21
4.985146860725231792e-22
-2.280791886945992095e-22
1.051374144460777703e-22
-3.424908356167389999e-23
5.302656641604009957e-01
