7.150455299677418441e-01
-4.892619464981881085e-03
1.647747170418125071e-05
-5.715743801403257072e-08
2.039855696131477125e-10
-7.492699874894339491e-13
2.835674738344969940e-15
-1.107253007477921999e-17
9.943929641914343660e-20
-4.498070752440308082e-20
3.057192366738608613e-01
-3.355124929708951931e-01
9.159976726193880259e-02
-7.868003004215871725e-04
-1.330159773361667269e-02
7.811529710422408616e-03
-2.526562863950366968e-03
2.820578474970566367e-04
2.235404727847570272e-04
-1.753382971634444396e-04
6.888613228433027676e-05
-1.352941506864067416e-05
-2.684261260893577773e-06
3.691709749716930226e-06
-1.775036608296169909e-06
4.835145946421166275e-07
-9.665358217057911025e-09
-8.686633341786660045e-08
4.497257243178602088e-08
2.245501094515528137e-02
-2.248401399333117834e-02
6.642834649410912437e-03
-1.474189310187545452e-03
2.766711753874926500e-04
-4.691665356758168960e-05
7.433721435075056874e-06
-1.112085503839711558e-06
1.560019793274807246e-07
-2.000512530658579172e-08
2.197457824934630923e-09
-1.630503786853227243e-10
-7.273474986418380728e-12
6.758329078113395757e-12
-1.971443511539423929e-12
4.492130722310829951e-13
-9.071156243591959677e-14
1.743607887271808664e-14
-2.967922796520876302e-15
7.599769432579119802e-04
-1.421758084892949187e-03
1.166496572019672020e-03
-8.451536669750400483e-04
5.459806337417964003e-04
-3.180645756011124103e-04
1.691140672372126990e-04
-8.308010241139847786e-05
3.817248092348294892e-05
-1.659884128622724227e-05
6.908065577747297300e-06
-2.780135160105702013e-06
1.091781447985524324e-06
-4.215275166923022415e-07
1.609700582470073972e-07
-6.116915924153950933e-08
2.351592511503045528e-08
-1.004197583674331028e-08
3.302778686711521347e-09
2.472355796796807881e-11
-4.694617148225735082e-11
4.013957262106106072e-11
-3.081699113942764929e-11
2.113209253655545236e-11
-1.283228688388589913e-11
6.807476686511210283e-12
-3.085566296050969915e-12
1.148024107289037942e-12
-3.212310597382293666e-13
4.998087942136213701e-14
6.513058157308869364e-15
-6.368427608843718907e-15
1.288170754912634885e-15
2.842919749895773431e-16
-2.004861582159105063e-16
1.054168965677787083e-17
1.926175245548026457e-17
-4.348008362448295324e-18
6.473843453987198071e-01
1.789338664447431447e-03
-6.014181138124366384e-06
2.053369654023748420e-08
-6.886737481140654959e-11
2.257110006068831154e-13
-7.242814313211623001e-16
2.315081598565196366e-18
-8.660676068309658106e-21
-2.396761366373737833e-21
8.042325517331500029e-01
1.330072613116025371e-01
-3.036181384635073394e-02
-1.117904324502977788e-04
4.542989389134888256e-03
-2.741986787121997865e-03
9.469617563823618705e-04
-1.323557588944299253e-04
-7.458008860292306109e-05
6.695646170250102024e-05
-2.811254477305335999e-05
5.861765263080870710e-06
1.115805332790330489e-06
-1.625246648005986976e-06
7.812541490709646852e-07
-1.972606260419004718e-07
-1.141863917391035324e-08
4.599889409398964759e-08
-2.164097850497449856e-08
9.350144204522949920e-01
2.146959344363785424e-02
-3.517539132456439562e-03
5.685360367733710433e-04
-9.022578231347282976e-05
1.400998807663490631e-05
-2.122203734627117760e-06
3.123141740100627208e-07
-4.431095105949612341e-08
5.969072904426719541e-09
-7.392071389365758316e-10
7.754085172215375322e-11
-4.870553688789102207e-12
-5.841963519106595715e-13
3.338011218542379310e-13
-9.449041851629369507e-14
2.191907624003037615e-14
-4.752794351301774787e-15
8.926383972509969804e-16
9.789877780032525401e-01
1.588264144414579596e-02
-6.002485107522752966e-03
2.268373946264083760e-03
-8.571375298693350436e-04
3.238177402906544677e-04
-1.222943822975393606e-04
4.616200640747227972e-05
-1.741104559813646914e-05
6.559819689763247859e-06
-2.467927926152639140e-06
9.267996440729478999e-07
-3.472949486512375598e-07
1.298217570796180279e-07
-4.840964789163689957e-08
1.803766764482052577e-08
-6.806763250508201547e-09
2.849781283107855671e-09
-9.253205780627248741e-10
9.952514683330473400e-01
4.742887780396137787e-03
5.637178492330471929e-06
6.700091342185800722e-09
7.963420717814736426e-12
9.464955715067756700e-15
1.124981092782015244e-17
1.324311232119578472e-20
9.946066714181997320e-23
-6.245891535552183877e-23
3.367064415359637152e-23
-2.153345700100007885e-23
1.122294087781301624e-23
4.234837691226935585e-24
-1.100368855493073646e-23
-6.966667597099286208e-24
1.148213544593265178e-23
1.357984610661240492e-24
-4.412246993739217251e-24
1.112327947560016739e+00
3.015505228623411424e-05
-1.447627353034145307e-06
8.378446622701157040e-09
-3.821794452096929106e-11
1.585583432828710657e-13
-6.270577735622752473e-16
2.420547758266772077e-18
-1.191389593058974505e-20
2.928804384011896281e-21
1.080785438758185002e+00
-3.629391513142768422e-02
-1.618088883545699388e-04
3.733438277386712505e-03
-1.313750355798045354e-03
-6.363023942975880093e-05
2.796263485554602063e-04
-1.425551739701165174e-04
2.835044684235878023e-05
1.063909816674374727e-05
-1.186052032507638048e-05
5.244024037702240238e-06
-1.017606560353490228e-06
-3.321378604344974362e-07
3.859659199764914783e-07
-1.764190928464649348e-07
3.766364128759096611e-08
1.414924516043235331e-08
-1.203971397120254782e-08
1.033478267629686309e+00
-1.123460246427294279e-02
1.819143050638839972e-03
-2.778403389240944200e-04
3.897072080481446446e-05
-4.812779609591092564e-06
4.697114346752380979e-07
-1.926161771890181113e-08
-6.424871523727809074e-09
2.529285471281395354e-09
-6.248842758812959418e-10
1.294563208388257192e-10
-2.412805721632336378e-11
4.145148502907068814e-12
-6.600452841806039770e-13
9.658616840065103475e-14
-1.260294504644691321e-14
1.331623076706180680e-15
-7.732661414213734201e-17
1.010655271930521515e+00
-8.138966809274264871e-03
3.107988093785908189e-03
-1.186476064566015188e-03
4.526813349007838879e-04
-1.725413096067578340e-04
6.565691015650136370e-05
-2.492103912749144945e-05
9.424305478947435458e-06
-3.545908107851243635e-06
1.325317311786335253e-06
-4.912452151590225627e-07
1.802664453835424549e-07
-6.537594021494367292e-08
2.339224027499588266e-08
-8.249927310954256314e-09
2.888573185116749622e-09
-1.088281629032005446e-09
3.271077485503747931e-10
1.002382768838237626e+00
-2.382768838237701858e-03
-1.697833571833484804e-21
1.483654393013507150e-21
-1.224355574314100927e-21
9.540363685004642195e-22
-7.016831549816145378e-22
4.861382045742736985e-22
-3.162730606000232335e-22
1.926201991082432576e-22
-1.094342795980100206e-22
5.767929489914603092e-23
-2.797883929818030220e-23
1.236781452030973565e-23
-4.913082358263003503e-24
1.709775862045503835e-24
-4.946379054104832086e-25
1.055213265672881699e-25
-1.195536397433233573e-26
7.503759398496240296e-01
