1.471860638445152469e+00
-1.930586921191468353e-02
1.077236437492582171e-04
-6.210435640641089780e-07
4.297720002147862062e-09
-3.649242402161037624e-11
3.433280060597786225e-13
-3.305442816941673647e-15
3.187362051837154707e-17
-3.225713722370578524e-19
4.783015313192351403e-01
-6.772472827867312972e-01
2.912118090773248014e-01
-6.409739871246156184e-02
-1.558843688865055657e-02
2.449849401738130733e-02
-1.410955950351740727e-02
4.861775724685939333e-03
-5.040204232523676046e-04
-6.281088395454077463e-04
5.192039670534507548e-04
-2.183215716761855558e-04
4.046325945041297879e-05
1.608997695097185313e-05
-1.752764275535075115e-05
7.517008755192344963e-06
-1.004933308674522851e-06
-1.322800365142093390e-06
8.598804049310814631e-07
9.141315161637434891e-03
-1.162447911493053217e-02
4.556008502015811146e-03
-1.324481966497928530e-03
3.164678666408064995e-04
-6.639121434872340393e-05
1.279111237215592925e-05
-2.331831673815340227e-06
4.095556213243151708e-07
-6.993119506856993621e-08
1.163934183171392498e-08
-1.885261144879580902e-09
2.956820373114681517e-10
-4.450729287802835863e-11
6.330462816813066001e-12
-8.251536853056267368e-13
9.130436243177319366e-14
-5.941892089814330956e-15
-5.823766278445565212e-16
1.172678971861354166e-04
-2.244123589937063225e-04
1.967148112918003016e-04
-1.582756608490457453e-04
1.172389721960029465e-04
-8.025997999561520786e-05
5.101049563816611017e-05
-3.025066442586965627e-05
1.682824167292609887e-05
-8.830540553126233771e-06
4.395900282656282490e-06
-2.087964881511738913e-06
9.517314983080734474e-07
-4.187160531280418504e-07
1.788609778578179252e-07
-7.477997020888205269e-08
3.124181182878201312e-08
-1.439440405218924795e-08
4.937805041841267816e-09
-2.135687322477211132e-10
4.121383998196912655e-10
-3.701103123977853675e-10
3.090355958288617246e-10
-2.395176293108520041e-10
1.718750274769713248e-10
-1.137815155438054232e-10
6.914294234394233056e-11
-3.830242244432570304e-11
1.915192750967900285e-11
-8.517481505488957520e-12
3.290519834483245553e-12
-1.057904477041439872e-12
2.566827914490103946e-13
-3.197002137663827332e-14
-7.266733559100493266e-15
5.302218653100571096e-15
-1.058712648066101886e-15
-1.044291272596797742e-16
4.590937290984787311e-01
6.493438621510782757e-03
-2.854369006558081287e-05
5.874332833337421888e-08
2.098621734482773953e-10
-2.078865317898626707e-12
1.089811576439940119e-15
1.107130349085358421e-16
-1.284271713695325084e-18
1.075769563793428376e-20
7.888434497530417699e-01
2.214465729647313863e-01
-9.509852291176988659e-02
2.577120822011777154e-02
2.776449284664101597e-03
-8.600987161512937615e-03
5.902364384992425314e-03
-2.310087821791716872e-03
2.571162465192469064e-04
3.762526466625251112e-04
-3.309517162461580965e-04
1.414694582271974754e-04
-1.731724797292275424e-05
-2.350806220761044403e-05
2.115507791419147629e-05
-9.062245996553214809e-06
8.194190140163729200e-07
2.474384039085660223e-06
-1.546926850803590061e-06
9.567037482014965066e-01
1.457433157435524332e-02
-2.468042474646614266e-03
4.234220551017533595e-04
-7.420214982462309107e-05
1.335820627877221238e-05
-2.469270549648447358e-06
4.654486567927649994e-07
-8.854876774852016620e-08
1.683304105976604166e-08
-3.173170093073459774e-09
5.901483387641394551e-10
-1.079262430647754589e-10
1.936015558498152549e-11
-3.397927817288866222e-12
5.816014743789524618e-13
-9.665773890472772710e-14
1.583419040829302664e-14
-2.361640863551186044e-15
9.861268439267887320e-01
1.052450952835059898e-02
-3.992079420895524103e-03
1.514255415822868484e-03
-5.743871764359076469e-04
2.178822027336981817e-04
-8.265342968208006023e-05
3.135745827670130759e-05
-1.189852169248776816e-05
4.516137258682148771e-06
-1.714898970746856008e-06
6.516521323422243327e-07
-2.478848705319088487e-07
9.444003453072867122e-08
-3.606846182370626917e-08
1.385105570106359112e-08
-5.436583206110701281e-09
2.397160096516037324e-09
-8.057169819389596156e-10
9.968761097048660647e-01
3.121446406433949373e-03
2.441976791653836868e-06
1.910412634048122401e-09
1.494558090853976209e-12
1.169316134205009786e-15
8.413628362709530406e-19
5.813838380288482844e-20
-4.323103124723514221e-20
3.126457680174203178e-20
-2.168486923479074178e-20
1.442163420577934367e-20
-9.187946081401040069e-21
5.589112174772979513e-21
-3.248084329174604131e-21
1.808295657876197556e-21
-9.859547933403587642e-22
5.616431739032741015e-22
-2.093348783176491338e-22
9.625172392003112920e-01
3.383240334484736815e-03
-2.691517558504551879e-05
1.468298740521181934e-07
-6.573586462297752636e-10
3.370065046668476332e-12
-2.893678555870898712e-14
3.194343604904654422e-16
-3.384067367688058192e-18
3.721367550314918804e-20
1.031788895269937667e+00
1.711225146946915646e-02
-3.128289673504081742e-02
1.884560974156799032e-02
-5.200553967702845060e-03
-1.579131044812582142e-03
2.804542260560759746e-03
-1.783613024206240393e-03
6.326361096799184734e-04
-1.794806025647557510e-05
-1.468062173518839446e-04
1.119938675405334670e-04
-4.467197129220699606e-05
4.383104066796109055e-06
7.896580441568268910e-06
-6.613668920352846617e-06
2.486611455865778409e-06
3.101486383279881413e-07
-5.748725330389262349e-07
1.022141320103630679e+00
-7.570000184133355604e-03
1.283266152065989278e-03
-2.134382832107416814e-04
3.423943044130106021e-05
-5.159307061096192430e-06
6.966290448086167586e-07
-7.477111428296814276e-08
3.069835109596006800e-09
1.461164032481568628e-09
-6.337675613576108650e-10
1.792026910723688894e-10
-4.318385119236900025e-11
9.518266262153797707e-12
-1.975553346633668856e-12
3.917113605068350401e-13
-7.483230908320217171e-14
1.425955815357837371e-14
-2.466877532267192172e-15
1.007008262098973317e+00
-5.353828879107695206e-03
2.044969214286041382e-03
-7.810987375436394785e-04
2.983448133565968379e-04
-1.139508895966349412e-04
4.352023630767279421e-05
-1.661947768519587734e-05
6.345412296724662075e-06
-2.421926205907201225e-06
9.239164702838798998e-07
-3.521662268735945018e-07
1.340694082141241640e-07
-5.095121651409749554e-08
1.932074958531065638e-08
-7.317755706280650500e-09
2.803974800195653926e-09
-1.190268922464010585e-09
3.893547565169359100e-10
1.001567095369785276e+00
-1.567095369785360655e-03
-6.998841915483134771e-20
6.380109439783220056e-20
-5.602851940605666057e-20
4.738319065334441256e-20
-3.857291167326291933e-20
3.020940156555875819e-20
-2.274607730966531056e-20
1.645191183398619983e-20
-1.141936447320482109e-20
7.597584157888675523e-21
-4.838792785751385515e-21
2.946071446553623225e-21
-1.713737573153916817e-21
9.556408991259697622e-22
-5.206091595074576406e-22
2.970144565303666743e-22
-1.106785266815167251e-22
4.002005012531328898e-02
