1.337074312153063049e+00
-1.886481269458534921e-02
1.214285633372508879e-04
-8.188608029458170125e-07
6.284459289411496946e-09
-5.603228823064522124e-11
5.539644446991030512e-13
-5.747355520310957522e-15
6.086969931452443990e-17
-7.905072814911167133e-19
4.339332937072408747e-01
-6.082270168512866615e-01
2.623462511555929022e-01
-6.172260568121215596e-02
-1.002538744548970261e-02
2.020045783684845317e-02
-1.264441130802987888e-02
5.003322165150041363e-03
-1.015822389211961697e-03
-2.881959996468767653e-04
4.068685083682649188e-04
-2.271931504109001162e-04
7.744323085721212794e-05
-9.138001813459499406e-06
-8.436581818798836503e-06
7.166287594432445892e-06
-2.905913734269103689e-06
2.456665711540028232e-07
2.646980067778938308e-07
9.727124683805500258e-03
-1.196426896950405008e-02
4.495987261635608911e-03
-1.254990842152583662e-03
2.893676778003279179e-04
-5.895669718317882608e-05
1.110162586162322253e-05
-1.988357258060868269e-06
3.443414489387569639e-07
-5.809654302535318233e-08
9.566096128681882533e-09
-1.534264543167989863e-09
2.385524344944563253e-10
-3.566825425966303025e-11
5.058018086287549512e-12
-6.623985085629322282e-13
7.519219602080021901e-14
-5.695524847978385979e-15
-1.996931935677396669e-16
1.491234695099537310e-04
-2.845135594155158280e-04
2.471905023671026121e-04
-1.960600708318790074e-04
1.424819992640457428e-04
-9.531915786172793495e-05
5.901931539712635603e-05
-3.402273561532095654e-05
1.837397461690349362e-05
-9.355812827185617432e-06
4.520897220000019340e-06
-2.086699166781918570e-06
9.259279990603312196e-07
-3.974746235609540408e-07
1.661095576269963440e-07
-6.813189448539511912e-08
2.799343077553591793e-08
-1.270947938056814483e-08
4.326013349709183426e-09
-2.056757503241647375e-10
3.959848602136316456e-10
-3.531094654245696077e-10
2.913372916216544763e-10
-2.219457013893174278e-10
1.556369520402744578e-10
-1.000144375005883757e-10
5.852884488128345460e-11
-3.091298866768467354e-11
1.454192542520131811e-11
-5.967064976359619431e-12
2.059311049559195772e-12
-5.533420284710924919e-13
9.040768269276959810e-14
6.267320810653503515e-15
-9.722026363042560578e-15
2.809113007386569154e-15
7.592131294087369614e-17
-2.729319097319696481e-16
4.735382862581543062e-01
6.501519669338415297e-03
-3.574991403211971264e-05
1.420538453447430477e-07
-2.897047612676008322e-10
-6.932396842893309700e-13
4.101434911127408424e-15
8.937866813264478009e-17
-1.900418026350148244e-18
7.871754285346596476e-20
7.861020694143060483e-01
2.115388954613245664e-01
-8.687897990538956394e-02
2.339809976864861904e-02
1.644178713607553953e-03
-6.929815415557856982e-03
5.020889466448914817e-03
-2.201691703387388677e-03
4.727576007677305125e-04
1.678045841126375932e-04
-2.350780003748044369e-04
1.318631256825182336e-04
-3.976548657939869033e-05
-2.842367618313880072e-06
1.166723949792297738e-05
-7.671802657384166471e-06
2.433589202038306522e-06
6.076324855259852357e-07
-7.255715414198041231e-07
9.516974632642861698e-01
1.620873475424622345e-02
-2.731991249249265778e-03
4.647268373047645806e-04
-8.017931975494461472e-05
1.407168349024302172e-05
-2.509902439906755072e-06
4.528994761337486637e-07
-8.214167378869166068e-08
1.487843340150636716e-08
-2.677347600223491508e-09
4.767451656820345089e-10
-8.374343667352244919e-11
1.446957817679066587e-11
-2.451377193303485035e-12
4.055128748601727000e-13
-6.513200579882959019e-14
1.027605850401407558e-14
-1.475411485075519603e-15
9.844956921638573499e-01
1.175231037010496596e-02
-4.454151956795583678e-03
1.688145313040043160e-03
-6.398246160506266276e-04
2.425071999485762923e-04
-9.192045099706361582e-05
3.484517205228497870e-05
-1.321134126981067038e-05
5.010397844162384409e-06
-1.901020422849723608e-06
7.217459895466162710e-07
-2.742766533276780574e-07
1.043685548285098155e-07
-3.979673955948295849e-08
1.524823872497894564e-08
-5.964432124233047756e-09
2.616363378050743109e-09
-8.762194454010593560e-10
9.965059591596039379e-01
3.490985181850096014e-03
3.052986267847667886e-06
2.669941196096808853e-09
2.334955064557477635e-12
2.042064588442751355e-15
1.732628134919663063e-18
4.248301137577457210e-20
-3.018181025536690871e-20
2.132939703233513203e-20
-1.440811105790065227e-20
9.294199897674640064e-21
-5.712849227929656990e-21
3.338854349200771403e-21
-1.853490796648641645e-21
9.779405859964782876e-22
-4.979399911718779269e-22
2.618404437664332217e-22
-9.296942824512157531e-23
1.015255888724160949e+00
2.752755638783923719e-03
-2.750516853652903719e-05
1.961992741389741615e-07
-1.214010528280498211e-09
7.645996422508991519e-12
-5.885357142036449209e-14
5.741917645037823768e-16
-6.266350022669772183e-18
9.639723831815763521e-20
1.049521203498562816e+00
-4.898728443737797138e-03
-2.006449391526640702e-02
1.514433545510518453e-02
-5.371947715569564720e-03
-3.311083939944651339e-04
1.855455951799422692e-03
-1.407642136947018794e-03
6.214157646021200611e-04
-1.204251517429310187e-04
-6.470312407917014981e-05
7.921717155636996449e-05
-4.374927757896345372e-05
1.338598166362868428e-05
6.092031774541850080e-07
-3.560144450829196237e-06
2.293453433524661206e-06
-6.845685949691479701e-07
4.011703537043920117e-08
1.024753333220492335e+00
-8.460494281117458132e-03
1.433476664329027704e-03
-2.384388440663631325e-04
3.837976358749264693e-05
-5.860399969033557785e-06
8.231082013016940798e-07
-9.978355600471883984e-08
8.437968324578673336e-09
2.579925248925536678e-10
-3.624887266008418777e-10
1.190561736499506600e-10
-3.020329555434335153e-11
6.800238593405607621e-12
-1.423558973161900735e-12
2.829428171895718538e-13
-5.401636855627254745e-14
1.027127612718035932e-14
-1.773358104690154007e-15
1.007835763126449624e+00
-5.985974250667603670e-03
2.286418506949146421e-03
-8.733166769491608559e-04
3.335628507181682490e-04
-1.273982849878489958e-04
4.865323234578328209e-05
-1.857769393734451578e-05
7.091777242224609256e-06
-2.705992803805681490e-06
1.031803809353694874e-06
-3.930200220593414162e-07
1.494786128832905963e-07
-5.673450350427611716e-08
2.147893515975401615e-08
-8.119327927711270245e-09
3.104062135050304813e-09
-1.314272343416809658e-09
4.292444799011023993e-10
1.001752131850448757e+00
-1.752131850448781798e-03
-7.171167312445980307e-20
6.496462077512273730e-20
-5.654928870154605922e-20
4.727858082843767029e-20
-3.794509521699639230e-20
2.921495238098850916e-20
-2.155993575658052568e-20
1.523480741704898100e-20
-1.029520720589512746e-20
6.643448062641642726e-21
-4.086377992859292021e-21
2.391028220016429159e-21
-1.328396219657795781e-21
7.013046639528293169e-22
-3.570265839604377217e-22
1.882591486577927841e-22
-6.699165299016040705e-23
3.626817042606516051e-01
