1.462399359809886112e+00
-1.933898339178822742e-02
1.094473729386390474e-04
-6.409699439937967644e-07
4.484487743340667290e-09
-3.832114364213226768e-11
3.631192193956042950e-13
-3.529687758406441787e-15
3.443827498451992458e-17
-3.493200772498154364e-19
4.748016626351579395e-01
-6.720886743275338304e-01
2.893779251452011647e-01
-6.424183924547254010e-02
-1.501209882723856560e-02
2.415609077909113001e-02
-1.403790916748070584e-02
4.911429534402221402e-03
-5.628342278858664395e-04
-5.977099522831540038e-04
5.127421267452279786e-04
-2.218424609896743659e-04
4.483868640575359966e-05
1.379243147279932053e-05
-1.698735369384176422e-05
7.702230824925982911e-06
-1.249488642459818556e-06
-1.210180645449460734e-06
8.365479165128398242e-07
9.163427201307453376e-03
-1.162592752048970633e-02
4.543234479729900931e-03
-1.317022488508488376e-03
3.139032129452699036e-04
-6.571956242397769608e-05
1.264191404056235802e-05
-2.301951498742239484e-06
4.039581766534674691e-07
-6.893023176418540908e-08
1.146706680404431349e-08
-1.856750395773026779e-09
2.911841378762630027e-10
-4.384332677714542792e-11
6.242298816223020676e-12
-8.156932077816372519e-13
9.085933003380087028e-14
-6.118018170951807521e-15
-5.121249829594144646e-16
1.190824024888143950e-04
-2.278374426666162202e-04
1.995949709129257277e-04
-1.604344709898267998e-04
1.186813436334773836e-04
-8.111762947959480833e-05
5.146189489928515578e-05
-3.045800493953087603e-05
1.690837940210841535e-05
-8.853783987863589349e-06
4.398189145559712166e-06
-2.084790321397697502e-06
9.484533260996672906e-07
-4.165333555758886273e-07
1.776450819562721159e-07
-7.416735313468315044e-08
3.094770336281637362e-08
-1.424335568685226339e-08
4.883172397344206096e-09
-2.126458741112876841e-10
4.102908898465465411e-10
-3.682702764325208414e-10
3.072431500753278095e-10
-2.378432425734964939e-10
1.704006739240535129e-10
-1.125737748861732205e-10
6.823175039804110279e-11
-3.767466255720671011e-11
1.876043039976689793e-11
-8.298821617528578866e-12
3.182782403158119909e-12
-1.012183523786496405e-12
2.406892660214340204e-13
-2.780584928751893910e-14
-7.796550702704057332e-15
5.151553937338548121e-15
-9.495094431562476901e-16
-1.302554192675450721e-16
4.597126659124246562e-01
6.514957348524617192e-03
-2.924253779180445550e-05
6.476465558960007718e-08
1.863284633553837416e-10
-2.098116129374613872e-12
1.716435399749908394e-15
1.114949710470715034e-16
-1.381840013500860159e-18
1.333719536875426074e-20
7.885073381754147404e-01
2.208099051486785702e-01
-9.456621256869156278e-02
2.567522934702379592e-02
2.635828667962442518e-03
-8.457439961285690561e-03
5.843910770460834792e-03
-2.316960841358369112e-03
2.839016259838576090e-04
3.568947660607222510e-04
-3.243662996314584566e-04
1.425348393907160201e-04
-2.025335014904653454e-05
-2.154514422406876478e-05
2.052747027936366412e-05
-9.155046782756804554e-06
1.055963020087493246e-06
2.322443930612969261e-06
-1.499231170519857757e-06
9.562825652650355224e-01
1.471212618023205916e-02
-2.490336026608386179e-03
4.269152583298128781e-04
-7.470761856157517194e-05
1.341818943608298797e-05
-2.472467295795019716e-06
4.642836506852091865e-07
-8.797143261085426696e-08
1.665740641549811754e-08
-3.128575811343976707e-09
5.799361220531955070e-10
-1.057475827956898305e-10
1.891998499457488949e-11
-3.312977959691029057e-12
5.658826015490090854e-13
-9.386855112465514138e-14
1.535004949686187928e-14
-2.286054006758991998e-15
9.859898032074572161e-01
1.062774009374907978e-02
-4.030958591966541174e-03
1.528897671490005725e-03
-5.799014097397666009e-04
2.199588145103393807e-04
-8.343547045417782856e-05
3.165198352020866728e-05
-1.200945247926081082e-05
4.557923304712980515e-06
-1.730640796776070188e-06
6.575824236126913736e-07
-2.501182735822048680e-07
9.528041960433764078e-08
-3.638413703968132050e-08
1.396942669417977647e-08
-5.481355775150394752e-09
2.415792963844838824e-09
-8.117201286543697990e-10
9.968450346148918229e-01
3.152472741606243776e-03
2.490674139183715974e-06
1.967806917439851997e-09
1.554705107095123271e-12
1.228413956609140814e-15
8.989288149832245269e-19
5.671862344735604833e-20
-4.207140000197660172e-20
3.036776941664955511e-20
-2.103627998982196123e-20
1.396092296487997002e-20
-8.864538867648055168e-21
5.378336363903219190e-21
-3.119468030641416056e-21
1.729938701636255904e-21
-9.382958528338223057e-22
5.307841787490513040e-22
-1.970000956798652875e-22
9.666806764951260122e-01
3.350449909677182241e-03
-2.718370929012142546e-05
1.520381872339860403e-07
-7.026981778160038403e-10
3.667592711096799240e-12
-3.102439071450208273e-14
3.403729507575674915e-16
-3.659472106300269863e-18
4.440784483087685925e-20
1.033264913143935981e+00
1.531029337634535331e-02
-3.041472053996333372e-02
1.860836176556299182e-02
-5.262045721925662396e-03
-1.458506215913601923e-03
2.729096774211307343e-03
-1.762437472453682458e-03
6.397353017395867670e-04
-3.006250886802752702e-05
-1.396010960577361677e-04
1.101358386250528125e-04
-4.543581571832947300e-05
5.541069258279419501e-06
7.224097929471321750e-06
-6.430196867863791108e-06
2.540252004693518829e-06
1.980373489763167839e-07
-5.186684793860387728e-07
1.022360926840412354e+00
-7.645090267303669002e-03
1.296039562169889114e-03
-2.156031280935950323e-04
3.460929406480595317e-05
-5.224665072830682315e-06
7.089451803156242665e-07
-7.727942415631380548e-08
3.612931513537582396e-09
1.340192582600256128e-09
-6.068420854006017386e-10
1.733186528487463997e-10
-4.193168009720693557e-11
9.259529218070311567e-12
-1.923679298521510114e-12
3.816226569899849133e-13
-7.292875051554643442e-14
1.390118047643423977e-14
-2.405686013636365747e-15
1.007077778609050789e+00
-5.406934342106583906e-03
2.065253264905498112e-03
-7.888461853633233802e-04
3.013037729106801178e-04
-1.150808767476534436e-04
4.395167927165574874e-05
-1.678415184619055974e-05
6.408230089078005059e-06
-2.445867931713665051e-06
9.330293670287962790e-07
-3.556284305162046798e-07
1.353815474555874823e-07
-5.144698991135453535e-08
1.950745094329403807e-08
-7.387947556028760679e-09
2.830692421576650398e-09
-1.201563470598899738e-09
3.930457224800996615e-10
1.001582639804702302e+00
-1.582639804702152837e-03
-6.988386216775278746e-20
6.367804847758908132e-20
-5.588613336116867961e-20
4.722509880001379775e-20
-3.840628283165123300e-20
3.004328046865532371e-20
-2.258950769678654627e-20
1.631231982133782944e-20
-1.130153477270081418e-20
7.503346520022681449e-21
-4.767332068847074190e-21
2.894640070664698920e-21
-1.678509115082807937e-21
9.324851118006137348e-22
-5.056584148802010515e-22
2.869883759949765660e-22
-1.066299160001369950e-22
1.075538847117795127e-01
