1.181232894961848467e+00
-1.621212942560814468e-02
1.063669757352922099e-04
-7.319776884931065811e-07
5.509731039682409627e-09
-4.610561359233223356e-11
4.220750798587674247e-13
-4.097706411348076448e-15
4.112840072274670143e-17
-4.863973062955910989e-19
3.941941941582770004e-01
-5.376881974792655505e-01
2.237506792801714772e-01
-5.019941941638279836e-02
-9.160369283490411504e-03
1.682758188726993231e-02
-1.038851530952219007e-02
4.148898986881146070e-03
-9.149341553131747073e-04
-1.705992849854397989e-04
3.047646257586790973e-04
-1.843051578474462460e-04
7.148252163193188089e-05
-1.489592939177055812e-05
-3.151125410492000199e-06
4.924449582959666617e-06
-2.713914399143037398e-06
8.958049278251563560e-07
-1.469385844668110435e-07
1.113667713924434109e-02
-1.314800909496161019e-02
4.698755782727276863e-03
-1.250001790546661487e-03
2.763232021677244866e-04
-5.436380760768554831e-05
9.949850496846962870e-06
-1.740156659105688208e-06
2.949239967015087030e-07
-4.869799514592470411e-08
7.834498252958221256e-09
-1.223928033814235109e-09
1.844887917508926471e-10
-2.654279635581073687e-11
3.573595080822442769e-12
-4.316747930684026279e-13
4.144080886365575261e-14
-1.142221241268604716e-15
-7.130949852457824406e-16
2.073858607111829164e-04
-3.941913734044301594e-04
3.387267467821242803e-04
-2.639596304236904354e-04
1.873956916574119852e-04
-1.219056157283623454e-04
7.314371470395391109e-05
-4.076504970910228598e-05
2.125901543802281607e-05
-1.045180629865744771e-05
4.880734499607567010e-06
-2.180914609497378278e-06
9.392231383113146942e-07
-3.925109672618518971e-07
1.602371404723404444e-07
-6.441713530073908802e-08
2.601580894909408897e-08
-1.163543005794619829e-08
3.928974006094405325e-09
-2.073793928200773510e-10
3.981471252106602362e-10
-3.520336019719422112e-10
2.862791937610959758e-10
-2.135767752873034856e-10
1.456078203664240899e-10
-9.020226146289200508e-11
5.036020323696078414e-11
-2.503359495688285254e-11
1.087221358643743059e-11
-3.994527647537525525e-12
1.163542400878180740e-12
-2.236445867993194732e-13
1.670037491405514337e-15
1.747406096261044607e-14
-6.096670326024778106e-15
3.287944182681583428e-16
4.871666940108614014e-16
-1.632182622382839906e-16
5.042834642526734523e-01
5.742574014990852599e-03
-3.441947291772957110e-05
1.774729388947607695e-07
-7.638540589371690681e-10
2.701799782394846375e-12
-9.586604541345532423e-15
7.588091509758682255e-17
-1.099740731660138118e-18
4.512454484003813996e-20
7.873585750463548694e-01
1.971232043462516070e-01
-7.536790424771457053e-02
1.849266751277933718e-02
2.044563261073621165e-03
-5.777130912267107454e-03
4.002745295996239933e-03
-1.745288322873628662e-03
4.113187756984931038e-04
8.645149710263709205e-05
-1.563432387138542431e-04
9.518440793774997474e-05
-3.420387838011806236e-05
3.381496914938306856e-06
5.245175543498137634e-06
-4.468361864698658195e-06
1.872300997099101128e-06
-1.289169437849258650e-07
-2.002372947064638883e-07
9.476177761822506262e-01
1.753368754259349016e-02
-2.944464585083576141e-03
4.975847554286154124e-04
-8.483025878494356031e-05
1.460087554314586685e-05
-2.532912494519730240e-06
4.412814185976541129e-07
-7.687252443003834609e-08
1.333423895885923313e-08
-2.294685193607704753e-09
3.905058795632137695e-10
-6.550521897979066060e-11
1.079060178234447840e-11
-1.737113918102438241e-12
2.714059566985925972e-13
-4.071791950311839367e-14
5.844990262152151682e-15
-7.419309613133857948e-16
9.831624323503443952e-01
1.275436036144535386e-02
-4.830691045250257339e-03
1.829631101669282334e-03
-6.929874702624700756e-04
2.624834669882023267e-04
-9.942729899543181564e-05
3.766662348933165098e-05
-1.427204624020483112e-05
5.409279056197818905e-06
-2.051055915829108038e-06
7.781785636289072189e-07
-2.954888636308486051e-07
1.123280411059968178e-07
-4.277335012054534929e-08
1.635635299553763295e-08
-6.378526184322325004e-09
2.785314442936916862e-09
-9.298290775740863894e-10
9.962029546641274491e-01
3.793437402999349801e-03
3.604504633992119673e-06
3.424981692449447412e-09
3.254399862465341484e-12
3.092361511543826180e-15
2.900816152558947040e-18
3.105513593920056647e-20
-2.034386282366824749e-20
1.396697936062415252e-20
-9.126902501335054530e-21
5.658322039707765271e-21
-3.334974538194689128e-21
1.850421924590532311e-21
-9.738230371813955368e-22
4.775224750460699029e-22
-2.226819156366093763e-22
1.031361179051949052e-22
-3.514520523449814233e-23
1.059044094063436914e+00
1.805395878580561605e-03
-2.085611695729305443e-05
1.683096530816998101e-07
-1.190833674491387160e-09
8.165352351230791317e-12
-5.930747699880576085e-14
4.865322957595081013e-16
-4.524620206773340097e-18
5.792419827220528661e-20
1.062892948455869790e+00
-2.156978881931694014e-02
-1.060592119906819154e-02
1.097152189863552507e-02
-4.457626915581693917e-03
1.566102930102903810e-04
1.152724036216490246e-03
-9.585395938203865318e-04
4.525013413161258716e-04
-1.089102854114699698e-04
-2.830603789470936314e-05
4.819010697713382087e-05
-2.978227604054727961e-05
1.103788444577922291e-05
-1.318648665263222258e-06
-1.519955221969513635e-06
1.360287375257040162e-06
-6.508908631119963714e-07
1.725468935277942486e-07
1.026889778524416652e+00
-9.179780902329301787e-03
1.550562323337952454e-03
-2.564459566997629781e-04
4.094923595904488908e-05
-6.201368563289367661e-06
8.677539060295355681e-07
-1.065918565200983198e-07
9.853556630182617202e-09
-1.075320414470122526e-10
-2.645049163101378113e-10
9.389621569948589744e-11
-2.411074347508892020e-11
5.403242393543247534e-12
-1.117990485177591722e-12
2.187726266402718528e-13
-4.100213836132584996e-14
7.624847001183906458e-15
-1.288175912989960627e-15
1.008514945118936579e+00
-6.504797726920886862e-03
2.484568505557572735e-03
-9.489838144772789466e-04
3.624495308657502699e-04
-1.384201456460269969e-04
5.285463684947002257e-05
-2.017660948324960353e-05
7.698677182691237439e-06
-2.935431848335882658e-06
1.118038231679797316e-06
-4.251681903123531801e-07
1.613331671514788755e-07
-6.104422103823868849e-08
2.301784935391229182e-08
-8.656996151971181947e-09
3.288282474704822775e-09
-1.380765677682616464e-09
4.484735823464927398e-10
1.001904006308423689e+00
-1.904006308423749402e-03
-8.158108360079993091e-20
7.334763583993611298e-20
-6.316680159454088445e-20
5.208081826969788660e-20
-4.108284209231450105e-20
3.097879151107223469e-20
-2.230622058403801027e-20
1.531703082803582043e-20
-1.001411871663627071e-20
6.221397705784422776e-21
-3.663990246374025471e-21
2.039525770171681759e-21
-1.069355113865080157e-21
5.267958072420172802e-22
-2.457625035023143622e-22
1.162132426103009373e-22
-3.853616400131109450e-23
5.077543859649122915e-01
