1.010770658603745709e+00
-1.189908987777879568e-02
6.856505302297907886e-05
-4.117642183244529302e-07
2.623548722864043583e-09
-1.792058437176626994e-11
1.310257481614421197e-13
-1.013022492070012417e-15
8.024322009134546846e-18
-5.994915251790820026e-21
3.592906296997824822e-01
-4.657784703084431044e-01
1.774416931905547223e-01
-3.206075428823528667e-02
-1.148244891305189204e-02
1.406133657157933835e-02
-7.634561761683968280e-03
2.660441789077363280e-03
-4.057666391975698781e-04
-2.232101538828618558e-04
2.332776320251397667e-04
-1.205994854755655931e-04
4.005785795778663575e-05
-5.243519054162292089e-06
-3.815894831594527933e-06
3.581970261353168885e-06
-1.718194295877547387e-06
4.859854398369512416e-07
-5.379546260226058355e-08
1.374529875061776714e-02
-1.543102694519102314e-02
5.195083234312834405e-03
-1.305955828344728667e-03
2.746929217586585961e-04
-5.181236325838167896e-05
9.144763477506161965e-06
-1.546383123106226409e-06
2.531408957581403530e-07
-4.019159721003190501e-08
6.168194153999916282e-09
-9.078748229714761116e-10
1.263482392283418961e-10
-1.617064061438234016e-11
1.781185049323866260e-12
-1.323517614824820883e-13
-6.662173988732029960e-15
6.387544454061196794e-15
-1.779591856717957468e-15
3.156254524745876790e-04
-5.971082876339231385e-04
5.060627322106400414e-04
-3.857988704940477432e-04
2.661249584735514103e-04
-1.673165167089325127e-04
9.665877783811227476e-05
-5.175090538423641150e-05
2.590485200328984747e-05
-1.223096209495804277e-05
5.494583966458801694e-06
-2.368460195871841682e-06
9.874580020025254099e-07
-4.011302217415624696e-07
1.598472319607473382e-07
-6.297208479595638737e-08
2.500037290422027576e-08
-1.101478562487455436e-08
3.689514145654792625e-09
-2.140669800336636970e-10
4.095863875035191007e-10
-3.584153765681568179e-10
2.863576753639744258e-10
-2.082084924052895547e-10
1.370758969790756746e-10
-8.110136076451620721e-11
4.263946288766528728e-11
-1.957561895553968788e-11
7.620111492062578394e-12
-2.375132914642993396e-12
5.105063030718437494e-13
-2.707505170641830892e-14
-3.108465044250833852e-14
1.272394644896435447e-14
-1.015630310290779298e-15
-9.540647655423750989e-16
2.991816418003816098e-16
2.738157402615740691e-17
5.509381283893199921e-01
4.304794151101209478e-03
-2.386678868153115302e-05
1.240144611547087606e-07
-5.957831257488809858e-10
2.670682963744074976e-12
-1.160450114138824503e-14
5.417398064047747449e-17
-2.522399558029289978e-19
-2.219406430644609365e-20
7.921388351003726402e-01
1.772613827875272607e-01
-6.028475954896740652e-02
1.155805511392107507e-02
3.386292600567725273e-03
-4.881598233694764942e-03
2.894498778487981667e-03
-1.096936538157586381e-03
1.903835795090872524e-04
9.212907850350001782e-05
-1.055097730351916408e-04
5.571186622790865264e-05
-1.740141379628286456e-05
6.714890353804781800e-07
3.122126468956249817e-06
-2.285272132967343052e-06
8.827248485537866098e-07
-5.521155506501275532e-08
-8.992170452372612365e-08
9.437449557152686186e-01
1.877908184744362177e-02
-3.139792835661408751e-03
5.263504993999878079e-04
-8.848590772040875710e-05
1.490185458981408074e-05
-2.508531877741417795e-06
4.208944041114847228e-07
-7.017365850383803424e-08
1.158957675356697465e-08
-1.889658775899460781e-09
3.029300911112013942e-10
-4.748585667549521853e-11
7.220890356825282654e-12
-1.051821861578042705e-12
1.434983105891041163e-13
-1.746280881299313359e-14
1.608469543637521813e-15
-3.545967008623798927e-17
9.818916941592740200e-01
1.370812479196095203e-02
-5.188593033951902078e-03
1.963925093146144923e-03
-7.433745975073999908e-04
2.813873511211212948e-04
-1.065188041558041602e-04
4.032639516529424483e-05
-1.526924474721126618e-05
5.782851846309408599e-06
-2.190792925716694814e-06
8.303071389201284719e-07
-3.148479078459496134e-07
1.194664840450327461e-07
-4.537755841385316027e-08
1.729229710178552296e-08
-6.710460988284790616e-09
2.910114990179528067e-09
-9.669367833723716201e-10
9.959137737184562411e-01
4.082047609958641861e-03
4.174398376794666236e-06
4.268838453974270976e-09
4.365415076056204404e-12
4.464203499085668012e-15
4.544439269383830042e-18
1.988907673994334431e-20
-1.061733663804078092e-20
7.035462559957818044e-21
-4.399902397566159272e-21
2.610770670197463499e-21
-1.446964448911149089e-21
7.548166482482461044e-22
-3.644327369436956225e-22
1.611521454252707965e-22
-7.147808551255175461e-23
2.942891398603802224e-23
-4.927639030991231800e-24
1.089327140029250574e+00
8.808515196504235895e-04
-1.098816399950596206e-05
8.611859290948033952e-08
-5.843283891457237952e-10
3.742273091498589195e-12
-2.381822671046383631e-14
1.569719771050907617e-16
-1.076599830296155356e-18
-1.401759369120089004e-21
1.071919022054476311e+00
-3.170342320636841682e-02
-4.254572464324908251e-03
7.420706093397526695e-03
-3.133646160368771562e-03
1.399691995200593700e-04
7.250325213479172229e-04
-5.736227749550182114e-04
2.483673594014378528e-04
-4.686251057311155335e-05
-2.365349703830417656e-05
2.824298020926613621e-05
-1.534507611842162740e-05
4.879123945116776562e-06
-1.608565218686282162e-07
-9.283737573740640076e-07
6.729264652478349774e-07
-2.732921527740430645e-07
5.935483130217017643e-08
1.028920192961618740e+00
-9.845211480866781703e-03
1.650820936368513434e-03
-2.691585370068072134e-04
4.200409021756525672e-05
-6.153800854481443556e-06
8.215627080591521578e-07
-9.362821940581802131e-08
7.188494185121254120e-09
3.359627102231543780e-10
-3.218299111093123530e-10
9.772546922104090595e-11
-2.328809847998089676e-11
4.939405511256607072e-12
-9.732083852975877239e-13
1.814966300999493305e-13
-3.233727755746366270e-14
5.667291429172852889e-15
-9.020124562133607533e-16
1.009165263860622996e+00
-7.001519303155738679e-03
2.674230484988216784e-03
-1.021370738544183886e-03
3.900534981270143689e-04
-1.489301031229963335e-04
5.684525336908640152e-05
-2.168499658825518542e-05
8.264784486741218940e-06
-3.145639529583553325e-06
1.194894255751128917e-06
-4.526591373226341326e-07
1.708679260911414744e-07
-6.420824707551977438e-08
2.399959773484921745e-08
-8.927850743538839471e-09
3.344182195480474768e-09
-1.379001375876371925e-09
4.424165550812082150e-10
1.002049436737397548e+00
-2.049436737397508472e-03
-9.874884527080210940e-20
8.796282442386990419e-20
-7.476540216754692192e-20
6.059741532508554099e-20
-4.679309530171646193e-20
3.438732792710251072e-20
-2.401561588924633346e-20
1.591138543495576695e-20
-9.979264568769688634e-21
5.908695592891471595e-21
-3.291631119280983837e-21
1.717785535527333568e-21
-8.350422189284809133e-22
3.754927028947943519e-22
-1.557341557930970359e-22
6.271593733279787128e-23
-1.841845057747373963e-23
6.153082706766916932e-01
