1.084386425105529295e+00
-1.384299513424979734e-02
8.584405705046688976e-05
-5.565783621420950301e-07
3.874291956145744400e-09
-2.933455480705931080e-11
2.401262967404245105e-13
-2.084625664300975468e-15
1.879644466404334813e-17
-1.538552576203850703e-19
3.736112215016974547e-01
-4.965889111932252908e-01
1.978708569695379893e-01
-4.028746249168015797e-02
-1.030832750993405933e-02
1.523730424599703016e-02
-8.859626257241138766e-03
3.339095300149699189e-03
-6.461442376417476149e-04
-1.929729595485042064e-04
2.633917869425612718e-04
-1.495364248915965696e-04
5.505400333199253075e-05
-1.023386382024040829e-05
-3.221116015217713015e-06
4.125773824570026359e-06
-2.206677442353559277e-06
7.381936421727237798e-07
-1.305876243744578245e-07
1.246107245187813052e-02
-1.431012708453724587e-02
4.947794023708575184e-03
-1.275558173447094131e-03
2.743169825151886543e-04
-5.273300129102578317e-05
9.463897134495234873e-06
-1.626115828720271726e-06
2.707605887696408565e-07
-4.384689839292983867e-08
6.894938798549261902e-09
-1.047346322628157588e-09
1.522476476259876788e-10
-2.082722655659957724e-11
2.591399806322646222e-12
-2.685233980364045373e-13
1.536617214389956959e-14
2.911625664661922944e-15
-1.282673347115452972e-15
2.612942006102136308e-04
-4.953815632699609802e-04
4.224806161587190247e-04
-3.252925595983856169e-04
2.273184794325246400e-04
-1.451260067967700756e-04
8.527378053716365186e-05
-4.648036519983872206e-05
2.369379503052107351e-05
-1.138879379451796431e-05
5.204053163793471985e-06
-2.278723259684056267e-06
9.634821738981477759e-07
-3.961921205650426727e-07
1.595157520533588777e-07
-6.338401563294745613e-08
2.534725501388331716e-08
-1.123924620508157695e-08
3.777759986801987970e-09
-2.116097070443084196e-10
4.055065379404085990e-10
-3.565029304811603462e-10
2.871080408952033034e-10
-2.111910932301465400e-10
1.412529446753278523e-10
-8.533500691474182803e-11
4.611248590472855212e-11
-2.195961370162528155e-11
8.996951566372016738e-12
-3.035022246746580120e-12
7.625710944774111159e-13
-9.589952182500554453e-14
-2.303105798830031195e-14
1.608996805158048773e-14
-3.097001002768475252e-15
-6.045041969599619910e-16
4.324009305218220872e-16
-4.874175782348531530e-17
5.294920738896178314e-01
4.969918296953209670e-03
-2.907112290416824052e-05
1.546288921492956779e-07
-7.377489494436174723e-10
3.190669575874083461e-12
-1.346999705925621826e-14
7.032219082742498877e-17
-6.041919000987037708e-19
2.781184589933734032e-20
7.897633875192288100e-01
1.863586984510093580e-01
-6.708773761638432698e-02
1.467122451010122348e-02
2.770813551723660690e-03
-5.263150466400020461e-03
3.378037530624673941e-03
-1.384441819996603965e-03
2.925622976394529691e-04
8.512918317907236521e-05
-1.252595835425161352e-04
7.221482541059985160e-05
-2.491162935452970902e-05
2.268153440441296359e-06
3.730396708200858850e-06
-3.088955370521889272e-06
1.290622687615629904e-06
-1.263534112979157831e-07
-1.106033813945221721e-07
9.454265565521630110e-01
1.824058245907780873e-02
-3.056209600600713963e-03
5.143330791436474293e-04
-8.704474256786437784e-05
1.480919225575692641e-05
-2.527710294796867661e-06
4.314745032164540430e-07
-7.339777620132149513e-08
1.240018676146692128e-08
-2.073831842058283848e-09
3.421682934356574005e-10
-5.547266700050249772e-11
8.790028753209631972e-12
-1.351035672737480679e-12
1.990229488512161502e-13
-2.750389659689417426e-14
3.427480775015335940e-15
-3.372178404505005453e-16
9.824442739045826656e-01
1.329353682926221088e-02
-5.033078389488406662e-03
1.905595918830878515e-03
-7.214993743721154597e-04
2.731847348141691937e-04
-1.034438174611427414e-04
3.917416833812462334e-05
-1.483785299858145913e-05
5.621580843814675188e-06
-2.130658773305828066e-06
8.079792572183959750e-07
-3.066123860533836594e-07
1.164591081641388308e-07
-4.429533849631952699e-08
1.691086165019652298e-08
-6.579147137971467399e-09
2.863154342653375665e-09
-9.535787334061951985e-10
9.960395700933760699e-01
3.956504705812099315e-03
3.921310526648973253e-06
3.886429409278106500e-09
3.851858524062836743e-12
3.817631691733191468e-15
3.755209983955052585e-18
2.487404970616980390e-20
-1.494826838646559417e-20
1.006150035598910529e-20
-6.412693345463443392e-21
3.881256401405223371e-21
-2.219856643874650928e-21
1.192497421675409301e-21
-6.008505528751874232e-22
2.821169545710613207e-22
-1.225254615082853566e-22
5.089837328650534396e-23
-1.535161580315743582e-23
1.078177569898355115e+00
1.247542763462523158e-03
-1.511605391335462305e-05
1.220973950803294431e-07
-8.604927160932084015e-10
5.779793841404152891e-12
-3.940082585995938399e-14
2.869556818355795568e-16
-2.298016595691108159e-18
2.418479706706963909e-20
1.068547645249432243e+00
-2.817729459951618179e-02
-6.547924394575302225e-03
8.808779042791677408e-03
-3.703476357237306393e-03
1.823899187694236375e-04
8.811125745323456111e-04
-7.260066837651877681e-04
3.328927374786775154e-04
-7.442001160959157958e-05
-2.406636241654679843e-05
3.578033838738055484e-05
-2.115795449547029335e-05
7.504317461223146602e-06
-7.545839393079221184e-07
-1.098898976243749471e-06
9.316006733375283459e-07
-4.350201358765144058e-07
1.137445014164586313e-07
1.028039008357177764e+00
-9.559286894956362662e-03
1.608997096779901182e-03
-2.642911959357276521e-04
4.174297103837339514e-05
-6.224948333889485597e-06
8.531460640269108214e-07
-1.016783034299861969e-07
8.824620004750401554e-09
5.281710383402763855e-11
-2.804200866954545402e-10
9.314593177301587576e-11
-2.314601921637771559e-11
5.057995165366221707e-12
-1.022784267264577743e-12
1.956241570771063507e-13
-3.579337041360010439e-14
6.473038322358231312e-15
-1.063871572618925694e-15
1.008882249710738144e+00
-6.785359902079598007e-03
2.591703908654342196e-03
-9.898808700781931442e-04
3.780509615512737173e-04
-1.443644672000935966e-04
5.511459010354265099e-05
-2.103272065728992084e-05
8.021143062570931429e-06
-3.055851692859996714e-06
1.162448707126864629e-06
-4.412608194113485558e-07
1.670239714897183201e-07
-6.298961084903203599e-08
2.365134378528658927e-08
-8.848192951790963833e-09
3.338216850771405795e-09
-1.389451684739893422e-09
4.486163644822223014e-10
1.001986144462591266e+00
-1.986144462591274765e-03
-9.122354770623849630e-20
8.159993352457490857e-20
-6.976874139224300000e-20
5.698590853502410612e-20
-4.442961196358287981e-20
3.303271385478291749e-20
-2.339063427447985391e-20
1.575058536199147050e-20
-1.006662682609169755e-20
6.092366604281811525e-21
-3.481261675368697342e-21
1.871297713790157362e-21
-9.419136383980436210e-22
4.417982089198771714e-22
-1.935471836280970554e-22
8.416597676825714407e-23
-2.627171147822791499e-23
5.727869674185464000e-01
