1.372869176345585585e+00
-1.917070167835390263e-02
1.202502983102191059e-04
-7.885169197321418382e-07
5.953740321746832921e-09
-5.288312502566370845e-11
5.216341850677247486e-13
-5.373810135496850259e-15
5.612999636374840553e-17
-5.218870970558764538e-19
4.446465642028036291e-01
-6.256794980239270831e-01
2.705188313532264077e-01
-6.319988735323306406e-02
-1.097955394938056849e-02
2.120938089653504055e-02
-1.310446368357580035e-02
5.070326647024235404e-03
-9.451084820456210353e-04
-3.563650556226306138e-04
4.376810998867896349e-04
-2.316801864164174632e-04
7.255662219785661963e-05
-4.304159374135257214e-06
-1.077483009250574648e-05
7.678096311345166856e-06
-2.688883811448146532e-06
-1.114008052956780130e-07
4.383612788689862872e-07
9.515493769639674776e-03
-1.180969831923107949e-02
4.488099326615828735e-03
-1.266435561549966466e-03
2.947942083335852704e-04
-6.053429379387197530e-05
1.146964019447659173e-05
-2.064412228735484191e-06
3.589857752884977678e-07
-6.079331385512163975e-08
1.004652461400249147e-08
-1.617271512652590221e-09
2.524206629562098539e-10
-3.789288710390510074e-11
5.396407009180007534e-12
-7.100896730009252604e-13
8.110173854154568361e-14
-6.227439683236131603e-15
-1.960398364549822092e-16
1.393004364576781837e-04
-2.659891556357397600e-04
2.316521139772065221e-04
-1.844470530702008127e-04
1.347328869786942245e-04
-9.069450723944286793e-05
5.655008232865747406e-05
-3.284669812049522720e-05
1.787925300811172774e-05
-9.176807443537275498e-06
4.469341353619408203e-06
-2.078479446433651927e-06
9.287786508788932006e-07
-4.012502549239962051e-07
1.686373829526473274e-07
-6.950887354496514928e-08
2.868084245461308447e-08
-1.307028828025977457e-08
4.457630364817691372e-09
-2.067592498554683976e-10
3.983185712448516229e-10
-3.558601670339015828e-10
2.945480007661462274e-10
-2.254301389795891633e-10
1.590622208193435996e-10
-1.030373410836972333e-10
6.091564158447741220e-11
-3.259355779495521230e-11
1.559132024055223303e-11
-6.542473953166107252e-12
2.331602888485435785e-12
-6.610421516444314304e-13
1.236649373215258095e-13
-2.496585393177306850e-16
-9.890572672222447194e-15
3.493512603868421795e-15
-1.417601554517948466e-16
-2.631499928596107217e-16
4.685334044889728489e-01
6.562961967013242019e-03
-3.451034140125055859e-05
1.220894595246202052e-07
-1.344777310890342566e-10
-1.394178589753120450e-12
5.011565092313578756e-15
9.893702954648833122e-17
-1.840754279641318951e-18
-2.019944683723566442e-21
7.864268698515346490e-01
2.143704635590855667e-01
-8.920567650142550986e-02
2.422508206331927191e-02
1.778181218856625953e-03
-7.299129415356252551e-03
5.259570393394336074e-03
-2.266802947973872630e-03
4.468898039399946099e-04
2.088700318522720924e-04
-2.593307500533142702e-04
1.382430259823365598e-04
-3.733664856558511087e-05
-6.722460466720850411e-06
1.402982848540373890e-05
-8.408061086750034645e-06
2.311903253139907916e-06
9.989995254306675058e-07
-9.362363608880612138e-07
9.528448345833505639e-01
1.583484721225517436e-02
-2.671718771773963757e-03
4.553130166453240582e-04
-7.881991664477640529e-05
1.390959337281812867e-05
-2.500524618847015341e-06
4.556393083231144821e-07
-8.354925411245573116e-08
1.530671689704802080e-08
-2.785640475373447702e-09
5.014524039087217334e-10
-8.900582070392572739e-11
1.553422175570068586e-11
-2.657907293648668137e-12
4.441127588777603378e-13
-7.209677145759613335e-14
1.152052653950853581e-14
-1.677340375736115583e-15
9.848699726372672769e-01
1.147076082267163913e-02
-4.348260737314546716e-03
1.648321133547120962e-03
-6.248476717268579370e-04
2.368746821278119809e-04
-8.980205988079706272e-05
3.404834586962859503e-05
-1.291155607390632650e-05
4.897580163744362027e-06
-1.858551452934750782e-06
7.057561795726363569e-07
-2.682574950559031821e-07
1.021047808058670627e-07
-3.894706229106209803e-08
1.493010022870129868e-08
-5.844441214594301687e-09
2.566680559035197714e-09
-8.602769870341879434e-10
9.965909463636153376e-01
3.406144482726410332e-03
2.906671099793074338e-06
2.480439959476738361e-09
2.116710812090501006e-12
1.806390206290903932e-15
1.483838201998048073e-18
4.586350118123483694e-20
-3.304673726222056238e-20
2.349329616473908145e-20
-1.598390657408688268e-20
1.039470501013887467e-20
-6.449314968287266860e-21
3.813183515684586324e-21
-2.144796356195457120e-21
1.147120519495685837e-21
-5.927272588793218775e-22
3.197715984357959574e-22
-1.164240159356393497e-22
1.002637124914596667e+00
2.949231126411784761e-03
-2.802999732112447070e-05
1.893595433245521942e-07
-1.100690974605791106e-09
6.641405818639034085e-12
-5.188573294826578729e-14
5.254844533543754073e-16
-5.780795885916752151e-18
5.369387921768070640e-20
1.045460491136035008e+00
1.985236777717977344e-04
-2.278299929872306534e-02
1.616367289708024388e-02
-5.452419166379294906e-03
-5.702860125928365309e-04
2.077204776142784187e-03
-1.516614122271603329e-03
6.437287246857697131e-04
-1.067240802631766016e-04
-8.161121534562731830e-05
8.829583590018370051e-05
-4.588109599440142318e-05
1.241389339904130656e-05
1.981735189619170577e-06
-4.344267601696609804e-06
2.483143397256173442e-06
-5.462961911974304776e-07
-7.290464756046566711e-08
1.024154025281193370e+00
-8.256835085730687002e-03
1.399438672541275519e-03
-2.328870021593441365e-04
3.749294289158207897e-05
-5.717944239003406759e-06
7.988584668808299741e-07
-9.517916367860424791e-08
7.459648702475717639e-09
4.800952290893070012e-10
-4.136685191201833034e-10
1.306616040715547027e-10
-3.275966330118443344e-11
7.345345642239485915e-12
-1.536110690956375197e-12
3.054730329831439614e-13
-5.839746500989255992e-14
1.112617250952784490e-14
-1.924686259982804021e-15
1.007645730908166559e+00
-5.840805747747803908e-03
2.230972044846824941e-03
-8.521405478764351206e-04
3.254763425979732101e-04
-1.243110941326550090e-04
4.747518656987235986e-05
-1.812852502542077271e-05
6.920742819713234008e-06
-2.640999585163789359e-06
1.007180704323544307e-06
-3.837307347603730839e-07
1.459938564500631585e-07
-5.543657785686376668e-08
2.099962928748320428e-08
-7.943827044448334460e-09
3.039653769106883565e-09
-1.288400854049389151e-09
4.210903779704293676e-10
1.001709638773013555e+00
-1.709638773013547573e-03
-7.060661241939963594e-20
6.407076333942504489e-20
-5.590322743251623845e-20
4.688230934466343318e-20
-3.777069589256114130e-20
2.921423700962257393e-20
-2.167611892381150624e-20
1.541327394960856856e-20
-1.049124398985383246e-20
6.826046387982871096e-21
-4.238397606242774358e-21
2.506807456434448657e-21
-1.410168248743825402e-21
7.556066922991348362e-22
-3.918521859062948975e-22
2.112189067532397273e-22
-7.616565305977462406e-23
3.151578947368420813e-01
