3.571099639449903246e-02
-1.814991669936758242e-06
3.360957842962511472e-11
-5.751723245218491315e-16
9.638523633574775717e-21
3.157354537203034388e-22
5.808288276444991920e-23
-9.909604286535203693e-23
-9.385761941378436340e-23
8.282744980534616256e-23
3.486632379361392226e-02
-1.087858284098599821e-03
-2.399911036224874894e-04
5.602960394793769483e-06
5.750168801309638218e-07
-1.966004317733238840e-08
-1.197405166297056189e-09
5.918176891591485758e-11
2.246874770893204594e-12
-1.636775312922977412e-13
-3.649981874014963446e-15
4.269241536488360680e-16
4.275654349650680532e-18
-1.044508064684591312e-18
-9.820784839114368860e-21
-6.114531307755551237e-21
2.326341443240302560e-21
1.612059179117494559e-21
1.136640705122429105e-21
3.095040084571173272e-02
-2.748617204899061334e-03
-1.423262232035843238e-04
1.213513737390684111e-05
4.272616857933358628e-08
-3.145903062272974912e-08
7.688123963009499356e-10
5.375707823428172213e-11
-3.348223596853888518e-12
-3.250965139360323872e-14
8.884782081615119737e-15
-1.774978722352589837e-16
-1.605956726381629001e-17
8.765575739434874953e-19
1.731433872369009555e-20
1.331405982336445082e-21
-5.901618018259242532e-21
-1.142431054656196683e-21
4.780363371722173901e-21
1.094141144067689066e-02
-1.322400124086414892e-02
3.867020920095037145e-03
-3.423061295703525605e-04
-1.868581877789987904e-04
9.469666689494272776e-05
-2.152867386542161465e-05
1.468717433180784615e-06
8.884761170404553742e-07
-4.251506017454823541e-07
9.971427838751325020e-08
-9.252949048343213160e-09
-3.129214636707940051e-09
1.797177758707299449e-09
-4.718178410135621107e-10
5.893667339935984407e-11
9.165392788056064876e-12
-7.862747099034580197e-12
2.257048896447332103e-12
2.678249282481160701e-04
-4.587829039254190258e-04
2.816769006215646487e-04
-1.123246200715916787e-04
1.853950362525783347e-05
6.342677131255042054e-06
-3.236344496061359369e-06
-5.452264167149513824e-07
4.888126675045736959e-07
1.055745782801717994e-07
-7.486613624547518450e-08
-2.990411327575749256e-08
9.094500880319906899e-09
8.172697523224560784e-09
1.886072794197813605e-10
-1.798857555130967606e-09
-6.671509764016660446e-10
2.497237920094632658e-10
2.287663864817191471e-10
9.574901552239076796e-01
1.210540951259064492e-06
-1.949732455693697468e-11
3.091272864883428856e-16
-4.867279893749690965e-21
3.469358126522490025e-23
-2.821448928272835505e-23
-6.216050729061663433e-24
4.227468656473634344e-24
3.726257742866152282e-24
9.580559445944145658e-01
7.293783212140974572e-04
1.618796618928462501e-04
-3.268256070343293774e-06
-3.384852964378965436e-07
1.064851046946113308e-08
6.590710921047230968e-10
-3.019095536651966134e-11
-1.179737989440808690e-12
7.920966098463751012e-14
1.863129939687684027e-15
-1.973421504801489664e-16
-2.226873853927497136e-18
4.706027378386158239e-19
1.602522315862342937e-21
2.539505430727782616e-22
-1.607651877331121455e-21
-6.610645574440582978e-22
5.603317239786984292e-22
9.607163991519025448e-01
1.885780262684162711e-03
1.057547042758783564e-04
-7.299095130353100972e-06
-4.727969575970037217e-08
1.795788057097894663e-08
-3.706454101949765848e-10
-3.042217011836505009e-11
1.649113805918713159e-12
2.325950246113911647e-14
-4.338573937054373553e-15
6.780200473959883566e-17
7.917528173426721894e-18
-3.748762594619989309e-19
-7.065531203495984455e-21
-5.017800267111835034e-22
-5.523440646899528898e-23
5.850645966930944088e-22
5.106188689889631347e-23
9.771747979348437418e-01
1.234838967511536073e-02
-2.273093075932530564e-03
6.070477182327582380e-05
1.392055673817232215e-04
-5.750852050617476799e-05
1.178106257991082517e-05
-4.251939555866150609e-07
-6.243394066214826915e-07
2.520633366948479404e-07
-5.051760552295885560e-08
2.166356755307086741e-09
2.407473152257360518e-09
-1.008284277665591462e-09
2.151630987555040182e-10
-1.501846169195639957e-11
-8.083450244960936066e-12
4.069357000895939016e-12
-9.589763334311225233e-13
9.936884337643187015e-01
6.300136657916402365e-03
1.241602530346700335e-05
-1.546160196382813939e-06
7.991389929495529355e-07
-3.077075791567050125e-07
7.408474709980394672e-08
-9.511934526408596814e-10
-6.822916417247102829e-09
1.828321865894208800e-09
4.238922594371998129e-10
-3.002248719378063508e-10
-2.097149194731028315e-11
4.486384918006512138e-11
1.044041886607032216e-12
-7.074268084775422172e-12
-3.604614200597772618e-13
9.702789066800926768e-13
1.455559135978976076e-13
1.021415671729204222e+00
-6.016778729338192896e-07
9.443805979899194498e-12
-1.446363522765685942e-16
2.180702523903700941e-21
5.337666298286458373e-24
-5.298922571091945415e-24
4.031631113700331556e-24
4.298517579733960781e-24
-5.042552413943117840e-24
1.021134255900125298e+00
-3.628394646318068789e-04
-8.060824269938815891e-05
1.586690411915814178e-06
1.649485096323996912e-07
-5.006640265458942792e-09
-3.129412997051413973e-10
1.365865854517123205e-11
5.459795865558894775e-13
-3.429396771958257604e-14
-8.499058064247068604e-16
8.140576804018436076e-17
1.058574233041495574e-18
-1.845740608518812259e-19
-5.899971467117632251e-22
-1.547061617279469637e-22
7.106573303397825151e-22
2.397971867797528458e-22
-2.851142708704335430e-22
1.019808139612164322e+00
-9.413005235425590811e-04
-5.333624172421823670e-05
3.585116530297306258e-06
2.690689297630877927e-08
-8.694708232519853772e-09
1.627373580822134924e-10
1.477146216340921183e-11
-7.305785851194176114e-13
-1.302928921291397418e-14
1.912217279008316089e-15
-2.172515693202310696e-17
-3.562523364687968709e-18
1.396352967983864041e-19
4.109945089588305626e-21
3.176574773086881938e-22
-6.925490416999585270e-23
-2.553847903914304967e-22
-3.242152258865705901e-23
1.011513600552077952e+00
-6.243738272846268561e-03
1.141240094982841216e-03
-2.487042492019400920e-05
-7.196845896768259802e-05
2.900388405022686315e-05
-5.728434822173272844e-06
1.223280542400486270e-07
3.325118925799388803e-07
-1.258228541560646303e-07
2.336719484100986044e-08
-3.428340242092995878e-10
-1.342359074874786382e-09
4.991756616555065899e-10
-9.447257673860550372e-11
2.660604122131417356e-12
4.947582666306932899e-12
-1.988923400265839526e-12
4.024649408138664356e-13
1.003170727630960490e+00
-3.169948510893967879e-03
-1.317647062799960924e-06
8.390419049872071583e-07
-4.288946315604454259e-07
1.648755455526285848e-07
-3.952606835678950887e-08
4.031940790714086039e-10
3.682319788214156197e-09
-9.748829982347684208e-10
-2.322229877040045006e-10
1.613511728870138644e-10
1.191985528704049164e-11
-2.420459960066004191e-11
-6.575777906400413666e-13
3.824872052073447769e-12
2.104374700961790813e-13
-5.260144892074087891e-13
-8.045873491369013440e-14
9.779899749373434092e-01
