1.263302872043852165e+00
-1.784685936436811171e-02
1.180457656641902247e-04
-8.195923218601841373e-07
6.343826821148935158e-09
-5.577095943610201000e-11
5.408149780885742059e-13
-5.541506138477593408e-15
5.830932157147056013e-17
-6.379487547684877343e-19
4.138755354637446149e-01
-5.738922560529367001e-01
2.446186774654565688e-01
-5.715664030747077268e-02
-9.043203343874353997e-03
1.842142897574584881e-02
-1.161401854372320387e-02
4.692836155953090428e-03
-1.038706631615889282e-03
-1.998963836010028217e-04
3.513118089857194355e-04
-2.099742499702665242e-04
7.908221393019725977e-05
-1.463122657450514740e-05
-4.886515645749315450e-06
5.972548937702620557e-06
-2.968619294142391476e-06
7.294177028308493288e-07
-9.278760085981941747e-09
1.029235074165505033e-02
-1.242158087710349031e-02
4.559614167900944044e-03
-1.244409891678180434e-03
2.813196398160753729e-04
-5.638877640261979703e-05
1.047969550103821166e-05
-1.856944330471364982e-06
3.185780363505063171e-07
-5.326739621841515176e-08
8.689332090713219343e-09
-1.379528579449269118e-09
2.120451920915900877e-10
-3.128035605112457583e-11
4.361360643769263933e-12
-5.576359617977526664e-13
6.062362919014508366e-14
-3.916713684255572300e-15
-3.608061957901624118e-16
1.731797375008036757e-04
-3.298399238555661697e-04
2.851175899450186595e-04
-2.243043475348455325e-04
1.612535422753621291e-04
-1.064845811557724100e-04
6.497438793601822082e-05
-3.686983704997675839e-05
1.958824044715944950e-05
-9.811008509167693057e-06
4.664944198341773172e-06
-2.120323366852758153e-06
9.275262970885815497e-07
-3.930709352675656532e-07
1.624227422076776971e-07
-6.597382581695980296e-08
2.688037318870272752e-08
-1.211486969848310406e-08
4.107608744808652174e-09
-2.053393002789550246e-10
3.948224533055547028e-10
-3.506860882364781900e-10
2.874021375193165482e-10
-2.168345703587257983e-10
1.500835469146800414e-10
-9.482821969850545289e-11
5.430630303422477501e-11
-2.789885300681923388e-11
1.265796346714310523e-11
-4.944563351555518394e-12
1.586205119670089770e-12
-3.735397875900822307e-13
3.893342840835474928e-14
1.435632913518071272e-14
-8.393816121886425463e-15
1.506336701596954970e-15
3.663307344789040199e-16
-2.432508176806796261e-16
4.863757795145394192e-01
6.234628181296004122e-03
-3.646294838336534751e-05
1.706809368654191185e-07
-5.810472375677017581e-10
1.086693336126062893e-12
-1.638038213161130535e-15
7.698971143555018965e-17
-1.613440597204005124e-18
2.532400934164770364e-20
7.862107979000598768e-01
2.051548849659472207e-01
-8.171549977688785660e-02
2.131382452918355319e-02
1.665725196964833394e-03
-6.307486640955204879e-03
4.534045210234288747e-03
-2.013238417279365668e-03
4.725473545514238924e-04
1.122466834863125731e-04
-1.922825441513063708e-04
1.152446031982476947e-04
-3.953372013558309207e-05
1.907062529569421969e-06
7.845654410646528935e-06
-6.039672333901915887e-06
2.301984511594008935e-06
9.059771012648232984e-08
-3.986996445478776085e-07
9.496226926271169599e-01
1.688358059325419797e-02
-2.840507620836017506e-03
4.816025063974223417e-04
-8.259601427151526431e-05
1.435455963858287988e-05
-2.524763178654507015e-06
4.476154079625640547e-07
-7.956777459383897265e-08
1.410810209524010245e-08
-2.484362692268802648e-09
4.329674325074298846e-10
-7.444913230900527498e-11
1.259114281571764253e-11
-2.086579591999010658e-12
3.371047433243716101e-13
-5.271394332401072682e-14
8.033970015748539725e-15
-1.106744775660027931e-15
9.838181635196001640e-01
1.226170009673816647e-02
-4.645630170090817718e-03
1.760118488291634959e-03
-6.668775165340856508e-04
2.526759047860433990e-04
-9.574298990320453809e-05
3.628234069510922555e-05
-1.375181293606325442e-05
5.213717426343651487e-06
-1.977531607158435507e-06
7.505421740379332530e-07
-2.851110859826506067e-07
1.084399907972823616e-07
-4.132279091420543077e-08
1.581830675587390956e-08
-6.178604152831817077e-09
2.704476107839862904e-09
-9.043548737687157960e-10
9.963520317121076220e-01
3.644637945111448354e-03
3.327302408246530365e-06
3.037597007697685922e-09
2.773115942284368112e-12
2.531719983345150520e-15
2.265970991044404979e-18
3.660193852541761842e-20
-2.514846996275750177e-20
1.753885957001421320e-20
-1.166914092797021030e-20
7.390689208681379546e-21
-4.454548288336131787e-21
2.547070198752657306e-21
-1.375230078667997120e-21
7.016798666693950686e-22
-3.430240728597466535e-22
1.724048165511855797e-22
-5.974342840987631677e-23
1.038165137055536258e+00
2.311608143945314588e-03
-2.507261935825166662e-05
1.936664260929361029e-07
-1.309139093533749873e-09
8.755415998120969553e-12
-6.578782766255050048e-14
5.925753267061252035e-16
-6.094386842278249711e-18
6.697153104478483862e-20
1.056637775814633251e+00
-1.383929372699367784e-02
-1.510839832131447187e-02
1.308599709212620969e-02
-5.021918793761658180e-03
-5.883428873174776239e-06
1.472985394814135601e-03
-1.185664909171466747e-03
5.506493173414974329e-04
-1.261035927449832459e-04
-4.094746835379861442e-05
6.255685500702586142e-05
-3.753352368671262790e-05
1.322395989099418790e-05
-9.808992644747097478e-07
-2.315036212292326244e-06
1.830513967774742327e-06
-7.596156397880875851e-07
1.605091139863833512e-07
1.025838845374700492e+00
-8.827628037397991512e-03
1.494013251290579039e-03
-2.480222076736416075e-04
3.982764412755434425e-05
-6.073308674713868211e-06
8.556148133266986611e-07
-1.054745973533297127e-07
9.633330702430707124e-09
-2.461315468208451019e-11
-2.937099463027029395e-10
1.026655734976905892e-10
-2.644267847838266191e-11
5.971390265836709886e-12
-1.247653248032331090e-12
2.468829454975852345e-13
-4.685041693900233186e-14
8.841577033153629372e-15
-1.515277741399828997e-15
1.008180414950947013e+00
-6.249255667705273451e-03
2.386974711857018250e-03
-9.117186343229439442e-04
3.482253722422655700e-04
-1.329944916473614072e-04
5.078761108510545055e-05
-1.939075625617880659e-05
7.400895565879152916e-06
-2.823162532740247883e-06
1.076020596627435117e-06
-4.096035447393966654e-07
1.556470700924499204e-07
-5.900468464800890763e-08
2.230355099351921018e-08
-8.414464559139621281e-09
3.208891540509499732e-09
-1.354368191595941542e-09
4.414166808332886778e-10
1.001829200036848277e+00
-1.829200036848202234e-03
-7.538318712976358271e-20
6.805115731229436110e-20
-5.894274065529172914e-20
4.896249667354825700e-20
-3.898307477135535190e-20
2.972612146967867572e-20
-2.168906761123306808e-20
1.512458637166089786e-20
-1.006602518870038925e-20
6.383028591387370337e-21
-3.848542388878187892e-21
2.200916800746623583e-21
-1.190779080588111484e-21
6.090682004452466612e-22
-2.979962219971517454e-22
1.496918744978562748e-22
-5.167323452390961921e-23
4.402205513784461788e-01
