1.443887950308605284e+00
-1.937567283427207160e-02
1.125279838371409077e-04
-6.781328200561299721e-07
4.839702768829734524e-09
-4.182447052838943608e-11
4.012494489120037638e-13
-3.966593075012597980e-15
3.942987794099114737e-17
-4.686708423693686053e-19
4.681369779778274953e-01
-6.621425612469079569e-01
2.856928008299289834e-01
-6.437369451803168219e-02
-1.397062670649899634e-02
2.350120162768270723e-02
-1.387972029316778336e-02
4.988713106305647099e-03
-6.675156718745640493e-04
-5.404694436979986085e-04
4.988167827721223108e-04
-2.271347726941860714e-04
5.257522895825178944e-05
9.455086220547506741e-06
-1.581257668138299910e-05
7.934669250705171523e-06
-1.673403619698291250e-06
-9.795964280199974651e-07
7.748676810361484626e-07
9.215189374801131469e-03
-1.163908300319713672e-02
4.522320220272974152e-03
-1.303689162069509959e-03
3.092141028627235313e-04
-6.448043428793102190e-05
1.236539365044505298e-05
-2.246398598648872125e-06
3.935211257864900470e-07
-6.705766140505088254e-08
1.114345200298350423e-08
-1.802899755391357856e-09
2.826218930994968283e-10
-4.256375134096403593e-11
6.068544018525565469e-12
-7.960207260369124884e-13
8.960149365801574719e-14
-6.355341503826566415e-15
-3.985439960114742815e-16
1.228002406974260780e-04
-2.348549400620942196e-04
2.054954550558765899e-04
-1.648573144560522589e-04
1.216378228489138310e-04
-8.287820496754823903e-05
5.239179305918344859e-05
-3.088845273555846082e-05
1.707773042683118076e-05
-8.905463350664545569e-06
4.405697927717881402e-06
-2.080053633761030348e-06
9.427523277374592484e-07
-4.126029332169022421e-07
1.754251424946914708e-07
-7.304147926288248781e-08
3.040533280171780283e-08
-1.396427127831955376e-08
4.782155768788363140e-09
-2.110180529828464382e-10
4.070207415209251479e-10
-3.649839600026941023e-10
3.040051784993835284e-10
-2.347850130252666530e-10
1.676830924384458794e-10
-1.103326092039652994e-10
6.653358913974553338e-11
-3.650234218520469032e-11
1.802940854455508118e-11
-7.891467617568253483e-12
2.983030164376907702e-12
-9.280995367618717509e-13
2.116789016011238262e-13
-2.046018450996443368e-14
-8.627224533912453249e-15
4.835533812714407276e-15
-7.493820405232213517e-16
-1.733974541942248393e-16
4.610971870058993560e-01
6.548192908970126153e-03
-3.054449668584519414e-05
7.675360634795053399e-08
1.335490286878321653e-10
-2.086870757175458600e-12
2.863698921694099864e-15
1.116292963207244666e-16
-1.538832662532399024e-18
4.657034047014514809e-20
7.879169813089892394e-01
2.195433775008436283e-01
-9.350716991023295954e-02
2.545399035649924604e-02
2.390231054390970934e-03
-8.188563502114300924e-03
5.726857469240448709e-03
-2.322765063048127989e-03
3.306438239502224345e-04
3.209815316709864474e-04
-3.110718950909575745e-04
1.435980483161226038e-04
-2.531699449666974765e-05
-1.790004463929452391e-05
1.922453274942629434e-05
-9.214402671098699963e-06
1.455112382376580548e-06
2.024237620132706050e-06
-1.393536149670881252e-06
9.554937563122763988e-01
1.497005479131685579e-02
-2.532048862860368076e-03
4.334505086110075232e-04
-7.565385794116281730e-05
1.353084955365832055e-05
-2.478652962877834799e-06
4.621792095541390285e-07
-8.691473672831838419e-08
1.633526597803565725e-08
-3.046750800579094977e-09
5.611972763097961896e-10
-1.017494218766910745e-10
1.811188674719938417e-11
-3.156888922033691627e-12
5.369575992405120784e-13
-8.872358506018505516e-14
1.445320081884025979e-14
-2.145219080939037486e-15
9.857330555955219342e-01
1.082110609033062193e-02
-4.103770667356333030e-03
1.556313969911878167e-03
-5.902242831651716279e-04
2.238455621222205656e-04
-8.489892108413250838e-05
3.220303561180528983e-05
-1.221696759622390794e-05
4.636079809165884933e-06
-1.760080697304322906e-06
6.686720608770720440e-07
-2.542944679653295030e-07
9.685176906726529025e-08
-3.697436090280111312e-08
1.419073207777989731e-08
-5.565050456967417643e-09
2.450614456907139940e-09
-8.229364209540385097e-10
9.967868037603632159e-01
3.210610960719491400e-03
2.583198849218709893e-06
2.078394541291637827e-09
1.672238129297478416e-12
1.345536435007726320e-15
1.014269476285406111e-18
5.412665078240430879e-20
-3.992694603865259872e-20
2.873130183336878723e-20
-1.982559229440108348e-20
1.310325334542112504e-20
-8.285057082497243965e-21
4.997913231744900598e-21
-2.879213770624549184e-21
1.589506399535329676e-21
-8.504514765031345409e-22
4.765215354536598389e-22
-1.770913275604646786e-22
9.746277643065914820e-01
3.280427173891645697e-03
-2.761318933593633491e-05
1.616840436110711717e-07
-7.915107553822708105e-10
4.273619219066059606e-12
-3.527418755887394309e-14
3.816757488759363166e-16
-4.156195881487421614e-18
6.200893028538698988e-20
1.036044335699223939e+00
1.189976567546806308e-02
-2.874724928342997296e-02
1.812843783265466815e-02
-5.356848222919062541e-03
-1.237870041906833328e-03
2.584425853363226441e-03
-1.717464382745709402e-03
6.494202489363006632e-04
-5.145116944890713477e-05
-1.259810693902057926e-04
1.061139543648178645e-04
-4.646113866519701533e-05
7.557292205370965744e-06
5.956354890853018823e-06
-6.032599056723696080e-06
2.604323603555299511e-06
-4.319581189949323415e-09
-4.113357411250441239e-07
1.022772206472183809e+00
-7.785639380260503221e-03
1.319909139488873763e-03
-2.196343072867335390e-04
3.529385536198247894e-05
-5.344637068426454657e-06
7.313622406103477269e-07
-8.181781687591349452e-08
4.593324993465867446e-09
1.121714199401250216e-09
-5.581244026463669720e-10
1.626477629398800572e-10
-3.965536366323094702e-11
8.788029950706607363e-12
-1.828910954135424720e-12
3.631412744398491164e-13
-6.943060049480469114e-14
1.323984287738652321e-14
-2.292250344464206522e-15
1.007207989282025595e+00
-5.506405534701268312e-03
2.103246971282944720e-03
-8.033577109185476494e-04
3.068460469996450572e-04
-1.171973438067646565e-04
4.475973329086900125e-05
-1.709254459859851224e-05
6.525853787992109183e-06
-2.490686431000017094e-06
9.500816890241143734e-07
-3.621030521343163438e-07
1.378331777872848257e-07
-5.237214598398812685e-08
1.985525875969491119e-08
-7.518410569428207006e-09
2.880197425307534220e-09
-1.222402712617669000e-09
3.998361093259837969e-10
1.001611755950539306e+00
-1.611755950539259588e-03
-6.978337617876842894e-20
6.353229222224583029e-20
-5.569119388276918283e-20
4.698691797740730420e-20
-3.813875179827697832e-20
2.976481282941837977e-20
-2.231910678069642885e-20
1.606614016160129668e-20
-1.109063908616000022e-20
7.332917652517257237e-21
-4.637176837652061560e-21
2.800542632817953202e-21
-1.613903936566403481e-21
8.900007454623384892e-22
-4.782620983412401629e-22
2.686570918924867432e-22
-9.923717391016362435e-23
1.750877192982456254e-01
