1.123820016553717993e+00
-1.484713132187432706e-02
9.475327346343155187e-05
-6.331885246271703125e-07
4.575366609603672628e-09
-3.626807064082574360e-11
3.123815974463540466e-13
-2.854945997514721630e-15
2.707189516870531799e-17
-3.045846064281118453e-19
3.817084287727341430e-01
-5.131876534534259848e-01
2.085562136170891478e-01
-4.448995865121276733e-02
-9.753155181951272956e-03
1.586500468128118624e-02
-9.493139911200052308e-03
3.684666061960640247e-03
-7.661689973227915314e-04
-1.792838853868777436e-04
2.793069726856748963e-04
-1.641794133787838144e-04
6.241147648705834224e-05
-1.256183745575823909e-05
-3.012876594133176022e-06
4.415805488274319810e-06
-2.433890363401752794e-06
8.363436223325854683e-07
-1.544738815491360944e-07
1.187547576680058822e-02
-1.379574365905343082e-02
4.835704991420839219e-03
-1.262961292052801375e-03
2.747199166428005465e-04
-5.332159419007843340e-05
9.648761089096661325e-06
-1.670493728567184321e-06
2.803099134801996029e-07
-4.578801335658605463e-08
7.274832035157277909e-09
-1.119379992753283772e-09
1.655022844787308027e-10
-2.319369625990229450e-11
3.000894592333835869e-12
-3.370414769737943953e-13
2.640854325715044033e-14
1.175498416456926459e-15
-1.035330200610155478e-15
2.372639990228997875e-04
-4.503080003286918931e-04
3.852530916515806993e-04
-2.981216608137294611e-04
2.097078217532802259e-04
-1.349328862854540592e-04
7.997598101410133948e-05
-4.399609833972646167e-05
2.263945316248434865e-05
-1.098370439399163304e-05
5.063899852561886731e-06
-2.235817568767943824e-06
9.524414259192211234e-07
-3.942279147150338280e-07
1.596146529228985369e-07
-6.372132494356059959e-08
2.558327359252298479e-08
-1.138323195134102727e-08
3.833268288976608808e-09
-2.097987969413964626e-10
4.023506707221216415e-10
-3.545686749177653103e-10
2.867092690271428421e-10
-2.121433044038847616e-10
1.430277420000540234e-10
-8.731962461268447714e-11
4.783595461311537894e-11
-2.319629448539079614e-11
9.742238708783405978e-12
-3.409854901009800177e-12
9.152386721569684088e-13
-1.424007321379635920e-13
-1.510725712872662526e-14
1.716434907787176915e-14
-4.312089078669264615e-15
-2.878127193264139486e-16
4.753572419930750249e-16
-9.529649789099205930e-17
5.187611149349113937e-01
5.303590981821257495e-03
-3.153888937080126341e-05
1.671919155618341632e-07
-7.768842294019171223e-10
3.187205508754300753e-12
-1.286876132532035744e-14
7.467696271567971608e-17
-7.220127270386772723e-19
6.950586779990812720e-21
7.886695649579849032e-01
1.909088783024299185e-01
-7.055740427599654918e-02
1.627718922411492547e-02
2.452755172561793019e-03
-5.465350392095554705e-03
3.633256200796422530e-03
-1.535210882012847918e-03
3.446918918029730997e-04
8.324250490047064883e-05
-1.368762699508571819e-04
8.140669010652502543e-05
-2.888940838918460549e-05
2.949193142845972431e-06
4.204949505093366404e-06
-3.596030122618615438e-06
1.525512957290386756e-06
-1.478191270517910809e-07
-1.344943677064669505e-07
9.463109955040852617e-01
1.795584363766003499e-02
-3.011419870598085798e-03
5.076944390080761430e-04
-8.618902832934544533e-05
1.473519545847840951e-05
-2.532123912305665598e-06
4.359037893732210989e-07
-7.488697593371239909e-08
1.279186330534745376e-08
-2.165283301798494975e-09
3.620196215286290170e-10
-5.956939764716492939e-11
9.603638937439026382e-12
-1.507587284782982996e-12
2.283099299270227311e-13
-3.284173404474450507e-14
4.402797729385639157e-15
-5.003517395700238867e-16
9.827343654938169859e-01
1.307579152315499656e-02
-4.951363289863139859e-03
1.874931890102228939e-03
-7.099931083155148863e-04
2.688673302195475063e-04
-1.018238979237267639e-04
3.856641475006190043e-05
-1.460988984414841593e-05
5.536120180711408747e-06
-2.098657710059323254e-06
7.960229058580489878e-07
-3.021625390513624360e-07
1.148134492642473446e-07
-4.369262527533662492e-08
1.669311249355191912e-08
-6.501347224631911283e-09
2.833565239502938133e-09
-9.446972178330164182e-10
9.961055818068782486e-01
3.890622809537898786e-03
3.791684716356004649e-06
3.695262607629472998e-09
3.601292451843679458e-12
3.509753162845694339e-15
3.388263217780524524e-18
2.740705298904780972e-20
-1.714685697827111427e-20
1.164038558505036646e-20
-7.508958462836203893e-21
4.587827623859363025e-21
-2.650267547992975377e-21
1.446834722465010572e-21
-7.397255147902671895e-22
3.535806362984282062e-22
-1.598066809046436007e-22
7.074127103539453628e-23
-2.203177523198505905e-23
1.071047005808405395e+00
1.466132733758005943e-03
-1.746570911547383240e-05
1.418742804866726269e-07
-1.008279242683610566e-09
6.871203572193060827e-12
-4.823602212749381378e-14
3.692815246540475930e-16
-3.139994747820583115e-18
2.881432998895405225e-20
1.066436336865381307e+00
-2.578138764211882275e-02
-8.047495768140502589e-03
9.643116939669661714e-03
-4.014194619218420905e-03
1.871539088702573633e-04
9.806027772887556185e-04
-8.160583501203538641e-04
3.809998990416205308e-04
-8.930303630232233592e-05
-2.493972968677761750e-05
4.038193505642994089e-05
-2.455033533464105389e-05
8.978831737374090983e-06
-1.049592256423427689e-06
-1.227103635398340776e-06
1.091309179947851026e-06
-5.262601985328831235e-07
1.421225758097638169e-07
1.027575201631806934e+00
-9.406951526214037823e-03
1.585908808087991943e-03
-2.613196743275175813e-04
4.148294291406078916e-05
-6.231297371259545135e-06
8.627554191803892020e-07
-1.044608346496704505e-07
9.401885139576865217e-09
-4.327313511508623626e-11
-2.681361496037004357e-10
9.238809469059796049e-11
-2.334910746739528415e-11
5.165598821992075489e-12
-1.055971908527912713e-12
2.041325499623828130e-13
-3.776808975925560204e-14
6.919085196040458094e-15
-1.151905050048636746e-15
1.008733790638201455e+00
-6.671963453007663004e-03
2.548404666985346501e-03
-9.733540520645538995e-04
3.717477897420187055e-04
-1.419639815229782327e-04
5.420271620105517496e-05
-2.068778468181075978e-05
7.891528409195469571e-06
-3.007632857078120029e-06
1.144769843034241108e-06
-4.349114464263396600e-07
1.648086774587657198e-07
-6.224788477002671241e-08
2.341784942322694039e-08
-8.781987641004325497e-09
3.323440127501192641e-09
-1.388840032306852111e-09
4.496354737762589880e-10
1.001952944937345880e+00
-1.952944937345863115e-03
-8.707754838418837402e-20
7.805695037161964428e-20
-6.694031122740176051e-20
5.489035806147547072e-20
-4.300499015254453516e-20
3.216250047509252381e-20
-2.293407770888651678e-20
1.556993593720070735e-20
-1.004609188946312029e-20
6.147045438700251317e-21
-3.557332677116142981e-21
1.940498543246981788e-21
-9.937001436698841002e-22
4.758497302733815380e-22
-2.140985741883284427e-22
9.652456449618291383e-23
-3.094663618147260216e-23
5.477744360902255805e-01
