1.422760923279979606e+00
-1.937187041656661043e-02
1.155342631698667670e-04
-7.169202393073760905e-07
5.220335587504405385e-09
-4.560537951117680931e-11
4.425911513515086053e-13
-4.446452609445728801e-15
4.502119620104020724e-17
-4.785074076060789470e-19
4.608153530203135673e-01
-6.510219468175703073e-01
2.813408765843067871e-01
-6.429176890352890361e-02
-1.291820751340246216e-02
2.278092825608049946e-02
-1.367377385670305416e-02
5.046704668482725718e-03
-7.703161106284013527e-04
-4.793816032094907901e-04
4.814216795735543281e-04
-2.308475866742239928e-04
6.008568417580093868e-05
4.834248336027141714e-06
-1.434667337484739419e-05
8.019427491385896904e-06
-2.071554205622856782e-06
-7.104075022420450755e-07
6.854033622798891758e-07
9.287800191799642710e-03
-1.167031222102095540e-02
4.504761698827563880e-03
-1.290401576796765346e-03
3.043618224213412156e-04
-6.317970019502355686e-05
1.207305130026652445e-05
-2.187386697874990895e-06
3.823860785256489390e-07
-6.505022873697035632e-08
1.079448434875540117e-08
-1.744383938876954566e-09
2.732180213544415441e-10
-4.113531957638008281e-11
5.868995694725818942e-12
-7.719748255468619568e-13
8.761917906398664048e-14
-6.472959305602829653e-15
-3.032145838928413255e-16
1.273254026702639046e-04
-2.433953605475274720e-04
2.126746488168819655e-04
-1.702377315277299962e-04
1.252355546969354276e-04
-8.502388573892877819e-05
5.352958557334105950e-05
-3.141987573539008010e-05
1.729111925030955548e-05
-8.974251352390958560e-06
4.419001352938227259e-06
-2.076927313711810752e-06
9.373394301189036245e-07
-4.086360847950760198e-07
1.731332435157171487e-07
-7.186680510178275950e-08
2.983636493851345203e-08
-1.367060787447879262e-08
4.675736266569683609e-09
-2.094342166901550404e-10
4.038191599400096963e-10
-3.617154256029095190e-10
3.007215666479807304e-10
-2.316265624028830979e-10
1.648348166735715466e-10
-1.079585605490217352e-10
6.472257580796222516e-11
-3.524806764296305369e-11
1.724728759622651831e-11
-7.457046654520536092e-12
2.771466694654924295e-12
-8.400892778069048229e-13
1.819252523771696054e-13
-1.323994459022990670e-14
-9.285739327689843929e-15
4.450202243249811900e-15
-5.426073622758786384e-16
-2.117034859926471035e-16
4.629580666501293962e-01
6.571476277769262159e-03
-3.190907543740340339e-05
9.056844152874565873e-08
6.330956005258176834e-11
-1.989386435654283618e-12
3.954686857576198193e-15
1.096702020346012816e-16
-1.633354569274428194e-18
9.873727187520382315e-21
7.873486703728755920e-01
2.180601082537841628e-01
-9.226854276494216023e-02
2.514948454227393382e-02
2.155550465073289776e-03
-7.900840615844572506e-03
5.590006033170498261e-03
-2.318105972191959307e-03
3.752378603835457662e-04
2.833137445097802043e-04
-2.955511235494528034e-04
1.433736877646091777e-04
-3.005200262237065314e-05
-1.409177467417130198e-05
1.766961882601707755e-05
-9.116741284572227230e-06
1.813933544011576858e-06
1.692508621344202565e-06
-1.260277573435913532e-06
9.546467695011127130e-01
1.524680254910423458e-02
-2.576778904979835482e-03
4.404564794028781121e-04
-7.666874935791559540e-05
1.365209659211145475e-05
-2.485525608662306813e-06
4.600164174754172911e-07
-8.581194949828915541e-08
1.599836199529486595e-08
-2.961161150374785706e-09
5.415995793819562493e-10
-9.756795975899435370e-11
1.726635637155397514e-11
-2.993390649764211523e-12
5.065996685632858809e-13
-8.330613536206703218e-14
1.350347971113162957e-14
-1.994932458481276906e-15
9.854572373132882701e-01
1.102877972366036845e-02
-4.181949422757337727e-03
1.585743141407238268e-03
-6.013020979451325380e-04
2.280154617735750575e-04
-8.646858372971616099e-05
3.279393783467498635e-05
-1.243944015205123091e-05
4.719853618436102116e-06
-1.791631605663683886e-06
6.805555164777077232e-07
-2.587692468199427143e-07
9.853536435931943507e-08
-3.760670118177689800e-08
1.442779777520541528e-08
-5.654680921181510585e-09
2.487886112775199246e-09
-8.349368409089488629e-10
9.967242312183838271e-01
3.273082100079083116e-03
2.684478006229215090e-06
2.201723618882094063e-09
1.805783704346790620e-12
1.481126540924540545e-15
1.149923972610711598e-18
5.140540206525046891e-20
-3.767960847896109292e-20
2.701861182202515282e-20
-1.856100191553652538e-20
1.221098187110259779e-20
-7.679013599392953154e-21
4.604186512047276679e-21
-2.633084583570539466e-21
1.440453138037506852e-21
-7.659699504458285410e-22
4.228643890799147884e-22
-1.545395264588927595e-22
9.833730209832071134e-01
3.191608712632152799e-03
-2.794330575139435989e-05
1.716260563508998583e-07
-8.909058512614239624e-10
4.988853915423925874e-12
-4.029209690845911550e-14
4.282121984471800717e-16
-4.683647411608461613e-18
4.122711434081541110e-20
1.039046600694178313e+00
8.191790454850415154e-03
-2.689821642730668219e-02
1.756005287748426888e-02
-5.426777827820221910e-03
-1.010380347767737960e-03
2.424964770385448082e-03
-1.661473312473678559e-03
6.542532140044410522e-04
-7.219756070149760158e-05
-1.113699711725457138e-04
1.010674287152382635e-04
-4.695516330000727186e-05
9.462154275204258665e-06
4.611494338240320422e-06
-5.539046304996150634e-06
2.620320299382227615e-06
-2.051006249510516808e-07
-2.964259666896942936e-07
1.023213867035054569e+00
-7.936436715488839888e-03
1.345453993010029166e-03
-2.239246821773682435e-04
3.601553415865818249e-05
-5.469474363509479483e-06
7.543773139664948773e-07
-8.643412709114629291e-08
5.587321139164570543e-09
8.999185302299761632e-10
-5.084967417891612730e-10
1.517332976480121925e-10
-3.731757542640943700e-11
8.301868367729547621e-12
-1.730806145922243708e-12
3.439291609997939096e-13
-6.577710641815358457e-14
1.254501248186675044e-14
-2.172313544369131115e-15
1.007347852455079629e+00
-5.613250315234139323e-03
2.144056895055958690e-03
-8.189447287661359232e-04
3.127989547460586703e-04
-1.194705296640665598e-04
4.562755386346960273e-05
-1.742370016353158644e-05
6.652128348668553086e-06
-2.538781618101988874e-06
9.683689405010728233e-07
-3.690398025449681315e-07
1.404560711275216738e-07
-5.335996174167166394e-08
2.022561743671551236e-08
-7.656828106452963480e-09
2.932460681369706202e-09
-1.244253883668405019e-09
4.069228961772089642e-10
1.001643030510407151e+00
-1.643030510407042554e-03
-6.983191250409083916e-20
6.351453655235074409e-20
-5.559911775295548899e-20
4.682550670154627050e-20
-3.792374404382297361e-20
2.951847760194111048e-20
-2.206531776239955422e-20
1.582599515127531241e-20
-1.087950927458547582e-20
7.159269908419365942e-21
-4.502992153747814334e-21
2.702806519600356643e-21
-1.546531402585525747e-21
8.456505537790045059e-22
-4.497069226411448122e-22
2.496093156351836474e-22
-9.156956860871113781e-23
2.276140350877192686e-01
