1.452561944334864075e+00
-1.936312524758169659e-02
1.111341802175391038e-04
-6.610474651059498681e-07
4.675270740922069101e-09
-4.019902932325990464e-11
3.835282570502682990e-13
-3.762834065806996528e-15
3.713590806107306170e-17
-4.519355396876355537e-19
4.712301863240580535e-01
-6.667791158659769346e-01
2.874351004205351612e-01
-6.433629141031936560e-02
-1.444455288335838410e-02
2.380546302275658721e-02
-1.395665528347622523e-02
4.955696834605970158e-03
-6.201742898206360523e-04
-5.668948999357093649e-04
5.055291980124853191e-04
-2.249078359649066391e-04
4.908575707705158456e-05
1.145814963238465638e-05
-1.637970914216126955e-05
7.845991030058095236e-06
-1.483697105865527553e-06
-1.088878300383360462e-06
8.061262342628546292e-07
9.189543740757836685e-03
-1.163123814683377638e-02
4.531459966303896109e-03
-1.309733553001373417e-03
3.113584714635148445e-04
-6.504902534320621888e-05
1.249249585561626320e-05
-2.271962936597930543e-06
3.983291590982612885e-07
-6.792132791765738794e-08
1.129292981605149246e-08
-1.827821729185521836e-09
2.865953568866908345e-10
-4.316008518624423862e-11
6.150132818530628692e-12
-8.054178560486648141e-13
9.025125193125324185e-14
-6.260945326932654152e-15
-4.480151282217733344e-16
1.210301059469555526e-04
-2.315138427402554868e-04
2.026863015904880607e-04
-1.627516690603941784e-04
1.202301064332737536e-04
-8.203953342494100999e-05
5.194833341334436917e-05
-3.068267134584309582e-05
1.699631646060436585e-05
-8.880235170780137260e-06
4.401687138402212183e-06
-2.082034532170076214e-06
9.453086664448633622e-07
-4.143898782899034065e-07
1.764397898909501622e-07
-7.355735512792887379e-08
3.065416828159931114e-08
-1.409240542020281435e-08
4.828547799084523193e-09
-2.117520733811945985e-10
4.084973734825513074e-10
-3.664731875680794044e-10
3.054790403345743723e-10
-2.361829763153698636e-10
1.689296533631490702e-10
-1.113632357070487492e-10
6.731576480235457392e-11
-3.704272747829849960e-11
1.836636709495810815e-11
-8.079079988890447328e-12
3.074870028007186256e-12
-9.666448070367876592e-13
2.249105103011597240e-13
-2.377569747819932306e-14
-8.270075290190172013e-15
4.986693548784922214e-15
-8.409327115017413359e-16
-1.543580463018755813e-16
4.604198227070481764e-01
6.534094293218209969e-03
-2.994584373869883746e-05
7.110957876823001519e-08
1.593603964907847675e-10
-2.100473335643312884e-12
2.342769297414895844e-15
1.118049544137630055e-16
-1.482090618820132373e-18
4.569586443934569605e-20
7.881826566909581055e-01
2.201404476869325555e-01
-9.400636734028589014e-02
2.556308345891465661e-02
2.500531839463211031e-03
-8.312584855167372277e-03
5.782101828261335813e-03
-2.321260323810365143e-03
3.096591860891540122e-04
3.374792567944621176e-04
-3.173553747612519382e-04
1.432593553813224518e-04
-2.305440092735909491e-05
-1.957415457724230522e-05
1.984512643575774490e-05
-9.205405282473509509e-06
1.278349390399400936e-06
2.163676307540126077e-06
-1.444785761513586395e-06
9.558577158443982702e-01
1.485106812130368957e-02
-2.512808870788938408e-03
4.304362954922343293e-04
-7.521734994781640660e-05
1.347882371669972002e-05
-2.475769160172822690e-06
4.631383348856365218e-07
-8.739848708327176195e-08
1.648283993796326199e-08
-3.084239123507164630e-09
5.697824501171845333e-10
-1.035812198398123506e-10
1.848217402163361169e-11
-3.228433145983785699e-12
5.502224214411787428e-13
-9.108504777772840723e-14
1.486545479075784932e-14
-2.210088292789387605e-15
9.858515348936893741e-01
1.073188114688946974e-02
-4.070175287294166416e-03
1.543665008291962007e-03
-5.854619842610023564e-04
2.220525933407407242e-04
-8.422387165445259255e-05
3.194886656541752007e-05
-1.212125822503716428e-05
4.600034585729058616e-06
-1.746503790843137773e-06
6.635579724567506545e-07
-2.523686190225341427e-07
9.612715349832357495e-08
-3.670218807216548035e-08
1.408868324544727938e-08
-5.526459182165978667e-09
2.434560178322997903e-09
-8.177656714947301578e-10
9.968136769212223580e-01
3.183780757398170427e-03
2.540292897784650260e-06
2.026863185195823213e-09
1.617204896418874026e-12
1.290430530869639917e-15
9.597714970028042041e-19
5.531519541528716080e-20
-4.090930019884908076e-20
2.948094299403617654e-20
-2.038178341377294772e-20
1.349794096996551136e-20
-8.546549549410407656e-21
5.172158493441392424e-21
-2.991404290672791081e-21
1.652789082251783009e-21
-8.875583544355830088e-22
5.024686011746663666e-22
-1.869102193874928146e-22
9.709368637040023398e-01
3.314182331108995842e-03
-2.742798284486599615e-05
1.572616524661953442e-07
-7.499622462897682753e-10
3.986273764491393187e-12
-3.325924696805108124e-14
3.623171380031831239e-16
-3.923795567655856421e-18
5.715913477716911299e-20
1.034759618989045782e+00
1.347895094116541466e-02
-2.952329591619082608e-02
1.835571355196501109e-02
-5.316509450344184332e-03
-1.338740245719892722e-03
2.651691182454890029e-03
-1.739076974830338403e-03
6.455518244927260047e-04
-4.180798551234759960e-05
-1.322772025521235190e-04
1.080551055143898768e-04
-4.605471480181068118e-05
6.653501669024817147e-06
6.541374297911034756e-06
-6.224304845745950956e-06
2.580679212982074244e-06
8.756354804660440520e-08
-4.610447518217041543e-07
1.022582439249330788e+00
-7.720802739724269385e-03
1.308904550994655341e-03
-2.177782535583707661e-04
3.497937980830507804e-05
-5.289694751058701563e-06
7.211288587212762280e-07
-7.975067022230243838e-08
4.147146758788715729e-09
1.221166697473357396e-09
-5.803174783650654848e-10
1.675132618827395042e-10
-4.069424286435880420e-11
9.003415605161854515e-12
-1.872243122328327683e-12
3.716003358555206093e-13
-7.103358388446062950e-14
1.354334852233805409e-14
-2.344393044334449949e-15
1.007147905733785542e+00
-5.460506227970719946e-03
2.085715432784525803e-03
-7.966616334231053573e-04
3.042886782762295591e-04
-1.162207527698450699e-04
4.438688366674878815e-05
-1.695025174994367129e-05
6.471585172795038682e-06
-2.470010274898343942e-06
9.422161146680154600e-07
-3.591172444496615854e-07
1.367029721882826998e-07
-5.194584749266717301e-08
1.969509636031431237e-08
-7.458384986663100617e-09
2.857446963272311195e-09
-1.212841153432100033e-09
3.967239347742017725e-10
1.001598320785766605e+00
-1.598320785766505978e-03
-6.981352876088604283e-20
6.358515289174358701e-20
-5.576896218394327180e-20
4.708699800437733322e-20
-3.825465279159939135e-20
2.988778487131564457e-20
-2.244002698468864751e-20
1.617716995927677443e-20
-1.118631488467152987e-20
7.410548598758674788e-21
-4.696625243617253410e-21
2.843596120555838330e-21
-1.643490585816173622e-21
9.094608726660605544e-22
-4.908057246411500092e-22
2.770435340424930790e-22
-1.026177237530639926e-22
1.475739348370928017e-01
