9.827352187798601424e-01
-1.115425223069537244e-02
6.209647229802497232e-05
-3.598342375280939976e-07
2.203320397911978503e-09
-1.439034594896774570e-11
1.002089625096968711e-13
-7.367476121522839443e-16
5.661371023694272444e-18
-5.256854051601625358e-20
3.540452530730697767e-01
-4.540189601602375724e-01
1.695142936553813706e-01
-2.885955266978333655e-02
-1.192815220206452399e-02
1.359288372864285097e-02
-7.153949364829646253e-03
2.397414980805352355e-03
-3.145563894891539435e-04
-2.333024924421212704e-04
2.208063314606492243e-04
-1.091482072113204144e-04
3.424612919788544646e-05
-3.364023037470660979e-06
-4.000855402159588521e-06
3.344385015470491724e-06
-1.515558979619806303e-06
3.819423115102944263e-07
-2.195802642685215108e-08
1.430693596484424769e-02
-1.591616961028032018e-02
5.301995862210379801e-03
-1.319559089534528109e-03
2.751113342051509422e-04
-5.149483451716792607e-05
9.025959741695652945e-06
-1.515824613507017175e-06
2.462587768873564700e-07
-3.874436668143501192e-08
5.877768881984510551e-09
-8.518153435849692225e-10
1.159073157600920624e-10
-1.429215895856727658e-11
1.454777439576135007e-12
-7.767494973808529630e-14
-1.545711562545724173e-14
7.762084763572517569e-15
-1.973520931975989676e-15
3.402009325280696043e-04
-6.430440268068395764e-04
5.436192868938218101e-04
-4.127761738760580895e-04
2.832540559741992159e-04
-1.769971301522379992e-04
1.015625263181596966e-04
-5.399153670625092636e-05
2.683308720586632652e-05
-1.258067367277541789e-05
5.614321409865603958e-06
-2.405413825701640108e-06
9.974715666385130899e-07
-4.033205330273739498e-07
1.600943655746778456e-07
-6.286542754149502216e-08
2.488963649526408474e-08
-1.093921181012190068e-08
3.659291353473839387e-09
-2.140761808833323636e-10
4.093525269881823859e-10
-3.575428455356630827e-10
2.847496076924988179e-10
-2.060762410023267514e-10
1.348114824499809413e-10
-7.909077887947532472e-11
4.112029783637491840e-11
-1.859541126032951942e-11
7.084499322581899006e-12
-2.133083157407375966e-12
4.248450817693345132e-13
-6.714096841072536625e-15
-3.206596758883613151e-14
1.110940603653248057e-14
-3.313937582259679449e-16
-1.003746521069755564e-15
2.372204563802483348e-16
4.992536244841727437e-17
5.595064862092569147e-01
4.044573744817226216e-03
-2.180646561890496146e-05
1.112714515503172387e-07
-5.295496847655892560e-10
2.368921844411575683e-12
-1.026397904641989220e-14
4.650388863183135426e-17
-2.191963633407525269e-19
-4.006468242578519784e-22
7.931361209969016723e-01
1.735938021862876990e-01
-5.759471291377069729e-02
1.035326597592555950e-02
3.611892514772803171e-03
-4.727582417298275066e-03
2.707445546434116869e-03
-9.876801753964114822e-04
1.521017874277520981e-04
9.468027887588341320e-05
-9.822372535298078871e-05
4.967622232842328035e-05
-1.465788578570279285e-05
6.715787147262459193e-08
2.930343969463087171e-06
-2.014107244523904631e-06
7.418313911367041126e-07
-2.641708551779349212e-08
-8.555900744352703569e-08
9.430788199167936536e-01
1.899113196120649077e-02
-3.172207820454010525e-03
5.308479447348783079e-04
-8.897756366829901950e-05
1.491850198164061003e-05
-2.496515299497675331e-06
4.158335075095694639e-07
-6.874053364599027936e-08
1.124266485387356110e-08
-1.812747997684168862e-09
2.868326614374782850e-10
-4.425463512240970507e-11
6.593493787631344987e-12
-9.334589524179678201e-13
1.217622714075919640e-13
-1.357492391790300674e-14
9.132441453441763332e-16
7.835585525137279502e-17
9.816723653086713020e-01
1.387261494482264039e-02
-5.250267743881502705e-03
1.987046526492654286e-03
-7.520409516637522945e-04
2.846346309516974908e-04
-1.077348937697195118e-04
4.078138041858702056e-05
-1.543919329099777975e-05
5.846159019890288089e-06
-2.214272513152715645e-06
8.389568599961707043e-07
-3.180025721472055661e-07
1.206003510097024554e-07
-4.577661282776424038e-08
1.742851873764205206e-08
-6.755049153726571798e-09
2.924648271286246180e-09
-9.707015801766321933e-10
9.958638230567081751e-01
4.131895422260562466e-03
4.277089058752572683e-06
4.427384758598344701e-09
4.582961778660933276e-12
4.744028576325752693e-15
4.893175389826259162e-18
1.786428841170231031e-20
-8.861288811290925119e-21
5.841339307160282957e-21
-3.624438678732185859e-21
2.120879400167523627e-21
-1.176871472442280980e-21
6.021464254926602812e-22
-2.816562601946098274e-22
1.289520750512567029e-22
-4.944673666906366317e-23
1.885314829515147599e-23
-7.470758257580997804e-24
1.092903244618993019e+00
7.571183969530477812e-04
-9.566208569100786809e-06
7.366863357442598266e-08
-4.892157929895311888e-10
3.056362722790363569e-12
-1.885784639243857022e-14
1.193351307918358198e-16
-7.912393908499734922e-19
6.146220609214796056e-21
1.073040035893880972e+00
-3.275554845700161949e-02
-3.539120273998615229e-03
6.948128280734991273e-03
-2.924837344137623356e-03
1.174145768974390377e-04
6.730985248879426926e-04
-5.205809860663382620e-04
2.186176158746470954e-04
-3.714805020428769847e-05
-2.350592653765081155e-05
2.560490065935064222e-05
-1.332571340121075277e-05
3.975668041031081356e-06
4.011416540590974972e-08
-8.687773648891574787e-07
5.846981957563476990e-07
-2.185564179943021113e-07
4.100018069367600526e-08
1.029268946350127223e+00
-9.957014742992671003e-03
1.666598836420181851e-03
-2.707979574560319684e-04
4.202434527618723541e-05
-6.105312029217192088e-06
8.046522417887284652e-07
-8.956484139312326446e-08
6.377192520516570607e-09
4.771173615605801697e-10
-3.431719623333060666e-10
1.003474228795243102e-10
-2.347111345995164083e-11
4.911432801806550953e-12
-9.562839051665358457e-13
1.762686500184906152e-13
-3.101601032869578615e-14
5.354350556128552913e-15
-8.387237917083894774e-16
1.009277652845741224e+00
-7.087353303356165937e-03
2.706995455249382697e-03
-1.033868669014028274e-03
3.948138676010552782e-04
-1.507385287054121658e-04
5.752915530467317878e-05
-2.194172846789995340e-05
8.360058792243052958e-06
-3.180392206614192875e-06
1.207254441333380181e-06
-4.568954644682481562e-07
1.722410686157960716e-07
-6.461451641452924673e-08
2.410006637797002174e-08
-8.941647368777492093e-09
3.338219418167709308e-09
-1.370590227437820368e-09
4.384124578074172042e-10
1.002074572155464027e+00
-2.074572155464146552e-03
-1.009531778932053024e-19
8.977555797924575275e-20
-7.612520080751881663e-20
6.150856096148155696e-20
-4.731338984374013076e-20
3.460715903466436061e-20
-2.403484770245738507e-20
1.582018788825894644e-20
-9.846512564020945102e-21
5.778454499195146987e-21
-3.185888939041143730e-21
1.642553399985648447e-21
-7.870776942544922285e-22
3.477808839823751992e-22
-1.409694953390876140e-22
5.491019029671201275e-23
-1.567585699293771617e-23
6.303157894736841627e-01
