9.385893049138759325e-01
-9.995562981902607336e-03
5.233949125081493748e-05
-2.847100704058197870e-07
1.626953943011692879e-09
-9.842711046536620192e-12
6.309709941205706585e-14
-4.257184794474258335e-16
3.025479078068118077e-18
-3.775952424657249117e-20
3.459504220232021421e-01
-4.353791444613065997e-01
1.568894630748791097e-01
-2.381263437549520356e-02
-1.257673432247368404e-02
1.281402649787444920e-02
-6.383903556593251323e-03
1.986303794299025018e-03
-1.775444757096066278e-04
-2.447438035811731315e-04
1.994259267567945247e-04
-9.090236162373393288e-05
2.536541217027783968e-05
-6.691035058850084898e-07
-4.148619764582980258e-06
2.918688365747629968e-06
-1.189048619385542335e-06
2.259891753058663227e-07
2.278068175898493601e-08
1.528226932286704844e-02
-1.674967212786368162e-02
5.484255613151235893e-03
-1.342843162166007650e-03
2.759435292278172879e-04
-5.099822689190024877e-05
8.834540364330057571e-06
-1.465978660237921932e-06
2.349399812744794867e-07
-3.635159332029308756e-08
5.396384848141402326e-09
-7.588846631146325288e-10
9.863253969928604168e-11
-1.119588544263005547e-11
9.198066557245488477e-13
1.123268248061590599e-14
-2.960174109856836288e-14
9.935647503227391773e-15
-2.273281250103673978e-15
3.841507293773336359e-04
-7.250810234402577971e-04
6.104248550243790254e-04
-4.604631613539927068e-04
3.132875107412475641e-04
-1.938099356143360339e-04
1.099906481135287423e-04
-5.780079264364702335e-05
2.839412714429996736e-05
-1.316281663467454780e-05
5.811901285378642043e-06
-2.466027135734396673e-06
1.013889707650993714e-06
-4.069635660834932067e-07
1.605523929045392977e-07
-6.272506280531501364e-08
2.472662839015558224e-08
-1.082511781737126815e-08
3.613278033721615722e-09
-2.118404856507863156e-10
4.046706291269785617e-10
-3.523753350635066146e-10
2.791692947399214300e-10
-2.004977977787483804e-10
1.297963618264542380e-10
-7.509417461520155889e-11
3.832485430500890564e-11
-1.689859152496938933e-11
6.206428187408494361e-12
-1.757967043797649259e-12
3.012972411735874656e-13
1.881283249121010040e-14
-3.147292802648208621e-14
8.353503667459226428e-15
5.722890790582566135e-16
-9.908710449752229395e-16
1.360585814114375692e-16
7.536531696180568462e-17
5.733564696971303887e-01
3.635042346949173605e-03
-1.860199773535490330e-05
9.136542174828441995e-08
-4.234535008592931079e-10
1.862183482748477502e-12
-7.931889947566800745e-15
3.435634901606103727e-17
-1.618917185556111045e-19
4.958572189859183624e-21
7.947889779507405494e-01
1.675949431027705661e-01
-5.326431713190719203e-02
8.458860684880237929e-03
3.939720586567590360e-03
-4.468501230601593099e-03
2.410034373716277677e-03
-8.186907746811586959e-04
9.490117568815139638e-05
9.736145841633470955e-05
-8.668286912925301797e-05
4.051595098628317792e-05
-1.061332963552766312e-05
-7.784568812578967689e-07
2.627920177885585754e-06
-1.615914931175048797e-06
5.398250601992726113e-07
1.371143602432815887e-08
-7.897971754649926737e-08
9.419846539425777987e-01
1.933758614856509808e-02
-3.224441232428998990e-03
5.378595862916296265e-04
-8.967442845475116569e-05
1.491843881105911574e-05
-2.470863912550603485e-06
4.063788133954383361e-07
-6.618549593033797821e-08
1.064025081931101136e-08
-1.681572004897333603e-09
2.597513678733865358e-10
-3.888019394502937114e-11
5.560581735117941085e-12
-7.405128419202036502e-13
8.669082962929836647e-14
-7.372122979555774110e-15
-1.805695852405605883e-16
2.548092662552827815e-16
9.813114846580646145e-01
1.414318020220671490e-02
-5.351680542855447378e-03
2.025050781633079035e-03
-7.662787705769701909e-04
2.899659895345106935e-04
-1.097294998252570626e-04
4.152651288274328278e-05
-1.571686957571524700e-05
5.949226804152072877e-06
-2.252295206056926324e-06
8.528556666060136693e-07
-3.230157020068012673e-07
1.223741848437773896e-07
-4.638713834641996627e-08
1.763014070860172535e-08
-6.817463216220869057e-09
2.942718372930881572e-09
-9.747337191185896648e-10
9.957816101797132280e-01
4.213936302827976828e-03
4.448815708004489583e-06
4.696786990017813234e-09
4.958579853466145236e-12
5.234980559159716029e-15
5.514672889884338847e-18
1.463338917064266658e-20
-6.044337872488796975e-21
3.927075127872264230e-21
-2.407542035651172124e-21
1.384840440938074552e-21
-7.470610958023389267e-22
3.814386239939377514e-22
-1.775000079936538098e-22
7.308873099318487865e-23
-3.024881046984962766e-23
1.141808731868212122e-23
-1.203399068821660628e-24
1.097858662326828938e+00
5.811101484132829903e-04
-7.539719159750604744e-06
5.613544323218033848e-08
-3.577237759504752899e-10
2.134000473101321476e-12
-1.246805587771534922e-14
7.374709441934571307e-17
-4.511374066601334624e-19
4.639342103566365786e-21
1.074654669979328681e+00
-3.411965930132982577e-02
-2.572505577892471394e-03
6.263167194973775012e-03
-2.608984331594739470e-03
7.934425976744068976e-05
5.972905998736641924e-04
-4.422872750327752839e-04
1.750582924336806408e-04
-2.331707270383892144e-05
-2.296152412100041423e-05
2.162260336830004937e-05
-1.038588930373719205e-05
2.704929667688119692e-06
2.983367951362297159e-07
-7.684089277055002090e-07
4.556427377391129539e-07
-1.431193756968564506e-07
1.681807375169169847e-08
1.029841385498625028e+00
-1.013875917970046697e-02
1.691514460614599712e-03
-2.731369674105595872e-04
4.195950574432147188e-05
-6.002747381870676142e-06
7.721536033721753014e-07
-8.200478767705738364e-08
4.890232339624565114e-09
7.342114785964541716e-10
-3.820989192213911238e-10
1.052049522119741034e-10
-2.384251582028189677e-11
4.873223032937131837e-12
-9.290815837491761927e-13
1.676794766972644019e-13
-2.883407768017368170e-14
4.838042966047878926e-15
-7.346323790752049830e-16
1.009462627447232475e+00
-7.228613469090356021e-03
2.760910069029344840e-03
-1.054427529076336053e-03
4.026396898789965859e-04
-1.537080010098611802e-04
5.864979441665259876e-05
-2.236092874425958823e-05
8.514740753606623718e-06
-3.236310172451793280e-06
1.226865843305148207e-06
-4.634696806793798327e-07
1.742942468886414865e-07
-6.518034357192234243e-08
2.421630391573589273e-08
-8.941668780357443501e-09
3.318048425269780043e-09
-1.351581472251187271e-09
4.299796401429968290e-10
1.002115942842182861e+00
-2.115942842182845594e-03
-1.024184364903875076e-19
9.082862283522800182e-20
-7.671892337968733444e-20
6.167377885871973080e-20
-4.714026789111073415e-20
3.421605761626290249e-20
-2.354633249044679192e-20
1.533224615987823565e-20
-9.423099719807713994e-21
5.449105821179293134e-21
-2.953022483131269576e-21
1.491983223677879231e-21
-6.979000685944861427e-22
2.993990831243399443e-22
-1.167134044599658880e-22
4.288669851435391091e-23
-1.161538203680292653e-23
6.528270676691729779e-01
