6.655019066568394759e-03
-5.064793659722909808e-08
1.293366287471789171e-13
-2.864876548987987845e-19
-4.882758589645447002e-23
2.564064665605410263e-23
8.365234812829829404e-24
-1.298220914383469480e-23
-7.251673449492798566e-24
7.074551560794558940e-24
6.630769785808176241e-03
-3.142666260582259344e-05
-7.207641455643902121e-06
2.301550214651344535e-08
2.617182852833895893e-09
-1.094639308025093721e-11
-8.202149874825943176e-13
4.347359106149918466e-15
2.405817399008990419e-16
-1.562568904704496574e-18
-6.641867444207548771e-20
-5.196176634457933216e-21
-5.659161347148330585e-22
1.422512629045679449e-21
-9.030068928691917570e-23
-1.927205092349763618e-22
4.080998179356672180e-22
2.568240384380278838e-22
-1.001899278803553451e-22
6.507397142868596995e-03
-9.207454033881623859e-05
-7.242171252231640000e-06
7.103776631978485052e-08
2.594102557842186251e-09
-3.515414644636281937e-11
-7.617490426251036492e-13
1.432962607274068266e-14
1.942110105390620302e-16
-5.235053212893404429e-18
-4.504962244562832298e-20
4.999188215588018681e-21
2.182780877673883661e-21
3.698866178444865830e-22
-2.462282247882736310e-21
-2.720636939983089117e-21
1.412310615031606358e-21
1.234365001721522813e-21
-3.207692391382225836e-22
4.736857327042385060e-03
-1.807716117938151660e-03
-7.892603122931456778e-05
5.453605488099727642e-05
-3.801949600817456998e-06
-7.079957256303226290e-07
1.386752007398421986e-07
-5.230546972343521419e-10
-2.366653234421911106e-09
2.329865030704999757e-10
1.789578090992260823e-11
-5.586810929471757203e-12
2.320021164558270740e-13
7.017335834630151275e-14
-1.046325249633993479e-14
-1.556195296975259668e-16
1.856648136226909297e-16
-1.462238860566445498e-17
-1.649734147440288091e-18
1.043537803072574132e-03
-1.518055420941478214e-03
4.672583398480817146e-04
8.384913665792103927e-05
-7.015847665243970122e-05
-2.178530904545163301e-05
9.990522750489111596e-06
7.417810343138529150e-06
1.410142178797886520e-07
-1.780609280069489461e-06
-8.344724425360363284e-07
7.090981408664350769e-08
2.750319995532928204e-07
1.376095816412580865e-07
-7.942330496742091997e-11
-4.257608184832330887e-08
-2.567937853041110769e-08
-2.103026775195525573e-10
4.655262970836733004e-09
9.912790471149998117e-01
3.787314687274507369e-08
-8.741800508505704728e-14
1.880545726625047232e-19
2.902870112302661194e-26
-1.413894058229425202e-25
1.109804380189417336e-25
2.088106341499760685e-25
-2.376710740151829269e-25
4.315060131955515886e-26
9.912971881337510061e-01
2.351275398068111014e-05
5.395824629864594854e-06
-1.556050447321121527e-08
-1.770200012051975769e-09
7.186702862078949820e-12
5.387717745485185716e-13
-2.800654650235351733e-15
-1.551234035054439713e-16
9.902684958107302903e-19
4.302817008032909081e-20
-2.765460515792692243e-22
-4.547268666274800092e-24
-1.009359766253597072e-23
-1.062436315608051027e-23
1.912727940824530617e-24
2.195865238482304550e-23
-2.855482016728579991e-24
-1.307377913270791685e-23
9.913896270877252670e-01
6.905734237202669793e-05
5.463325788795233296e-06
-4.810481251704650605e-08
-1.763965530052970373e-09
2.312220404166736468e-11
5.037017390424256318e-13
-9.260539129045204331e-15
-1.269047693192222391e-16
3.318450115944277775e-18
2.742536193982510133e-20
-1.191580983158457457e-21
-2.635117361216616985e-23
3.144129258374612430e-24
2.201278496409174385e-23
1.492162703519028584e-23
-1.613530627494731782e-23
-7.283086713198054210e-24
4.642633605660647548e-24
9.927695518653838480e-01
1.430433855982153482e-03
8.492417344526405332e-05
-3.823638204984792567e-05
2.393241213749578539e-06
4.844570194869174433e-07
-9.106551582000917226e-08
7.181854814846251127e-11
1.568247861545254466e-09
-1.469220983726826362e-10
-1.255525572137568908e-11
3.574405085963444465e-12
-1.246777474838068158e-13
-4.628914809410694038e-14
6.271785162840621245e-15
1.612191067448707108e-16
-1.149048675620608359e-16
7.820377650367650448e-18
1.094796065785519233e-18
9.969533400275079060e-01
2.925207338917618777e-03
1.698822330539948825e-04
-5.452037003686093441e-05
2.043296803672023165e-06
5.259531603119282328e-06
-5.903415849823957535e-07
-8.078944391539899270e-07
4.629868218842738371e-08
1.561614389027717305e-07
1.760057553277462824e-08
-2.915164023994716207e-08
-1.144194528091936186e-08
3.323731920992876398e-09
3.821786837346827573e-09
5.751738519681697443e-10
-6.692633324346324969e-10
-3.294879610977588641e-10
-1.087766901066597607e-11
1.004368761945727773e+00
-1.893899142819000984e-08
4.354811844180943155e-14
-9.320152717272954663e-20
-1.748404347764018975e-25
1.178161322623770407e-25
-1.045182130151321374e-25
-6.480264997400643178e-26
1.642446244081563955e-25
-6.163409172305682826e-26
1.004359690134345451e+00
-1.175810537905630593e-05
-2.698366194729501461e-06
7.751993041456257387e-09
8.819492976439822244e-10
-3.562150352810379981e-12
-2.670906893522671845e-13
1.379502065207973766e-15
7.643201515844142950e-17
-4.841456150542803862e-19
-2.108209877448665534e-20
1.093792624570674053e-22
1.729846013144657254e-23
1.553595960887776721e-23
9.098615246581796881e-24
-2.492559100038779125e-24
-1.760175672161050276e-23
1.883939582137123074e-24
7.343920795498773706e-24
1.004313461515496275e+00
-3.453669753638535127e-05
-2.732839490254119421e-06
2.397148522926691651e-08
8.796163258991492294e-10
-1.146753553283489812e-11
-2.502416631557785331e-13
4.566501929397281079e-15
6.282266564762331444e-17
-1.625562969224663697e-18
-1.355895811445625064e-20
5.827239649651726680e-22
2.028613058770635816e-23
-1.795780600118389248e-23
-2.297282533745632159e-23
5.924844765495249217e-24
1.459363927399017871e-23
7.377664573871056614e-26
-2.406685815201292162e-24
1.003622712525438665e+00
-7.162445774750467262e-04
-4.271472286445626558e-05
1.912619091790553489e-05
-1.186594013847722205e-06
-2.428651778821677463e-07
4.521536075051495293e-08
1.412788042210319655e-11
-7.800742950277038089e-10
7.173788667502532421e-11
6.355412694321472365e-12
-1.755138037763020422e-12
5.731628854504650554e-14
2.296772749949557181e-14
-3.012698217949912372e-15
-8.952110219483636642e-17
5.588745874837689008e-17
-3.583744676742689879e-18
-5.500067352221283959e-19
1.001526153156799381e+00
-1.466005556525839778e-03
-8.464841569450775346e-05
2.757614136908956585e-05
-1.026199817447619526e-06
-2.660815663266543233e-06
2.964486019029309725e-07
4.091272519687897432e-07
-2.294979559280915819e-08
-7.908608976974092892e-08
-9.021984354988278401e-09
1.475004472227986570e-08
5.817682180640340681e-09
-1.674677236773801803e-09
-1.938764799018040156e-09
-2.946115386410632948e-10
3.381726732384214916e-10
1.675742700432957373e-10
6.128326164959009452e-12
9.954987468671678830e-01
