2.245519971566270756e-01
-1.813795468235004471e-04
6.609416065028672250e-08
-2.430214488301435673e-11
9.050814259308049141e-15
1.482154208750308509e-19
2.459813658740189792e-18
-1.264896144138047393e-18
-7.117139082518235590e-19
2.088273877981468338e-19
1.706409416031960391e-01
-6.254302884898202408e-02
-5.198825325657885875e-03
3.368214622013333652e-03
-3.478657930337862537e-04
-7.468653472990390680e-05
2.641706414594527410e-05
-1.510900089668493664e-06
-8.038843995312235870e-07
1.990940360218345183e-07
-1.647481810066365507e-09
-7.827248496583149504e-09
1.421044906005146576e-09
7.452723307399381218e-11
-7.129391888062384081e-11
9.319821383978340498e-12
1.312167486711287744e-12
-5.930696350859127713e-13
4.987682834570308358e-14
6.308350604917348226e-02
-3.695506369165965643e-02
5.416536565706535876e-03
-4.311505927325621872e-04
-6.217414448401730648e-06
8.916894912734788680e-06
-1.821974526113074460e-06
2.386706244980017381e-07
-1.944712472682738343e-08
-8.315111041359440290e-11
3.795299342032363710e-10
-8.324463319402234125e-11
1.153502537063981763e-11
-1.025107021113570410e-12
1.339533523169036851e-14
1.627377324698293242e-14
-3.909373362917105121e-15
5.747934764103651502e-16
-5.513245591002414434e-17
5.827114125256360397e-03
-1.033434403246768010e-02
7.305222878327096922e-03
-4.229099137894695715e-03
2.064038730349486428e-03
-8.722141049754147078e-04
3.265366395655743752e-04
-1.102811401986780081e-04
3.395438056904121984e-05
-9.493843213223435862e-06
2.322316673913438220e-06
-4.257653825337846625e-07
3.802981548080137901e-09
5.223767288883573941e-08
-3.764669710722253805e-08
2.001012602365281501e-08
-9.478409471240470718e-09
4.631056874957020283e-09
-1.610296021961717930e-09
5.485944924979356834e-07
-1.014691880023084380e-06
8.001349842446081127e-07
-5.325966266349306375e-07
2.932015577529508157e-07
-1.282413568194457304e-07
4.068929268945236880e-08
-6.800076803300752737e-09
-1.041724624136276846e-09
9.076059393016089688e-10
-1.027824058947375179e-10
-8.113205343200249159e-11
2.400415701695551595e-11
7.773279173561114177e-12
-3.808535515918478252e-12
-9.555031373022098383e-13
5.908442137405329660e-13
1.266263469270705482e-13
-8.462812208077387756e-14
8.271026069830923477e-01
7.917334976708758948e-05
-2.517274356153110284e-08
8.800211127577345714e-12
-3.226642940192307891e-15
2.090722102628790809e-18
-4.314393607029573866e-20
-8.729268848342289031e-20
-6.083712686895657916e-20
3.082505237907911434e-20
8.521323649677166046e-01
2.952919725406757609e-02
3.111459719835426956e-03
-1.389632025085969346e-03
1.172851951307023129e-04
3.020552559517841615e-05
-9.464942662631077415e-06
4.734035061130541788e-07
2.877856165602734273e-07
-6.921284543453539884e-08
5.612637090247591939e-10
2.721124687824473851e-09
-5.030611912485586638e-10
-2.367230061924576651e-11
2.506097343605060383e-11
-3.431389296680140482e-12
-4.405080600458538757e-13
2.140323996751619173e-13
-1.944560815266112325e-14
9.092599759352957278e-01
2.337744032185258211e-02
-2.265436194224126377e-03
1.120035658494570577e-04
1.202025161972363112e-05
-4.224552550650543537e-06
6.884233613389783328e-07
-7.677952582428720170e-08
4.988593255087223879e-09
2.309619916406892170e-10
-1.392173676508917225e-10
2.705349988294830552e-11
-3.568616945889255316e-12
3.102663096935492933e-13
-4.062508635773772430e-15
-4.924074455429179329e-15
1.207113498584198957e-15
-1.842340136493378036e-16
1.892096025685177411e-17
9.680577975188892070e-01
2.382857882222319187e-02
-8.812037812715712431e-03
3.210193895623989543e-03
-1.141889949288979553e-03
3.921499336323831580e-04
-1.281690563904838340e-04
3.907931981721789134e-05
-1.074569619505025462e-05
2.464558510571175210e-06
-3.448785626220544585e-07
-6.955755704007207089e-08
8.943408164510935324e-08
-5.216615875707896424e-08
2.453643085375183451e-08
-1.036259925372636795e-08
4.135457510098678076e-09
-1.734341370605362755e-09
5.532470331354992821e-10
9.927052273159772122e-01
7.281444950278122448e-03
1.330338464247543912e-05
2.430384352833075584e-08
4.571926881361456837e-11
-8.062210555387921648e-13
5.439480604904936579e-13
-2.993632191779169683e-13
1.460814426866467714e-13
-6.186742955980944401e-14
2.191212068699631098e-14
-5.998030604617919216e-15
9.832509320702833874e-16
7.662749502207459082e-17
-1.090635886062567472e-16
2.956923045477200922e-17
1.012932111050402296e-18
-3.046916594121749428e-18
7.231942164755632222e-19
1.083975459872909441e+00
-3.062932322083062838e-05
6.763142953304043900e-09
-1.372020769587996851e-12
1.804085645899057221e-16
-1.241856797174885388e-19
-2.003687839505429985e-19
4.731305962906785491e-21
-1.017004835092022721e-19
1.343150273711377641e-19
1.073350870203820584e+00
-1.279275864413000410e-02
-1.667335190940029237e-03
5.289886806856832586e-04
-1.708028924482078522e-05
-1.291711734907452080e-05
1.944034999075695470e-06
1.730644404335955057e-07
-7.656215581133023131e-08
1.588938171590567827e-09
2.501335582651192162e-09
-2.817048218746569845e-10
-7.687438796246510452e-11
2.087778111099599800e-11
1.062299365810027908e-12
-1.148629466728810245e-12
1.163831624561157944e-13
3.797014817107170052e-14
-1.160769900307945250e-14
1.046572834716051226e+00
-1.178195456951138323e-02
1.026656221711137653e-03
-2.401725773764228466e-05
-1.089242520383858140e-05
2.441751765439504122e-06
-2.991491133190574461e-07
1.924639810877674556e-08
1.096285046384903106e-09
-5.429779748892379272e-10
9.150662849330370613e-11
-9.295604407458839659e-12
2.974537367865533860e-13
1.063941391422504729e-13
-2.801467598192150050e-14
3.995245850057603752e-15
-3.302350815329343472e-16
-6.427420249316884892e-18
7.464356725082143559e-18
1.016288481299259194e+00
-1.231548536629720365e-02
4.603045792355552751e-03
-1.686950782644680612e-03
5.993840958449396300e-04
-2.034205143078425711e-04
6.460942388949806453e-05
-1.858208360525255226e-05
4.508407908177945737e-06
-7.161465627047923320e-07
-8.415376180022019601e-08
1.481400676844683259e-07
-9.043652206210845686e-08
4.310275534654916081e-08
-1.811419955447606540e-08
7.004042444241840758e-09
-2.554740991058057759e-09
9.561185337805033302e-10
-2.802091285231198454e-10
1.003667438897886344e+00
-3.667438896986585130e-03
-1.657263292571544934e-12
1.341822439143749064e-12
-9.946994725485598750e-13
6.723034322588023277e-13
-4.117689072985237200e-13
2.265020474135945577e-13
-1.104082816619823159e-13
4.668760956648325872e-14
-1.649623274533058768e-14
4.495439833652627512e-15
-7.270242766449590364e-16
-6.266592651172231477e-17
8.307092540846388679e-17
-2.214289814362546801e-17
-9.081471009764372451e-19
2.325020158799379452e-18
-5.399122530019904363e-19
9.054536340852130660e-01
