1.006174108796343614e+00
-1.177677181693946411e-02
6.749419220952593886e-05
-4.030637417379648313e-07
2.551998149708841220e-09
-1.730775481818993349e-11
1.255637950304904476e-13
-9.632224662404295892e-16
7.736576219257625753e-18
-4.483863532271156192e-20
3.584240176316675353e-01
-4.638531570916784030e-01
1.761471346845178976e-01
-3.153719844850312592e-02
-1.155654634049995549e-02
1.398566941146817469e-02
-7.556264814459862436e-03
2.617343575554147150e-03
-3.906821218203941019e-04
-2.249752572652712675e-04
2.312849130056203017e-04
-1.187344163178320744e-04
3.910183973431673366e-05
-4.929897405036489143e-06
-3.849804273053788827e-06
3.544616023847476063e-06
-1.685432077590039964e-06
4.689111369996261705e-07
-4.851009391908591292e-08
1.383447172585121863e-02
-1.550828973629831374e-02
5.212136383831983584e-03
-1.308116599151057553e-03
2.747534919009100634e-04
-5.175964761305785632e-05
9.125313015251127478e-06
-1.541407070412513935e-06
2.520242043865474621e-07
-3.995733962633003318e-08
6.121253461863433026e-09
-8.988201214509314782e-10
1.246618255489206727e-10
-1.586705508883738387e-11
1.728374630486970397e-12
-1.234902656634132233e-13
-8.091125752704372334e-15
6.611738991050585837e-15
-1.811383680240875117e-15
3.194926382986299851e-04
-6.043398206830045884e-04
5.119825451462975885e-04
-3.900595035562874884e-04
2.688371096306340128e-04
-1.688538597448482621e-04
9.744004961015576157e-05
-5.210908290129036399e-05
2.605372305057366457e-05
-1.228721686763333771e-05
5.513890629070029768e-06
-2.374425622859771120e-06
9.890722951446873776e-07
-4.014803185157767395e-07
1.598843613242406555e-07
-6.295321006904977058e-08
2.498163355084224170e-08
-1.100213065374442261e-08
3.684470442957576516e-09
-2.141211285454967254e-10
4.096492388154604083e-10
-3.583620358688891358e-10
2.861670198732001568e-10
-2.079129252082046280e-10
1.367405082441677615e-10
-8.079261736066960885e-11
4.240065862714289378e-11
-1.941879834535810986e-11
7.533092202266137445e-12
-2.335180956188332331e-12
4.960812586657697312e-13
-2.351809452702808752e-14
-3.132057874611062943e-14
1.246903049892618726e-14
-8.984116739823925389e-16
-9.653500970551380444e-16
2.892925967887611234e-16
3.137585190130854717e-17
5.523294786380097410e-01
4.262241025988572352e-03
-2.352948955467135556e-05
1.219393968186409039e-07
-5.851537393393817203e-10
2.623500427980428402e-12
-1.139931689142114296e-14
5.302528934976863494e-17
-3.342175750971693011e-19
5.894124784585584883e-21
7.922992514907936101e-01
1.766676727187791451e-01
-5.984718076291545980e-02
1.136081599036874515e-02
3.423940727431116528e-03
-4.856811184252560198e-03
2.863940145987041181e-03
-1.078964937020255839e-03
1.840382439877262109e-04
9.257572731714902635e-05
-1.043134830596114515e-04
5.471199052130387946e-05
-1.694442497402011543e-05
5.702120605282636153e-07
3.090122310171514114e-06
-2.239724993332942236e-06
8.590092350690927867e-07
-5.040615335073539327e-08
-8.915086944641679349e-08
9.436370172896508812e-01
1.881349530303150566e-02
-3.145074598791988956e-03
5.270902655300004633e-04
-8.856885601311525959e-05
1.490537361948980333e-05
-2.506763849997908065e-06
4.201092677749573346e-07
-6.994764463455567649e-08
1.153438116590421403e-08
-1.877350098585022741e-09
3.003426914338780508e-10
-4.696467112306749232e-11
7.119384462515110641e-12
-1.032617159299826703e-12
1.399614005327475484e-13
-1.682819782676796468e-14
1.494563988638430657e-15
-1.674233525622526117e-17
9.818561729636058333e-01
1.373476725169041866e-02
-5.198583528297444530e-03
1.967670903496410856e-03
-7.447788001856853754e-04
2.819136061685596382e-04
-1.067159385226040309e-04
4.040018157913330697e-05
-1.529682368283727254e-05
5.793135385296255273e-06
-2.194612574776509198e-06
8.317173182147515960e-07
-3.153638073356029559e-07
1.196527166860048586e-07
-4.544350144871204724e-08
1.731500701680408691e-08
-6.718000684151066827e-09
2.912640421839521670e-09
-9.676104137654871361e-10
9.959056847738718687e-01
4.090119984030883386e-03
4.190943440465863042e-06
4.294252244412312686e-09
4.400107628457796473e-12
4.508598626034125045e-15
4.599506191891655708e-18
1.956257358683792804e-20
-1.033218070872033609e-20
6.841046799868365532e-21
-4.279872892194501089e-21
2.524153173746010449e-21
-1.400872155308971814e-21
7.294152284828506108e-22
-3.460717926682568529e-22
1.579801151775643275e-22
-7.421203406365346413e-23
2.653938071028124774e-23
-3.041198295203611917e-24
1.089937400376802756e+00
8.599385122429428112e-04
-1.074837382380146077e-05
8.401522858018243830e-08
-5.681953868783070165e-10
3.625068634925894352e-12
-2.295936937578958182e-14
1.503351233487091039e-16
-1.055930827301090923e-18
1.134722727666877735e-20
1.072108366468259133e+00
-3.188628536693526722e-02
-4.131610444113693707e-03
7.341163051498638195e-03
-3.099022789846383932e-03
1.364218386510146150e-04
7.162821505637375274e-04
-5.647449670088456643e-04
2.433864419663442228e-04
-4.522815922740278924e-05
-2.363575390574432079e-05
2.780367719215204298e-05
-1.500627486473417522e-05
4.726455604721535567e-06
-1.263082373681928422e-07
-9.186834042767058956e-07
6.581166504805362340e-07
-2.639945612409434434e-07
5.621119529633751947e-08
1.028976716575216388e+00
-9.863385833413335427e-03
1.653408507807379354e-03
-2.694353100435395052e-04
4.201051540331515261e-05
-6.146694115253166174e-06
8.189810827589353793e-07
-9.300042026767180861e-08
7.062562874402389456e-09
3.578894688402192741e-10
-3.251343280177976278e-10
9.812657789387099889e-11
-2.331429883716979849e-11
4.934405241309298241e-12
-9.704082537115821292e-13
1.806431814650368128e-13
-3.212258090012225970e-14
5.616523955549599471e-15
-8.917479311806835049e-16
1.009183463943701176e+00
-7.015419374431465169e-03
2.679536711572305142e-03
-1.023394938277517917e-03
3.908246407473087375e-04
-1.492231542784084664e-04
5.695614578330888137e-05
-2.172666788403276899e-05
8.280274861950976087e-06
-3.151304806112826560e-06
1.196917438124989741e-06
-4.533570088423402560e-07
1.710964978090401201e-07
-6.427715216085193645e-08
2.401736933323274826e-08
-8.930785608225636392e-09
3.343540040079628943e-09
-1.377802574119630157e-09
4.418267953961521554e-10
1.002053507075455707e+00
-2.053507075455683357e-03
-9.915318424629833638e-20
8.829904437072207053e-20
-7.502233958735936406e-20
6.077515280793988535e-20
-4.690098957248178393e-20
3.444050741860900624e-20
-2.403109400936144508e-20
1.590479686658220021e-20
-9.962824238044617106e-21
5.890497804619431578e-21
-3.276015309101052362e-21
1.706299612451255851e-21
-8.275446223738816458e-22
3.710769597014206105e-22
-1.533384740181693851e-22
6.142555998465135619e-23
-1.796005191711696980e-23
6.178095238095238084e-01
