1.400959673320220311e+00
-1.931694740433873708e-02
1.180223235988175445e-04
-7.520115280060444860e-07
5.574139231008362974e-09
-4.912874166817388657e-11
4.810905306937852845e-13
-4.897283819625074800e-15
5.029302016007695978e-17
-4.806956800079936164e-19
4.535630634929582738e-01
-6.397942422107110172e-01
2.767005777243096154e-01
-6.396304329158675195e-02
-1.197930272409777723e-02
2.207099392969771173e-02
-1.343751508479727741e-02
5.075437617420537791e-03
-8.581625698122691877e-04
-4.217540712819395940e-04
4.624997394684501276e-04
-2.324301344465419755e-04
6.641040266039598898e-05
5.118699921282103093e-07
-1.277464048518919397e-05
7.946255358320192537e-06
-2.393127753792009466e-06
-4.381338277865794436e-07
5.803716030126809233e-07
9.377636780539150632e-03
-1.172008695135664386e-02
4.493337129970320989e-03
-1.278705546554316117e-03
2.998713065334502638e-04
-6.195422090901906082e-05
1.179523393948434586e-05
-2.130989736219967727e-06
3.716910616158824196e-07
-6.311163797344848174e-08
1.045529539382114100e-08
-1.687039092256365363e-09
2.638994481751759989e-10
-3.969653976189832452e-11
5.662496001205974674e-12
-7.457035726576336097e-13
8.505509697232158303e-14
-6.447147087934668653e-15
-2.379676993162247542e-16
1.323268160851823346e-04
-2.528330827174801601e-04
2.206048204347248274e-04
-1.761783031709282282e-04
1.292075236713396611e-04
-8.739500549510998155e-05
5.479085016356230681e-05
-3.201342435843450041e-05
1.753360112222314806e-05
-9.055927383842893389e-06
4.437810626690012838e-06
-2.076115539031242442e-06
9.329001188623147984e-07
-4.050826220870984461e-07
1.710184756274887893e-07
-7.076844273740078873e-08
2.930074490094799054e-08
-1.339310676607215041e-08
4.575024690034444000e-09
-2.080885278446598549e-10
4.010739347863351581e-10
-3.588485369615908335e-10
2.977633329123850741e-10
-2.287118289861921781e-10
1.621567598183447295e-10
-1.056969321329102762e-10
6.298314347545767457e-11
-3.403859197393011154e-11
1.649295759021426661e-11
-7.039518188229288999e-12
2.569669086373418147e-12
-7.572414978693140793e-13
1.545566094925631065e-13
-6.925520718389219830e-15
-9.694280112048823431e-15
4.036218185043231423e-15
-3.527507569775743753e-16
-2.403598187065967329e-16
4.651912016079292611e-01
6.578810553149816789e-03
-3.316127202082717190e-05
1.046721483619127799e-07
-1.862773763131827350e-11
-1.790996871509830712e-12
4.720143962289229673e-15
1.057861393879369926e-16
-1.755948574161910946e-18
8.625062034961768845e-21
7.868754002043918394e-01
2.164821682774372147e-01
-9.095484993184987932e-02
2.477987160291035204e-02
1.961412523230349290e-03
-7.624809573959122171e-03
5.446416457292882311e-03
-2.302081355195519791e-03
4.120779546962346704e-04
2.482685631160836044e-04
-2.795168070885163517e-04
1.418134923418522026e-04
-3.386305707641986827e-05
-1.058597086850189470e-05
1.605167330462634669e-05
-8.872925733452147309e-06
2.086595538224319494e-06
1.370667923296566842e-06
-1.117293674514889102e-06
9.538272881003189152e-01
1.551435769451811782e-02
-2.619994754316592317e-03
4.472220515613926288e-04
-7.764880110064119919e-05
1.376941290557546524e-05
-2.492322655837724017e-06
4.579981987741466882e-07
-8.477126179703676700e-08
1.568011640501448087e-08
-2.880343083847045463e-09
5.231036600510346153e-10
-9.362231093155909401e-11
1.646823396881919809e-11
-2.838896706989324850e-12
4.778565849951459413e-13
-7.815989565678139843e-14
1.259612613576221056e-14
-1.850247490290033092e-15
9.851902421203199145e-01
1.122975540206992175e-02
-4.257586044569597848e-03
1.614207571518552634e-03
-6.120138428143041430e-04
2.320464841988433404e-04
-8.798557550459311035e-05
3.336487254491821592e-05
-1.265434756280483341e-05
4.800763462957528893e-06
-1.822099341091214155e-06
6.920297551390432590e-07
-2.630895998409827331e-07
1.001607454625892903e-07
-3.821711305672739490e-08
1.465659514403089361e-08
-5.741148945142885861e-09
2.523814739685524765e-09
-8.464976248350932634e-10
9.966636440028653343e-01
3.333569283885143460e-03
2.784385629104643125e-06
2.325676376185777325e-09
1.942536370566567430e-12
1.622592462602184461e-15
1.293719992733285822e-18
4.884033307953310096e-20
-3.554358335864432741e-20
2.539704257434331434e-20
-1.738063665719623548e-20
1.137444196967481109e-20
-7.106105392420376373e-21
4.234902480398193707e-21
-2.405828556345263386e-21
1.302457021912194085e-21
-6.828077046534830125e-22
3.746965770347190958e-22
-1.373880653841795792e-22
9.920313894698182811e-01
3.090897556619619322e-03
-2.810108917267223783e-05
1.804572762836946617e-07
-9.882340014068752396e-10
5.729260041601572428e-12
-4.549030927594498195e-14
4.737326732371326535e-16
-5.205988687825444324e-18
4.933356621403849745e-20
1.041962575293672089e+00
4.568707900634615474e-03
-2.505495920172026714e-02
1.695667377382450297e-02
-5.460277542829050298e-03
-8.018348932948663214e-04
2.267713758793111004e-03
-1.599827452815658730e-03
6.530918479271869727e-04
-8.968064907306387340e-05
-9.750119199213953998e-05
9.555664956700301454e-05
-4.682356462609980365e-05
1.100553568025889622e-05
3.361872122185645735e-06
-5.012344351978737157e-06
2.585352371097997448e-06
-3.769491712563851810e-07
-1.896407267770437093e-07
1.023641308344519718e+00
-8.082220428171794230e-03
1.370072805132712193e-03
-2.280317545673504558e-04
3.669834706730505761e-05
-5.585686269348132873e-06
7.754435007815189239e-07
-9.061093519248493417e-08
6.483522260627893881e-09
6.994557542689116081e-10
-4.634132259527586232e-10
1.417616033309339845e-10
-3.516994808991933619e-11
7.852937157593168885e-12
-1.639762092260959655e-12
3.260099876711531645e-13
-6.235104513856848116e-14
1.188912482864409653e-14
-2.058329815249833525e-15
1.007483253033675030e+00
-5.716685769045859108e-03
2.183564391969051218e-03
-8.340341109689445274e-04
3.185616594315403261e-04
-1.216709702554335111e-04
4.646751986534307605e-05
-1.774416908710854692e-05
6.774290056425246980e-06
-2.585286531471351389e-06
9.860372759389332381e-07
-3.757336264470730567e-07
1.429826343824080586e-07
-5.430913891920925776e-08
2.058028741475640776e-08
-7.788780738654177195e-09
2.981973192071010585e-09
-1.264777294661936139e-09
4.135391777170204055e-10
1.001673307244247635e+00
-1.673307244247603659e-03
-7.005847108514400046e-20
6.365636284922756114e-20
-5.564402886886885234e-20
4.677676068142729273e-20
-3.779759329770815206e-20
2.933943875074710025e-20
-2.186057538084153230e-20
1.562035347384872421e-20
-1.069190428293778496e-20
7.001248234858867181e-21
-4.378980422296070253e-21
2.611604457841288324e-21
-1.483330689352086808e-21
8.039770173151618001e-22
-4.229125712687986025e-22
2.317942063033567358e-22
-8.441242924780650876e-23
2.701353383458646729e-01
