8.864743023869506855e-01
-8.671297370411057415e-03
4.178131920636722911e-05
-2.086664654842361792e-07
1.088084238249848879e-09
-5.958703118165003197e-12
3.432966133843889313e-14
-2.073148640037354557e-16
1.403105929012118934e-18
-7.282899487534521112e-20
3.365687251149266923e-01
-4.130632973375081840e-01
1.417987893517825837e-01
-1.793775030411804555e-02
-1.319632656073883512e-02
1.181227784582496339e-02
-5.460868504748558720e-03
1.517153580504387216e-03
-3.351158613049002780e-05
-2.485364920427603707e-04
1.712615601089980267e-04
-6.959638130312510382e-05
1.580451667207142559e-05
1.849570009492831500e-06
-4.027550907761784260e-06
2.340484972439463551e-06
-8.135168522177118830e-07
7.261146972742168582e-08
5.950513670013675416e-08
1.659260010317991502e-02
-1.784997427605751474e-02
5.720760842164441563e-03
-1.372651677375220491e-03
2.769988266457563291e-04
-5.036786221043374026e-05
8.590908232181415389e-06
-1.402227220649307668e-06
2.204061739932896372e-07
-3.327502878689716901e-08
4.778501709046658584e-09
-6.401572878155812466e-10
7.672495438889327613e-11
-7.308941194523204490e-12
2.571425759507057038e-13
1.194398072519971704e-13
-4.640800065933841532e-14
1.242362963139413845e-14
-2.598850919840815608e-15
4.458286606248035061e-04
-8.399821739190195622e-04
7.034570343412973811e-04
-5.262737413824052904e-04
3.542522217143996566e-04
-2.164282901084318338e-04
1.211576616440663504e-04
-6.276726337386689546e-05
3.039619555226073325e-05
-1.389741973588851325e-05
6.057423413968429636e-06
-2.540314042348984733e-06
1.033783503860112127e-06
-4.113448107793844036e-07
1.611052595151482056e-07
-6.256163891244963104e-08
2.453405809272569777e-08
-1.068923908008870460e-08
3.558241122269383590e-09
-2.026858839055841337e-10
3.866983697971377246e-10
-3.354451865743734495e-10
2.640252896671042387e-10
-1.878145045329939935e-10
1.199978948873348524e-10
-6.821415177180017409e-11
3.400144700286907006e-11
-1.451123686449810776e-11
5.077379797926325055e-12
-1.320093877748836183e-12
1.746098284685805816e-13
3.812667179936758955e-14
-2.763304969231032400e-14
5.013506672717895903e-15
1.290345304689349347e-15
-8.425514133632458504e-16
2.505787021494871368e-17
8.656561663701257902e-17
5.901588979794876177e-01
3.161215261337573315e-03
-1.501696493906608926e-05
6.949311331267810826e-08
-3.069708894480943525e-10
1.297947669482060098e-12
-5.323213241965096082e-15
2.184837162361502390e-17
-1.032528225288357613e-19
-1.025462153711773486e-20
7.968475106184020884e-01
1.601633540483853868e-01
-4.802855371517646133e-02
6.260230453797042786e-03
4.262030383129424005e-03
-4.130128311355975128e-03
2.056467256202427520e-03
-6.279442091413677072e-04
3.495672230139394373e-05
9.728897708211609713e-05
-7.277508419704117838e-05
3.039715127567705765e-05
-6.437544234548181021e-06
-1.518509725361330244e-06
2.238236812148076327e-06
-1.187421829805597729e-06
3.372462835544462692e-07
4.736522922033710346e-08
-6.911248500283032369e-08
9.406008136048800150e-01
1.977200891659767687e-02
-3.288472668627981724e-03
5.459855384849598807e-04
-9.034157196622027107e-05
1.486640804295810674e-05
-2.427428830851326997e-06
3.923372943917729170e-07
-6.259408433055481761e-08
9.821371166715067689e-09
-1.507512396356741968e-09
2.245056957114969337e-10
-3.200298133287604602e-11
4.259874497433920420e-12
-5.014637253460041324e-13
4.399470250843467701e-14
2.936571064163966386e-17
-1.452668276747268442e-15
4.543300919590320393e-16
9.808538176800359887e-01
1.448615527773046072e-02
-5.480169947974162722e-03
2.073173395688597976e-03
-7.842932805441979330e-04
2.967039968123121583e-04
-1.122460778690958648e-04
4.246414058787332537e-05
-1.606483533120675340e-05
6.077570467991044396e-06
-2.299198623711714910e-06
8.697672194401543274e-07
-3.289965880531533876e-07
1.244314664714611662e-07
-4.706636696557347140e-08
1.784015289062832196e-08
-6.874791610557728940e-09
2.954207004048604232e-09
-9.756604455631337422e-10
9.956773033533861117e-01
4.318020045678225630e-03
4.671541455906165381e-06
5.054006082287652269e-09
5.467783530940091383e-12
5.915444776327901852e-15
6.394130502178634554e-18
1.092001485197845913e-20
-2.679236226501522005e-21
1.755122180827209211e-21
-1.056512449468483101e-21
5.743063741056347606e-22
-3.088318046964114042e-22
1.574245321359632408e-22
-6.627789196633846143e-23
2.985823561078233003e-23
-1.253007109528260297e-23
2.194302820742600961e-24
2.046448152304157845e-25
1.102730297921057145e+00
4.031959514392907066e-04
-5.508648872796251114e-06
3.907240590094679367e-08
-2.345551824261430691e-10
1.310597720259345907e-12
-7.114868087317950163e-15
3.863558231520063507e-17
-2.093132632149094823e-19
-3.777029106453285241e-21
1.076358127585928637e+00
-3.530387689013063379e-02
-1.663084890198125287e-03
5.542060610218018171e-03
-2.259740972126510466e-03
3.495169476589720254e-05
5.148652415348959092e-04
-3.578514571177240033e-04
1.293793698470358867e-04
-9.814380176194710518e-06
-2.159549141061936248e-05
1.715955913277932831e-05
-7.331908449220811006e-06
1.482191896333747930e-06
4.921192853067898170e-07
-6.343531628703598587e-07
3.196193228594300436e-07
-7.339121828026366279e-08
-3.026749095267757038e-09
1.030564686368214744e+00
-1.036511547139775183e-02
1.721214247492160437e-03
-2.754725202216144514e-04
4.171084542793964946e-05
-5.835721018571466548e-06
7.237550697322925112e-07
-7.116261698493202539e-08
2.805396943602307324e-09
1.088756101907156171e-09
-4.349989515886307896e-10
1.116936420694687861e-10
-2.431896041420416841e-11
4.817355390795464686e-12
-8.921371128395725073e-13
1.562436049330764483e-13
-2.597183429559712732e-14
4.170949415338447133e-15
-6.019009617302423505e-16
1.009697296778137687e+00
-7.407804824685297086e-03
2.829285104549634101e-03
-1.080486935969040847e-03
4.125490886831105616e-04
-1.574608422829233939e-04
6.006126747176337218e-05
-2.288592421971849612e-05
8.706687486948260722e-06
-3.304699318101208744e-06
1.250307342100783656e-06
-4.710387561995271887e-07
1.765046443242348521e-07
-6.570532652305012057e-08
2.427324859847792303e-08
-8.900659685443094076e-09
3.274104587970100090e-09
-1.318519591851056240e-09
4.161317639309896130e-10
1.002168431756031763e+00
-2.168431756031738260e-03
-9.789434643725186183e-20
8.651886562054018210e-20
-7.272398094413732011e-20
5.809150583534376959e-20
-4.405057858084202753e-20
3.166619321277343870e-20
-2.154200510637520710e-20
1.383774957732817741e-20
-8.370059980058421102e-21
4.750601384704277589e-21
-2.518621124956583390e-21
1.239895380086223233e-21
-5.621807867564159879e-22
2.320467279197069029e-22
-8.590239235128879638e-23
2.911791312446532662e-23
-7.277482178276623493e-24
6.778395989974936864e-01
