1.472373383651499834e+00
-1.930379855645952131e-02
1.076274895193033663e-04
-6.199481317493201652e-07
4.287526692131316791e-09
-3.639291543919335481e-11
3.422537735754236712e-13
-3.293245477796502881e-15
3.164109256010810264e-17
-2.611022166556847742e-19
4.784930505570416659e-01
-6.775283225442546575e-01
2.913101951403617162e-01
-6.408804102828050131e-02
-1.562053156406659205e-02
2.451718690315808635e-02
-1.411325064876135446e-02
4.858881796369171786e-03
-5.007304142212666738e-04
-6.297757730319023320e-04
5.195393098452882755e-04
-2.181141003916257232e-04
4.021801367277288855e-05
1.621573868375580522e-05
-1.755551291019947490e-05
7.505584455805549317e-06
-9.911382386666074458e-07
-1.328760962269203525e-06
8.609609231036516479e-07
9.140201649509268125e-03
-1.162450443762634220e-02
4.556742151151736871e-03
-1.324899102224143905e-03
3.166102240205060769e-04
-6.642838378448324629e-05
1.279935621911609806e-05
-2.333480904545299434e-06
4.098642581197828262e-07
-6.998632296221185766e-08
1.164881595409775417e-08
-1.886825977873709145e-09
2.959282025431811405e-10
-4.454346497861896986e-11
6.335224938393622605e-12
-8.256537307898352994e-13
9.132434256161915591e-14
-5.931201247137224949e-15
-5.864435978527257066e-16
1.171711821309671481e-04
-2.242297963576477373e-04
1.965612919453626508e-04
-1.581605967664266837e-04
1.171621119560543048e-04
-8.021430678991435634e-05
5.098649110508565778e-05
-3.023967254104642646e-05
1.682402359688953518e-05
-8.829343044915354810e-06
4.395806813786406941e-06
-2.088151884895104316e-06
9.519164205555700751e-07
-4.188378189183582926e-07
1.789285009068824819e-07
-7.481391650827160656e-08
3.125809027687031786e-08
-1.440275900486189725e-08
4.940826199521285988e-09
-2.136205524637587750e-10
4.122420271928794711e-10
-3.702132256451344457e-10
3.091354796605251863e-10
-2.396105979811971084e-10
1.719566416898325577e-10
-1.138482207092648980e-10
6.919319591751483428e-11
-3.833702090883688950e-11
1.917350597720898467e-11
-8.529543533805637352e-12
3.296473091701474649e-12
-1.060438125557842044e-12
2.575733657880980713e-13
-3.220412935772724663e-14
-7.235815928650300060e-15
5.310134902185418513e-15
-1.064764712163406965e-15
-1.029527987038289356e-16
4.590618985579955069e-01
6.492186137614298913e-03
-2.850522854388539776e-05
5.841975142707436245e-08
2.110687930780821233e-10
-2.077365721009168199e-12
1.055362938746110441e-15
1.106504300402437932e-16
-1.260347669515515834e-18
-1.298355811755168995e-20
7.888623409748928283e-01
2.214808859277987152e-01
-9.512720324177735554e-02
2.577607148145494992e-02
2.784369445966075780e-03
-8.608885302941101172e-03
5.905501376155246340e-03
-2.309635839779018880e-03
2.556073278885940235e-04
3.773203910645459252e-04
-3.313033153971489588e-04
1.414008455087339034e-04
-1.715122963088023443e-05
-2.361620519065579633e-05
2.118813845213567582e-05
-9.055891214182298940e-06
8.059534240997523373e-07
2.482567113370746094e-06
-1.549360348311964024e-06
9.567269356558099069e-01
1.456674405470125000e-02
-2.466814725319790673e-03
4.232296723795670726e-04
-7.417431960871571212e-05
1.335490822318756242e-05
-2.469096933273780946e-06
4.655136927675410125e-07
-8.858083258413457044e-08
1.684278723926700384e-08
-3.175644201739851273e-09
5.907148918172531342e-10
-1.080471034519467416e-10
1.938457002932797949e-11
-3.402638138097292120e-12
5.824725792289688719e-13
-9.681217462464882305e-14
1.586095509357250311e-14
-2.365808598629352141e-15
9.861343874618156979e-01
1.051882669751054780e-02
-3.989938972752314628e-03
1.513449245012815202e-03
-5.740835528331106417e-04
2.177678525920924435e-04
-8.261036303282423077e-05
3.134123781539119660e-05
-1.189241199564402906e-05
4.513835696566663966e-06
-1.714031876253818113e-06
6.513254673011269532e-07
-2.477618423796179865e-07
9.439374071486081566e-08
-3.605107215853241966e-08
1.384453484216564737e-08
-5.434116660720306249e-09
2.396133520154461547e-09
-8.053862172173997419e-10
9.968778201411345741e-01
3.119738640006836095e-03
2.439310080067114466e-06
1.907285947224081011e-09
1.491298483746906524e-12
1.166130129325657100e-15
8.383030398143962156e-19
5.822142978821600550e-20
-4.328444345913460939e-20
3.132437046767393461e-20
-2.171224193585017344e-20
1.446499701153339179e-20
-9.190780957383006474e-21
5.605676658536436717e-21
-3.247378493323563408e-21
1.825873809862292785e-21
-9.792240915458716828e-22
5.685106564334547903e-22
-2.078316841237019028e-22
9.622896548635526681e-01
3.384957500046010311e-03
-2.689969772310972764e-05
1.465429300227744940e-07
-6.549098378112657025e-10
3.354223936236390405e-12
-2.882558300432326261e-14
3.183075553134297571e-16
-3.363436005895267997e-18
2.218092680620169339e-20
1.031707812889586018e+00
1.721104836947042263e-02
-3.133024009197811488e-02
1.885829385269625555e-02
-5.196958891589641312e-03
-1.585821458369145870e-03
2.808656333783623657e-03
-1.784721599762255015e-03
6.322077995690016930e-04
-1.726853208009776310e-05
-1.472007144166795421e-04
1.120900953791140365e-04
-4.462565249758298342e-05
4.317884403364433437e-06
7.933393452002727127e-06
-6.623142149737621344e-06
2.483269370244322914e-06
3.163783837111590576e-07
-5.779300858170704056e-07
1.022129229712404053e+00
-7.565865330476724722e-03
1.282562394291504289e-03
-2.133188676846881711e-04
3.421898649020276148e-05
-5.155684373481961318e-06
6.959444333824389859e-07
-7.463140371280030866e-08
3.039560128577402950e-09
1.467907022493005022e-09
-6.352675692244278581e-10
1.795302511675027255e-10
-4.325350468469473176e-11
9.532647317700307848e-12
-1.978434158813643409e-12
3.922711075570252749e-13
-7.493780639654238896e-14
1.427939060474058012e-14
-2.470258007850708226e-15
1.007004435084659866e+00
-5.350905322624164781e-03
2.043852537844121318e-03
-7.806722246394176860e-04
2.981819158855061728e-04
-1.138886807076982616e-04
4.349648380986719426e-05
-1.661041151107657958e-05
6.341953672643039555e-06
-2.420607910245265864e-06
9.234146224918252529e-07
-3.519755242703845322e-07
1.339971124265016176e-07
-5.092388915191217042e-08
1.931045262307488235e-08
-7.313881530772130884e-09
2.802498616166087184e-09
-1.189644004351086936e-09
3.891503421194241997e-10
1.001566239619688492e+00
-1.566239619688521503e-03
-6.999513639753915235e-20
6.380872072916858651e-20
-5.603708080432972058e-20
4.739247899246573044e-20
-3.858253630255919101e-20
3.021887881860436016e-20
-2.275492997083847777e-20
1.645975348626880088e-20
-1.142595258845855594e-20
7.602835535885611338e-21
-4.842765759301803816e-21
2.948926676772033487e-21
-1.715691824119916880e-21
9.569252927736329752e-22
-5.214388392579463979e-22
2.975712944133968004e-22
-1.109034872851902083e-22
3.251629072681705424e-02
