1.451102802461242014e+00
-1.936580974638561076e-02
1.113748878815441469e-04
-6.639640429616581266e-07
4.703203912333612474e-09
-4.047473176517152938e-11
3.865309138196243357e-13
-3.797392389839171304e-15
3.755324513129031402e-17
-4.240940921000751384e-19
4.707062139647060217e-01
-6.659962177193738952e-01
2.871438957935799619e-01
-6.434555832614956283e-02
-1.436310036175958080e-02
2.375395041728667334e-02
-1.394404926427176249e-02
4.961639705610720354e-03
-6.283486880868530480e-04
-5.623988822518783022e-04
5.044214672190477531e-04
-2.253129165505799803e-04
4.968946480484656692e-05
1.111735683612837989e-05
-1.628616999955960178e-05
7.863319226704770193e-06
-1.516704493554211025e-06
-1.070616182723317441e-06
8.011385594786970170e-07
9.193686853788509902e-03
-1.163235188508898038e-02
4.529841864145968920e-03
-1.308692007071616051e-03
3.109913211199465425e-04
-6.495191485420752191e-05
1.247081493650545851e-05
-2.267605871503321713e-06
3.975103320546627987e-07
-6.777436888013381042e-08
1.126752210657942957e-08
-1.823591485813119788e-09
2.859222261483716567e-10
-4.305936807877122852e-11
6.136426719290972748e-12
-8.038583134483817625e-13
9.014916596794869328e-14
-6.278843982079582651e-15
-4.392402247043638968e-16
1.213243874223310115e-04
-2.320693032008827258e-04
2.031533436234159065e-04
-1.631017535914029530e-04
1.204641340558634599e-04
-8.217891562408762907e-05
5.202197572462583343e-05
-3.071678388839655158e-05
1.700975836886389476e-05
-8.884354809259346967e-06
4.402301581235763036e-06
-2.081672175095058570e-06
9.448646224316446441e-07
-4.140826134881289031e-07
1.762659970658044153e-07
-7.346915467203785652e-08
3.061166450820861318e-08
-1.407053029868814108e-08
4.820629353649728411e-09
-2.116250904122889893e-10
4.082421824025148845e-10
-3.662164931429204355e-10
3.052258235418646303e-10
-2.359435457146682159e-10
1.687166954654790862e-10
-1.111874926892216262e-10
6.718254485495556936e-11
-3.695074100238054210e-11
1.830900804572048764e-11
-8.047124730772165721e-12
3.059207886334720863e-12
-9.600574390601795489e-13
2.226410112039638614e-13
-2.320274691368316077e-14
-8.333985414756592626e-15
4.961616841376394377e-15
-8.252582998046502657e-16
-1.577029742989099388e-16
4.605302387655924035e-01
6.536648834725458830e-03
-3.004800302965810225e-05
7.205636225278684162e-08
1.551492259955148015e-10
-2.099230410242135765e-12
2.432679792399897848e-15
1.118300046242108078e-16
-1.476507642503397659e-18
1.762207147713109998e-20
7.881366231521014232e-01
2.200404651435198533e-01
-9.392276141028492453e-02
2.554539509534993827e-02
2.481393458271450442e-03
-8.291479809339136545e-03
5.772854263367896942e-03
-2.321660201644402260e-03
3.133012648246975319e-04
3.346627976602565332e-04
-3.163041052344701715e-04
1.433353844156950725e-04
-2.344843679433354134e-05
-1.928824507338980007e-05
1.974181449542429848e-05
-9.209145940813037964e-06
1.309333808449754942e-06
2.140153552745092033e-06
-1.436355351923327590e-06
9.557958033888165339e-01
1.487131145559199633e-02
-2.516082537878113357e-03
4.309491834282767691e-04
-7.529161605662489760e-05
1.348766899609840853e-05
-2.476256305394479876e-06
4.629737929033411170e-07
-8.731574805216241795e-08
1.645761060697267842e-08
-3.077830471243498686e-09
5.683147868946707280e-10
-1.032680718456060094e-10
1.841887864230022804e-11
-3.216206174864737692e-12
5.479562765697003093e-13
-9.068186079324040014e-14
1.479514420373512157e-14
-2.199041529259612284e-15
9.858313824186796248e-01
1.074705841023349678e-02
-4.075890180457589392e-03
1.545816822860137654e-03
-5.862721762848185436e-04
2.223576391946244615e-04
-8.433872628035972375e-05
3.199211347476884189e-05
-1.213754386273073735e-05
4.606168160084985947e-06
-1.748814149734183029e-06
6.644282471273966354e-07
-2.526963495194197381e-07
9.625046596900807157e-08
-3.674850601257505286e-08
1.410605012174529797e-08
-5.533027012852885536e-09
2.437292679891829088e-09
-8.186458144114086033e-10
9.968091062113729750e-01
3.188344185883559487e-03
2.547565548130822900e-06
2.035567631351646851e-09
1.626468581348893546e-12
1.299674131846155716e-15
9.688984317637607517e-19
5.509613820195472981e-20
-4.074516691254005657e-20
2.936723250803148565e-20
-2.028044850126051856e-20
1.342465293446801564e-20
-8.507441897751414585e-21
5.142728215138399183e-21
-2.968060804449617361e-21
1.643138943811467168e-21
-8.832159901296306584e-22
4.979448455356623654e-22
-1.847983248779825477e-22
9.715618178043955444e-01
3.308618841944694234e-03
-2.746113194463612874e-05
1.580181533572707200e-07
-7.569659639025482955e-10
4.034237452657520197e-12
-3.359559723937651033e-14
3.655949909093716155e-16
-3.957860959327889532e-18
4.393831972859140649e-20
1.034977896282742060e+00
1.321097224491223077e-02
-2.939208572059997387e-02
1.831776263196277163e-02
-5.323790375182213541e-03
-1.321463102569038484e-03
2.640308493079492665e-03
-1.735504714146039740e-03
6.462835157335570894e-04
-4.347671719328732458e-05
-1.312069861828771451e-04
1.077350506301666286e-04
-4.613197592343671813e-05
6.810573473424277404e-06
6.441776939221650082e-06
-6.192655499672714047e-06
2.585417491152389569e-06
7.173635269982582839e-08
-4.526005894970440508e-07
1.022614719850171383e+00
-7.731833572434627065e-03
1.310777625620398318e-03
-2.180944744248032921e-04
3.503304684999086830e-05
-5.299092264022806050e-06
7.228832878483010986e-07
-8.010563989618299041e-08
4.223809333189485430e-09
1.204081920259529690e-09
-5.765071059221896834e-10
1.666784608402607447e-10
-4.051611936250126790e-11
8.966511285006621023e-12
-1.864823679244606455e-12
3.701530178553780342e-13
-7.075954610443054194e-14
1.349151755625576087e-14
-2.335498931179009797e-15
1.007158125891266964e+00
-5.468313661236748335e-03
2.088697534866556030e-03
-7.978006332670341738e-04
3.047236870960044037e-04
-1.163868722279427244e-04
4.445030674765299071e-05
-1.697445687656316989e-05
6.480817081853242843e-06
-2.473527848492748205e-06
9.435544109435240403e-07
-3.596253536861060866e-07
1.368953520674292909e-07
-5.201843570862530134e-08
1.972238094497729085e-08
-7.468617143148757591e-09
2.861328418487997877e-09
-1.214474369202623193e-09
3.972559569645173564e-10
1.001600606094724899e+00
-1.600606094724936739e-03
-6.980638435043022766e-20
6.357437080083574018e-20
-5.575421912343323797e-20
4.706875418350384933e-20
-3.823400170077610589e-20
2.986618295153020678e-20
-2.241898189200568053e-20
1.615796709342740194e-20
-1.116983875723335805e-20
7.397219603863459795e-21
-4.686438613889271828e-21
2.836228207033092514e-21
-1.638430743229704512e-21
9.061333781420419742e-22
-4.886602530142333189e-22
2.756083023201683085e-22
-1.020389934603298784e-22
1.525764411027569212e-01
