2.499292867557042497e-01
-2.446752402867997055e-04
1.093661183045492330e-07
-4.946004266985826074e-11
2.268152812073592235e-14
-1.219421976179530110e-17
2.107975614774679819e-18
-6.215257760634314725e-19
4.571019844467654722e-19
-4.124178217429839321e-19
1.826481788327780076e-01
-7.657390860109145048e-02
-4.567348953396662553e-03
4.458641733541672883e-03
-6.414867743565385574e-04
-8.080718253312942697e-05
4.564475916963598118e-05
-5.253431728075520896e-06
-1.103274401773319781e-06
4.687405458558184976e-07
-4.141745283836357634e-08
-1.403962819265474957e-08
4.803928694994174221e-09
-2.943942313921151179e-10
-1.715066543434348227e-10
4.883584302244561111e-11
-1.639594646150648924e-12
-2.029461833866372040e-12
4.900066465129294873e-13
6.047214820364421595e-02
-3.798699236553411407e-02
6.195630178633834001e-03
-6.170018000892906612e-04
2.045993829558383364e-05
6.903743593722761059e-06
-1.981719822413768530e-06
3.304619638659815337e-07
-3.922135201422424810e-08
2.782963953694986939e-09
1.155701420768678257e-10
-8.284186595208047029e-11
1.744854572977508584e-11
-2.510093600022746981e-12
2.504934609401349262e-13
-9.566702785423452763e-15
-2.744444052083691813e-15
8.713673586991475405e-16
-1.497545847993961039e-16
5.108605806074295423e-03
-9.123388438224924735e-03
6.572021798219692540e-03
-3.912681130037994580e-03
1.978127082068857016e-03
-8.715470500091767811e-04
3.425852562631898275e-04
-1.226109609969086166e-04
4.060143585699065608e-05
-1.255289600805520245e-05
3.611875271817232494e-06
-9.405291540839712666e-07
2.011608993006213779e-07
-2.058788519988593040e-08
-1.195463179638990614e-08
1.147996357300457611e-08
-6.896705412783330293e-09
3.946302689149612111e-09
-1.479164199331754473e-09
3.215769575370939282e-07
-5.963784672737783548e-07
4.741784701643054761e-07
-3.203670022649052992e-07
1.806228578832220324e-07
-8.208269607839435866e-08
2.790779446762156985e-08
-5.660931202737994900e-09
-2.282129963013386179e-10
5.652192079763796985e-10
-1.158201231495803824e-10
-3.726442559646217241e-11
1.940616367525971884e-11
2.230073192287673151e-12
-2.756320915029326699e-12
-1.566099172408795076e-13
4.183194744075936608e-13
1.725120997273987223e-14
-6.377207561782815024e-14
8.153597339848689396e-01
1.036705174637734655e-04
-4.088291570524782982e-08
1.775097543780534087e-11
-8.064555638089618144e-15
2.879537692222006172e-18
1.625313452434105311e-18
-6.415780903000970734e-19
-5.885182996317619545e-19
5.348055655928044027e-19
8.458560202868724565e-01
3.537855031335031264e-02
2.999740188993756280e-03
-1.815933075805335794e-03
2.212074978992447944e-04
3.348414758902268850e-05
-1.630158835835595737e-05
1.765827631504621003e-06
3.932754394824399074e-07
-1.630324040522055093e-07
1.469511834297189375e-08
4.805248301007079577e-09
-1.695648292921351355e-09
1.143701770825765943e-10
5.926377861967597816e-11
-1.773274446156520228e-11
7.334251746894007255e-13
7.234631065421750001e-13
-1.831634262059062275e-13
9.098508850257281955e-01
2.438514929109196830e-02
-2.631736442154362140e-03
1.831990797673427882e-04
3.291092981690078568e-06
-3.781522425411716939e-06
7.852206544897851314e-07
-1.116013823826482760e-07
1.159571936848811447e-08
-6.548793119456413429e-10
-6.355352169311898515e-11
2.779164771831415652e-11
-5.455907132124083211e-12
7.719915649795974973e-13
-7.865531542842502535e-14
3.603378274571036477e-15
7.209188054626830986e-16
-2.575493981843517981e-16
4.675759784806069900e-17
9.687793333076217817e-01
2.335359120629010993e-02
-8.681963750560413307e-03
3.193256102738830250e-03
-1.154442165481321452e-03
4.068502536922227698e-04
-1.383720736749824518e-04
4.485125549632254575e-05
-1.361533868609320649e-05
3.757066197679674570e-06
-8.806103061320441716e-07
1.366092125767560139e-07
1.547399961872661137e-08
-2.747117414839217269e-08
1.694736362878315520e-08
-8.289219731339881093e-09
3.691094195516573148e-09
-1.715071627215025334e-09
5.813741994713224258e-10
9.928835897135659394e-01
7.103726895454766203e-03
1.266078601744804948e-05
2.256443079195372741e-08
4.063198482652683714e-11
-2.132159665087094437e-13
1.782112061723834526e-13
-1.005846546124765235e-13
5.075807390152185718e-14
-2.249082215031576455e-14
8.500457724742011419e-15
-2.590720294416851108e-15
5.502503802713949215e-16
-3.082610679304774111e-17
-3.237790964093266167e-17
1.391004039399134950e-17
-1.579973098914608848e-18
-8.901442151529318974e-19
3.976202007225143291e-19
1.088607356224827960e+00
-3.786069494478246550e-05
9.579902090580588952e-09
-2.019552657828987150e-12
7.625140870192754297e-17
5.718551298214475235e-19
-1.264327291673130071e-19
1.295874326871418377e-19
-1.212390373682116642e-19
2.368570048893537916e-20
1.076024486419326243e+00
-1.499277078540763725e-02
-1.750413034265155742e-03
6.814626993520364346e-04
-3.638606510341460293e-05
-1.744852686104110887e-05
3.413702198320533951e-06
2.028770985923236373e-07
-1.483324983492116343e-07
7.780043684613752278e-09
5.667618742008227529e-09
-1.035442906939936966e-09
-1.609057521988429944e-10
8.057706071480042683e-11
-3.961268429009731809e-12
-3.897085513864255638e-12
9.371853976011971640e-13
5.553669412174262335e-14
-6.237375728890912583e-14
1.046320177687576347e+00
-1.233889906209228657e-02
1.210391985567712408e-03
-5.446342283004031219e-05
-8.456082397932781282e-06
2.625435308324807128e-06
-4.001529659703139889e-07
3.864086660121669885e-08
-1.156517824887503626e-09
-4.493607617859524893e-10
1.196962329401862865e-10
-1.800696656940545319e-11
1.725564774861138973e-12
-3.755716258287755890e-14
-2.571178452748115830e-14
6.670460641829121337e-15
-1.022514796468720214e-15
1.001350422476381863e-16
-2.759501732983285878e-18
1.015918684611311074e+00
-1.207041170444110925e-02
4.538170552876330879e-03
-1.681509572347124641e-03
6.087264940394898453e-04
-2.129070159712910212e-04
7.091451658900984256e-05
-2.204080434807835568e-05
6.174048146125949185e-06
-1.437971748939891733e-06
2.003674325736855838e-07
4.596773019033104787e-08
-5.732661014067483732e-08
3.373055990341165325e-08
-1.603319390660159874e-08
6.828290104875418901e-09
-2.736417219142250483e-09
1.145722378944427483e-09
-3.642159471520013942e-10
1.003577287367755089e+00
-3.577287367464464414e-03
-5.369466020318093380e-13
4.381098696214384237e-13
-3.284280937647351697e-13
2.253675187050607116e-13
-1.407984244310329138e-13
7.946860740991731262e-14
-4.006351205857075808e-14
1.772823584445695316e-14
-6.687023365572729315e-15
2.031104569499359461e-15
-4.280045873860980653e-16
2.221147487432450835e-17
2.598366068429287723e-17
-1.096049886975049191e-17
1.197697317753910746e-18
7.168193469611274118e-19
-3.139736605696187087e-19
8.979498746867168313e-01
