1.164023873792674912e+00
-1.581816614043859634e-02
1.031125758105625183e-04
-7.046990672244166223e-07
5.249049328113282808e-09
-4.328711620723122186e-11
3.897611394267237679e-13
-3.723081551039055498e-15
3.674315308951802820e-17
-3.532786694798552304e-19
3.903547100460211805e-01
-5.302897764869107800e-01
2.192439527533474319e-01
-4.854835192375156483e-02
-9.303697458821509961e-03
1.652982946944683840e-02
-1.012338461503772130e-02
4.015588786519667594e-03
-8.745004322249976068e-04
-1.713031667428748341e-04
2.966916926129419571e-04
-1.784288212685017252e-04
6.901683822639894067e-05
-1.436565374183447247e-05
-3.036621166949894283e-06
4.756219042693263990e-06
-2.636876643409591447e-06
8.905299603133449443e-07
-1.556386315581480656e-07
1.134464533134808308e-02
-1.332985845893020632e-02
4.736480200689684866e-03
-1.253169372889226816e-03
2.757003633603577865e-04
-5.402439145749259757e-05
9.854755412993352497e-06
-1.718470380705981061e-06
2.904211646684133555e-07
-4.780910894023657777e-08
7.664840974039245925e-09
-1.192451711840314032e-09
1.788086306621625507e-10
-2.554699925701846237e-11
3.404393696627890304e-12
-4.039135936230762406e-13
3.706885054773032760e-14
-4.763676176608276592e-16
-8.041813103762158956e-16
2.157657939844229730e-04
-4.099389474529378731e-04
3.518035690160299113e-04
-2.735847916421423032e-04
1.937016280039787972e-04
-1.256002372182933656e-04
7.508822258205899544e-05
-4.168752415006147084e-05
2.165399043132481535e-05
-1.060402339244141489e-05
4.932953879482419270e-06
-2.196367410796752643e-06
9.427947898420593236e-07
-3.928660907111917335e-07
1.599829787765918182e-07
-6.417949401373135746e-08
2.587348488958902890e-08
-1.155374365320324594e-08
3.898150520998588221e-09
-2.080458501653729629e-10
3.992972407898007503e-10
-3.527036488910510727e-10
2.863438420779281149e-10
-2.131064114485259990e-10
1.448105755934201641e-10
-8.932359154939275446e-11
4.959288549848164714e-11
-2.447381398903678584e-11
1.052590118753724180e-11
-3.813608243816995914e-12
1.085559294341791251e-12
-1.974799027104080320e-13
-4.066444950630460556e-15
1.756026596061879118e-14
-5.566737409297953121e-15
1.251298163485258009e-16
4.908159120365900731e-16
-1.432809317883786973e-16
5.084686517867734734e-01
5.617905437198001187e-03
-3.366248735356136025e-05
1.755555561994024262e-07
-7.774807621189379742e-10
2.909888953595655202e-12
-1.085529373667100131e-14
7.601707437054652016e-17
-9.746380592550967428e-19
2.324488600235730065e-20
7.877127467738568312e-01
1.953119244152798362e-01
-7.395709082576262805e-02
1.784643654950692632e-02
2.157659686613755574e-03
-5.680239685432863367e-03
3.892055821336890594e-03
-1.683817357088573117e-03
3.928808094824313003e-04
8.451648140817847319e-05
-1.501109431034666167e-04
9.101096564377975215e-05
-3.269968880840232428e-05
3.344680123879078248e-06
4.879299553423937862e-06
-4.188148169313112830e-06
1.769175846289371637e-06
-1.429512505108982199e-07
-1.756414012739982208e-07
9.472212242042346020e-01
1.766195165493247496e-02
-2.964865900948977871e-03
5.006848298736828401e-04
-8.525277774241254872e-05
1.464435941083876830e-05
-2.533303508033192230e-06
4.397785864648147202e-07
-7.629380401145155310e-08
1.317367198517776289e-08
-2.256047047127871926e-09
3.819540124193970876e-10
-6.371681066193639049e-11
1.043212044663600593e-11
-1.667684527320083700e-12
2.583574917222688525e-13
-3.833211231389479479e-14
5.408136718098476184e-15
-6.687810238570764351e-16
9.830325951636438297e-01
1.285186897655790465e-02
-4.867303669080382152e-03
1.843377823721421361e-03
-6.981487680398983878e-04
2.644213490897757307e-04
-1.001549567902575676e-04
3.793988677829835212e-05
-1.437468201306580733e-05
5.447831186812353731e-06
-2.065534193187250408e-06
7.836117194531391769e-07
-2.975240102003309362e-07
1.130876901691692221e-07
-4.305522710668745945e-08
1.646008540401742160e-08
-6.416614383591764944e-09
2.800433965082794367e-09
-9.345261771640121179e-10
9.961734249613889425e-01
3.822910769302727101e-03
3.660760460434590893e-06
3.505487822665772607e-09
3.356801081186377384e-12
3.214466666381116923e-15
3.042150679755536768e-18
2.995419884151057612e-20
-1.937496959338957560e-20
1.326560077840094196e-20
-8.636238675803200474e-21
5.331350204279279117e-21
-3.120122716892731524e-21
1.724234352362430561e-21
-8.996182888971213140e-22
4.349448537028900602e-22
-2.020532664865075942e-22
9.565996236891096861e-23
-3.064554896036614259e-23
1.062854102832389236e+00
1.701599239568630595e-03
-1.985788886591210775e-05
1.608802419948071054e-07
-1.142289409291588720e-09
7.833195403952661509e-12
-5.637447547426971375e-14
4.531653561330265942e-16
-4.094613683190276382e-18
4.092603177501905988e-20
1.064019157829117823e+00
-2.292793218112855816e-02
-9.790272295551356863e-03
1.055944137568994717e-02
-4.326997055833668379e-03
1.714533557209537915e-04
1.097261749400532064e-03
-9.143844983587160217e-04
4.310434525461907741e-04
-1.034463444483913982e-04
-2.694828443324231976e-05
4.568548674584726885e-05
-2.818296925902276631e-05
1.044450904028115087e-05
-1.267401991446005254e-06
-1.414826573631835896e-06
1.274578245415560937e-06
-6.156673506882920137e-07
1.655359177435289861e-07
1.027097769648157799e+00
-9.248954017023722912e-03
1.561432608613765472e-03
-2.579824536993222768e-04
4.112928134298474917e-05
-6.215280102492273154e-06
8.673841624109724305e-07
-1.061956202856926903e-07
9.767930757137283690e-09
-9.812556867969273448e-11
-2.636969651445530211e-10
9.308840868050526665e-11
-2.381730340339486782e-11
5.320363921204081098e-12
-1.097369060589972174e-12
2.140389204437184641e-13
-3.997562938064458616e-14
7.403935723797065359e-15
-1.245921056609830763e-15
1.008581290004390674e+00
-6.555476139978641710e-03
2.503921860513185979e-03
-9.563727039910071290e-04
3.652690982385903198e-04
-1.394950592472710214e-04
5.326374102405358944e-05
-2.033187270018438104e-05
7.757338557451198607e-06
-2.957444716896992485e-06
1.126217227065730003e-06
-4.281651987037271484e-07
1.624106676403153711e-07
-6.142176988071223605e-08
2.314557045015784971e-08
-8.698088669709747459e-09
3.300519001083931462e-09
-1.384068843042381006e-09
4.491453298162325472e-10
1.001918842338046733e+00
-1.918842338046694617e-03
-8.314068975519387321e-20
7.468431140274009240e-20
-6.423813668844855985e-20
5.287850021338299142e-20
-4.162828186934263659e-20
3.131401616073359610e-20
-2.248295706590704037e-20
1.538671497925242477e-20
-1.002070332061585635e-20
6.197708314327372686e-21
-3.631308337994794825e-21
2.009376415609713409e-21
-1.046289685894193131e-21
5.111784733630059284e-22
-2.359699132627087195e-22
1.100575239756979972e-22
-3.614855620642931051e-23
5.202606516290726457e-01
