1.436563640023455157e+00
-1.937987495394033477e-02
1.136339334900658736e-04
-6.920591690680588004e-07
4.975174070699967296e-09
-4.316767962994880055e-11
4.159231326966660879e-13
-4.136424958861456151e-15
4.141047390894041491e-17
-4.096804530219122488e-19
4.655650428795432560e-01
-6.582598482500116033e-01
2.842010574533071487e-01
-6.437263415440205860e-02
-1.358954777710267084e-02
2.324806293952413894e-02
-1.381116639950939404e-02
5.012343237666487018e-03
-7.051536003659285507e-04
-5.187446918977746619e-04
4.929333293146577694e-04
-2.286866970872623427e-04
5.533659381343661418e-05
7.809278702025416026e-06
-1.531557551877926510e-05
7.983953982803844709e-06
-1.821537991681344100e-06
-8.863881322580615427e-07
7.457391080983676298e-07
9.238739732618402728e-03
-1.164798018538827640e-02
4.515488363781303485e-03
-1.298856369358175047e-03
3.074735939896569960e-04
-6.401627225078736260e-05
1.226133823590805376e-05
-2.225429583941124079e-06
3.895704742958087198e-07
-6.634662849473658440e-08
1.102009841075819559e-08
-1.782269602817339287e-09
2.793184476045511673e-10
-4.206468636931186313e-11
5.999471694872906618e-12
-7.878605717349192697e-13
8.897567191021138447e-14
-6.413427515410788491e-15
-3.616126871137743735e-16
1.243342572791544213e-04
-2.377502465799626171e-04
2.079295555655607131e-04
-1.666817198307403013e-04
1.228576882242767010e-04
-8.360541532866196189e-05
5.277693918541704308e-05
-3.106782955246736031e-05
1.714929106744027604e-05
-8.928140062924813409e-06
4.409748544194125780e-06
-2.078700951392189232e-06
9.407473617652723632e-07
-4.111669548563026743e-07
1.746023484050834046e-07
-7.262137768221843111e-08
3.020225170460603006e-08
-1.385956989561675661e-08
4.744229774332035313e-09
-2.104367190810012724e-10
4.058483872306858666e-10
-3.637941715175261209e-10
3.028185141735632780e-10
-2.336512181999290186e-10
1.666661086442335226e-10
-1.094881982201760096e-10
6.589100170665637209e-11
-3.605781869859191927e-11
1.775222673157142198e-11
-7.737339644224936395e-12
2.907791114911970120e-12
-8.966719056688584091e-13
2.009788130148082175e-13
-1.782456435369753649e-14
-8.887904272150639086e-15
4.704365448727530669e-15
-6.751101900831206015e-16
-1.879341518725997140e-16
4.617084437270084774e-01
6.558050289991657587e-03
-3.103317867489703411e-05
8.154037258535588286e-08
1.103382172315867273e-10
-2.063547655647327118e-12
3.273931396669763811e-15
1.112174895265642591e-16
-1.574831978222904671e-18
1.850937769918175072e-20
7.877074397922955162e-01
2.190339641040048579e-01
-9.308147474256124598e-02
2.535457439038187044e-02
2.303499976830839825e-03
-8.086524028768521735e-03
5.679744104536962011e-03
-2.322446106437551627e-03
3.471334522147760540e-04
3.075149209601182225e-04
-3.057147781740701654e-04
1.436806950088098688e-04
-2.708062138616982570e-05
-1.653550894258228512e-05
1.869055781627108835e-05
-9.198530310006146224e-06
1.590741480425231488e-06
1.907628615649280289e-06
-1.348431564729040855e-06
9.551939236590745175e-01
1.506804763604144975e-02
-2.547890427527196942e-03
4.359320352115818461e-04
-7.601329968204798167e-05
1.357375096400586481e-05
-2.481062466796171856e-06
4.614031604212581949e-07
-8.652083494242257277e-08
1.621499481073786143e-08
-3.016195709198755743e-09
5.542003026919883745e-10
-1.002564798702806011e-10
1.781004084257872335e-11
-3.098542427293558206e-12
5.261310469134967144e-13
-8.679364746955750882e-14
1.411550452923945514e-14
-2.091915770728239955e-15
9.856354321336235902e-01
1.089461690043668808e-02
-4.131446294135687584e-03
1.566732961149745664e-03
-5.941465803838374927e-04
2.253221191502488801e-04
-8.545478439961016472e-05
3.241230820270407453e-05
-1.229576375454379059e-05
4.665753005009250409e-06
-1.771256787831602480e-06
6.728816228682006000e-07
-2.558796417210499853e-07
9.744818867328341527e-08
-3.719837579004434927e-08
1.427472016053256989e-08
-5.596808370577032312e-09
2.463823284571964566e-09
-8.271899970489418795e-10
9.967646587072263031e-01
3.232720347271510284e-03
2.618822277867984779e-06
2.121504301851768179e-09
1.718627599687814389e-12
1.392340553994660436e-15
1.060861300642209557e-18
5.316261480658933293e-20
-3.912757252908133887e-20
2.811588932771125407e-20
-1.937564445882121909e-20
1.278680438416778476e-20
-8.066763952379739738e-21
4.859143208419306100e-21
-2.789809884160871845e-21
1.534552180127308887e-21
-8.209213410053448423e-22
4.571379020841380974e-22
-1.689136790324649852e-22
9.776989379670000258e-01
3.250671284924858562e-03
-2.774720320689669031e-05
1.652708606198375281e-07
-8.263443061995847787e-10
4.519762328559785749e-12
-3.700055480846449765e-14
3.979879423511703068e-16
-4.353189006341810021e-18
5.138024989996140602e-20
1.037105315941781125e+00
1.059213849205638616e-02
-2.809948685624608089e-02
1.793358913746709651e-02
-5.385522692684462098e-03
-1.156107526675665071e-03
2.528411157917224376e-03
-1.698552004894930256e-03
6.518098665448772422e-04
-5.907944291848517428e-05
-1.207941753033393590e-04
1.044094496951511485e-04
-4.670878232248814335e-05
8.264786117766477979e-06
5.476491000853195496e-06
-5.864959175430640439e-06
2.616194822923902562e-06
-7.768687842543743209e-08
-3.704029998509063838e-07
1.022928544365033776e+00
-7.839035390882452548e-03
1.328962672514622705e-03
-2.211579169518974517e-04
3.555102088456794549e-05
-5.389332228463628381e-06
7.396423360663682355e-07
-8.348416423355363298e-08
4.952521358794491827e-09
1.041609900808490522e-09
-5.402245860737710893e-10
1.587171494022429113e-10
-3.881473473354422486e-11
8.613469141859574193e-12
-1.793736043949063283e-12
3.562630902213040598e-13
-6.812473583593395555e-14
1.299199825234966797e-14
-2.249561375315893791e-15
1.007257493348647115e+00
-5.544222885998159947e-03
2.117691529586534886e-03
-8.088747116913597157e-04
3.089530851593009922e-04
-1.180019524607822928e-04
4.506691271492634126e-05
-1.720976867549483489e-05
6.570557102601036644e-06
-2.507715466572425847e-06
9.565581661094126767e-07
-3.645605929525197374e-07
1.387628923394257047e-07
-5.272254234876489085e-08
1.998676142305539536e-08
-7.567623320082867652e-09
2.898812628698233375e-09
-1.230205025405675533e-09
4.023709059338612961e-10
1.001622825463478916e+00
-1.622825463478947761e-03
-6.978079368096190256e-20
6.350849113203246464e-20
-5.564381586700498412e-20
4.691790216111574589e-20
-3.805356210140048629e-20
2.967101217094763309e-20
-2.222470319804784257e-20
1.597812420915053379e-20
-1.101400829457141404e-20
7.270301516661411377e-21
-4.589000173744689994e-21
2.765548151678985935e-21
-1.589817003746439036e-21
8.741515057314555039e-22
-4.680524524806006480e-22
2.618396476097112516e-22
-9.649112280167067379e-23
1.950977443609023254e-01
