1.347142316116867855e+00
-1.896404070121979896e-02
1.212873342057976724e-04
-8.122608738641235170e-07
6.210367452132245327e-09
-5.535147682800255266e-11
5.473108644665244768e-13
-5.672326618122913594e-15
5.967027465648459357e-17
-5.513199275479951517e-19
4.368765898866012742e-01
-6.130784744784767426e-01
2.646761470035246533e-01
-6.219189380196096101e-02
-1.025928493390177061e-02
2.047417158984045013e-02
-1.277718208326547762e-02
5.028463545666351890e-03
-1.000252731922411870e-03
-3.056397301866951985e-04
4.153572133268896151e-04
-2.287899020817105394e-04
7.637765884227616338e-05
-7.927313441104487707e-06
-9.061266022856378848e-06
7.322481591367839742e-06
-2.860552136156055015e-06
1.528782719935846071e-07
3.117187143458021884e-07
9.663517420192314911e-03
-1.191628589657782629e-02
4.492176940185410930e-03
-1.257759892547239680e-03
2.907833096972611874e-04
-5.937600698661986897e-05
1.120021963709637871e-05
-2.008830942286845535e-06
3.482993117448311206e-07
-5.882830068701409553e-08
9.697030722503075278e-09
-1.557001806725476813e-09
2.423747035686514058e-10
-3.628633198958295314e-11
5.153108854244658112e-12
-6.760443679786076436e-13
7.694232485323000774e-14
-5.870562976990015960e-15
-1.929027140918956870e-16
1.462487709500673761e-04
-2.790933354783467686e-04
2.426461405250816773e-04
-1.926660150463934947e-04
1.402188027315084669e-04
-9.396910223102656267e-05
5.829833339598656193e-05
-3.367880402774539540e-05
1.822865676988185939e-05
-9.302667090949527049e-06
4.505141005041393500e-06
-2.083820663092201181e-06
9.264714540160319422e-07
-3.984183472316027656e-07
1.667668020252022710e-07
-6.849507134658262669e-08
2.817596179179400904e-08
-1.280564068793126308e-08
4.361142180544677225e-09
-2.059147367472918806e-10
3.965145419861828340e-10
-3.537697460033309066e-10
2.921457993781676202e-10
-2.228519100409294805e-10
1.565459472383238511e-10
-1.008265101514501437e-10
5.917449504148919957e-11
-3.136906605521557358e-11
1.482680770635405997e-11
-6.122916895533292702e-12
2.132682967208528384e-12
-5.820964500661018325e-13
9.913462177314153017e-14
4.635340083514642053e-15
-9.809559591127580491e-15
2.999525859995795772e-15
2.021047599039696645e-17
-2.721125101179873517e-16
4.720472176905208816e-01
6.523439030708822438e-03
-3.545828519862366751e-05
1.367576619912013700e-07
-2.458824584019237950e-10
-9.088846939977703243e-13
4.503885495252748596e-15
9.207387104147115579e-17
-1.849596195674890831e-18
-1.473127297785201252e-21
7.861666521837396004e-01
2.123520291410467276e-01
-8.754483018447806186e-02
2.364373839418326684e-02
1.671283229581113422e-03
-7.028776729934691284e-03
5.087962136153134467e-03
-2.222050418543413623e-03
4.674240288601112163e-04
1.783506571041022217e-04
-2.416965481696207638e-04
1.338205577698636784e-04
-3.928435105841383027e-05
-3.819561297858508898e-06
1.230193711604971180e-05
-7.889091466216377691e-06
2.415334865872037501e-06
7.080440091607454824e-07
-7.818268325757916128e-07
9.520093857179525720e-01
1.610713486037695583e-02
-2.715621289263183379e-03
4.621720236694350703e-04
-7.981088764090076048e-05
1.402786961853136970e-05
-2.507396041949016831e-06
4.536480253170976081e-07
-8.252345093935257202e-08
1.499429072147695728e-08
-2.706594465182204101e-09
4.834108124876947982e-10
-8.516233484806514887e-11
1.475660881356482801e-11
-2.507079863647067448e-12
4.159333526802229478e-13
-6.701530244130508646e-14
1.061350861637387564e-14
-1.530363712744734437e-15
9.845974705591328258e-01
1.167575904798683062e-02
-4.425364915887825858e-03
1.677320430760067963e-03
-6.357541943889872052e-04
2.409766059057584053e-04
-9.134486856869995298e-05
3.462869432427003613e-05
-1.312990570905812565e-05
4.979754045860578918e-06
-1.889485743881659155e-06
7.174033994895502622e-07
-2.726420651052802244e-07
1.037538679052225071e-07
-3.956607389781805020e-08
1.516190497460878769e-08
-5.931891964930241214e-09
2.602905371227550828e-09
-8.719048058048663396e-10
9.965290729806098868e-01
3.467911566525900581e-03
3.012833115571718159e-06
2.617472564821397447e-09
2.273993321449172516e-12
1.975655131144603578e-15
1.661967561581224567e-18
4.340267381377845296e-20
-3.095400875446713955e-20
2.191029938302343251e-20
-1.483411282843371756e-20
9.588885089925038698e-21
-5.908349317118344952e-21
3.462433472066386932e-21
-1.930954989621032454e-21
1.024893968010162513e-21
-5.233016871512918666e-22
2.770651291733454612e-22
-9.852761114692229800e-23
1.011807573367639934e+00
2.809572750829391046e-03
-2.770031780343494806e-05
1.948073898466065855e-07
-1.186074162530780738e-09
7.387313075753694532e-12
-5.707522456800737653e-14
5.628573108458997202e-16
-6.145934484028124194e-18
5.721980181886535523e-20
1.048422087561070137e+00
-3.517263668041567017e-03
-2.080868585633232140e-02
1.543099237728368621e-02
-5.401695352297749761e-03
-3.924140839401734433e-04
1.915404162905749979e-03
-1.438429036710511767e-03
6.287042858374079996e-04
-1.174085330803820133e-04
-6.908214904737281924e-05
8.172682990354286983e-05
-4.443316157557567251e-05
1.319634561816894185e-05
9.521282497804811890e-07
-3.770538628110047459e-06
2.351451606880891241e-06
-6.537338103342740566e-07
1.231748981465491672e-08
1.024590341855421416e+00
-8.405160946887606579e-03
1.424254844176445992e-03
-2.369440376485345450e-04
3.814368877345727943e-05
-5.823126284300176874e-06
8.168884621458971212e-07
-9.861923934751495808e-08
8.191221307564902299e-09
3.143485729997540453e-10
-3.755911826571358171e-10
1.220529481797491163e-10
-3.086831911557970911e-11
6.942936803322163802e-12
-1.453182734855669420e-12
2.889017297070333064e-13
-5.518047335744761971e-14
1.049955378455956801e-14
-1.813948187504299837e-15
1.007784066708426352e+00
-5.946482669026323387e-03
2.271334960523411529e-03
-8.675560381326258676e-04
3.313631001729296761e-04
-1.265585298796098926e-04
4.833282134361143411e-05
-1.845554884612596577e-05
7.045281327090966934e-06
-2.688333290053234759e-06
1.025118698248862937e-06
-3.905010108398648983e-07
1.485352711610636094e-07
-5.638400196515836958e-08
2.134993236489236127e-08
-8.072308711181877371e-09
3.086917752610761959e-09
-1.307450640672134732e-09
4.271094720643585206e-10
1.001740572002887575e+00
-1.740572002887539292e-03
-7.135545004006479012e-20
6.467248244488134332e-20
-5.633257113262720197e-20
4.713827257046657495e-20
-3.787320740185877770e-20
2.919736181895671800e-20
-2.157983988250622207e-20
1.527592119446845308e-20
-1.034406998681177286e-20
6.690574921850830824e-21
-4.126339499980482001e-21
2.421775639342552261e-21
-1.350229985249683823e-21
7.158340022975850762e-22
-3.663404371227572126e-22
1.943871063457574671e-22
-6.943690772394433420e-23
3.501754385964912508e-01
