6.616600172265961755e-01
-3.943342932293395116e-03
1.154232091170047820e-05
-3.474232986471457805e-08
1.072550820287101250e-10
-3.392896297346085009e-13
1.100309689303695339e-15
-3.681234747842058369e-18
-1.059537224439591204e-20
1.424861004424093536e-20
2.956799922638879696e-01
-3.095509842351372720e-01
7.620880449833258852e-02
3.365506865349671139e-03
-1.255677037351784868e-02
6.403361274112923107e-03
-1.740958780502016232e-03
4.418327014644579518e-05
2.275958839015205311e-04
-1.336744529321297304e-04
4.171331077566076519e-05
-3.886900692859117116e-06
-3.915136346730564571e-06
2.772106687447838507e-06
-9.895388726002888515e-07
1.541273184817612415e-07
5.702880531740427694e-08
-6.124908102675158754e-08
2.362910969972279482e-08
2.491081377144581041e-02
-2.428492365888381549e-02
6.961395117468862324e-03
-1.499552012212574835e-03
2.733074041076010373e-04
-4.494058699787683984e-05
6.867693226734681761e-06
-9.795933133191955778e-07
1.280753963135243163e-07
-1.454203147820161594e-08
1.195227653629069538e-09
9.743401461322120960e-12
-3.515662214285054359e-11
1.091592836771474306e-11
-2.526812454811018975e-12
5.102667158117710896e-13
-9.442418453699405883e-14
1.674610263355449760e-14
-2.654095082742842916e-15
9.104841113056343386e-04
-1.698758550201134518e-03
1.383032136654926058e-03
-9.901120281623995191e-04
6.299699796915551745e-04
-3.606536621878433544e-04
1.882100472614612263e-04
-9.071580388119720594e-05
4.091024481045280666e-05
-1.747897512217441428e-05
7.158683477032902839e-06
-2.840510502512070311e-06
1.101955902880315531e-06
-4.210359245156604246e-07
1.593307400669178484e-07
-6.004685151910146540e-08
2.289270317181700356e-08
-9.684970796849948319e-09
3.166488464675875872e-09
3.011403085582259933e-10
-5.708370414497188229e-10
4.855198223127065394e-10
-3.693910521835716600e-10
2.499146198931230150e-10
-1.489212760719380895e-10
7.696522508390141738e-11
-3.361754709978044031e-11
1.182015361661792677e-11
-2.979014628172789463e-12
3.178181394476949376e-13
1.246583764777925379e-13
-6.691383559219462473e-14
7.114387715235256111e-15
4.957907820831482796e-15
-1.837459915896124392e-15
-2.085567375881218043e-16
2.192955477965689261e-16
-6.286156843908353755e-18
6.654700415301525451e-01
1.443517518101757741e-03
-4.208340962432569719e-06
1.261259968088545412e-08
-3.741620585064750530e-11
1.090440286512276132e-13
-3.122182797054905026e-16
9.091526779285176282e-19
-1.968176225304752207e-20
3.812964329695634927e-21
8.067323127201120325e-01
1.236561228662177297e-01
-2.492245366070051579e-02
-1.637526003420669823e-03
4.327382111791269227e-03
-2.246219523766815763e-03
6.528210208028310726e-04
-3.693966715878604088e-05
-7.861622555203423785e-05
5.089628441756866126e-05
-1.703158299564516801e-05
1.863835851870108643e-06
1.566392304260171019e-06
-1.172784387814597967e-06
4.204321271135183495e-07
-5.713466935653599878e-08
-3.151425192302651727e-08
2.841498465148296865e-08
-1.012298497247579762e-08
9.328469067863013331e-01
2.209666366966379566e-02
-3.590447960892229583e-03
5.719908491085394248e-04
-8.880850312592275390e-05
1.337983967198126799e-05
-1.947589192136836021e-06
2.719019744195634835e-07
-3.585381060842262479e-08
4.313616870311796379e-09
-4.311586739978961542e-10
2.267947468938966379e-11
4.484943211577106663e-12
-2.104090738570862645e-12
5.661800162947915536e-13
-1.270789606312596333e-13
2.585757533827377753e-14
-5.070070693504440261e-15
8.825774517800998370e-16
9.782532893776759719e-01
1.643136849465950955e-02
-6.207265087204209136e-03
2.344657579432457301e-03
-8.854594459732932415e-04
3.342713942214088521e-04
-1.261154108354508045e-04
4.753720761704615684e-05
-1.789432468805810531e-05
6.723593776057249013e-06
-2.520365830572327851e-06
9.420531560001424688e-07
-3.509411666587482026e-07
1.302530099097336096e-07
-4.816342603386804596e-08
1.777084052178506989e-08
-6.628334408983048854e-09
2.735789060246140485e-09
-8.800367208614184056e-10
9.950835968264741815e-01
4.910352957302606750e-03
6.042770715719155269e-06
7.436344849302869842e-09
9.151302900670780116e-12
1.126170282050850156e-14
1.390176394511953241e-17
-1.223127528031929081e-20
1.879075851484251306e-20
-1.121791850687333568e-20
6.228090345410638925e-21
-3.199707948644240255e-21
1.508913060714185596e-21
-6.289335127618254104e-22
2.373372000504505357e-22
-7.873153282183946945e-23
2.217712504784916340e-23
-2.403927944711335093e-24
-1.298208475063764784e-25
1.113511652373587735e+00
-2.923800126256389606e-05
-8.390588947008407867e-07
4.560900484508745114e-09
-1.867071947060592726e-11
6.874466273644426529e-14
-2.399183859277854800e-16
8.075962230419567485e-19
-5.893382598201217131e-21
3.179361089985581454e-21
1.081844320501373247e+00
-3.573232928598322339e-02
-8.330621581902576873e-05
3.309335034634521434e-03
-1.081844320634155285e-03
-7.461673269208863311e-05
2.174404824154072685e-04
-9.643977847838870212e-05
1.228645591823078640e-05
1.066279667690065692e-05
-8.281761160923109831e-06
2.881611444575402693e-06
-2.243820898503503343e-07
-3.643192019044802927e-07
2.488217486594553987e-07
-8.306767603570474396e-08
6.372646312218367516e-09
1.272827065393657335e-08
-7.111674251291812740e-09
1.034606256690066894e+00
-1.154954221790425659e-02
1.846517497481065233e-03
-2.755658638873694313e-04
3.718865097797031748e-05
-4.288737726461795551e-06
3.540124154131811931e-07
2.182716870490812581e-09
-9.847525262418508803e-09
2.986152002976120042e-09
-6.682483329367312103e-10
1.292527865180239382e-10
-2.261520164847456843e-11
3.625709707205844698e-12
-5.292950790985779117e-13
6.819687934701831170e-14
-7.014639916988429564e-15
2.887624653528506123e-16
9.347561830250970769e-17
1.011032913598934435e+00
-8.426971249014125406e-03
3.217577544416943928e-03
-1.228001860586539580e-03
4.682954603643854760e-04
-1.783346874888162999e-04
6.775989410171271083e-05
-2.565816611259451901e-05
9.668554778121050456e-06
-3.619430290168327468e-06
1.343527685733135478e-06
-4.935439968438907206e-07
1.790632175011700320e-07
-6.403220901839086308e-08
2.252012095962281424e-08
-7.775198659718314830e-09
2.647857355720587120e-09
-9.587118931676005096e-10
2.792284850729769749e-10
1.002467305693548472e+00
-2.467305693548515425e-03
-2.660374186678788384e-19
2.309581453452593509e-19
-1.892748690026117476e-19
1.462491055618503819e-19
-1.063693134797715402e-19
7.266640288505521203e-20
-4.649906047967680771e-20
2.777021244226775066e-20
-1.540565336893123601e-20
7.888830191401048519e-21
-3.696791666778279479e-21
1.565693117640070746e-21
-5.879109213595275737e-22
1.893119561171905864e-22
-4.854376829816747134e-23
7.477830875892181622e-24
1.338813863741442945e-25
7.703859649122807296e-01
