3.284779158041004066e-01
-5.311612076366083656e-04
4.031536268811127137e-07
-3.113405085798493089e-10
2.441919965370388455e-13
-1.912267557533516586e-16
-1.831619009192010945e-18
2.938342794292308372e-19
5.870820143983370680e-19
-2.574927699222049666e-19
2.136670556987206593e-01
-1.229312630829880598e-01
1.462761832039844064e-03
7.924172785356136187e-03
-2.261014066116331586e-03
9.685590828350127421e-05
1.255433196397415826e-04
-4.203635468423195143e-05
3.321194908003697529e-06
1.950175017487406779e-06
-7.865228638045929312e-07
8.970141592485113494e-08
2.904169241947513783e-08
-1.460541250004270392e-08
2.170757794519694122e-09
3.987315919174747919e-10
-2.664191930431420075e-10
4.306272282329464612e-11
5.412164249850799986e-12
5.149180461796122599e-02
-3.771133153493461121e-02
7.638483675712220283e-03
-1.087891351590088542e-03
1.125059057307019946e-04
-5.952212554670313883e-06
-8.540243701587522817e-07
3.568694518410468189e-07
-7.658126649512879613e-08
1.260229215869115090e-08
-1.673086575918181237e-09
1.669481226159252927e-10
-7.205818414209659116e-12
-1.846876807983274454e-12
6.655657336891528903e-13
-1.385912673322472344e-13
2.244102623539643023e-14
-2.942618420962702940e-15
2.842510313059784039e-16
3.467506244262052832e-03
-6.286781772109089304e-03
4.720429520495501678e-03
-2.989278346582437823e-03
1.632088293155731533e-03
-7.857652987355362093e-04
3.409114615641216698e-04
-1.360375171973469738e-04
5.087024030614745054e-05
-1.811698869518077684e-05
6.222388417334056814e-06
-2.076605548097312606e-06
6.744132931993977988e-07
-2.119535616417373226e-07
6.349378291119204280e-08
-1.752772827829705144e-08
4.050552033765009321e-09
-4.486500844172015892e-10
-1.128490269422472098e-10
7.389335695531654701e-08
-1.379179621932488984e-07
1.118534360426148190e-07
-7.829382969458778353e-08
4.666967133711042234e-08
-2.312244652835350667e-08
9.086883676596898114e-09
-2.536632875313100108e-09
3.159498062126539535e-10
1.011808496068948145e-10
-5.716014679394678953e-11
3.732115276618658520e-12
5.394255963579054858e-12
-1.318147615354124127e-12
-4.923255875284108680e-13
2.184304068143315445e-13
5.439813568965750188e-14
-2.811299085602303105e-14
-7.842749945837262944e-15
7.826449300658510078e-01
2.103353546593249909e-04
-1.458881990837442910e-07
1.109576317834449432e-10
-8.750083653108040374e-14
7.037352530042910084e-17
-3.352541133117024947e-19
1.216561417306280939e-19
1.416270729141977592e-19
-1.968011052242455070e-19
8.317964630069045739e-01
5.398004597507230495e-02
1.124574991503533069e-03
-3.154915986997961549e-03
7.929103057322029781e-04
-2.545046733112317963e-05
-4.435945481303020066e-05
1.454784425503506631e-05
-1.199647061869905859e-06
-6.611388152421928641e-07
2.778170565813343786e-07
-3.445868965043406689e-08
-9.711214828375768228e-09
5.297765374294040816e-09
-8.478068507814237939e-10
-1.338240486188116388e-10
9.931161193919815763e-11
-1.690416515043538769e-11
-1.896289811479274557e-12
9.138558790984523394e-01
2.560340494585431476e-02
-3.372327960906211421e-03
3.696898166510088923e-04
-2.878495405567789867e-05
1.631727966093661986e-07
5.186547753146515233e-07
-1.369468754329841697e-07
2.525247553174827165e-08
-3.832881596609786814e-09
4.874087695903512879e-10
-4.810713472538811120e-11
2.247818687859796564e-12
4.773210505237902418e-13
-1.845124235085475635e-13
4.027707395165506609e-14
-6.911259843004293377e-15
9.898144596990631632e-16
-1.109439041136553458e-16
9.710992815120114141e-01
2.171783195319902660e-02
-8.142068167110438903e-03
3.040055341398931535e-03
-1.127348916505476351e-03
4.136922537215485004e-04
-1.495632201328295989e-04
5.300994956211836146e-05
-1.832175164438578030e-05
6.139490677534344171e-06
-1.980865022949990567e-06
6.095186682943966837e-07
-1.760519207028711902e-07
4.622808305076955881e-08
-1.014701904971581061e-08
1.257215810125442638e-09
4.487211673157185394e-10
-5.775453258901637934e-10
2.617662537751506352e-10
9.934348238688699428e-01
6.554383026310380521e-03
1.077536104135897406e-05
1.771459775160509778e-08
2.913988766225249691e-11
3.566030840422744655e-14
8.077478900609213473e-15
-4.793319669950808622e-15
2.609459231161995018e-15
-1.276374510904538924e-15
5.517349218379542983e-16
-2.050904286609577862e-16
6.224199725997133198e-17
-1.354509076497061394e-17
1.033793217857184741e-18
6.630111884192013773e-19
-3.219601239900401377e-19
3.916425871730863123e-20
1.462166770825760477e-20
1.099681259574179837e+00
-6.205038203640175808e-05
1.921655995317258223e-08
6.083300097147568628e-13
-1.030744679211210848e-14
1.462786097028752431e-17
1.588635676850006820e-19
3.575190879584930146e-20
-7.377294886802949214e-20
2.245948369466591226e-20
1.081216584197718822e+00
-2.135888411130884221e-02
-1.673542527630273108e-03
1.189380881843277084e-03
-1.378407628515650066e-04
-3.275950616741677362e-05
1.246306450661293585e-05
-1.704157893663754037e-07
-7.630913086903457943e-07
1.525502913324250380e-07
2.732244513122204076e-08
-1.862866372619504439e-08
2.366707533008040589e-09
9.277544129802124532e-10
-4.475803423636320328e-10
4.811959884077441949e-11
2.258724784249519940e-11
-9.731146210740076741e-12
1.055005450027644881e-12
1.044362728151583930e+00
-1.309965802897290234e-02
1.608869097145588633e-03
-1.424874371722494168e-04
3.438373541199495772e-06
1.918699323975118439e-06
-5.280958348621191329e-07
9.008022421363720923e-08
-1.140131817526790800e-08
9.601244847441441569e-10
1.994156905447652666e-12
-2.168883210254593529e-11
5.603660894602911146e-12
-9.788985044892238320e-13
1.301370033145463124e-13
-1.190846782345385354e-14
1.347696142629916756e-16
2.600793482790257296e-16
-7.015920659551179266e-17
1.014723190883680015e+00
-1.121351383984572729e-02
4.255240621924069946e-03
-1.604479259041743803e-03
5.986345495713725831e-04
-2.197947135923665560e-04
7.887914544172002970e-05
-2.744700161003787813e-05
9.168989850265956521e-06
-2.901387317754549996e-06
8.509718219072323638e-07
-2.213276996501663454e-07
4.497897226396257106e-08
-2.838749387532873352e-09
-3.880085948074319336e-09
3.140966596607460902e-09
-1.772757500072378114e-09
9.734758226151350470e-10
-3.581392208461853512e-10
1.003298823938482576e+00
-3.298823938469422606e-03
-2.440903971810679652e-14
2.028593416294604632e-14
-1.561716031400007293e-14
1.110657312969110058e-14
-7.268361974475002889e-15
4.353214946045375877e-15
-2.368018871573965232e-15
1.157121603595935330e-15
-4.995000791093453874e-16
1.853003732351086435e-16
-5.604766012139739389e-17
1.210696203826462925e-17
-8.786474819905412756e-19
-6.137581911930806946e-19
2.920898390702016722e-19
-3.428352849548458262e-20
-1.373003879004886488e-20
8.754385964912281271e-01
