1.315472026086264901e+00
-1.861831603716597797e-02
1.212316633192837693e-04
-8.277489934642206258e-07
6.390542831944105359e-09
-5.691699393557959928e-11
5.613898650198581274e-13
-5.824921590556795091e-15
6.160976378405381616e-17
-6.494435670177199328e-19
4.277934191440275757e-01
-5.979602153668847064e-01
2.572703178589474948e-01
-6.058292193743448906e-02
-9.609412782555058416e-03
1.963920607763708012e-02
-1.235214857990105802e-02
4.934211662549473597e-03
-1.038492328359616641e-03
-2.552801665331518879e-04
3.892993188858288899e-04
-2.230419073466635639e-04
7.898487751369912999e-05
-1.134845648016344978e-05
-7.201339426262706062e-06
6.815042492475629704e-06
-2.968306378978944855e-06
4.232223053175386204e-07
1.706051578579856376e-07
9.874455136168563268e-03
-1.207899034694555514e-02
4.508223704024988052e-03
-1.250174829967877358e-03
2.866032912664684840e-04
-5.811675038826787738e-05
1.090204468772102745e-05
-1.946653176019825558e-06
3.362382241031274937e-07
-5.659077959589547971e-08
9.295196493015893683e-09
-1.486931157072446874e-09
2.305368739257456294e-10
-3.435998993117630363e-11
4.854149239484110067e-12
-6.325638184296381245e-13
7.122841183390228048e-14
-5.259977219609123797e-15
-2.277826172433602738e-16
1.556044051002333296e-04
-2.967304216359043997e-04
2.574263806141055522e-04
-2.036975317298620435e-04
1.475693287072396055e-04
-9.835132364408223117e-05
6.063837080165475964e-05
-3.479611413036684303e-05
1.870216921079891827e-05
-9.477163811770816700e-06
4.557935171388404220e-06
-2.094311595628423306e-06
9.254088150669712578e-07
-3.957432098971986481e-07
1.648319870669820245e-07
-6.741194644253920347e-08
2.762829999741071687e-08
-1.251617256105447210e-08
4.255260004520158284e-09
-2.053275900604446674e-10
3.951651166024446766e-10
-3.519751299004892180e-10
2.898365316721694458e-10
-2.201825834289431476e-10
1.538189616255672868e-10
-9.836409620972590190e-11
5.720507072076881519e-11
-2.997413112539272366e-11
1.395526654170410607e-11
-5.647040465633656623e-12
1.909614008798351282e-12
-4.953437797761631175e-13
7.318218925409771490e-14
9.296764830065403611e-15
-9.445514288079259322e-15
2.408889356966028039e-15
1.816966785220004192e-16
-2.702268788061678578e-16
4.769536606153598757e-01
6.442438352111840537e-03
-3.621984835358137421e-05
1.524083849182778817e-07
-3.821481791165171608e-10
-1.947688139029734267e-13
2.876116460233974300e-15
8.445948555851903289e-17
-1.810088135618272628e-18
3.510804915377495262e-20
7.860308897613909052e-01
2.097483156294272233e-01
-8.541933884704910884e-02
2.283817745014504394e-02
1.612083038373756261e-03
-6.729653816662699642e-03
4.877378302961645276e-03
-2.153202492121479312e-03
4.794907224421011559e-04
1.477114075311700744e-04
-2.214803181632731802e-04
1.273375170728705138e-04
-4.032902439067206495e-05
-1.030761234350693586e-06
1.039384015284311572e-05
-7.192305187398534949e-06
2.437767314841484876e-06
4.174991346805434945e-07
-6.139697650210650535e-07
9.510539077987888446e-01
1.641824359612472847e-02
-2.765724575792312054e-03
4.699855045584032712e-04
-8.093605076140251303e-05
1.416125693006438772e-05
-2.514910783305546906e-06
4.513316410480669782e-07
-8.135282735356277047e-08
1.464007217454826690e-08
-2.617324420244825668e-09
4.630864202165222560e-10
-8.083842005200836829e-11
1.388205866485686572e-11
-2.337317819672371545e-12
3.841534693392986014e-13
-6.126464461087334225e-14
9.580917593342366510e-15
-1.361756549449766062e-15
9.842856383011141519e-01
1.191027437508332398e-02
-4.513544592446436070e-03
1.710475326835781025e-03
-6.482199149587042960e-04
2.456635811644034624e-04
-9.310723799394921593e-05
3.529146416488014771e-05
-1.337920907274435522e-05
5.073559062921339709e-06
-1.924792850516593835e-06
7.306950301615338638e-07
-2.776447371354689649e-07
1.056348719452418791e-07
-4.027177144903101317e-08
1.542592941150163800e-08
-6.031337826920812756e-09
2.643987765518711270e-09
-8.850643501971764728e-10
9.964582484874253687e-01
3.538612006013454065e-03
3.136723615712609007e-06
2.780478624092933876e-09
2.464693128129942647e-12
2.184835585213118490e-15
1.885935436768103528e-18
4.062633680298160090e-20
-2.860798512241439392e-20
2.013972408454374367e-20
-1.354400422657737366e-20
8.689705629687120847e-21
-5.309239338718897333e-21
3.085781361738108163e-21
-1.702141560648185544e-21
8.886765575198250050e-22
-4.464287806550940600e-22
2.317503412956070629e-22
-8.098280670087681955e-23
1.022390546678456191e+00
2.627458340940907935e-03
-2.696756995839491092e-05
1.977568344528613695e-07
-1.262392289427153114e-09
8.123337278287971890e-12
-6.207155535723411962e-14
5.918380546311556828e-16
-6.355635237585839642e-18
7.374772567775046863e-20
1.051771109477448229e+00
-7.728511168030077240e-03
-1.852248061468560192e-02
1.453199506928382935e-02
-5.291621587700006540e-03
-2.142670760855198292e-04
1.733225696625540586e-03
-1.341676050394046771e-03
6.035231425167490683e-04
-1.248937590556869288e-04
-5.627401270340663539e-05
7.399741421405756092e-05
-4.211096170662948808e-05
1.359824623191973228e-05
-1.765627326540156500e-08
-3.139965803127035613e-06
2.161578205652072020e-06
-7.318154865067287602e-07
8.978509025732900827e-08
1.025089781695237345e+00
-8.574562930165272046e-03
1.452415881817890062e-03
-2.414834082783626614e-04
3.885327281603023991e-05
-5.933397199772640925e-06
8.349460008369257705e-07
-1.019539684340372091e-07
8.896433562660160525e-09
1.522510725023148258e-10
-3.375650043214703441e-10
1.132821263708609554e-10
-2.890812301163385823e-11
6.519852238135404372e-12
-1.364914957252612293e-12
2.710688100471563881e-13
-5.168261492163533684e-14
9.810746794874317206e-15
-1.691007595786756105e-15
1.007942514270864454e+00
-6.067522588226643282e-03
2.317565102233114932e-03
-8.852118313517297592e-04
3.381049515802738749e-04
-1.291321049758612112e-04
4.931468452522504598e-05
-1.882978588040081020e-05
7.187698165317245002e-06
-2.742399142029129308e-06
1.045570786873261644e-06
-3.981991667100345772e-07
1.514136103653196951e-07
-5.745109403425167602e-08
2.174148288971532530e-08
-8.214426200463810264e-09
3.138429786472261612e-09
-1.327767956387300532e-09
4.334263725517425700e-10
1.001776002551536759e+00
-1.776002551536679441e-03
-7.259444601581206619e-20
6.569737469470447001e-20
-5.710489885241257085e-20
4.765384153287037517e-20
-3.815761818249048224e-20
2.929666433243832420e-20
-2.154918280757324884e-20
1.516904357034364818e-20
-1.020568809827509946e-20
6.552541265414993274e-21
-4.007311288091744383e-21
2.329358295499238037e-21
-1.284294586313973769e-21
6.718775357892985338e-22
-3.381727089047599283e-22
1.758857595342819465e-22
-6.206257106374605132e-23
3.876942355889724245e-01
