6.408624748465236998e-01
-3.605204700424154748e-03
9.949808147937056480e-06
-2.822157567781271800e-08
8.201319924781542885e-11
-2.438527476569888906e-13
7.418402116263694842e-16
-2.277494342607563811e-18
-4.689085336905778974e-20
4.316760558924744974e-20
2.916583310802010609e-01
-2.991531954867292509e-01
7.031108971793337270e-02
4.772453730776390207e-03
-1.215980647453288391e-02
5.850030817941338779e-03
-1.464026461456626165e-03
-2.618224558891107584e-05
2.207862624736431042e-04
-1.169307374439037736e-04
3.268008793796412642e-05
-1.290602457719388359e-06
-3.947050881766100527e-06
2.355457375013802617e-06
-7.347502085610218419e-07
7.043952960628762785e-08
6.473048155939245230e-08
-4.934908126947015506e-08
1.669681543015053607e-08
2.596934540058267252e-02
-2.503575516097000450e-02
7.086450570434678874e-03
-1.507298094836639207e-03
2.712297894844608258e-04
-4.398072178886929001e-05
6.606979439616561287e-06
-9.203663063578738248e-07
1.159091205067207394e-07
-1.222587160220276893e-08
7.835293295145503380e-10
7.799178012682709291e-11
-4.560472127725072160e-11
1.235563170659290585e-11
-2.693547150067547233e-12
5.226265915774791049e-13
-9.351399473486034476e-14
1.601748822551396280e-14
-2.453447258857196692e-15
9.788821401523596991e-04
-1.824318813680116027e-03
1.480460497996697765e-03
-1.054582149598469768e-03
6.667617688325390641e-04
-3.789716610993839772e-04
1.962500331409037580e-04
-9.385179991039693294e-05
4.200158002215073128e-05
-1.781645653853443132e-05
7.249286173790347722e-06
-2.859880602181848309e-06
1.103926108378572246e-06
-4.199629368088621679e-07
1.583135154353869637e-07
-5.944701358316254068e-08
2.257795181723485393e-08
-9.509738092347720406e-09
3.100297973497595484e-09
4.771948408054482364e-10
-9.039243871169566153e-10
7.671655971132408805e-10
-5.814929185162201730e-10
3.912294725366951586e-10
-2.313083475695679895e-10
1.182444014432513982e-10
-5.084332696618366455e-11
1.744226644489917917e-11
-4.187515776056822892e-12
3.501266767485610042e-13
2.149920365422807453e-13
-9.731718856553392575e-14
6.394185930936646716e-15
8.335030293501776455e-15
-2.449033015942385986e-15
-5.012273425738984651e-16
3.194555814619173011e-16
1.766527787757805302e-17
6.725277874420531043e-01
1.320538944215005669e-03
-3.624072638514125930e-06
1.027178566690135092e-08
-2.890129347500418065e-11
8.004646245156440724e-14
-2.181046979599110120e-16
5.859083402597517724e-19
3.522769260738659729e-20
-1.995747938822302764e-20
8.077436260553292335e-01
1.198892411766423194e-01
-2.283994182984460178e-02
-2.151717325116781192e-03
4.202421686444537084e-03
-2.050980238583775990e-03
5.494022822602233824e-04
-8.493340590443224946e-06
-7.689449153981702716e-05
4.449317787313581920e-05
-1.338876955522203807e-05
7.927363061797474162e-07
1.567091036753848614e-06
-9.855897443052478019e-07
3.090546746403439832e-07
-2.334138475879314143e-08
-3.235162844275096197e-08
2.206377829138078666e-08
-6.851403976098025770e-09
9.319362789723998342e-01
2.235345738257070794e-02
-3.617824430550435535e-03
5.724097506480358777e-04
-8.795864471185799714e-05
1.306295037181282699e-05
-1.865050793787242645e-06
2.535365209477958890e-07
-3.213167636454739186e-08
3.606672384396594171e-09
-3.036846294949633542e-10
7.722551979111000984e-13
8.061708845140167014e-12
-2.652698150597136290e-12
6.432716615753150637e-13
-1.364193524831829377e-13
2.664435839401793998e-14
-5.034546335615641647e-15
8.491717732929684326e-16
9.779424831818703812e-01
1.666338677323983899e-02
-6.293757201188548978e-03
2.376821622405374951e-03
-8.973666697531667994e-04
3.386450175780426398e-04
-1.277011378293325310e-04
4.810039097565814317e-05
-1.808802935102744443e-05
6.786952641317268082e-06
-2.539432534848150028e-06
9.469400464112764133e-07
-3.517305889891158974e-07
1.300878470062664233e-07
-4.790472189305242419e-08
1.759138500746721628e-08
-6.524509071264131364e-09
2.674418641829290170e-09
-8.563791976525529773e-10
9.950125120957954428e-01
4.981261363502591591e-03
6.218767287813285558e-06
7.763709582076426467e-09
9.692465570367501064e-12
1.210021928588057324e-14
1.522742937284431784e-17
-6.333693268277822887e-20
5.229738210547554611e-20
-3.100401517520948117e-20
1.705811328775267942e-20
-8.628541612203845232e-21
3.986820626687154003e-21
-1.670768972518327763e-21
6.173601308892326135e-22
-1.800667189799405136e-22
4.990118640994148390e-23
-1.127956778233405189e-23
-2.645001349790181373e-24
1.113750012806013379e+00
-4.645880667488641580e-05
-6.623054506006962496e-07
3.526548540320310076e-09
-1.380501282391863864e-11
4.834466288031459657e-14
-1.600988591957460385e-16
4.997236227186327026e-19
-3.088328496172488409e-22
5.525021143682279432e-21
1.082212473843049416e+00
-3.539896466665322372e-02
-9.429378400207388692e-05
3.157307321592714520e-03
-9.988214527411381962e-04
-7.657219985700602406e-05
1.950229002021213322e-04
-8.127264487346792950e-05
7.777415299929154463e-06
1.015241830621980220e-05
-6.987042488236522246e-06
2.169185374138070193e-06
-3.781856296972003363e-08
-3.411650850568143531e-07
1.989581149282116226e-07
-5.686910943311152014e-08
-1.211952422800745525e-10
1.095861858098313252e-08
-5.352683649005124330e-09
1.035079692815366936e+00
-1.167739387421907853e-02
1.855991181434788178e-03
-2.740346979881904516e-04
3.632013703511697563e-05
-4.049928453871135007e-06
3.035605483438501951e-07
1.113343914230135529e-08
-1.119672405391896154e-08
3.148915891796245047e-09
-6.793544311409214527e-10
1.276974324983060344e-10
-2.171361930380701852e-11
3.365781728021260233e-12
-4.690983301225895155e-13
5.589980858202851491e-14
-4.727391420139173433e-15
-1.108826197811062087e-16
1.544080095552823190e-16
1.011192813248243727e+00
-8.548862464769152805e-03
3.263912749436772946e-03
-1.245523531569159466e-03
4.748581370465968757e-04
-1.807525644370532286e-04
6.862690372171538500e-05
-2.595575194771311536e-05
9.763556314964416178e-06
-3.645982753739056068e-06
1.348892861222108297e-06
-4.933814665349944920e-07
1.780319433039811400e-07
-6.323509835978646402e-08
2.205558156466939028e-08
-7.536028643375776007e-09
2.531056090246872363e-09
-8.976681563843952338e-10
2.569876739257752200e-10
1.002503110508727646e+00
-2.503110508727542094e-03
-6.824493574827835332e-19
5.913264139323992011e-19
-4.832520976738014594e-19
3.720229585718564848e-19
-2.693259297227170985e-19
1.829470428347075628e-19
-1.162633177157094983e-19
6.886176287516476907e-20
-3.782327411820497490e-20
1.913680999443780002e-20
-8.836204465701415549e-21
3.673332726425800140e-21
-1.345909624026031496e-21
4.184622408911384461e-22
-1.010346463332551180e-22
1.263040519042883801e-23
1.528379616402003548e-24
7.778897243107769643e-01
