1.365878893975575936e+00
-1.912132486588331501e-02
1.206280055625073752e-04
-7.959238500483815549e-07
6.032667623962275122e-09
-5.365285814917009288e-11
5.297874707279785350e-13
-5.469068191341533574e-15
5.722850761467731878e-17
-5.572063444401234295e-19
4.424990371337462758e-01
-6.222257968318756216e-01
2.689476615158939987e-01
-6.295410400235562642e-02
-1.076592969412886597e-02
2.100450095435257847e-02
-1.301740841137107897e-02
5.062281672061644255e-03
-9.623382485657756835e-04
-3.417071366177906072e-04
4.315459359827958558e-04
-2.310808078684513519e-04
7.375784811975570523e-05
-5.363992929074764093e-06
-1.029471117338966021e-05
7.589422711804249771e-06
-2.744106986889383164e-06
-3.592380885440611391e-08
4.032630978585611025e-07
9.553653601465112583e-03
-1.183636436196523756e-02
4.488387598252641802e-03
-1.263844327266395702e-03
2.936464852025702879e-04
-6.020674678341082526e-05
1.139384623763463264e-05
-2.048825754925096999e-06
3.559969950634684598e-07
-6.024523303537575463e-08
9.949338953211695788e-09
-1.600571581481334058e-09
2.496493444303045710e-10
-3.745229854876004438e-11
5.330254248807068900e-12
-7.009632580115400183e-13
8.001869151017635138e-14
-6.144104621890637435e-15
-1.920977133465806973e-16
1.411334551997021967e-04
-2.694465506805876725e-04
2.345537514427851957e-04
-1.866173015967182000e-04
1.361821487700954638e-04
-9.155980902876182542e-05
5.701191884367663476e-05
-3.306620363108099628e-05
1.797107881187402374e-05
-9.209582993611756333e-06
4.478425227584683449e-06
-2.079638166876596644e-06
9.280175592541767010e-07
-4.004191080695015697e-07
1.681010027553086344e-07
-6.922076715447473209e-08
2.853798360339010899e-08
-1.299558381187205585e-08
4.430419404646165455e-09
-2.064956373763155246e-10
3.977625593050959163e-10
-3.552331469792483761e-10
2.938459276172642546e-10
-2.246909001627411723e-10
1.583498754874681721e-10
-1.024164591333946981e-10
6.042893947191271082e-11
-3.225202940303958533e-11
1.537813620334568988e-11
-6.425296900788990479e-12
2.275849920937081690e-12
-6.387760224952428395e-13
1.166661350255337913e-13
1.185486861691159648e-15
-9.890685042897390552e-15
3.358546514078510624e-15
-9.488429368045699713e-17
-2.666270649321053960e-16
4.694456577204353387e-01
6.554581488106281384e-03
-3.479610392429403296e-05
1.262190697980064278e-07
-1.644729170570799332e-10
-1.272779837200311477e-12
4.948474843881793254e-15
9.707673000879445686e-17
-1.840704002214428982e-18
3.734082789471146481e-21
7.863423085565437454e-01
2.138302845262936291e-01
-8.876009385862920764e-02
2.407386546323203244e-02
1.743599072504180367e-03
-7.223112265528761587e-03
5.212941160312112993e-03
-2.255738520770754398e-03
4.534922209428842691e-04
2.000599761902433220e-04
-2.544450548371915443e-04
1.371349785715296271e-04
-3.797446626879255729e-05
-5.874663455712286890e-06
1.354651278235647362e-05
-8.273716745766074543e-06
2.348812406552325799e-06
9.150954764071415622e-07
-8.929245472912749979e-07
9.526120965711808442e-01
1.591072407654722451e-02
-2.683957065323909312e-03
4.572259662323169900e-04
-7.909651505495596355e-05
1.394265462996148827e-05
-2.502455655307822722e-06
4.550850258428486439e-07
-8.326266385361869886e-08
1.521929857486039106e-08
-2.763500838991509503e-09
4.963958625820821523e-10
-8.792822103365441281e-11
1.531619343347897685e-11
-2.615630600801901295e-12
4.362195109237211658e-13
-7.067509303234560834e-14
1.126727754433066808e-14
-1.636410568875700248e-15
9.847940738876832523e-01
1.152786376524491188e-02
-4.369740527924896936e-03
1.656400611631481503e-03
-6.278866350033881138e-04
2.380177421936002335e-04
-9.023202574214437741e-05
3.421009728552643590e-05
-1.297241786214791258e-05
4.920486393792346623e-06
-1.867174924131896772e-06
7.090031838364091571e-07
-2.694798791928342894e-07
1.025645659046372253e-07
-3.911967198044489138e-08
1.499475333630890973e-08
-5.868842525684687327e-09
2.576795618952697076e-09
-8.635256432505587603e-10
9.965737147622272252e-01
3.423346673713686256e-03
2.936043790696056692e-06
2.518106976254306872e-09
2.159662099295796375e-12
1.852311338061364931e-15
1.531858914428457459e-18
4.518079088320728310e-20
-3.245559327539910990e-20
2.304818820152656749e-20
-1.565817267598951806e-20
1.016652113625713111e-20
-6.299359055069171251e-21
3.714778110760213636e-21
-2.082902146891626401e-21
1.112902250678434484e-21
-5.732485015123535312e-22
3.076898469229822422e-22
-1.112664343380210214e-22
1.005180070826483085e+00
2.912139246761388019e-03
-2.796498517183638110e-05
1.911043275766799459e-07
-1.125747904491896078e-09
6.854594039641617140e-12
-5.337503648575893024e-14
5.367089493662267724e-16
-5.906171584178469993e-18
6.574886303953534305e-20
1.046287462109469324e+00
-8.378436249799773921e-04
-2.223631916029052830e-02
1.596483876736235971e-02
-5.442462816411507316e-03
-5.188384302468923483e-04
2.032022844035601475e-03
-1.495488253899087414e-03
6.402011218203211562e-04
-1.100700681763364244e-04
-7.801495613337316136e-05
8.649452591307811708e-05
-4.553570591011639560e-05
1.267143332550036269e-05
1.679858238103830698e-06
-4.183815338816622792e-06
2.450233740891360146e-06
-5.797759480822740436e-07
-4.769709304707345907e-08
1.024275541001128387e+00
-8.298171773935476489e-03
1.406367711443605797e-03
-2.340244613573582355e-04
3.767674328839742102e-05
-5.747977793744387885e-06
8.040695284779711180e-07
-9.618180617956175179e-08
7.673222848014969373e-09
4.318678762142692654e-10
-4.026455594437244206e-10
1.281820968551739928e-10
-3.221733836519543344e-11
7.230402915570235166e-12
-1.512503712260694983e-12
3.007703555751128535e-13
-5.748727833765716900e-14
1.094946404221903447e-14
-1.893553606485726740e-15
1.007684250899397282e+00
-5.870231830718117619e-03
2.242211272635829741e-03
-8.564330935128453394e-04
3.271155782018628005e-04
-1.249369405331231969e-04
4.771402912983509757e-05
-1.821960872297354674e-05
6.955436780530626698e-06
-2.654190234193783643e-06
1.012182167285135881e-06
-3.856199058384128063e-07
1.467038186677795364e-07
-5.570167086088730148e-08
2.109786029722831119e-08
-7.979962910707521238e-09
3.053002424158069569e-09
-1.293813299226890446e-09
4.228079929754215525e-10
1.001718252208364079e+00
-1.718252208363939574e-03
-7.078697702237574837e-20
6.421348909042536766e-20
-5.600199216778534629e-20
4.693706593220055068e-20
-3.778679732406081245e-20
2.920066081950243745e-20
-2.164331956793512683e-20
1.537120651385353648e-20
-1.044795588696683866e-20
6.786999728000644603e-21
-4.206464147144362185e-21
2.482733819492771304e-21
-1.393258601985447732e-21
7.444013501119581743e-22
-3.846622578905013117e-22
2.064686768466030649e-22
-7.426496029156670898e-23
3.251629072681704313e-01
