9.963340397283916572e-02
-2.086953229350430391e-05
1.780938924316237743e-09
-1.486434190185443981e-13
1.247118356957561660e-17
-8.454340872464496698e-22
-4.870132679092540145e-23
-1.047108356492196834e-22
-1.517141801783050257e-23
6.110738170073212019e-23
9.092350231575974107e-02
-1.094670117393101508e-02
-2.047069273002181077e-03
2.264880041730966867e-04
1.278832794284687281e-05
-3.129857381767288367e-06
7.706159460902685519e-09
3.445367945593661891e-08
-1.761502724582352380e-09
-3.001569467986945885e-10
3.452521656967159150e-11
1.690930201350195302e-12
-4.739096709285776060e-13
4.186775260331960390e-15
5.180204091330083479e-15
-3.037569939485864919e-16
-4.407882551795855319e-17
5.565636152497673702e-18
2.428169042185143126e-19
6.058686632311869463e-02
-1.727585371086381993e-02
4.419218829588957898e-04
1.220922555044574311e-04
-1.614049901904945214e-05
5.832379277115374519e-07
7.865487943930317892e-08
-1.324006022053197022e-08
7.098197782782577667e-10
4.049571918586535073e-11
-1.051998447069457614e-11
7.629328507425677613e-13
1.150657021644483927e-14
-7.977986834956502083e-15
7.509306391403518838e-16
-9.497832105245068979e-18
-5.670900196154685633e-18
6.883588234439231061e-19
-2.611287669783731616e-20
1.082705990834448989e-02
-1.758542204691544014e-02
9.926376461025503140e-03
-4.086435773755382056e-03
1.233748656001353505e-03
-2.433533883050854321e-04
3.520830039252406969e-06
2.391168647302797037e-05
-1.416820062207910363e-05
5.767591862967901978e-06
-1.911588299742245287e-06
5.238595590416164448e-07
-1.076112243228865658e-07
7.458431789968213281e-09
7.454761433251912484e-09
-5.391580311260176207e-09
2.472092693061788854e-09
-9.790492351223516442e-10
2.796116154034233643e-10
1.696026046068795697e-05
-3.059230721597404275e-05
2.228678542111635200e-05
-1.279959297321367174e-05
5.469074853622225339e-06
-1.478472928302440694e-06
7.269830509570587038e-08
1.175472740008875598e-07
-3.238968156316748559e-08
-8.812196463549913612e-09
5.073837779965338198e-09
9.328696309563017602e-10
-7.659955103848564273e-10
-1.659438386699912254e-10
1.165893701712019264e-10
3.953422263844578394e-11
-1.568425376535487221e-11
-7.645847844388527642e-12
1.119440677896843768e-12
9.007766856020750224e-01
1.145633499734256946e-05
-8.265413813397858516e-10
6.282743791982512803e-14
-4.953008670195007968e-18
2.942878520464992115e-22
-9.127283763273320239e-24
2.638010306789381033e-23
3.619184564526753432e-23
-3.506868588255021804e-23
9.056622581876008216e-01
6.171124656429272104e-03
1.196661938510321880e-03
-1.084286551721177296e-04
-6.726445442943967371e-06
1.375894613066425672e-06
4.460492895785534491e-09
-1.435981172827676267e-08
6.389100567655931907e-10
1.214860320325497597e-10
-1.279763580215837512e-11
-6.911264821665322673e-13
1.746399028443811690e-13
-1.027671766410617277e-15
-1.895190611493189670e-15
1.062214047772347985e-16
1.604183241166645345e-17
-1.976485602404719228e-18
-8.417668081537268789e-20
9.237211009415629004e-01
1.081406438280269923e-02
-7.118696957084153399e-05
-7.274592460687291293e-05
7.539486424403209992e-06
-1.693917878819703901e-07
-4.220757445453707639e-08
5.559786514272144107e-09
-2.265610327245511171e-10
-2.183180325023614652e-11
4.138738823249413114e-12
-2.531161253074831079e-13
-8.077576390230294984e-15
3.016333451877276768e-15
-2.537181634590170138e-16
1.174091454035159376e-18
2.087947584344173094e-18
-2.328749030714742057e-19
4.957005596885087893e-21
9.674607809320869833e-01
2.286290707186631327e-02
-7.490938639052562541e-03
2.178388556899495988e-03
-5.099772627514682606e-04
6.648059183094379068e-05
1.684951360221923351e-05
-1.727239175392500831e-05
8.301345718557804728e-06
-2.994169490787988113e-06
8.652770671161762113e-07
-1.905475402527369420e-07
2.141689288536252595e-08
7.066446334750230792e-09
-6.299992089262052614e-09
2.953706895805606141e-09
-1.083983865332882465e-09
3.501042902106954579e-10
-8.499471351919267658e-11
9.922716735660978005e-01
7.713363422890592326e-03
1.493590187515154238e-05
2.575617644244220954e-08
2.147522008204141366e-09
-1.213622608545804114e-09
6.038143006154938566e-10
-2.490682784662227750e-10
7.954229909956594014e-11
-1.612806831207214830e-11
-1.330560122823724723e-13
1.455778769224242657e-12
-4.367928060936814981e-13
-2.844657272200871102e-14
5.425416439322806184e-14
-8.086413763977014350e-15
-5.132427362820181030e-15
1.472634285442894957e-15
4.459842243248931625e-16
1.049981498512798872e+00
-5.432346571348891300e-06
3.539325286314117236e-10
-2.352440450449136003e-14
1.573318357469746556e-18
-9.471605919713108489e-23
6.194952365365795321e-23
-2.351022004634385925e-23
-2.300999898035632823e-23
1.632432073510367312e-23
1.047640539798137649e+00
-2.963759438260121608e-03
-5.839277082753598384e-04
4.811795814940731574e-05
3.268072536596646622e-06
-5.577905389334879723e-07
-7.471984988630790450e-09
5.344825759701541418e-09
-1.420009544208178443e-10
-4.325472312853460524e-11
2.964544061091957783e-12
2.836142274865046241e-13
-3.753118764041786870e-14
-1.248425607281186410e-15
3.832140677875865165e-16
-9.695486025169438839e-19
-3.425731210869370963e-18
9.784668151436246162e-20
2.855049035685016470e-20
1.038798858846584183e+00
-5.374307051591277300e-03
1.118367772303191614e-05
3.724448796639295080e-05
-3.419267830783092979e-06
3.193865868485564090e-08
2.240666353424896030e-08
-2.270131857458633059e-09
3.945492723592697854e-11
1.356169418404412880e-11
-1.556927496648628757e-12
3.987621643797727464e-14
8.431768346844957559e-15
-1.101006565564260515e-15
3.582936999684798049e-17
5.488233683196432717e-18
-8.048866252931728841e-19
2.880755767412055049e-20
4.899831156827789164e-21
1.016539211296510814e+00
-1.172454864772121651e-02
3.849054278387038872e-03
-1.108521609894639248e-03
2.501968406746809116e-04
-2.670310405712134338e-05
-1.205003576154885136e-05
1.003105281493838430e-05
-4.527776414710062079e-06
1.542941712672129737e-06
-4.101449193760719827e-07
7.467797413133134713e-08
-4.876099628128421095e-10
-7.398792947813464638e-09
4.311289975529215991e-09
-1.727297908659058560e-09
5.527411008805366935e-10
-1.435675869960644924e-10
2.582112580991121818e-11
1.003886676698000358e+00
-3.886675271378680838e-03
-2.556599195004867827e-09
1.920882177237163691e-09
-1.275205593077610653e-09
7.394378779428056928e-10
-3.674468140035870600e-10
1.513014155620865256e-10
-4.816536735029969430e-11
9.683815702792587366e-12
1.278691017385492181e-13
-8.940877896597232572e-13
2.640184931329498786e-13
1.887124293284769756e-14
-3.328512883401049072e-14
4.800006466288633001e-15
3.188382652885877098e-15
-8.934130177369910776e-16
-2.797780017526133061e-16
9.479749373433583592e-01
