1.122649009609825860e-01
-2.829521794637232374e-05
2.950130389729513084e-09
-3.025674379313731518e-13
3.124729026131831345e-17
-3.530605177444909257e-21
3.513804129711938067e-22
-1.066670809783563993e-22
-9.234954931935613716e-23
1.200040959579450328e-22
1.007852423781095408e-01
-1.433500542946467178e-02
-2.555706997974231068e-03
3.489074669162688580e-04
1.536184585458245599e-05
-5.570247954135370836e-06
1.163161815006585589e-07
6.818197920712280725e-08
-5.581756669523959852e-09
-5.957862276758865819e-10
1.113433704455795458e-10
1.530675515277034876e-12
-1.617267896304609422e-12
7.536223639731825938e-14
1.777253649380860360e-14
-2.101746842204798843e-15
-1.199019900561357586e-16
3.565187743116214080e-17
-4.297421727189270065e-19
6.317334631792746735e-02
-2.039777417537027432e-02
8.332673594586629791e-04
1.267544870610955296e-04
-2.289416666130615941e-05
1.412453464827330317e-06
5.791235855139151334e-08
-2.084802156240704270e-08
1.934352335398647500e-09
-2.577481882053308651e-11
-1.628498335883831525e-11
2.241645741397538740e-12
-1.087893645185930417e-13
-9.422049736982136267e-15
2.256598544754526495e-15
-1.804476230597459807e-16
-8.636017347807947564e-19
1.964149743127806051e-18
-2.354728368286601192e-19
1.029759849866128223e-02
-1.703432511740484226e-02
1.005751542040335574e-02
-4.440857922499953474e-03
1.496765057928608035e-03
-3.705655351306469348e-04
4.951948064944831376e-05
1.139095800666197848e-05
-1.211084066440305413e-05
6.054920515524786277e-06
-2.370192349263879848e-06
7.914245603575697705e-07
-2.259055776347003019e-07
5.120769190979901024e-08
-6.155613719415794212e-09
-2.080077912844666798e-09
2.078553342135934624e-09
-1.215089034324183442e-09
4.332165556199608956e-10
1.096000108266671361e-05
-1.985604540094779310e-05
1.466887363071412640e-05
-8.652966359237540688e-06
3.881848165431336238e-06
-1.167781091045969728e-06
1.264007764314005797e-07
6.717236689643593721e-08
-2.822152276916827496e-08
-2.695985253974557399e-09
3.832761216917580893e-09
6.479485426206259306e-11
-5.527075666596458301e-10
-1.219016224049336217e-11
8.845348958159931592e-11
8.355434950014975384e-12
-1.489452846855809255e-11
-2.380356084247259189e-12
2.144732172626236337e-12
8.915945111298563264e-01
1.505825996104535122e-05
-1.327051529136825114e-09
1.242432580457205003e-13
-1.210858037105702262e-17
1.275312220410978626e-21
-8.968120510041454447e-23
1.681114400508895859e-23
6.029086046031760461e-23
-4.604014813912368505e-23
8.978638268131801103e-01
7.876472734937758902e-03
1.470020829819692612e-03
-1.628607140913284636e-04
-8.269087690057543371e-06
2.394924287459693510e-06
-3.327476949625227905e-08
-2.796215118022940835e-08
2.045500607564070604e-09
2.405112214247276007e-10
-4.100015362571251392e-11
-7.333175307394662243e-13
5.915236332826119399e-13
-2.575221687489794661e-14
-6.465478518560513210e-15
7.425433227292293964e-16
4.362882805533909043e-17
-1.265949622318736223e-17
1.543136252840982710e-19
9.198680879485647832e-01
1.268171043366450070e-02
-2.356826388412108049e-04
-7.959814905952460355e-05
1.078382602115552821e-05
-4.989768257082687366e-07
-3.960075230117207241e-08
9.038725989343171853e-09
-6.902686691831662854e-10
-2.508300170778645934e-12
6.811146269266502984e-12
-7.973386354602738203e-13
3.097201054676442591e-14
4.010168675078485036e-15
-7.980912404657608247e-16
5.851467923546208861e-17
7.525650597789200815e-19
-6.882477707435209354e-19
7.913161193632820361e-20
9.669675600889310330e-01
2.356125203310078034e-02
-7.959715136026676921e-03
2.453865898463723511e-03
-6.474347859205197529e-04
1.236720536094320158e-04
-2.338858214909710844e-06
-1.261401627029661124e-05
7.916368660107263544e-06
-3.378723868662359560e-06
1.165888475253995263e-06
-3.347753351166269103e-07
7.612802765330277158e-08
-1.011949412265640236e-08
-1.991438291513137438e-09
2.283154155307453853e-09
-1.185281903194878876e-09
5.252762252752056842e-10
-1.638069833395342972e-10
9.922297438358845811e-01
7.755131680939786505e-03
1.509575252111680964e-05
2.817097147231624065e-08
8.752952826135800586e-10
-4.882082509014241805e-10
2.527860204566614102e-10
-1.105249679409404111e-10
3.881148815956193726e-11
-9.683577224664366858e-12
9.426192889283168247e-13
4.668953727590183955e-13
-2.383648219970058211e-13
2.426616560543821109e-14
1.850004424779721950e-14
-6.917908030769656868e-15
-7.271779961712257117e-16
8.364165662508028811e-16
-5.023959946129599244e-17
1.054512951336400883e+00
-7.039466066279529812e-06
5.495030478587121401e-10
-4.385420414896500758e-14
3.509306339087022596e-18
-2.626814699059668426e-22
-2.352598396245339518e-23
2.416943474571721387e-23
2.814777448137207268e-24
-7.333518865801351587e-24
1.051539433747272545e+00
-3.747733678194602094e-03
-7.154825749476459483e-04
7.088485126545678722e-05
4.177490960175371874e-06
-9.460729383725394012e-07
-5.563042513023565238e-10
1.021862915296889064e-08
-4.664776549744164649e-10
-8.967528814373211950e-11
9.077324515666063398e-12
5.804453053238636982e-13
-1.226393209537773052e-13
-1.437572250060961787e-15
1.378141377395483715e-15
-3.040541017180695152e-17
-1.415105232286785446e-17
6.757598498319213323e-19
1.501891624231338751e-19
1.040810154051190706e+00
-6.304327628272818514e-03
8.309224886076502681e-05
4.211813328965433712e-05
-4.985905559634898132e-06
1.570215878348508123e-07
2.582305933031887572e-08
-4.008244119295261097e-09
1.973570332286707108e-10
1.399945284725473549e-11
-3.214643935355845640e-12
2.175433855792206932e-13
5.668572404436178323e-15
-2.584239365833001299e-15
2.252285645219425266e-16
-2.021828912489095021e-19
-2.096199104347477739e-18
2.271970968421250686e-19
-4.709108197951851163e-21
1.016803903049893654e+00
-1.210363526031776188e-02
4.102857632672948437e-03
-1.255979216098557184e-03
3.223237049066569274e-04
-5.574163850574458123e-05
-2.882435859354696617e-06
8.133563041428601651e-06
-4.582264018449194140e-06
1.840651079354640312e-06
-5.950622076946439328e-07
1.544661981037760995e-07
-2.787787623250810225e-08
6.315233942258119984e-11
2.945549792526529837e-09
-1.771308211105226462e-09
7.506962020129580117e-10
-2.805440591767124476e-10
7.721414203998858374e-11
1.003907887231652474e+00
-3.907886681767614757e-03
-9.902271983409953331e-10
7.539614168375694742e-10
-5.105884455444262830e-10
3.045490970738619425e-10
-1.574944123521936310e-10
6.875518829392511592e-11
-2.408150168073500564e-11
5.974957632459179995e-12
-5.637261713915531940e-13
-2.966058641930352205e-13
1.484960840180982328e-13
-1.448990678175096927e-14
-1.173292679832161413e-14
4.294983031645784409e-15
4.833547360585579440e-16
-5.253603401448107617e-16
2.872806498935419634e-17
9.429724310776942398e-01
