7.469653925107054837e-01
-5.515164166220757128e-03
2.006004934039045767e-05
-7.522937650088520974e-08
2.908896021938222529e-10
-1.161194364323034294e-12
4.792372798257002856e-15
-2.052450723783742460e-17
6.528700148080992249e-20
3.702673059407056758e-20
3.115715610541635594e-01
-3.505699898946030291e-01
1.009161782103707439e-01
-3.597684746979914420e-03
-1.355834233422794841e-02
8.629430887858535390e-03
-3.037836098657860449e-03
4.621381878203540631e-04
2.043886337842102080e-04
-1.976092692718575087e-04
8.720821849273996905e-05
-2.134155356713313638e-05
-9.890365052391334369e-07
4.020664665906142652e-06
-2.293738108147222707e-06
7.576817792430763672e-07
-8.981457197301712666e-08
-9.246729989871995924e-08
5.784984391064347198e-08
2.114877640793693531e-02
-2.149249828965066680e-02
6.457136651393840382e-03
-1.456500187265988202e-03
2.776437744664316844e-04
-4.782810762750598464e-05
7.712849288644651517e-06
-1.179600413976890103e-06
1.706098764360639339e-07
-2.293956843312815043e-08
2.752094125804428418e-09
-2.621410343317917610e-10
9.453334341360781245e-12
4.105852451467396717e-12
-1.581983684114089036e-12
3.980206098842859779e-13
-8.523154651110716403e-14
1.716816058126187846e-14
-3.032477781868660742e-15
6.845115885467558791e-04
-1.282475613437754304e-03
1.056727174197574261e-03
-7.707269122628194373e-04
5.021369622484031688e-04
-2.953878232408042306e-04
1.587125392941544802e-04
-7.881219564078886482e-05
3.659590249312127583e-05
-1.607319893176494460e-05
6.750723649075871424e-06
-2.738869221818110365e-06
1.083090330890903667e-06
-4.206472228757605255e-07
1.614431010102663248e-07
-6.162203813084922588e-08
2.379178169359848609e-08
-1.020655666965173692e-08
3.366496829376001053e-09
-6.595268922389006550e-11
1.253549353929231447e-10
-1.074965495799061178e-10
8.295107097898078451e-11
-5.731199407961585074e-11
3.516984745663462240e-11
-1.892861195042334641e-11
8.754430084428317239e-12
-3.356439949506389416e-12
9.894160652615355963e-13
-1.778729274247675820e-13
-8.669839163426428226e-15
1.771561950793571885e-14
-4.606952576807144627e-15
-4.558985456405718561e-16
5.838018106743032245e-16
-7.797276741758171827e-17
-4.834858164903652717e-17
1.732285446866004802e-17
6.366017103877947836e-01
2.016302633060485742e-03
-7.317798303497131193e-06
2.678180473729464906e-08
-9.583020408172848993e-11
3.339762581968691992e-13
-1.137295888278356150e-15
3.823706871229396862e-18
-2.325025568476329997e-20
6.152706314467307885e-21
8.027903725338940699e-01
1.383878786619827383e-01
-3.365446438090403947e-02
9.261418954643258535e-04
4.599159084693463413e-03
-3.028845012183777486e-03
1.139000211165833339e-03
-2.043446538370550212e-04
-6.559079095445609310e-05
7.565963577103621495e-05
-3.571129591624957718e-05
9.138638735308644045e-06
4.622564723644025985e-07
-1.832907366014474199e-06
1.037974862996600044e-06
-3.210282001103342920e-07
1.727918733594644764e-08
5.544866023831602832e-08
-3.028461560620994869e-08
9.362017241805056234e-01
2.111769896444905606e-02
-3.473420317953630505e-03
5.652864994691915055e-04
-9.065894018139440593e-05
1.428270150902140953e-05
-2.204618335924105057e-06
3.323391044088981696e-07
-4.865771269003787751e-08
6.847799139816350358e-09
-9.079815002293675307e-10
1.086341038096928648e-10
-1.038326732416554169e-11
3.552263315667276227e-13
1.808008330353884943e-13
-7.095482335006151942e-14
1.858079644322024377e-14
-4.338588889257296494e-15
8.547201004884942215e-16
9.793873146070583013e-01
1.558391666001859507e-02
-5.890884831452015621e-03
2.226734071745125210e-03
-8.416372416642552362e-04
3.180715150310788313e-04
-1.201788042246617331e-04
4.539165936621517819e-05
-1.713525463235342517e-05
6.463566776100608045e-06
-2.435594822999494307e-06
9.165643917254174818e-07
-3.443664550497389501e-07
1.291444024190128365e-07
-4.834368032704993263e-08
1.809533124610660788e-08
-6.865965872724869037e-09
2.893921154359222623e-09
-9.437748443508324941e-10
9.953427206378918646e-01
4.651850413206514052e-03
5.422620424481337428e-06
6.321100133510801825e-09
7.368449896750811646e-12
8.589334771535629191e-15
1.001353864838881346e-17
1.095480729288468971e-20
4.953208784552952335e-22
-2.940969945813190617e-22
1.670909298866336899e-22
-9.661724427751583081e-23
4.439368656832922839e-23
-1.727033568072589337e-23
3.174874898578998329e-24
-5.957912203233080524e-24
1.020187761413525174e-24
3.467694619596205127e-25
5.305468302881819545e-25
1.111225254808099638e+00
7.722896564408292437e-05
-1.936906264650120972e-06
1.166986060454919046e-08
-5.651192720196427759e-11
2.502432696067440100e-13
-1.059664319553454987e-15
4.397989063782823093e-18
-1.661256701797829684e-20
-2.211786911411811896e-21
1.080079994256879283e+00
-3.643208579268089609e-02
-2.886336390468361183e-04
4.014062325004709442e-03
-1.466085608169980306e-03
-5.256819594176165847e-05
3.196069088680764505e-04
-1.750350754588894696e-04
4.130619561283782479e-05
9.435004068731801970e-06
-1.404427949944070680e-05
7.011809332434339766e-06
-1.740885431153065963e-06
-2.214450960328574266e-07
4.622736815537552355e-07
-2.489085857403735782e-07
6.845808030595478795e-08
1.095388427200241899e-08
-1.452537103787402624e-08
1.032859787814529584e+00
-1.105631611791527309e-02
1.801469413676085995e-03
-2.783038447221722377e-04
3.977762874902510278e-05
-5.071754080868477869e-06
5.298050773609708062e-07
-3.091014137993798387e-08
-4.464040957273894727e-09
2.245097819596490792e-09
-5.922058554449850234e-10
1.276163953425611998e-10
-2.458265624909065471e-11
4.366423961596295642e-12
-7.225430985216532987e-13
1.111584049268492247e-13
-1.564585750337482529e-14
1.935787710193173757e-15
-1.824452847837839962e-16
1.010449986501938957e+00
-7.982344511668302070e-03
3.048337483042144833e-03
-1.163831102797599363e-03
4.441361311340546558e-04
-1.693502114270718914e-04
6.448556980898283804e-05
-2.450268408573264434e-05
9.281175675222517386e-06
-3.500233789486910990e-06
1.312452118526740021e-06
-4.885373856590825263e-07
1.802399921443849735e-07
-6.580390774779156775e-08
2.373782413687884082e-08
-8.455564673917421945e-09
2.998559565374142538e-09
-1.149823182962437728e-09
3.502548973635420359e-10
1.002336826974949524e+00
-2.336826974949518434e-03
-1.173223652877006802e-20
1.026654607731565045e-20
-8.503533683251897983e-21
6.661569432095911743e-21
-4.930444658739202771e-21
3.441421104164693695e-21
-2.259720538050363573e-21
1.391755778499301806e-21
-8.010917997987301311e-22
4.287958914740060629e-22
-2.119943684534791322e-22
9.593655166456477360e-23
-3.922918727336047895e-23
1.418832783937488010e-23
-4.359501317452008534e-24
1.056867055015488162e-24
-1.625166776575325552e-25
7.378696741854636754e-01
