1.470249019204843854e+00
-1.931219304941306572e-02
1.080240626076237780e-04
-6.244766957199114794e-07
4.329716183611782979e-09
-3.680498248018890355e-11
3.467041903564645007e-13
-3.343504404542344311e-15
3.228687545603314173e-17
-3.192495121491977954e-19
4.777008075611130500e-01
-6.763649320086063677e-01
2.909018929551142052e-01
-6.412577922994094903e-02
-1.548813723604199229e-02
2.443982916435056760e-02
-1.409782665017801813e-02
4.870734551659734214e-03
-5.142926356940950893e-04
-6.228820024251951939e-04
5.181395850776223441e-04
-2.189623630579500045e-04
4.122866794994790797e-05
1.569546618632834540e-05
-1.743905212273030270e-05
7.551970041876029349e-06
-1.047930511073444521e-06
-1.303961879199415509e-06
8.563562194228719567e-07
9.144872030974448771e-03
-1.162446938902064915e-02
4.553730461910805369e-03
-1.323179559016116015e-03
3.160226985567543838e-04
-6.627490735680429811e-05
1.276530804503675853e-05
-2.326668185840871413e-06
4.085891185083033182e-07
-6.975851807398641687e-08
1.160965674958702512e-08
-1.880356007278598241e-09
2.949099305730878060e-10
-4.439372538566457858e-11
6.315483612762482554e-12
-8.235732762648394976e-13
9.123874169271379715e-14
-5.974700194211904093e-15
-5.697845523757810611e-16
1.175729625553723951e-04
-2.249882096350502804e-04
1.971990509409395163e-04
-1.586386072272499901e-04
1.174814250832034821e-04
-8.040407456578129537e-05
5.108625132953073294e-05
-3.028537711158981472e-05
1.684158339339455730e-05
-8.834346242994203319e-06
4.396214658139297069e-06
-2.087387199625524047e-06
9.511551718422631006e-07
-4.183356785030613025e-07
1.786498463108833251e-07
-7.467377769640539180e-08
3.119087648348029643e-08
-1.436825785011804726e-08
4.928350065591757592e-09
-2.134070743694005283e-10
4.118150509700495466e-10
-3.697890002601021498e-10
3.087235024793478693e-10
-2.392269228986918542e-10
1.716196630351182020e-10
-1.135727013512103321e-10
6.898558034265591770e-11
-3.819406684544585338e-11
1.908434904264010094e-11
-8.479712892882427566e-12
3.271885759149035281e-12
-1.049978840197792286e-12
2.538998043756732018e-13
-3.123993857650674998e-14
-7.362402160759159788e-15
5.277162586394229089e-15
-1.039779894273020032e-15
-1.090173602304391156e-16
4.591949220032540691e-01
6.497317808569791700e-03
-2.866419626089007950e-05
5.976232871423720104e-08
2.060232615142878540e-10
-2.083278419296725269e-12
1.197701986876724700e-15
1.109184207649835887e-16
-1.344117898848405291e-18
2.265987757422340959e-20
7.887845270695843514e-01
2.213385985319779592e-01
-9.500826597733677548e-02
2.575569449402957678e-02
2.751757105623763282e-03
-8.576241883995262480e-03
5.892482951742652672e-03
-2.311454469483691185e-03
2.618203493897469083e-04
3.729089419610172448e-04
-3.298428133131215529e-04
1.416776874555824694e-04
-1.783441627745095139e-05
-2.316930246484997117e-05
2.105048617186190706e-05
-9.081310307220523330e-06
8.613075873398302633e-07
2.448621034039046959e-06
-1.539171132189238504e-06
9.566311120654009681e-01
1.459809894417720896e-02
-2.471888193823422800e-03
4.240246588111254498e-04
-7.428932832430275605e-05
1.336854061629105232e-05
-2.469816059183391918e-06
4.652455460402296214e-07
-8.844851512176561939e-08
1.680256317451592988e-08
-3.165432806703732619e-09
5.883765361362175235e-10
-1.075482665057175602e-10
1.928379964396561210e-11
-3.383195315715514466e-12
5.788765853822486033e-13
-9.617456714022564270e-14
1.575042490191657066e-14
-2.348585115914434013e-15
9.861032126677572451e-01
1.054231157631690084e-02
-3.998784489179422683e-03
1.516780749685004738e-03
-5.753382640217192005e-04
2.182403940106649668e-04
-8.278832996045130347e-05
3.140826587936958170e-05
-1.191765893446583398e-05
4.523346295065341255e-06
-1.717614888533389017e-06
6.526753063700486945e-07
-2.482702148774271043e-07
9.458503382400082128e-08
-3.612292874630958156e-08
1.387147988135724792e-08
-5.444308684983156147e-09
2.400375389948640641e-09
-8.067529413653917755e-10
9.968707514239335543e-01
3.126796314294454007e-03
2.450340036596425155e-06
1.920229427122430390e-09
1.504803715873869519e-12
1.179341806381468423e-15
8.510873508010221265e-19
5.789684521652489511e-20
-4.302340987754568823e-20
3.110054817160218935e-20
-2.158240624729499679e-20
1.433793584802421090e-20
-9.129842439569252190e-21
5.551218673829348854e-21
-3.229552760989642545e-21
1.794396043843947225e-21
-9.771073094266427659e-22
5.542499294272360197e-22
-2.088279562853531552e-22
9.632312606266466570e-01
3.377802648361238023e-03
-2.696320975670142445e-05
1.477287676312197130e-07
-6.650624273403539197e-10
3.420053243697540479e-12
-2.928765968461910795e-14
3.230011585953780473e-16
-3.442965405182844994e-18
3.325604481966037629e-20
1.032043012870973220e+00
1.680248598729285059e-02
-3.113428453480782468e-02
1.880562265364768212e-02
-5.211675961756925650e-03
-1.558205098150912751e-03
2.791627495896234316e-03
-1.780101753333717318e-03
6.339527923526581130e-04
-2.006849036251625619e-05
-1.455688195162712229e-04
1.116882976466097030e-04
-4.481420850211763172e-05
4.586449418532607698e-06
7.781097967681881703e-06
-6.583561834158475836e-06
2.496819085005141122e-06
2.906678701725859780e-07
-5.652671497448982039e-07
1.022179193724974233e+00
-7.582952253884825064e-03
1.285470356769915839e-03
-2.138122046659699817e-04
3.430341820138765006e-05
-5.170639098308722592e-06
6.987692725586465076e-07
-7.520768943268273759e-08
3.164423188069145033e-09
1.440096624287771209e-09
-6.290804958593388053e-10
1.781790125021915835e-10
-4.296613754620145367e-11
9.473308326701631682e-12
-1.966545765772559061e-12
3.899608192601876287e-13
-7.450230135957248815e-14
1.419750178523452651e-14
-2.456295470416708401e-15
1.007020250501484471e+00
-5.362987133101879828e-03
2.048467284076376568e-03
-7.824348195456444933e-04
2.988551008260792539e-04
-1.141457628550807937e-04
4.359464225167531418e-05
-1.664787777657830597e-05
6.356246435871371812e-06
-2.426055693594936090e-06
9.254884363081436531e-07
-3.527635498054740169e-07
1.342958405528931882e-07
-5.103679903075469541e-08
1.935299325932483019e-08
-7.329885268671002440e-09
2.808595542419787826e-09
-1.192224458678745916e-09
3.899942949257256626e-10
1.001569776069751727e+00
-1.569776069751722567e-03
-6.996801843312167055e-20
6.377776881534197368e-20
-5.600217847412080213e-20
4.735448245276538211e-20
-3.854306169590936661e-20
3.017993380571111648e-20
-2.271850071703192211e-20
1.642745182329566894e-20
-1.139879443695838148e-20
7.581176232511954008e-21
-4.826373269756263305e-21
2.937143283032967280e-21
-1.707625778570930130e-21
9.516239398572970279e-22
-5.180146080504171609e-22
2.952734263369804371e-22
-1.099752295127034268e-22
5.752882205513787373e-02
