1.465699469422376611e+00
-1.932853229296319086e-02
1.088571599467921304e-04
-6.340837010655111719e-07
4.419654512506974917e-09
-3.768519124023584616e-11
3.562267079639058141e-13
-3.451405199550798033e-15
3.342701166695609580e-17
-2.853701714452074859e-19
4.760151165981942878e-01
-6.738821666296690438e-01
2.900215215740421515e-01
-6.419750204912903768e-02
-1.520971341919164638e-02
2.427496644123360026e-02
-1.406365027578290738e-02
4.894910934565922626e-03
-5.427281506359566418e-04
-6.082330547903091328e-04
5.150529725681613153e-04
-2.206797818262888958e-04
4.334487234591359427e-05
1.458854519326620900e-05
-1.718117695056772083e-05
7.643042787507287839e-06
-1.166341234504933734e-06
-1.249989599208841227e-06
8.453933927566315007e-07
9.155378115364556924e-03
-1.162501138856196492e-02
4.547526641145363882e-03
-1.319573574184182505e-03
3.147844929125460933e-04
-6.595080283068298637e-05
1.269333165076244603e-05
-2.312255985927314069e-06
4.058897449500184039e-07
-6.927589621578222334e-08
1.152661333213465529e-08
-1.866617186932257188e-09
2.927434959101750781e-10
-4.407416332163845551e-11
6.273110120848432393e-12
-8.190421840345854517e-13
9.103070470591614815e-14
-6.061038993534047708e-15
-5.356377121403084971e-16
1.184430256604824915e-04
-2.266305560586939533e-04
1.985801088262849378e-04
-1.596737672093924388e-04
1.181730251664622793e-04
-8.081526635162024819e-05
5.130262038479914015e-05
-3.038471136547962674e-05
1.687993150358945826e-05
-8.845430422414494380e-06
4.397269852968923245e-06
-2.085838514577679598e-06
9.495680898010921584e-07
-4.172809746588519530e-07
1.780627688665028762e-07
-7.437809523288233181e-08
3.104895145020146236e-08
-1.429537589105367342e-08
4.901990520241868217e-09
-2.129606338482118646e-10
4.109214717561931523e-10
-3.688994754240932523e-10
3.078575319876330883e-10
-2.384184905385464680e-10
1.709081806212829670e-10
-1.129901033166230673e-10
6.854614223254817521e-11
-3.789135404159942755e-11
1.889556309536724420e-11
-8.374257297525084856e-12
3.219911334477244676e-12
-1.027911739933230534e-12
2.461743725647740176e-13
-2.922528613684607607e-14
-7.620348518047170426e-15
5.205056952391389210e-15
-9.870672577996771985e-16
-1.215485739211293547e-16
4.594899702533387087e-01
6.507795934310727122e-03
-2.900117101552958685e-05
6.265412529754213701e-08
1.948087399405235622e-10
-2.093242849512285449e-12
1.499927078513861028e-15
1.112875573965352972e-16
-1.334944795188892230e-18
1.438161088801219638e-20
7.886218978239919464e-01
2.210327486611683434e-01
-9.475255545338537311e-02
2.571004414433570792e-02
2.683694389195023788e-03
-8.507037616138716715e-03
5.864417908514079313e-03
-2.314875789066783360e-03
2.747854608458326787e-04
3.635718900430809906e-04
-3.266831275284778793e-04
1.422057243878348297e-04
-1.925651418730468293e-05
-2.222262670144676820e-05
2.074996009376168203e-05
-9.127836051712892254e-06
9.760114591313026150e-07
2.375602661330552048e-06
-1.516440884675710233e-06
9.564280488936457436e-01
1.466453542806242169e-02
-2.482637097112174850e-03
4.257089270549167847e-04
-7.453303295978127956e-05
1.339745453448151417e-05
-2.471354049285913676e-06
4.646826216875670646e-07
-8.816977523576254749e-08
1.671777732747418005e-08
-3.143905965233469525e-09
5.834468515635254359e-10
-1.064965829672350196e-10
1.907132560671457518e-11
-3.342191396601085297e-12
5.712900124396362013e-13
-9.482858835542184892e-14
1.551685419390694696e-14
-2.312130997004152585e-15
9.860371432217077681e-01
1.059208121101452675e-02
-4.017529179901974980e-03
1.523840257365750503e-03
-5.779968866783588826e-04
2.192416196416119571e-04
-8.316539042851880047e-05
3.155027259036281980e-05
-1.197114526723297517e-05
4.543494013815599536e-06
-1.725205083316819259e-06
6.555347154338698087e-07
-2.493470992638618848e-07
9.499024504974087916e-08
-3.627513926265309840e-08
1.392855555676855256e-08
-5.465897113751993718e-09
2.409359913768489136e-09
-8.096476148772578904e-10
9.968557698176765403e-01
3.141754435112179434e-03
2.473797823291342250e-06
1.947852958367491235e-09
1.533727150837683483e-12
1.207735998037888860e-15
8.787269627357996376e-19
5.721132571140851599e-20
-4.247302424959044674e-20
3.067503913263995533e-20
-2.125499734670100986e-20
1.411876288924881913e-20
-8.975316158986552102e-21
5.450739648261184817e-21
-3.164479716000388362e-21
1.759516616325390799e-21
-9.515760827303466689e-22
5.411333348171619393e-22
-2.023341276236758252e-22
9.652362315686444649e-01
3.362123592208194223e-03
-2.709374441100906468e-05
1.502407986538450710e-07
-6.868572301071566059e-10
3.562730073117591532e-12
-3.028882421652721008e-14
3.330451650453663465e-16
-3.554276687384666216e-18
4.089728249619101485e-20
1.032754394754071603e+00
1.593428527007853188e-02
-3.071636161302578050e-02
1.869178632019807135e-02
-5.241631342220319859e-03
-1.499972162836861207e-03
2.755307758588326512e-03
-1.769974792370698031e-03
6.374304429499566896e-04
-2.592832278978041209e-05
-1.420975704255834145e-04
1.108010552561855983e-04
-4.518869156609747398e-05
5.146977616791435534e-06
7.457089509628883945e-06
-6.495974865560268169e-06
2.523243110506708383e-06
2.365149504523177126e-07
-5.382118393058689446e-07
1.022285072121621452e+00
-7.619156413387030528e-03
1.291629546296346135e-03
-2.148562800843495434e-04
3.448186069534021881e-05
-5.202186326298931147e-06
7.047169414324144961e-07
-7.641940680380661393e-08
3.426818275530360735e-09
1.381650901365057244e-09
-6.160731014256472118e-10
1.753368605999670058e-10
-4.236138557785558799e-11
9.348365070922630532e-12
-1.941499552104943125e-12
3.850904858053179172e-13
-7.358352534234209651e-14
1.402456780808770594e-14
-2.426775322608703077e-15
1.007053766008357831e+00
-5.388590498754133873e-03
2.058246693086448163e-03
-7.861700442296491211e-04
3.002816850291397028e-04
-1.146905571029537089e-04
4.380265195771123157e-05
-1.672727180899558319e-05
6.386532921405766960e-06
-2.437598940451068903e-06
9.298822233100938681e-07
-3.544329112327846150e-07
1.349285435241787293e-07
-5.127587412359566770e-08
1.944303440578042267e-08
-7.363741374575997633e-09
2.821484722396713221e-09
-1.197674517735068573e-09
3.917756231392664835e-10
1.001577270398688269e+00
-1.577270398688315192e-03
-6.991618523054620772e-20
6.371717720650888355e-20
-5.593245547220350252e-20
4.727739417098281539e-20
-3.846205705410251227e-20
3.009935139253513339e-20
-2.264267026339779784e-20
1.635992034032806753e-20
-1.134183731248153246e-20
7.535649400050260883e-21
-4.791863817939675600e-21
2.912312604239803579e-21
-1.690619972149033055e-21
9.404462083027888255e-22
-5.107970553801546351e-22
2.904326471975806003e-22
-1.080203336647552988e-22
9.004511278195492796e-02
