1.460799992204016018e+00
-1.934362385187593514e-02
1.097290768997740031e-04
-6.442811103743026940e-07
4.515771135866677452e-09
-3.862841964857470046e-11
3.664534178118666924e-13
-3.567653956346938559e-15
3.486545059043531323e-17
-3.773303317934233015e-19
4.742163651638886535e-01
-6.712217118566284890e-01
2.890645204437798377e-01
-6.426102204349760927e-02
-1.491763658117104853e-02
2.409870002780022807e-02
-1.402515367666848541e-02
4.919130551862320455e-03
-5.724210669486174807e-04
-5.926424802121876096e-04
5.116015690042884393e-04
-2.223812620978813596e-04
4.555016695158700462e-05
1.340882613271427470e-05
-1.689149926345491720e-05
7.728888594004590647e-06
-1.288955899642254125e-06
-1.190709764217943632e-06
8.320039509868818661e-07
9.167457204220717110e-03
-1.162652874405470382e-02
4.541216653279171907e-03
-1.315805451960979462e-03
3.134811518713659091e-04
-6.560864514164844942e-05
1.261723137295155762e-05
-2.297002206411609675e-06
4.030299637680163153e-07
-6.876402706050995408e-08
1.143841451255441235e-08
-1.851998152313310304e-09
2.904320455767324600e-10
-4.373174772383613793e-11
6.227345578579083673e-12
-8.140519302135475936e-13
9.077023084326123030e-14
-6.143966247512188501e-15
-5.010923418913781287e-16
1.193947866613729263e-04
-2.284270941395359427e-04
2.000907982673307266e-04
-1.608061299209002015e-04
1.189297176080715703e-04
-8.126541065619725457e-05
5.153979099888461292e-05
-3.049390086629884331e-05
1.692235691464600254e-05
-8.857926816158721487e-06
4.398680890318688362e-06
-2.084304860132296749e-06
9.479239797511774200e-07
-4.161762417407244704e-07
1.774450928676607948e-07
-7.406633520832443857e-08
3.089914205558519039e-08
-1.421839717778824631e-08
4.874142598622380615e-09
-2.124960477774371651e-10
4.099905549474819295e-10
-3.679701430250161215e-10
3.069495156079320695e-10
-2.375677923864710398e-10
1.701572790611140132e-10
-1.123738767162587268e-10
6.808068451573684300e-11
-3.757050548458755426e-11
1.869547781154714829e-11
-8.262577603169438590e-12
3.164958352030720056e-12
-1.004643827206857931e-12
2.380662019337483856e-13
-2.713035032107870133e-14
-7.878735196681873524e-15
5.125281616545187644e-15
-9.315125459266932064e-16
-1.343611824860903235e-16
4.598232189221574950e-01
6.518294568799296723e-03
-2.935855749269034029e-05
6.579106150954781632e-08
1.821151009647502115e-10
-2.099751530536670711e-12
1.820290964714635944e-15
1.116003414675557254e-16
-1.404238828061444070e-18
2.758033890816827268e-20
7.884528425199154311e-01
2.207015990368466629e-01
-9.447564080025093458e-02
2.565784604131166741e-02
2.613082324713388201e-03
-8.433584567270122415e-03
5.833929165181929617e-03
-2.317853411224925567e-03
2.882331535249160227e-04
3.536880850959272181e-04
-3.232365870260172258e-04
1.426784388693759585e-04
-2.072604267220502777e-05
-2.121968184775070349e-05
2.041839172452312255e-05
-9.166317169643632107e-06
1.093735826148988806e-06
2.296644457945461112e-06
-1.490687325150079680e-06
9.562125992428922583e-01
1.473501134842969754e-02
-2.494037978726062598e-03
4.274952999443037277e-04
-7.479157475805569319e-05
1.342816675623619401e-05
-2.473005943886838772e-06
4.640930350115799660e-07
-8.787644208002329292e-08
1.662848210185996017e-08
-3.121230391733443688e-09
5.782539408291871650e-10
-1.053886877510168934e-10
1.884746249159676624e-11
-3.298976739729437825e-12
5.632902869342372188e-13
-9.340810776067130444e-14
1.526998837885423293e-14
-2.273525590776460103e-15
9.859670349844371628e-01
1.064488966890231141e-02
-4.037417029194233578e-03
1.531329784399358511e-03
-5.808172637653308311e-04
2.203036898669626900e-04
-8.356533864251294744e-05
3.170088972107325595e-05
-1.202787138779894026e-05
4.564861026787165490e-06
-1.733254275641029276e-06
6.585669407514113624e-07
-2.504890420084556990e-07
9.541992984247324713e-08
-3.643654066025816848e-08
1.398907637626210176e-08
-5.488787690919304414e-09
2.418885583379358573e-09
-8.127164306687820197e-10
9.968398713316916071e-01
3.157627878129978111e-03
2.498811160458853781e-06
1.977451890152915889e-09
1.564870439181196355e-12
1.238459050786329831e-15
9.087392417702917375e-19
5.648704192309352632e-20
-4.187434240722644724e-20
3.022238347979322200e-20
-2.092905543881380574e-20
1.388235912033975178e-20
-8.809272741712378693e-21
5.344626091572951822e-21
-3.099570829855688268e-21
1.719055261421969027e-21
-9.281539232009003491e-22
5.254959799711556362e-22
-1.959525777819998528e-22
9.673777110906827126e-01
3.344702422774321372e-03
-2.722587000173704868e-05
1.529014289752172667e-07
-7.103812331877173838e-10
3.718804205633506966e-12
-3.138359761948825670e-14
3.439353958066635873e-16
-3.692833638120122011e-18
4.264859353037675525e-20
1.033510678301965857e+00
1.500962612790729227e-02
-3.026899652831500573e-02
1.856768256484154361e-02
-5.271547190074723881e-03
-1.438643721145652608e-03
2.716436397734554083e-03
-1.758728716751439434e-03
6.407875077488624617e-04
-3.203096606381086026e-05
-1.383980578807772368e-04
1.098072363830464521e-04
-4.554831309885453306e-05
5.728279972777687680e-06
7.111851589739776639e-06
-6.397684687008696275e-06
2.547858203085221989e-06
1.796399806723625967e-07
-5.092292445727273872e-07
1.022397406630839223e+00
-7.657561069438191537e-03
1.298159608785362518e-03
-2.159619450406620466e-04
3.467045428397920714e-05
-5.235438113267090206e-06
7.109686214655411069e-07
-7.769056440241714493e-08
3.701868631793231672e-09
1.320379754188451642e-09
-6.024292609813378884e-10
1.723534870706157186e-10
-4.172609837585231426e-11
9.217010270019726759e-12
-1.915146400957936860e-12
3.799613626976293796e-13
-7.261490041811776900e-14
1.384199372848445309e-14
-2.395561268412940826e-15
1.007089326973675369e+00
-5.415756433178902339e-03
2.068622928805501689e-03
-7.901332180651919265e-04
3.017953231102994140e-04
-1.152685913990255442e-04
4.402334970635238568e-05
-1.681150626391919280e-05
6.418664291120621104e-06
-2.449844329384175187e-06
9.345426629397822848e-07
-3.562032325760145893e-07
1.355993170621653169e-07
-5.152923159855605244e-08
1.953840176010106394e-08
-7.399573564268891843e-09
2.835112434139950472e-09
-1.203428944887148788e-09
3.936546677827739561e-10
1.001585222110017215e+00
-1.585222110017138692e-03
-6.986978855738844857e-20
6.366053310566806493e-20
-5.586495920052365944e-20
4.720084091975806961e-20
-3.838014687397599500e-20
3.001681878744574175e-20
-2.256429365542915439e-20
1.628966423648951810e-20
-1.128230451009704780e-20
7.487905934216373300e-21
-4.755591845485735106e-21
2.886176004749909470e-21
-1.672706425275084901e-21
9.286704298618893735e-22
-5.031967133909537938e-22
2.853390314978672940e-22
-1.059642430031799558e-22
1.150576441102757475e-01
