1.352956295926668551e+00
-1.901669287936669228e-02
1.211379256051042704e-04
-8.077495599776406683e-07
6.160663177071177827e-09
-5.488318045643160175e-11
5.425728028797617308e-13
-5.617962531451311405e-15
5.915126291524627738e-17
-5.811503758723929114e-19
4.386007674640699516e-01
-6.159000995494066100e-01
2.660107488971997780e-01
-6.244416494130317075e-02
-1.040640813396306874e-02
2.063580562244720501e-02
-1.285272950923042716e-02
5.040808505743361173e-03
-9.897522733435847389e-04
-3.163288762651778204e-04
4.203321233792771589e-04
-2.296006319751151676e-04
7.565554188366622752e-05
-7.175193305775286816e-06
-9.434760792022858813e-06
7.409149995584871291e-06
-2.829080405586527659e-06
9.648438205501123133e-08
3.396311784807132894e-07
9.628243610385717535e-03
-1.189017635303612694e-02
4.490536927017942277e-03
-1.259516279279941425e-03
2.916393174399596307e-04
-5.962662106117771365e-05
1.125885819126683609e-05
-2.020971573202627975e-06
3.506405392722264018e-07
-5.926010444412846055e-08
9.774087465954774755e-09
-1.570341881665188272e-09
2.446089133464138137e-10
-3.664587725498484945e-11
5.208050822876914820e-12
-6.838449761699350834e-13
7.792286273322982822e-14
-5.962948462906273891e-15
-1.909533315162533926e-16
1.446293547841775008e-04
-2.760395974875269067e-04
2.400850606491975131e-04
-1.907523593303061843e-04
1.389421488166104007e-04
-9.320728902697800048e-05
5.789151858651644689e-05
-3.348491128165576015e-05
1.814694268031321635e-05
-9.272970487083079716e-06
4.496485547976197258e-06
-2.082357458504470175e-06
9.268756643943295112e-07
-3.990045620876742010e-07
1.671650523714780301e-07
-6.871318141098504078e-08
2.828512450805313578e-08
-1.286301823744725045e-08
4.382084004524814706e-09
-2.060757583942303715e-10
3.968647399790681263e-10
-3.541906524646835809e-10
2.926456511268609898e-10
-2.234008913283519835e-10
1.570897256300247115e-10
-1.013086486920586612e-10
5.955619294474409458e-11
-3.163815925586594054e-11
1.499485938822310836e-11
-6.214982240202854171e-12
2.176161949743300778e-12
-5.992316281783833338e-13
1.043899679500514259e-13
3.624187865180865116e-15
-9.846673811329807700e-15
3.110374369971252819e-15
-1.388965256947703549e-17
-2.709818138850148123e-16
4.712157078226790197e-01
6.534450833157620826e-03
-3.526925481206076487e-05
1.335771987931933453e-07
-2.205396191389742414e-10
-1.027382985326298313e-12
4.684762460718237713e-15
9.363813755399636454e-17
-1.897282666457971000e-18
2.336723725239335226e-20
7.862133358765381885e-01
2.128155460815316646e-01
-8.792522656811234405e-02
2.378101434789052504e-02
1.690619821739365982e-03
-7.087639852942764773e-03
5.126729956734753062e-03
-2.233107340548573516e-03
4.636715274421253754e-04
1.847938027713534246e-04
-2.455947654226059602e-04
1.348981324619892889e-04
-3.893760936100207023e-05
-4.423877790996401506e-06
1.267965697907240334e-05
-8.011642159981321361e-06
2.399450716833866256e-06
7.694864878461686614e-07
-8.154528921331267604e-07
9.521932273067993391e-01
1.604723781544039815e-02
-2.705967465807626073e-03
4.606646236011627932e-04
-7.959330815760270181e-05
1.400194725546134807e-05
-2.505900727083940333e-06
4.540871763647107197e-07
-8.274860879360956296e-08
1.506274136361218678e-08
-2.723892643656992748e-09
4.873559432099909671e-10
-8.600243828694603238e-11
1.492656819037440622e-11
-2.540055892070734333e-12
4.220988910062917453e-13
-6.812853092309712011e-14
1.081265031112342888e-14
-1.562724058781990024e-15
9.846574473835304486e-01
1.163064450334087493e-02
-4.408398228935767049e-03
1.670939863374327735e-03
-6.333547468470151478e-04
2.400742730878582950e-04
-9.100551882946640949e-05
3.450105517614459862e-05
-1.308188684412612086e-05
4.961683829604354583e-06
-1.882683604963080503e-06
7.148424164191949544e-07
-2.716780405911673677e-07
1.033913173917777133e-07
-3.943000496623809520e-08
1.511096423851288143e-08
-5.912683376405724937e-09
2.594955168437921621e-09
-8.693545089828398153e-10
9.965426925717357776e-01
3.454315539690883466e-03
2.989299449464374299e-06
2.586883304729310731e-09
2.238639888797656728e-12
1.937345312673168647e-15
1.621398389829223116e-18
4.391084954173414110e-20
-3.141681621993412370e-20
2.226157249773089408e-20
-1.508108842267310080e-20
9.762774721743287657e-21
-6.026336653248565311e-21
3.541679212563127494e-21
-1.977119910016161072e-21
1.051473674297186784e-21
-5.396796922816742535e-22
2.851700434498274364e-22
-1.011781188892359196e-22
1.009780376039948635e+00
2.841862394144513589e-03
-2.779633971823159959e-05
1.938120991034763809e-07
-1.168475795322089929e-09
7.228676310562700337e-12
-5.597754925603776738e-14
5.554045482906100879e-16
-6.091342247782059666e-18
6.121680190293841690e-20
1.047772284926681285e+00
-2.701049852490975019e-03
-2.124576708175184361e-02
1.559667554506691776e-02
-5.416448354666664015e-03
-4.298946258146168174e-04
1.950888485282451174e-03
-1.456182087781639906e-03
6.325727525174186863e-04
-1.153777300497541193e-04
-7.174430824106832667e-05
8.319440283850700806e-05
-4.480062803482220469e-05
1.305822430219499126e-05
1.165355578038814121e-06
-3.895914734570917700e-06
2.383536217499592006e-06
-6.331618013713159058e-07
-5.138875927960520239e-09
1.024494301092159443e+00
-8.372536125570142693e-03
1.418807974028273629e-03
-2.360576877334426163e-04
3.800270974214615082e-05
-5.800625271554321098e-06
8.130864387707880505e-07
-9.790113476554074848e-08
8.038802102132221645e-09
3.490244346013821360e-10
-3.836072679165266004e-10
1.238763684629784043e-10
-3.127106755634353478e-11
7.029017050432489632e-12
-1.470992386020237438e-12
2.924733831986907550e-13
-5.587622708622426569e-14
1.063557919394694573e-14
-1.838069981047858052e-15
1.007753610409787726e+00
-5.923216660334360353e-03
2.262448631024376218e-03
-8.641621844343302461e-04
3.300671052564315235e-04
-1.260637668578728728e-04
4.814403099253127341e-05
-1.838357109242975848e-05
7.017876796998800364e-06
-2.677921499032906355e-06
1.021175281843385277e-06
-3.890139791983447770e-07
1.479777884097238145e-07
-5.617655068165574931e-08
2.127341883311798483e-08
-8.044340530853224848e-09
3.076678225696433158e-09
-1.303352040860143182e-09
4.258210313189558457e-10
1.001733761670202894e+00
-1.733761670202905439e-03
-7.116586837299914399e-20
6.451821467832873111e-20
-5.621980613379655293e-20
4.706743601837384291e-20
-3.783973645433731497e-20
2.919330756487244576e-20
-2.159580131685296378e-20
1.530282726592576466e-20
-1.037446388943835675e-20
6.719251231128622185e-21
-4.150378691189198048e-21
2.440155212022030458e-21
-1.363237767714083194e-21
7.244788384232220712e-22
-3.718835900322255606e-22
1.980386606595394254e-22
-7.089518283356808226e-23
3.426716791979950161e-01
