5.376984203822906538e-01
-2.189333816949370903e-03
4.338708055650006053e-06
-8.812388973117271671e-09
1.826340833165215970e-11
-3.850069817769465553e-14
8.230162385882067949e-17
-5.796048749097086581e-19
5.214755060658938333e-19
-1.856767358843778480e-19
2.703694994946099217e-01
-2.450056070311484868e-01
4.246091922875570163e-02
9.691749932924364000e-03
-9.389300522817252762e-03
3.223344362748915923e-03
-3.977894412333567186e-04
-1.975925888057480700e-04
1.414039218294801958e-04
-4.332368037936710917e-05
3.501290824232270416e-06
3.592933960863661360e-06
-2.144523045015508773e-06
5.888496520135697758e-07
-2.040759469046877302e-08
-6.215104202564559533e-08
3.181679838331946773e-08
-6.571228575654585473e-09
-3.222132527961526102e-10
3.222292705528702339e-02
-2.915432774864559068e-02
7.674073337890504644e-03
-1.513763693603915623e-03
2.512104849302586296e-04
-3.700618635496558210e-05
4.881057219994140207e-06
-5.524413952202344098e-07
4.478805115764943811e-08
4.249189198133972706e-10
-1.285943285292958277e-09
3.849912361730512985e-10
-8.529769052076561976e-11
1.630372053661466858e-11
-2.811900722952300034e-12
4.434544282722454951e-13
-6.363266221098147044e-14
8.142354820257579835e-15
-8.399862790153256223e-16
1.428365861404594156e-03
-2.644966130476490620e-03
2.107366562766666007e-03
-1.459433432630853232e-03
8.905785411963774772e-04
-4.861996634162170741e-04
2.412169299675096998e-04
-1.104540292354863563e-04
4.738605753829170725e-05
-1.931839838860927933e-05
7.581434146802484882e-06
-2.896181525361949153e-06
1.086546874068267773e-06
-4.028918634382592523e-07
1.482598558883628964e-07
-5.432992840080946683e-08
2.007608181716036822e-08
-8.174115752719042541e-09
2.604514743523330072e-09
2.742543970843857842e-09
-5.174965411924644551e-09
4.340255065482081172e-09
-3.222729759119951237e-09
2.102397150311833877e-09
-1.189689975794318842e-09
5.715508567201829227e-10
-2.242163057747405495e-10
6.601519879446859415e-11
-1.102080531080616704e-11
-1.159617319298304553e-12
1.306866517040269245e-12
-2.570046854021895864e-13
-6.843843922763863164e-14
4.201952192932355150e-14
2.981258360235689502e-16
-5.192171394686082135e-15
4.573117335190001423e-16
6.269108214066743971e-16
7.076655658191359777e-01
8.077817484078050588e-04
-1.567715840809551854e-06
3.213446541333359929e-09
-6.632771663548822981e-12
1.360782871195363249e-14
-2.764141932438868834e-17
8.337513658034701556e-20
-3.495786892373701909e-20
-3.147616804095403971e-21
8.132635095591640439e-01
1.001016606635713319e-01
-1.303852501896793359e-02
-3.926091592930863738e-03
3.276780809848786526e-03
-1.123150085589075600e-03
1.524742264387385728e-04
6.379931128777957354e-05
-5.030051786617626840e-05
1.655454031097657432e-05
-1.702245913994624187e-06
-1.275079319011830851e-06
8.345158048364594979e-07
-2.409861426016073978e-07
9.938648179139514988e-09
2.580126275833031172e-08
-1.334687296324906308e-08
2.560130643610781395e-09
2.708285361655889102e-10
9.268191592890611119e-01
2.370337581327774251e-02
-3.727748416865922770e-03
5.614626491804330282e-04
-8.007941154887056117e-05
1.068677148886411826e-05
-1.305487065376795426e-06
1.379391706747472232e-07
-1.022557317486429860e-08
-2.765194871728684048e-10
3.439642037099237251e-10
-1.003273601326314758e-10
2.255011992760194468e-11
-4.466968887189939408e-12
8.126685847148616751e-13
-1.377246043810957467e-13
2.176748131011671258e-14
-3.225511347250908472e-15
4.168997216424720373e-16
9.761642449626493079e-01
1.798841867931594632e-02
-6.786319515180492742e-03
2.559130562830062676e-03
-9.643085266931827578e-04
3.628895117576005718e-04
-1.362847628447142346e-04
5.103031249808509144e-05
-1.903031845737959959e-05
7.059953022720013801e-06
-2.602636459668655098e-06
9.524860541089887953e-07
-3.457839078530923576e-07
1.244588964634947442e-07
-4.440577396155316937e-08
1.572188601869374267e-08
-5.583292218126025243e-09
2.167842692941544856e-09
-6.689161403574906813e-10
9.946051873024577272e-01
5.387526865956638981e-03
7.275991885091258041e-06
9.826411849182581313e-09
1.327083051930665823e-11
1.791375760371865388e-14
3.043089356591229580e-17
-4.066656931041288225e-18
2.508219458944601610e-18
-1.419015108473852886e-18
7.372925079087796248e-19
-3.484806914179443278e-19
1.477734051372084416e-19
-5.500393013993974311e-20
1.729963067281060183e-20
-4.224385829498118951e-21
5.779272909976829791e-22
1.020824178567484127e-22
-7.139171186793693144e-23
1.113029646824163166e+00
-9.184717339623609358e-05
-1.476099109360658781e-07
7.978275822020732825e-10
-2.466086603867688641e-12
6.529785107910122121e-15
-1.606931064099999975e-17
6.043361835729894456e-20
-2.934796832886319839e-20
1.109130563658462983e-20
1.083568380093511863e+00
-3.273314229798494207e-02
-4.341813864791788558e-04
2.480311621693276521e-03
-6.405283056023419524e-04
-7.170161477662890669e-05
1.018976585130798167e-04
-2.822998503585002716e-05
-3.124418069644383602e-06
5.596407825839148991e-06
-2.137507899147005780e-06
1.935233857263321275e-07
2.172926942259515583e-07
-1.332359235815644585e-07
3.411667415685055918e-08
1.984647113537184272e-09
-5.565733824275988610e-09
2.325845716224419033e-09
-4.117088386943840359e-10
1.037733727029076292e+00
-1.233569106746710414e-02
1.883072261281862857e-03
-2.584118037910138944e-04
3.009092245315272363e-05
-2.526858429226991041e-06
1.006187875409955469e-08
5.805664242718813649e-08
-1.723501253103116865e-08
3.647354769520151880e-09
-6.517499008450902283e-10
1.023329746750139484e-10
-1.403288087199716674e-11
1.580906376947951680e-12
-1.104362677470308843e-13
-8.668915367809024532e-15
5.744117193708863918e-15
-1.627960951050506304e-15
3.331092769513675883e-16
1.012108666597482554e+00
-9.246125286844651334e-03
3.528223049074409503e-03
-1.344901760067978083e-03
5.116767088206292243e-04
-1.940536281247850071e-04
7.323466677497336653e-05
-2.744302219434912614e-05
1.018487442590186941e-05
-3.733018507113268623e-06
1.347226912435589018e-06
-4.772222718487689019e-07
1.653448137525896066e-07
-5.580050045066340705e-08
1.823763012276525169e-08
-5.719715818817232810e-09
1.695512654749874034e-09
-4.826847494106896445e-10
1.096443663149836780e-10
1.002708361285090000e+00
-2.708361285090014805e-03
-2.524298002548877163e-17
2.163707235767713494e-17
-1.741184797870515874e-17
1.313421647316694506e-17
-9.267146876519271967e-18
6.098559440932996423e-18
-3.729074714017158341e-18
2.108021147267341017e-18
-1.094156161290627242e-18
5.164959388077214213e-19
-2.186536123445923278e-19
8.119629589772358844e-20
-2.542639489519893166e-20
6.155953399878305650e-21
-8.383008789527588409e-22
-1.579281833742713940e-22
1.139096048975982008e-22
8.129072681704261338e-01
