1.335003045081173845e+00
-1.884314721162346287e-02
1.214391699279767061e-04
-8.200261059093478086e-07
6.297784864293884095e-09
-5.615148742806914017e-11
5.550853688702044921e-13
-5.760140466263033038e-15
6.100351837813665178e-17
-7.134245128549868555e-19
4.333343401582070986e-01
-6.072342944855093627e-01
2.618640379716374311e-01
-6.162106672644629413e-02
-9.980490906329533840e-03
2.014511369757151366e-02
-1.261680810783561910e-02
4.997574844613164417e-03
-1.018622240998539761e-03
-2.847743678942209005e-04
4.051440021117007025e-04
-2.268361589576431989e-04
7.763419297972452187e-05
-9.372719537802769648e-06
-8.311746062062318741e-06
7.133379352902729413e-06
-2.913883793237529358e-06
2.639750341598005978e-07
2.552538650422259727e-07
9.740608164384656487e-03
-1.197457433038677695e-02
4.496922086940239281e-03
-1.254463290160764705e-03
2.890867109008887510e-04
-5.887268660062045601e-05
1.108179451380083094e-05
-1.984229456200042195e-06
3.435419463006845030e-07
-5.794844182517921476e-08
9.539540978728743489e-09
-1.529642206906000014e-09
2.377731814741889806e-10
-3.554178657784506409e-11
5.038462571242174813e-12
-6.595701732215798439e-13
7.482420471824302733e-14
-5.657232740828666951e-15
-2.015992827842176287e-16
1.497261432149985178e-04
-2.856497973808607913e-04
2.481429004059232390e-04
-1.967711381591343239e-04
1.429559664003493416e-04
-9.560181046804343448e-05
5.917026199947719874e-05
-3.409478454674888526e-05
1.840447153659180478e-05
-9.367016131873205019e-06
4.524258453255209321e-06
-2.087344864484059865e-06
9.258403986800707876e-07
-3.972914872913153036e-07
1.659793319162740425e-07
-6.805941166617190097e-08
2.795687834681084178e-08
-1.269018739177256384e-08
4.318960693280040496e-09
-2.056327465443537967e-10
3.958877531053907242e-10
-3.529842173938804051e-10
2.911797537562196595e-10
-2.217661013143449616e-10
1.554549515744052925e-10
-9.985086272842008412e-11
5.839835554914642941e-11
-3.082067112278839896e-11
1.448425194683373368e-11
-5.935547659424277477e-12
2.044509622785933481e-12
-5.475666720264736688e-13
8.866926294472550337e-14
6.585023461208699019e-15
-9.700558418364850187e-15
2.770214542300089309e-15
8.686671309542785503e-17
-2.729287863699832796e-16
4.738530369981630574e-01
6.496564337758741793e-03
-3.580423498198410481e-05
1.431082630237721794e-07
-2.986870039931163909e-10
-6.473847714934836848e-13
4.004741932940333200e-15
8.900419757889841669e-17
-1.912212841131717847e-18
4.855771479157403611e-20
7.860913013438743935e-01
2.113699451113102978e-01
-8.674086695399355063e-02
2.334633766946460007e-02
1.639584016376210204e-03
-6.909914232477529922e-03
5.007103126724068466e-03
-2.197319660964243936e-03
4.736765593144357726e-04
1.657297479797903948e-04
-2.337378954419954021e-04
1.314472561304560951e-04
-3.984645375384450016e-05
-2.652037371939187500e-06
1.153982410531565500e-05
-7.626459909601914213e-06
2.435972636753224790e-06
5.879136637165005391e-07
-7.143221436158128031e-07
9.516342716760257670e-01
1.622931342515506609e-02
-2.735306076647159822e-03
4.652439606216645209e-04
-8.025383818106184876e-05
1.408053106133304068e-05
-2.510404761725553115e-06
4.527471240835885173e-07
-8.206432899267294183e-08
1.485499719881903468e-08
-2.671436648029431819e-09
4.753987575302119749e-10
-8.345691869083527526e-11
1.441162253907320563e-11
-2.440128260704764656e-12
4.034076372332747371e-13
-6.475125256493621537e-14
1.020774965283113139e-14
-1.464269929113701994e-15
9.844750706265328333e-01
1.176781962175332819e-02
-4.459983826138181132e-03
1.690338151262287198e-03
-6.406491256876502543e-04
2.428172201143691310e-04
-9.203702783645820889e-05
3.488901449487938821e-05
-1.322783333482556893e-05
5.016603475886207766e-06
-1.903356213475139471e-06
7.226253414521719093e-07
-2.746076349041064396e-07
1.044930119536856664e-07
-3.984343740736598905e-08
1.526571319584344430e-08
-5.971016057171963112e-09
2.619084717578726079e-09
-8.770914985364315816e-10
9.965012757286786371e-01
3.495660433142476573e-03
3.061155171201352572e-06
2.680658250912104336e-09
2.347456438570334695e-12
2.055737228232811804e-15
1.747233003124174900e-18
4.229155465841235119e-20
-3.004197675296711426e-20
2.121625534849394171e-20
-1.432067594809256642e-20
9.234516630060960549e-21
-5.668840991569865879e-21
3.313102214484371045e-21
-1.839942471412582571e-21
9.671186470907056264e-22
-4.917094782328782698e-22
2.602071447827062067e-22
-9.165390453795542842e-23
1.015955556958987760e+00
2.740933290699689665e-03
-2.746055833437142392e-05
1.964331997429958377e-07
-1.219345264546231704e-09
7.696525717513792584e-12
-5.919889105909703551e-14
5.763567927854956122e-16
-6.291467962108993328e-18
8.642177223368056675e-20
1.049743272362168911e+00
-5.177949672390733636e-03
-1.991339824926229365e-02
1.508543193464153588e-02
-5.365193695955997565e-03
-3.190497805823872077e-04
1.843358690624782425e-03
-1.401306657681841011e-03
6.198284432703801477e-04
-1.209695008099994008e-04
-6.383823055527390903e-05
7.870641483069696221e-05
-4.360170032160043228e-05
1.341751152586189759e-05
5.427341749461661799e-07
-3.517967258687338068e-06
2.281193786489122964e-06
-6.901864615258785938e-07
4.546072831810143520e-08
1.024786359505313715e+00
-8.471700717198471162e-03
1.435341699482827046e-03
-2.387402213487984021e-04
3.842708983461298446e-05
-5.867806914984709948e-06
8.243314242498559269e-07
-1.000108334308858168e-07
8.486074276245812541e-09
2.469678800735488082e-10
-3.599130823216139838e-10
1.184643627616359532e-10
-3.007145310299868607e-11
6.771856617308624507e-12
-1.417650710143569967e-12
2.817514547883569322e-13
-5.378310122556191666e-14
1.022542331478937474e-14
-1.765186619074315718e-15
1.007846239586646320e+00
-5.993977347828953299e-03
2.289475227589171484e-03
-8.744840780654793448e-04
3.340086270029208335e-04
-1.275684555305370608e-04
4.871815808223971191e-05
-1.860244224723077203e-05
7.101196487797084628e-06
-2.709569391433036592e-06
1.033157206326256866e-06
-3.935296887995251296e-07
1.496693117211411716e-07
-5.680527173171789684e-08
2.150493774066733690e-08
-8.128783526546613105e-09
3.107498567470099437e-09
-1.315633088414049970e-09
4.296688124260659350e-10
1.001754474495995417e+00
-1.754474495995394069e-03
-7.178932435854910790e-20
6.502863403094551357e-20
-5.659722590666339601e-20
4.731019709799739160e-20
-3.796205065592795604e-20
2.922021102348586072e-20
-2.155703708192231343e-20
1.522719299481393974e-20
-1.028573313184873811e-20
6.634139785449954640e-21
-4.078410774099868885e-21
2.384866755424488505e-21
-1.324009323874750370e-21
6.983824073526807289e-22
-3.551536814870952974e-22
1.870280768378081463e-22
-6.650072841491543336e-23
3.651829573934837203e-01
