1.442138338904595418e+00
-1.937720910707404348e-02
1.127981661278572523e-04
-6.815028123018698279e-07
4.872365160506995692e-09
-4.214801429070819487e-11
4.047821280352526044e-13
-4.007584723866225707e-15
3.985335871862742919e-17
-3.324982654158520651e-19
4.675193016706936100e-01
-6.612123905731088769e-01
2.853381416637678081e-01
-6.437613048372833879e-02
-1.387801370248788017e-02
2.344041162436744444e-02
-1.386363433240455842e-02
4.994706727774747383e-03
-6.767005727970431097e-04
-5.352294710774076810e-04
4.974279408666178442e-04
-2.275322041644888796e-04
5.325021076301429354e-05
9.057981049292143891e-06
-1.569520749914430930e-05
7.948498869643397152e-06
-1.709784233253491978e-06
-9.573840907534095758e-07
7.681206769692447029e-07
9.220657734677624451e-03
-1.164102025403427297e-02
4.520615195690731378e-03
-1.302512416834637364e-03
3.087925693330089674e-04
-6.436824709702975865e-05
1.234026897270656855e-05
-2.241338934664706593e-06
3.925684452730827850e-07
-6.688631512473219115e-08
1.111375048699314173e-08
-1.797937671975252770e-09
2.818285116161331025e-10
-4.244416301388875353e-11
6.052057357698092199e-12
-7.940895459057710525e-13
8.945824034965391832e-14
-6.370970825927272185e-15
-3.893300149007325589e-16
1.231633820332277520e-04
-2.355403447517425189e-04
2.060717003253008698e-04
-1.652892335210330186e-04
1.219266088541687808e-04
-8.305032696876258420e-05
5.248290339081749866e-05
-3.093083405682014076e-05
1.709459077551616312e-05
-8.910766449979990055e-06
4.406610661717214037e-06
-2.079704123752689566e-06
9.422607429185157119e-07
-4.122539156900400123e-07
1.752258048158652720e-07
-7.293985366520121773e-08
3.035624396292750765e-08
-1.393897376381460843e-08
4.772993788593835770e-09
-2.108760156568218670e-10
4.067345544124116572e-10
-3.646941710771566354e-10
3.037169506997988011e-10
-2.345103414728629246e-10
1.674372345140801476e-10
-1.101287788263027583e-10
6.637862469061599020e-11
-3.639519147868912434e-11
1.796259507183929583e-11
-7.854298929137449130e-12
2.964868383238360179e-12
-9.205007039082088418e-13
2.090843401677139538e-13
-1.981725781058067508e-14
-8.692797408291671262e-15
4.804472171597654899e-15
-7.313885526808340393e-16
-1.769956730340216892e-16
4.612399322695944770e-01
6.550718736642069905e-03
-3.066266959982297540e-05
7.789582924472043124e-08
1.281198119635286898e-10
-2.082295615012708144e-12
2.964295187573092446e-15
1.116173876761934680e-16
-1.527923510261252534e-18
-4.130492110385977223e-21
7.878657033606282223e-01
2.194221366960158182e-01
-9.340583218628777107e-02
2.543084456907224178e-02
2.368984948911417084e-03
-8.163965885923928426e-03
5.715639354316621838e-03
-2.322818592019452056e-03
3.346841479956715135e-04
3.177257371734330121e-04
-3.097957444091916485e-04
1.436341999892543379e-04
-2.575036165276508695e-05
-1.756992790563366113e-05
1.909768215482556022e-05
-9.212486665191936509e-06
1.488628662606928144e-06
1.996265295013624366e-06
-1.382896781591905139e-06
9.554215183746390672e-01
1.499366639090170955e-02
-2.535866238566000189e-03
4.340485124825248708e-04
-7.574047172735137105e-05
1.354118271114542932e-05
-2.479230840028047778e-06
4.619911156144724723e-07
-8.681946373101336556e-08
1.630618412285361531e-08
-3.039362627638929231e-09
5.595053721284937251e-10
-1.013884204768852013e-10
1.803890326055415744e-11
-3.142783418609219169e-12
5.343409506783259335e-13
-8.825735331184617991e-14
1.437168585889732608e-14
-2.132366702715674748e-15
9.857095370143472701e-01
1.083881631972294195e-02
-4.110438529008276533e-03
1.558824300704467723e-03
-5.911693486163129051e-04
2.242013470177469932e-04
-8.503286430361127414e-05
3.225346453542827618e-05
-1.223595588146527835e-05
4.643230641486090553e-06
-1.762774039350276541e-06
6.696865453303750603e-07
-2.546764914767461727e-07
9.699550611602425552e-08
-3.702834900807687060e-08
1.421097378644668760e-08
-5.572704637787283578e-09
2.453798242675030097e-09
-8.239617432920652171e-10
9.967814689649475701e-01
3.215937186053875307e-03
2.591758587620787189e-06
2.088726299133197170e-09
1.683327033521853734e-12
1.356695321619190050e-15
1.025338758904872596e-18
5.389161751566318914e-20
-3.973062792041310227e-20
2.858169963649367939e-20
-1.971418747773915590e-20
1.303280114557886626e-20
-8.231263401998997698e-21
4.960785724324730719e-21
-2.859126121299786892e-21
1.576527175151241677e-21
-8.417429041118793422e-22
4.731565096185684422e-22
-1.754681465101976479e-22
9.753651854050713332e-01
3.273421971363157327e-03
-2.764707495997171648e-05
1.625535736802373903e-07
-7.998578676985287539e-10
4.332164684959210412e-12
-3.568481076808949485e-14
3.856295545906805847e-16
-4.195571777351994441e-18
3.393079570339097761e-20
1.036299749897830580e+00
1.158525728450435222e-02
-2.859187815795374149e-02
1.808212584399143674e-02
-5.364138998039039499e-03
-1.218056304212559136e-03
2.570977920830840729e-03
-1.712999268861301050e-03
6.500626282955529250e-04
-5.331597274841645115e-05
-1.247308961098109279e-04
1.057118316132806305e-04
-4.652804268920843623e-05
7.730904331311081004e-06
5.840497080638417861e-06
-5.992980286682600882e-06
2.607810791265013859e-06
-2.220161979490547116e-08
-4.014638382680334073e-07
1.022809871902188306e+00
-7.798505341491142502e-03
1.322091409643942530e-03
-2.200018466152509641e-04
3.535597496080517319e-05
-5.355453401043667577e-06
7.333698606231255880e-07
-8.222237717024282048e-08
4.680571135229385341e-09
1.102261193781044238e-09
-5.537796585862821170e-10
1.616942579348377375e-10
-3.945155901656751506e-11
8.745732834128405115e-12
-1.820392668443556853e-12
3.614765716822660395e-13
-6.911475531473409847e-14
1.317994703440937477e-14
-2.281942216688396387e-15
1.007219915550924050e+00
-5.515516301770169438e-03
2.106726884129815538e-03
-8.046868417685114350e-04
3.073536665604400457e-04
-1.173911881671268060e-04
4.483373903267146758e-05
-1.712078682236232205e-05
6.536624316078192076e-06
-2.494789534396124875e-06
9.516423226896807178e-07
-3.626953266495323637e-07
1.380572868871780293e-07
-5.245663345936606113e-08
1.988697886625955053e-08
-7.530287443446946221e-09
2.884693139657356790e-09
-1.224288854086177063e-09
4.004492835137565830e-10
1.001614422761047507e+00
-1.614422761047534360e-03
-6.978086707897364876e-20
6.352488409064019311e-20
-5.567836525458999179e-20
4.696915299017673660e-20
-3.811735675078544945e-20
2.974157953097661183e-20
-2.229592266457749139e-20
1.604464409171940753e-20
-1.107199288611889719e-20
7.317719785481249653e-21
-4.625503262292218777e-21
2.792072203632987138e-21
-1.608077022089087373e-21
8.861672106573429040e-22
-4.757921169111624754e-22
2.670070623247028860e-22
-9.857237571928058054e-23
1.800902255639097449e-01
