1.443019874207167819e+00
-1.937647682675851593e-02
1.126625020107515854e-04
-6.798081724161400180e-07
4.855930986660123722e-09
-4.198519603995762610e-11
4.030041762085433747e-13
-3.987034762876699181e-15
3.975360005220429798e-17
-4.885098273808711126e-19
4.678302554301411176e-01
-6.616808426522096109e-01
2.855169687866710992e-01
-6.437511547665224210e-02
-1.392455190332162092e-02
2.347101556318657162e-02
-1.387176236075181660e-02
4.991714469002746755e-03
-6.720880449633185975e-04
-5.378657220198737945e-04
4.981290695525115780e-04
-2.273340861940101158e-04
5.291133142133161064e-05
9.257758147982713667e-06
-1.575445709207446890e-05
7.941695812234848538e-06
-1.691532488635293483e-06
-9.685810145868967220e-07
7.715374830434064818e-07
9.217890159455368465e-03
-1.164002936759491423e-02
4.521468502376193438e-03
-1.303103553292874958e-03
3.090045014011359270e-04
-6.442466857035130789e-05
1.235290671732205002e-05
-2.243884218206257129e-06
3.930477404696324909e-07
-6.697252883034173487e-08
1.112869687598231387e-08
-1.800435109633720466e-09
2.822279173351605274e-10
-4.250438789425713542e-11
6.060365216879158804e-12
-7.950640126534825355e-13
8.953091512481214999e-14
-6.363236726719801411e-15
-3.939410331101837713e-16
1.229801570249682691e-04
-2.351945207645330163e-04
2.057809548077420107e-04
-1.650713088470475516e-04
1.217809009224839705e-04
-8.296347938903984268e-05
5.243692790247006768e-05
-3.090944370430598152e-05
1.708607738218365378e-05
-8.908085545405152662e-06
4.406146460396540613e-06
-2.079878141001833396e-06
9.425074273136042318e-07
-4.124292929711212298e-07
1.753260196354151662e-07
-7.299095663889152206e-08
3.038093149996716643e-08
-1.395169712686577828e-08
4.777601918454778635e-09
-2.109473303803992472e-10
4.068782640652919775e-10
-3.648397397973222246e-10
3.038617970282614478e-10
-2.346484305939239488e-10
1.675608777971988534e-10
-1.102313101713181751e-10
6.645658689953336663e-11
-3.644910254818265321e-11
1.799621114030453321e-11
-7.872998398555320944e-12
2.974004146406036374e-12
-9.243220871220843182e-13
2.103885378457767069e-13
-2.014013271396189894e-14
-8.660022700621278609e-15
4.820144821288925539e-15
-7.404347177019715863e-16
-1.751927072884837102e-16
4.611677539961976935e-01
6.549459500974689347e-03
-3.060323960086173235e-05
7.732020284101905143e-08
1.308644789989391489e-10
-2.084678623749939428e-12
2.913786548166892549e-15
1.116718177854366636e-16
-1.529686455658261098e-18
1.477101338995052774e-20
7.878914431947864339e-01
2.194832579995767419e-01
-9.345691819739658512e-02
2.544255399663262335e-02
2.379648038800220248e-03
-8.176341795260114870e-03
5.721294519806901548e-03
-2.322801923789624863e-03
3.326564461720192740e-04
3.193631167037069450e-04
-3.104390409690281107e-04
1.436172974083734996e-04
-2.553296620764967096e-05
-1.773593302197417357e-05
1.916165647189134127e-05
-9.213602943504112881e-06
1.471830133214841408e-06
2.010350931046686168e-06
-1.388268802931762101e-06
9.554578665261370674e-01
1.498178587292262054e-02
-2.533945495477634736e-03
4.337476239320469848e-04
-7.569689111345514945e-05
1.353598308848848913e-05
-2.478939851154966719e-06
4.620856682603250275e-07
-8.686737254778334625e-08
1.632080885552933560e-08
-3.043078018527144608e-09
5.603561998114568404e-10
-1.015699615282729154e-10
1.807560569366032330e-11
-3.149877059020298574e-12
5.356569171882002047e-13
-8.849184828770917667e-14
1.441269126368165494e-14
-2.138833954958207890e-15
9.857213710468056833e-01
1.082990497399821672e-02
-4.107083446973514712e-03
1.557561179666321809e-03
-5.906938236064384652e-04
2.240223291101738914e-04
-8.496546936720540493e-05
3.222809082827114371e-05
-1.222640182375107248e-05
4.639632676973345850e-06
-1.761418880171929338e-06
6.691761072114866839e-07
-2.544842765800090792e-07
9.692318500140383452e-08
-3.700118500291829089e-08
1.420078924128017207e-08
-5.568853486437644837e-09
2.452196359832317863e-09
-8.234458696959423568e-10
9.967841533320539460e-01
3.213257132999664412e-03
2.587449744068925211e-06
2.083523322703463396e-09
1.677740481053737620e-12
1.351071167331924772e-15
1.019755724342757227e-18
5.401753508198161242e-20
-3.983501197329799152e-20
2.865660727965193216e-20
-1.976454537779351737e-20
1.306449828952788789e-20
-8.261918573296556977e-21
4.984484853342956955e-21
-2.865805350387525424e-21
1.578832068230253945e-21
-8.492863204392875328e-22
4.761513314388821325e-22
-1.752767415291621987e-22
9.749939353169404521e-01
3.276959656457874032e-03
-2.763014827364664448e-05
1.621164406944942267e-07
-7.956539972756353343e-10
4.302644917576511968e-12
-3.547776080405990411e-14
3.836491472626855813e-16
-4.167596238143090852e-18
4.457045382306268936e-20
1.036171215624685837e+00
1.174355259460361026e-02
-2.867011188760491130e-02
1.810547880186487088e-02
-5.360500531521984226e-03
-1.228017141652070366e-03
2.577748428188625547e-03
-1.715253250652218732e-03
6.497446514449260573e-04
-5.237975157905074589e-05
-1.253599338566487118e-04
1.059148545343580993e-04
-4.649495115140050587e-05
7.643793395119848655e-06
5.898777650507833723e-06
-6.012978057769722755e-06
2.606105976422425914e-06
-1.321954884994704675e-08
-4.064307245582123407e-07
1.022790919644009477e+00
-7.792031652895828157e-03
1.320993431269000670e-03
-2.198169467870138716e-04
3.532473067322143361e-05
-5.350014670178132386e-06
7.323606751965196258e-07
-8.201905538498297527e-08
4.636726556532754127e-09
1.112037361863803815e-09
-5.559632879223550342e-10
1.621735237577896899e-10
-3.955400771779793319e-11
8.766996644523583494e-12
-1.824675396145735806e-12
3.623136089302490180e-13
-6.927358363443123166e-14
1.321007062533596836e-14
-2.287127319974321237e-15
1.007213914532730126e+00
-5.510931978107919474e-03
2.104975874013597856e-03
-8.040180545954965117e-04
3.070982445303080638e-04
-1.172936504054480900e-04
4.479650120929511229e-05
-1.710657609168297921e-05
6.531204904028901863e-06
-2.492724992221515950e-06
9.508570759547888886e-07
-3.623973248219781857e-07
1.379445303175663346e-07
-5.241412692280862307e-08
1.987102109720664896e-08
-7.524312895959325834e-09
2.882431860197311482e-09
-1.223340293833980160e-09
4.001409435813058370e-10
1.001613080884644846e+00
-1.613080884644929819e-03
-6.978198157423235358e-20
6.352848099539617572e-20
-5.568470993298865880e-20
4.697800295090251677e-20
-3.812805404733379331e-20
2.975322028546813531e-20
-2.230755385523035639e-20
1.605543752948512662e-20
-1.108136070691746158e-20
7.325358132822733791e-21
-4.631371842449644410e-21
2.796331181219934561e-21
-1.611007084985183988e-21
8.880949482993129621e-22
-4.770341331459376252e-22
2.678367137854239686e-22
-9.890662956458893477e-23
1.775889724310777407e-01
