1.072006012068797753e+00
-1.352040459183341710e-02
8.296144889420104711e-05
-5.319589715278558778e-07
3.654314311245518043e-09
-2.723600617728334827e-11
2.191010258023749699e-13
-1.868676322226599444e-15
1.662861007136261544e-17
-1.852383408525370984e-19
3.711368815359077922e-01
-4.913999156909247268e-01
1.944773460260250941e-01
-3.893245995864719894e-02
-1.049816577649656177e-02
1.504192693479158849e-02
-8.657481189562648421e-03
3.227344560708778499e-03
-6.066039262650087509e-04
-1.979493706655378665e-04
2.584612784679462703e-04
-1.448087145372555765e-04
5.261454760267062782e-05
-9.428469786519475042e-06
-3.314362611530963856e-06
4.037966957516364432e-06
-2.130019643149227445e-06
7.005144518241014527e-07
-1.197468934885813913e-07
1.265900868533072557e-02
-1.448371220212851633e-02
4.985947016440601606e-03
-1.280075372559505908e-03
2.742881962559363886e-04
-5.256465142595461495e-05
9.408457815761707690e-06
-1.612545176439877121e-06
2.678020575367617609e-07
-4.323935747807550580e-08
6.775066101490545396e-09
-1.024468164909372721e-09
1.480156854866149805e-10
-2.006831976471778161e-11
2.459567882987344625e-12
-2.463840251688752101e-13
1.178474760641801779e-14
3.477279902340716353e-15
-1.363685602295920975e-15
2.695120229728108999e-04
-5.107840642827387668e-04
4.351739108461660311e-04
-3.345248382807773646e-04
2.332757354869890120e-04
-1.485564714265367428e-04
8.704708052314710526e-05
-4.730750193608388934e-05
2.404321513012953429e-05
-1.152262791135568156e-05
5.250353246456895259e-06
-2.292985293891560853e-06
9.672334371666523426e-07
-3.969189092508276808e-07
1.595299314994583120e-07
-6.329729242119721938e-08
2.528143632666557819e-08
-1.119797787384529183e-08
3.761703430202311136e-09
-2.121523338201278718e-10
4.064444084815664121e-10
-3.570554362961010694e-10
2.871791605327734005e-10
-2.108439084203816914e-10
1.406585821638114406e-10
-8.468849074309572697e-11
4.556065604666112221e-11
-2.156954312033152185e-11
8.765577402653970635e-12
-2.920874765402539789e-12
7.173048297157086503e-13
-8.273094497647817935e-14
-2.497435170735461227e-14
1.563454587396668211e-14
-2.725577193856999435e-15
-6.854641796385188241e-16
4.141777490446352766e-16
-3.467730730398840420e-17
5.329783277281033849e-01
4.861145826431585368e-03
-2.823742897795056793e-05
1.499943929543400893e-07
-7.190304017205162053e-10
3.144089305267347791e-12
-1.339560587053744059e-14
6.826767831066565869e-17
-5.234297898953833827e-19
1.000199015853008059e-20
7.901347614925761098e-01
1.848833224217396320e-01
-6.597220351377952596e-02
1.415620678575049175e-02
2.873972883938459566e-03
-5.200127990348872055e-03
3.297443726989958846e-03
-1.336419124003914273e-03
2.755857443882489153e-04
8.612840080168293903e-05
-1.218093053627749818e-04
6.937821905965221186e-05
-2.364093266392487496e-05
2.016733258289746089e-06
3.608913873301845387e-06
-2.942335351251392383e-06
1.218779684918357652e-06
-1.162028806173986490e-07
-1.054775692208387988e-07
9.451480798391118654e-01
1.833003978267497280e-02
-3.070205164274197440e-03
5.163820442094799526e-04
-8.730137040186382660e-05
1.482914931503301257e-05
-2.525563462230038296e-06
4.299272479673494825e-07
-7.290095048051963639e-08
1.227214931712657962e-08
-2.044296171427800345e-09
3.358089613964357851e-10
-5.416795257701217854e-11
8.532060455029914613e-12
-1.301574289052676906e-12
1.897977875121717771e-13
-2.582713963089290959e-14
3.121976403455485442e-15
-2.862508865258993736e-16
9.823528637294648425e-01
1.336213642839518406e-02
-5.058817049899281930e-03
1.915252401100485391e-03
-7.251219802427126418e-04
2.745436387554755185e-04
-1.039535074045924490e-04
3.936529825165452731e-05
-1.490949312320403994e-05
5.648409070181546339e-06
-2.140688452942799481e-06
8.117175778489501175e-07
-3.079988415218056835e-07
1.169693181956396983e-07
-4.448091171088945528e-08
1.697725676728646879e-08
-6.602527494520530192e-09
2.871839272757394305e-09
-9.561341425655742084e-10
9.960187652181027307e-01
3.977268210224735139e-03
3.962619709878802823e-06
3.948025160825815363e-09
3.933484321318809984e-12
3.919032055775951717e-15
3.877371425953276001e-18
2.406690796379954210e-20
-1.423814261958944060e-20
9.569608944904436836e-21
-6.078951952199290026e-21
3.661329963981352947e-21
-2.088031462645927016e-21
1.113480272782957494e-21
-5.505764363281649179e-22
2.614272693117553447e-22
-1.158803078971953995e-22
4.747114150857705004e-23
-1.318702657238218454e-23
1.080242473819711169e+00
1.181889879338886415e-03
-1.439116774734064739e-05
1.158537183032617990e-07
-8.128952450743828405e-10
5.426471695850918362e-12
-3.661440646357383646e-14
2.623890350000444583e-16
-2.057603826539491095e-18
2.061879594181486960e-20
1.069163172899427749e+00
-2.885303376528968247e-02
-6.117668684611815740e-03
8.560029634546200555e-03
-3.606175908043802569e-03
1.777581653749821830e-04
8.524460061675271857e-04
-6.989870990725733681e-04
3.181259556330142302e-04
-6.968656451948771152e-05
-2.393189838016698237e-05
3.443161392907699868e-05
-2.013138738766728425e-05
7.045294919922346042e-06
-6.540757077991773683e-07
-1.066078035349736403e-06
8.848918681831764115e-07
-4.065859497323874206e-07
1.043944540138394802e-07
1.028185003466526304e+00
-9.606985350615425759e-03
1.616115475806778525e-03
-2.651689480897364724e-04
4.180734145165921869e-05
-6.218450406015768085e-06
8.490910705951711467e-07
-1.005854955257971109e-07
8.599905004990066710e-09
9.121313277151010308e-11
-2.857755671241869527e-10
9.364777750243894932e-11
-2.312722091223547164e-11
5.031616955760362776e-12
-1.013540641836002521e-12
1.931321509571855311e-13
-3.519943741731281275e-14
6.336609513336220882e-15
-1.036678764901337700e-15
1.008929049806959410e+00
-6.821105993957655815e-03
2.605352394214589806e-03
-9.950896913480382789e-04
3.800370540928719532e-04
-1.451204789763678926e-04
5.540152380292081744e-05
-2.114109490712674341e-05
8.061764711041829071e-06
-3.070904025819177626e-06
1.167933981408633250e-06
-4.432127278137731947e-07
1.676954416038419584e-07
-6.320947727038554642e-08
2.371797506189801424e-08
-8.865682959208907920e-09
3.341247883118721010e-09
-1.388784921051319916e-09
4.479784162850978313e-10
1.001996610420258671e+00
-1.996610420258623699e-03
-9.254922107410161140e-20
8.272935317608785808e-20
-7.066614719944156110e-20
5.764623014258592029e-20
-4.487401366632307981e-20
3.329992273504531634e-20
-2.352686609665718736e-20
1.580062500186200384e-20
-1.006771957028828836e-20
6.071453904459757078e-21
-3.455098506050099660e-21
1.848400055529022286e-21
-9.251966629466741360e-22
4.310362627447860595e-22
-1.871925956216367986e-22
8.043258925590844998e-23
-2.487782544790250359e-23
5.802907268170426347e-01
