4.821295053987360579e-01
-1.600758625681926711e-03
2.570430908814637200e-06
-4.223915420891218761e-09
7.071192602653542666e-12
-1.201487505566038801e-14
2.046011984579496834e-17
3.527623271710195737e-20
4.435801135204956919e-19
-2.610583375753688058e-19
2.575984723615319938e-01
-2.139993632001293833e-01
2.895540037341177292e-02
1.075244316140248034e-02
-7.479492193212769480e-03
2.016113242354348328e-03
-6.236935759465719897e-05
-1.890530849540449456e-04
8.786127259042170222e-05
-1.738799628400926895e-05
-2.031584581758612904e-06
2.772876323611291331e-06
-9.805458765124773244e-07
1.225428470714025895e-07
5.419454932124578347e-08
-3.711727909988915985e-08
1.013878453933392023e-08
2.086400353106920531e-10
-1.039574832576683085e-09
3.640581952741831634e-02
-3.159211700924553085e-02
7.918852963038706602e-03
-1.480120874604117127e-03
2.305372588204272267e-04
-3.119971781817264955e-05
3.593083304939750396e-06
-3.025565390944677012e-07
1.262333887486356402e-09
7.208733868535670551e-09
-2.202784594144684508e-09
4.818022421567597942e-10
-8.954001719104140655e-11
1.480100122656297265e-11
-2.194352758191628380e-12
2.862982762846379119e-13
-3.057283327218981363e-14
1.821183232947550327e-15
1.966719244252311594e-16
1.776125268356100071e-03
-3.275070803344614506e-03
2.578298093137418485e-03
-1.753272554738107610e-03
1.045755556363607520e-03
-5.563900139545437150e-04
2.685997171252585978e-04
-1.196386516311444655e-04
4.996228926303249293e-05
-1.985725197309644039e-05
7.612167898628954952e-06
-2.846129064226559848e-06
1.046690734734227138e-06
-3.807100378570454070e-07
1.373553271673334992e-07
-4.924617759205522147e-08
1.772008638699952683e-08
-6.964719634618070076e-09
2.163852111005294331e-09
6.374069242940180833e-09
-1.199854525588820105e-08
9.989423603218965427e-09
-7.322679132397568364e-09
4.685313229444242514e-09
-2.578236624069284644e-09
1.189457529397973715e-09
-4.383139476874387816e-10
1.149737536891586060e-10
-1.285116876683868202e-11
-4.833579433451633252e-12
2.580346996837232005e-12
-2.085159269334371654e-13
-2.206018845907131349e-13
6.547913852563933264e-14
1.547152760078557807e-14
-1.038617005379911517e-14
-9.017586722035310108e-16
1.457629548929658796e-15
7.268034289481678512e-01
5.959076790706910754e-04
-9.245368443957752236e-07
1.532621552624608003e-09
-2.578339460314986044e-12
4.333852483841259919e-15
-6.925818588466983385e-18
-5.829486165423061360e-20
-2.043720640009139042e-19
1.344559206815476841e-19
8.168147581187239492e-01
8.863129305255144919e-02
-8.316852193622483944e-03
-4.288322608379584351e-03
2.618356175803865024e-03
-6.973238182213542958e-04
2.782733715811154562e-05
6.383391565354850424e-05
-3.139375112786003350e-05
6.758346291925698217e-06
5.519113628917050290e-07
-1.009127159965660919e-06
3.815816411010187672e-07
-5.285013601910859720e-08
-2.023814309123135934e-08
1.485608333537098339e-08
-4.127982337973074279e-09
-1.243078167235271668e-10
4.490029376467873936e-10
9.236362262668437184e-01
2.443668867196452377e-02
-3.748057396917224299e-03
5.408823148337225852e-04
-7.217912084054437286e-05
8.683966178299412717e-06
-8.847118389990071050e-07
5.945821297165438042e-08
3.122524060128165411e-09
-2.355876750832773319e-09
6.354197493961414921e-10
-1.349067162509983864e-10
2.528332308942541142e-11
-4.329420028006699703e-12
6.828559357618226777e-13
-9.833752913593491817e-14
1.251454489111812901e-14
-1.264905321117523366e-15
6.412117315677248765e-17
9.750210413664707199e-01
1.883752428097896364e-02
-7.100263818679899801e-03
2.674214675194038111e-03
-1.005839713202148289e-03
3.774749826323845164e-04
-1.411759149994435119e-04
5.254364530802103011e-05
-1.942994916814749442e-05
7.127036572827573859e-06
-2.589257333051885903e-06
9.304819000314397601e-07
-3.304142559520760790e-07
1.158464072319600235e-07
-4.007904193992225385e-08
1.368401064546164501e-08
-4.647088876578831343e-09
1.700376748180197558e-09
-5.021738714948514453e-10
9.943426553100787046e-01
5.649331965353322944e-03
8.001375824411855931e-06
1.133266993733560126e-08
1.605099373394497582e-11
2.267554126655181072e-14
7.249167353548079168e-17
-2.595712799081258439e-17
1.552348700414781297e-17
-8.522076334910860007e-18
4.266918467837913846e-18
-1.925594924067664437e-18
7.692277234626284846e-19
-2.638556808262650652e-19
7.316972677614034757e-20
-1.393517838826649847e-20
4.020764615054641572e-22
9.917507172518083476e-22
-3.720092587125807774e-22
1.111227544682541035e+00
-9.491548227554998920e-05
-3.791762334340385732e-08
2.944868690522158322e-10
-8.046515195156742791e-13
1.795058809177092491e-15
-3.615029579906551310e-18
-4.375891379261746438e-20
-6.891411460035647051e-21
2.816343227733136253e-20
1.083844038141971611e+00
-3.053981785209041594e-02
-7.612047940894756245e-04
2.144753135380787420e-03
-4.794766953592204009e-04
-6.278200785546486423e-05
6.564382290730734091e-05
-1.309112437580649895e-05
-3.689419893205024160e-06
3.135269646825975790e-06
-7.878679379509480685e-07
-8.144563101403542695e-08
1.379273781735604221e-07
-4.954101513218372810e-08
4.115122922875091142e-09
4.446701264241719096e-09
-2.439796388888353669e-09
4.168584340255897204e-10
8.364204944134814347e-11
1.039377425758793105e+00
-1.267881191807841181e-02
1.872478452883343577e-03
-2.418140364105778126e-04
2.502489936690512705e-05
-1.453217056288313022e-06
-1.693530685166595811e-07
8.146330857730087563e-08
-1.913144340634754590e-08
3.528009999533839574e-09
-5.533512183717390251e-10
7.382853251511487229e-11
-7.743169629934561089e-12
3.997171933937047071e-13
8.311400541891712771e-14
-3.584895110191231507e-14
8.720028925201995737e-15
-1.753385869338655338e-15
2.897152999222060483e-16
1.012698240042332554e+00
-9.693790635439314754e-03
3.696931480709036467e-03
-1.407586897329219126e-03
5.343804669170187103e-04
-2.019195254919601429e-04
7.575525974618191544e-05
-2.813687875581931129e-05
1.031112943710303415e-05
-3.714547652215776381e-06
1.310232993868175212e-06
-4.505078366794244107e-07
1.501776133701399337e-07
-4.816774632828700454e-08
1.468048292122140449e-08
-4.147026507072519162e-09
1.016380091115258821e-09
-1.650691419848202413e-10
5.338144278947984789e-13
1.002840721507399779e+00
-2.840721507399603281e-03
-1.457821917858329802e-16
1.241185117216691601e-16
-9.892352246203393155e-17
7.367554040209687207e-17
-5.114939377845691946e-17
3.299223619663574647e-17
-1.968379298236118296e-17
1.079756125659885641e-17
-5.400821390672509870e-18
2.434065040597693570e-18
-9.705624277348534063e-19
3.320305862394501634e-19
-9.166904109580905614e-20
1.725297602357196612e-20
-3.984858129959306550e-22
-1.274301230797721603e-21
4.756220799304339283e-22
8.304160401002506076e-01
