1.306263994393413785e+00
-1.849974433433950946e-02
1.209429791425600223e-04
-8.293334212097400194e-07
6.413374750828993396e-09
-5.705025245796250013e-11
5.616662723127962822e-13
-5.822357240441572695e-15
6.158238262300439070e-17
-5.937253253562096877e-19
4.252462185318841570e-01
-5.936404165763773388e-01
2.550763185826386836e-01
-6.004474068362179728e-02
-9.466132185706853039e-03
1.941050578296718912e-02
-1.222488291285840981e-02
4.898869985886934730e-03
-1.043910690901475678e-03
-2.430848535593790394e-04
3.821150342809254662e-04
-2.210126876166701774e-04
7.935394458904817161e-05
-1.213366887721758756e-05
-6.722065075865125599e-06
6.662607895755180598e-06
-2.982189471525522572e-06
4.898128579792604060e-07
1.337318528907224982e-07
9.941786556982428261e-03
-1.213274034673605430e-02
4.515085133400213897e-03
-1.248571242721610141e-03
2.855328329519280970e-04
-5.778216921930291413e-05
1.082164913303821400e-05
-1.929743304352526948e-06
3.329351587746126101e-07
-5.597381700119094160e-08
9.183589842778955285e-09
-1.467311494444350640e-09
2.271907922082294434e-10
-3.380903701519200941e-11
4.767277150533359666e-12
-6.196278678036074724e-13
6.945807016742801070e-14
-5.051260168134930015e-15
-2.449445545339921650e-16
1.585022744562978930e-04
-3.021917170666475901e-04
2.619989816573049172e-04
-2.071059156277661696e-04
1.498370765147226944e-04
-9.970162864510290581e-05
6.135909370610100435e-05
-3.514068788262051979e-05
1.884890177308967584e-05
-9.531909082168076613e-06
4.575039477009898618e-06
-2.098135221139475881e-06
9.254458367780019868e-07
-3.951216243893792147e-07
1.643398163423021031e-07
-6.712842611255294471e-08
2.748308656990516073e-08
-1.243888627468450783e-08
4.226913539147268903e-09
-2.052448090717939885e-10
3.949418470348751965e-10
-3.516037444808874420e-10
2.892893041565797088e-10
-2.195022444831586719e-10
1.530956730477634731e-10
-9.769631774147362075e-11
5.666456208297641118e-11
-2.958924691811628251e-11
1.371469412006621334e-11
-5.516194891983527471e-12
1.848806712301387993e-12
-4.720581232010011537e-13
6.641984433304171250e-14
1.040769777442485916e-14
-9.295340728516289858e-15
2.242436132811246761e-15
2.213170657446962326e-16
-2.673985253359043550e-16
4.784976947873721964e-01
6.412339366009938042e-03
-3.635461745381401446e-05
1.563608004316496001e-07
-4.203159726083617465e-10
2.822337043592450243e-14
2.218081438836283122e-15
8.261678302336023906e-17
-1.781093075101837757e-18
7.262276998610685679e-21
7.860275119064046301e-01
2.089656015909609477e-01
-8.478412727057603460e-02
2.258633562448067109e-02
1.608651529157154514e-03
-6.649128718507502436e-03
4.816420972723455679e-03
-2.130699954269950173e-03
4.805280717307331469e-04
1.401573101702413993e-04
-2.159471383739431879e-04
1.252999908452751259e-04
-4.039290937813466627e-05
-3.711063856739294377e-07
9.889387509045484854e-06
-6.985708990068515316e-06
2.426993438320538370e-06
3.466766776417916174e-07
-5.703612104292701320e-07
9.507894562524542570e-01
1.650429011910027610e-02
-2.779568947467616572e-03
4.721409150866399972e-04
-8.124543727481397246e-05
1.419767129803572393e-05
-2.516886335050664508e-06
4.506737757081335535e-07
-8.102724554685717978e-08
1.454218695412395989e-08
-2.592743994803386607e-09
4.575025622332309045e-10
-7.965195981409379216e-11
1.364218219197235473e-11
-2.290735211966171292e-12
3.754219534945931696e-13
-5.968100874638407704e-14
9.295433187818110800e-15
-1.314906152891609885e-15
9.841992962306644888e-01
1.197519512669934297e-02
-4.537950299650986112e-03
1.719649803340813536e-03
-6.516686725378154727e-04
2.469600193172350475e-04
-9.359462500397039756e-05
3.547472248850638555e-05
-1.344813156980792427e-05
5.099488851457011914e-06
-1.934551279312509897e-06
7.343681602427039766e-07
-2.790269588605923111e-07
1.061544269699809796e-07
-4.046659124844218785e-08
1.549875355269110511e-08
-6.058726341952831623e-09
2.655274529914887447e-09
-8.886729117611912188e-10
9.964386341871660502e-01
3.558191499700930852e-03
3.171483807240199340e-06
2.826803880774379725e-09
2.519584027281427899e-12
2.245815400213434124e-15
1.951991353103223724e-18
3.986764324229720576e-20
-2.796614567902313881e-20
1.965682104893659357e-20
-1.319685307855604301e-20
8.444672438030571694e-21
-5.147339828861798284e-21
2.983995349211574261e-21
-1.637083851206332665e-21
8.528053804507785140e-22
-4.266151354076890388e-22
2.197961226768238014e-22
-7.724022490492548755e-23
1.025323129784107890e+00
2.572855842565318924e-03
-2.669149632094850447e-05
1.978296979125044165e-07
-1.277974130221051069e-09
8.290998714951259855e-12
-6.316562605931917436e-14
5.963053914268911736e-16
-6.361132537477117139e-18
6.724196716583440348e-20
1.052686739541638827e+00
-8.880144324000249778e-03
-1.788802257702204468e-02
1.427279125617936240e-02
-5.251180045594656780e-03
-1.702386840962514809e-04
1.683752384833312734e-03
-1.313707888680310226e-03
5.950762427828258996e-04
-1.260289115979763657e-04
-5.306928151220846509e-05
7.185154089438064993e-05
-4.135512747990370802e-05
1.361571875224577950e-05
-2.416968699923627558e-07
-2.974597436514869702e-06
2.103474986743244263e-06
-7.448400069467719369e-07
1.070445493626497930e-07
1.025228103109181221e+00
-8.621393719956817886e-03
1.460160557823409052e-03
-2.427174656674852449e-04
3.904203896422251069e-05
-5.961728069473379707e-06
8.393882126697875708e-07
-1.027478939405280704e-07
9.063531635277036821e-09
1.132107394632067798e-10
-3.282028621734567493e-10
1.110792257973111378e-10
-2.840770828507628583e-11
6.410413579282131459e-12
-1.341832980344890990e-12
2.663615732558787110e-13
-5.075140930924291301e-14
9.625776719005663501e-15
-1.657741337343771964e-15
1.007986418885769675e+00
-6.101061665856758257e-03
2.330374916148565938e-03
-8.901039165025453502e-04
3.399728931389060576e-04
-1.298450827107229153e-04
4.958664474805070068e-05
-1.893340731773782672e-05
7.227108123932250968e-06
-2.757345924314383890e-06
1.051216358502731666e-06
-4.003193628265729085e-07
1.522037605645751539e-07
-5.774267884374516858e-08
2.184779316606630677e-08
-8.252672744686529490e-09
3.152116908891151729e-09
-1.333063646905859441e-09
4.350486685766333367e-10
1.001785820118458403e+00
-1.785820118458520582e-03
-7.301954193783787295e-20
6.605320656463572430e-20
-5.737879726333669286e-20
4.784402498529516854e-20
-3.827180869109412481e-20
2.934917375577026999e-20
-2.155734366921157027e-20
1.514988712313681681e-20
-1.017353092365289530e-20
6.517753439942308670e-21
-3.976178545736186775e-21
2.304717726556252281e-21
-1.266542873906144404e-21
6.599994421376255033e-22
-3.305668126178518563e-22
1.709072605391821511e-22
-6.008278519107125324e-23
3.976992481203007745e-01
