1.255050328762318479e+00
-1.770384660734387189e-02
1.172115190155408585e-04
-8.146090734460117486e-07
6.298433125623349141e-09
-5.518444393796013913e-11
5.329263156693220434e-13
-5.441129610863548083e-15
5.706901931330618380e-17
-6.308089162337247019e-19
4.117822623696491546e-01
-5.701691606451732008e-01
2.425706352222016804e-01
-5.653621314738162262e-02
-9.004601848143969217e-03
1.824512371816087303e-02
-1.149393170327978921e-02
4.646257525754424363e-03
-1.032436384492109015e-03
-1.940295979989657433e-04
3.459249232236037436e-04
-2.076172102128064458e-04
7.869487224621492835e-05
-1.490521774957827526e-05
-4.610437141914171202e-06
5.848620971607662441e-06
-2.954117027060824854e-06
7.625003150685711119e-07
-3.104185689802676066e-08
1.036668271287532334e-02
-1.248422961695809172e-02
4.570461877381391119e-03
-1.244203956305219624e-03
2.806473715273773563e-04
-5.615017836885981907e-05
1.041970638397592799e-05
-1.844000443645032173e-06
3.159985070314813108e-07
-5.277636447169980300e-08
8.598770706861647941e-09
-1.363277654188912463e-09
2.092095694046930972e-10
-3.080071833355289233e-11
4.283114210733659523e-12
-5.454238670561917150e-13
5.882571456878782400e-14
-3.671206018327911372e-15
-3.891296090071187062e-16
1.762322172202466077e-04
-3.355872323846548514e-04
2.899168475423218949e-04
-2.278673415785110058e-04
1.636129221321130911e-04
-1.078829721063695576e-04
6.571834822976096860e-05
-3.722552362440590979e-05
1.974071510176620079e-05
-9.869067748544291076e-06
4.684076433020278952e-06
-2.125372843613551990e-06
9.282662130233812994e-07
-3.928269084769464233e-07
1.621209490950890833e-07
-6.578138854198418559e-08
2.677761124487495035e-08
-1.205897715066951749e-08
4.086936309410551773e-09
-2.054421401970255924e-10
3.949617137691383820e-10
-3.506523980362350864e-10
2.871551307989729653e-10
-2.164089928458399641e-10
1.495663317000916158e-10
-9.431875330620025309e-11
5.388055300893711296e-11
-2.759172382098420057e-11
1.246602661175965559e-11
-4.841361655666761159e-12
1.539380396653163707e-12
-3.563578136063943152e-13
3.434997057066557518e-14
1.490754276562345842e-14
-8.189959681302171437e-15
1.373530051038912898e-15
3.871762290898563658e-16
-2.368699297458794582e-16
4.880123160033999485e-01
6.193755038615494923e-03
-3.638678126386320769e-05
1.726029577983670961e-07
-6.076340454768730629e-10
1.283471100239020272e-12
-2.472725972613786663e-15
7.640316241444965353e-17
-1.539734523002306244e-18
2.042190171336575046e-20
7.862814031575118268e-01
2.043923186848423112e-01
-8.110604992510973832e-02
2.105201956698975543e-02
1.689261172771637119e-03
-6.247669090780483790e-03
4.480191962794741189e-03
-1.988598955308551290e-03
4.688421284237298428e-04
1.081596824680304585e-04
-1.881403486640817349e-04
1.132473556374533058e-04
-3.918335885338893347e-05
2.208446708942490095e-06
7.510550225089562616e-06
-5.865227082526713000e-06
2.267124430323606149e-06
5.419292644135041204e-08
-3.715497723664264350e-07
9.494096077882924201e-01
1.695278295745858074e-02
-2.851607752389474001e-03
4.833202706700414752e-04
-8.283952769173413789e-05
1.438237513474046979e-05
-2.526010644462203544e-06
4.470196451147876001e-07
-7.929513672577462220e-08
1.402802854224418413e-08
-2.464502630890310055e-09
4.284895870954888372e-10
-7.350181167987416616e-11
1.239997871085384828e-11
-2.049446965482467331e-12
3.301280013601521396e-13
-5.144257371883884423e-14
7.802872639200559719e-15
-1.068421997697083437e-15
9.837485226172664188e-01
1.231403828194278620e-02
-4.665296303599244035e-03
1.767507759345397084e-03
-6.696538883694949174e-04
2.537191006437224290e-04
-9.613499755037183993e-05
3.642967393266431295e-05
-1.380720196830980830e-05
5.234547414464177305e-06
-1.985367307827993521e-06
7.534898648831818143e-07
-2.862193513061716588e-07
1.088559900463940945e-07
-4.147843330804302457e-08
1.587628203703142341e-08
-6.200285209559443464e-09
2.713330679657647632e-09
-9.071664290602910818e-10
9.963362039789840363e-01
3.660436746767482905e-03
3.356194185320868917e-06
3.077239190054137653e-09
2.821469880360081115e-12
2.587015211533903401e-15
2.327505905800037278e-18
3.599976082852912852e-20
-2.464587974911494531e-20
1.715003457410801045e-20
-1.138608128886673807e-20
7.208946279694003615e-21
-4.337753104464755676e-21
2.468363764530173848e-21
-1.328811860244828412e-21
6.750128627189135372e-22
-3.271602600801939316e-22
1.651037835952247000e-22
-5.764885213014039846e-23
1.040476762351289830e+00
2.260638599288205142e-03
-2.470613538041474427e-05
1.920631352777296931e-07
-1.307303396998091114e-09
8.781944906456371712e-12
-6.580078899817601262e-14
5.872730106759197150e-16
-5.984701131759011704e-18
6.599459694182536784e-20
1.057339559656168326e+00
-1.471662012622335265e-02
-1.460829793035852732e-02
1.286335034890852963e-02
-4.971422637587764350e-03
1.864039991121775234e-05
1.436130011383042384e-03
-1.161679002210158802e-03
5.413696160145053428e-04
-1.252612365302294226e-04
-3.911001556920638887e-05
6.091342930588552991e-05
-3.676383666033201220e-05
1.307422446540110422e-05
-1.071128953986048521e-06
-2.209086757647572655e-06
1.779211970185310964e-06
-7.552716775754655631e-07
1.663125320574315186e-07
1.025950462818983944e+00
-8.865209807634232692e-03
1.500131406809659994e-03
-2.489630266643809301e-04
3.996176176224957823e-05
-6.091049532892469807e-06
8.579199961238792906e-07
-1.058220769154502508e-07
9.705125348552410077e-09
-4.318982211698318669e-11
-2.887080418692788623e-10
1.013762178266231803e-10
-2.612952699651975018e-11
5.899418588592684093e-12
-1.231880166004725775e-12
2.435647950082744572e-13
-4.617633199982185894e-14
8.704245824097314501e-15
-1.490056723518925480e-15
1.008215897432498176e+00
-6.276360576829139934e-03
2.397326695625286944e-03
-9.156717481430438899e-04
3.497345300446751798e-04
-1.335703309405999399e-04
5.100712256753484470e-05
-1.947430021409270117e-05
7.432609316494159989e-06
-2.835153564679885061e-06
1.080528229774748515e-06
-4.112843696775207771e-07
1.562670327080576733e-07
-5.923013441239490921e-08
2.238407529899703654e-08
-8.442603173804461346e-09
3.218532398033337551e-09
-1.357846495297209737e-09
4.424220269697182840e-10
1.001837134402849605e+00
-1.837134402849466492e-03
-7.590821082612549733e-20
6.849767184807200070e-20
-5.929596983724650794e-20
4.921971217927738172e-20
-3.915210641597452829e-20
2.982219704244958832e-20
-2.173093084343056696e-20
1.513087872818942330e-20
-1.005265044244595007e-20
6.361789303014534084e-21
-3.826947107759717678e-21
2.182812502324881684e-21
-1.177382104135302122e-21
6.000217973875676175e-22
-2.922218027540707237e-22
1.459517706735962468e-22
-5.019610413162139877e-23
4.477243107769424135e-01
