7.958877550295586634e-01
-6.545656036676393216e-03
2.653833840201008716e-05
-1.111265927267131235e-07
4.816155198965526234e-10
-2.166292994603387418e-12
1.013142011448305554e-14
-4.916645319710949517e-17
2.227848394393170716e-19
-2.474093735014868504e-20
3.203983210980692053e-01
-3.730451859442404650e-01
1.152694780525495427e-01
-8.300716415708208826e-03
-1.368938348076446931e-02
9.826134630055280775e-03
-3.863673913307078163e-03
7.877791483817282985e-04
1.490032357374815471e-04
-2.251825240294337105e-04
1.168813506443299453e-04
-3.601792096326365621e-05
3.182361503598621499e-06
4.007534237257363930e-06
-3.064015603783829646e-06
1.268381876655807327e-06
-2.782431861611962976e-07
-7.500584730175003895e-08
7.212227075034195481e-08
1.935355776683458234e-02
-2.009152222260169457e-02
6.183401685264844697e-03
-1.427479270781984019e-03
2.780919005954975414e-04
-4.893352462032478963e-05
8.073544395606070787e-06
-1.269198989649078484e-06
1.903780123786524766e-07
-2.698757784979721349e-08
3.533670825795826035e-09
-4.053018486193490725e-10
3.436805685773289258e-11
-3.990402269258935292e-15
-9.443340448461160813e-13
3.065754767706008063e-13
-7.359716707010697317e-14
1.602014767623251650e-14
-2.988803156309447765e-15
5.859340438334959466e-04
-1.100106300672602485e-03
9.120162571910015456e-04
-6.715522994842357610e-04
4.428945304031048922e-04
-2.642330718281638078e-04
1.441491094434437740e-04
-7.270879106678509833e-05
3.428710555018611001e-05
-1.528191806231224582e-05
6.505502506411842875e-06
-2.671163713139695553e-06
1.067274773291329786e-06
-4.181343178689022153e-07
1.616601438611328121e-07
-6.209710199262642223e-08
2.411714604271586198e-08
-1.040927075499142972e-08
3.446057431350069516e-09
-1.461303644556576043e-10
2.781367265562354499e-10
-2.395344176042380240e-10
1.862063553880520017e-10
-1.300592106243958224e-10
8.102661857240164547e-11
-4.451710202927311990e-11
2.118419492858312229e-11
-8.466471841035520411e-12
2.673747015232225106e-12
-5.662558047349128416e-13
1.999051040765728488e-14
3.898734827394413953e-14
-1.409456688640211225e-14
3.335869167373241255e-16
1.334104805984461182e-15
-3.450747128659725853e-16
-7.999565435970322209e-17
5.398567989421102680e-17
6.201536603282948867e-01
2.391646085594659275e-03
-9.653999287849264751e-06
3.884637446968117480e-08
-1.516615819196231103e-10
5.735721350636088453e-13
-2.113364152900077249e-15
7.609604117009264703e-18
-2.353211216393482567e-20
2.145049909097930095e-20
8.006416010955962337e-01
1.463410774363743949e-01
-3.872056759718913582e-02
2.669397684426424392e-03
4.583089634509153812e-03
-3.446342673224776516e-03
1.450251977764374514e-03
-3.345674650724775150e-04
-4.153161890313280315e-05
8.668770011349994850e-05
-4.830073245354525265e-05
1.540488835177940274e-05
-1.193015359512115244e-06
-1.983767177304245564e-06
1.463622312874473316e-06
-5.688405567621812187e-07
9.169316358784554550e-08
6.421598452581247620e-08
-4.477033548560536587e-08
9.378796044177082347e-01
2.061158889548850293e-02
-3.406593568602249780e-03
5.592009596234572347e-04
-9.088178709195412607e-05
1.458310781435871247e-05
-2.304947766464877091e-06
3.579255626149106861e-07
-5.440007227224949894e-08
8.040967259251830843e-09
-1.143046262710743850e-09
1.530686147673154149e-10
-1.848542142251744501e-11
1.781642689177703234e-12
-6.105685641373201591e-14
-3.171004728139462632e-14
1.256042047972653880e-14
-3.474828848097418872e-15
7.485928471424757954e-16
9.799490183810728450e-01
1.516368069252622790e-02
-5.733763605349280479e-03
2.168041999752301236e-03
-8.197497765608629649e-04
3.099334360547408474e-04
-1.171680881627086334e-04
4.428679628458695629e-05
-1.673482383895508611e-05
6.321125832248046007e-06
-2.386302310076228772e-06
9.001915680130893982e-07
-3.392648343444372602e-07
1.277221567456855549e-07
-4.803462230116369426e-08
1.807985808459269886e-08
-6.906558657490669039e-09
2.935414206408147934e-09
-9.625213920252140973e-10
9.954709386076578959e-01
4.523927388962068787e-03
5.128183633314010052e-06
5.813149751504468915e-09
6.589606080634337900e-12
7.469769953650440330e-15
8.469740063611539563e-18
8.021194716271284181e-21
1.038250585486602421e-21
-6.431358889235675723e-22
3.898151772671714455e-22
-2.245567270093266510e-22
1.130980749182103449e-22
-4.670441289460651555e-23
2.222337100827952645e-23
-1.394667015439366910e-23
3.412422463978450471e-24
2.582698390419319327e-24
-1.173600763204150039e-24
1.108947285098975666e+00
1.681224088617416779e-04
-2.903537068756048927e-06
1.859572044205457381e-08
-9.795504495835567553e-11
4.751409034685448593e-13
-2.214999879494086070e-15
1.017805699928661781e-17
-5.841226345368242958e-20
6.469041325759301948e-21
1.078897131729136927e+00
-3.636029040609949081e-02
-6.105933319010520928e-04
4.489953658093039784e-03
-1.720457526402477920e-03
-2.879915942027710607e-05
3.843820885433866055e-04
-2.317492454907333797e-04
6.633015279111062522e-05
5.442318938531218675e-06
-1.720332628371344468e-05
1.017922513515180874e-05
-3.248499628673075917e-06
1.285291097177014427e-07
5.453039520452257708e-07
-3.778845861688953048e-07
1.352687274099213375e-07
-3.527564990699747510e-09
-1.588181302326827910e-08
1.031985079044610343e+00
-1.079808476782096252e-02
1.773503143753932861e-03
-2.780552706298894091e-04
4.071336546988379556e-05
-5.401304522944940167e-06
6.097659472807489663e-07
-4.697937204965036430e-08
-1.651381228712174745e-09
1.814813545427182988e-09
-5.373706256962942412e-10
1.229665845512726924e-10
-2.480448646244166018e-11
4.602409750440299023e-12
-7.985316205219842046e-13
1.300981727033537064e-13
-1.980031376087265548e-14
2.800637010224471389e-15
-3.394514514637696289e-16
1.010161543542356322e+00
-7.762216406256568918e-03
2.964448505118362671e-03
-1.131943821875304847e-03
4.320734782590182122e-04
-1.648252802659731439e-04
6.281168838173871569e-05
-2.389703699605074576e-05
9.069452900908136188e-06
-3.430112031741926862e-06
1.291231595791044246e-06
-4.831583753366380791e-07
1.794538736078687767e-07
-6.606562146969555094e-08
2.407609401473362213e-08
-8.683073108859652820e-09
3.128045522348658237e-09
-1.225303790685042059e-09
3.791511784845072132e-10
1.002272286572988502e+00
-2.272286572988510469e-03
-5.507507256170277496e-20
4.835873603067002249e-20
-4.027342890968950620e-20
3.178217378953968489e-20
-2.373702880622433574e-20
1.675095316359844721e-20
-1.114597767607057298e-20
6.974465322346521496e-21
-4.090241408641714317e-21
2.238406619837781941e-21
-1.136563524343734574e-21
5.313076066631633245e-22
-2.261591354723466137e-22
8.618647860709455870e-23
-2.857593306976626613e-23
8.023009942221618241e-24
-1.586932071123552665e-24
7.178596491228070864e-01
