1.440334690721620348e+00
-1.937844299975376508e-02
1.130727735382796315e-04
-6.849488190298244070e-07
4.905843151949078087e-09
-4.247984595318407169e-11
4.084066170716184177e-13
-4.049554880093566408e-15
4.037608774661092706e-17
-3.677574993413539394e-19
4.668847228562445495e-01
-6.602552558267112959e-01
2.849714159758680032e-01
-6.437686802378946027e-02
-1.378358179276377958e-02
2.337795355348766535e-02
-1.384685894051171026e-02
5.000655070338548037e-03
-6.860415110882821287e-04
-5.298604739787148368e-04
4.959849935826394357e-04
-2.279242085588157067e-04
5.393593471460790377e-05
8.651175301071839771e-06
-1.557328825130888103e-05
7.961386714831236207e-06
-1.746632615655977864e-06
-9.344452599078606734e-07
7.610227185039170866e-07
9.226398439419480207e-03
-1.164314118059489936e-02
4.518905668386650858e-03
-1.301314042825613094e-03
3.083618231977590341e-04
-6.425345977288019178e-05
1.231454547401510090e-05
-2.236156456211266418e-06
3.915922597922170149e-07
-6.671066543790941300e-08
1.108328693956956386e-08
-1.792844786769161796e-09
2.810134384496113092e-10
-4.232112633334028009e-11
6.035052469132016714e-12
-7.920866799344239770e-13
8.930642294625219957e-14
-6.385917781473212577e-15
-3.800933673484330132e-16
1.235399009011157090e-04
-2.362509916519314919e-04
2.066691538654894509e-04
-1.657370417185682454e-04
1.222260265499977875e-04
-8.322880924198196111e-05
5.257741336064835811e-05
-3.097483156839308898e-05
1.711212561888257318e-05
-8.916308265927450565e-06
4.407587729216492950e-06
-2.079361214480167800e-06
9.417623167114461806e-07
-4.118980753018722532e-07
1.750221530577102767e-07
-7.283592985466791536e-08
3.030602032179970154e-08
-1.391308431875933032e-08
4.763616426661443788e-09
-2.107316819563821788e-10
4.064435767228534825e-10
-3.643991097983913402e-10
3.034229621594499341e-10
-2.342297171816645660e-10
1.671857138076116585e-10
-1.099200534632805240e-10
6.621984221653509280e-11
-3.628536872463898027e-11
1.789411542303026877e-11
-7.816214383111969602e-12
2.946270586495268039e-12
-9.127276990779331020e-13
2.064351622126321957e-13
-1.916331059145124776e-14
-8.758201993337423420e-15
4.772267674156592680e-15
-7.130049038608562111e-16
-1.806218264345274646e-16
4.613892350903801010e-01
6.553210290992536775e-03
-3.078355637332204060e-05
7.907425994301008875e-08
1.224465051268770399e-10
-2.076927053269170888e-12
3.066409191823757876e-15
1.115384497861385435e-16
-1.562837161255536115e-18
8.571045879119873669e-21
7.878136474113036636e-01
2.192968602441267845e-01
-9.330113478485151102e-02
2.540658690014404794e-02
2.347430855567667670e-03
-8.138755088212351607e-03
5.704050403036900301e-03
-2.322787930296948185e-03
3.387824291308743729e-04
3.143949008329639003e-04
-3.084776829994829604e-04
1.436605647130508067e-04
-2.618914114686684132e-05
-1.723233270580879588e-05
1.896642268218236716e-05
-9.209260792014901996e-06
1.522441608389305212e-06
1.967500802765476757e-06
-1.371836087441631200e-06
9.553474554333816204e-01
1.501787291141444200e-02
-2.539779591168997257e-03
4.346615354593319079e-04
-7.582926457046538452e-05
1.355177900406297358e-05
-2.479825092275474095e-06
4.617990192025760895e-07
-8.672203081372161990e-08
1.627643743672394401e-08
-3.031805455291296012e-09
5.577747949286817144e-10
-1.010191672746348147e-10
1.796424851784116647e-11
-3.128353509637533919e-12
5.316636536336958485e-13
-8.778017556340854102e-14
1.428821236474834141e-14
-2.119195477218990221e-15
9.856854232126466275e-01
1.085697433726404842e-02
-4.117274818661164661e-03
1.561397980067037901e-03
-5.921382398404245132e-04
2.245660929227630352e-04
-8.517017795780083855e-05
3.230516129001660382e-05
-1.225542116483319128e-05
4.650560981541945880e-06
-1.765534954233243259e-06
6.707264713659383318e-07
-2.550680927451585288e-07
9.714284603285996385e-08
-3.708369000988892124e-08
1.423172248730352094e-08
-5.580550337005729838e-09
2.457061536611976599e-09
-8.250126303522398283e-10
9.967759990253001190e-01
3.221398323968994743e-03
2.600549679860340500e-06
2.099354987387451253e-09
1.694753666718898921e-12
1.368213309856784863e-15
1.036810565851991405e-18
5.364250122202309870e-20
-3.953633521803864726e-20
2.843551262574589003e-20
-1.960210711453501021e-20
1.294389644056959711e-20
-8.182071692941422028e-21
4.934294767058562979e-21
-2.832198846003513619e-21
1.560736680376393221e-21
-8.392366948448928787e-22
4.672431605471169954e-22
-1.715398808187963456e-22
9.761228946696802744e-01
3.266132501455972816e-03
-2.768077885461179570e-05
1.634417053387672313e-07
-8.084468664060651059e-10
4.392693856867574682e-12
-3.610931140253522340e-14
3.896398563854106201e-16
-4.246608973187511883e-18
3.944422173634821486e-20
1.036561754796990531e+00
1.126244646286801189e-02
-2.843212390937223041e-02
1.803422773757272154e-02
-5.371363372284701856e-03
-1.197816633861538112e-03
2.557158403070184348e-03
-1.708361078696970202e-03
6.506774903456818146e-04
-5.521032990429980289e-05
-1.234493517054816632e-04
1.052938818209115215e-04
-4.659187362218161706e-05
7.906843839244832904e-06
5.721856731325749461e-06
-5.951845288867816895e-06
2.610972352126787857e-06
-4.040291044217126816e-08
-3.913471693446641330e-07
1.022848489308236575e+00
-7.811695426927015885e-03
1.324328142254456095e-03
-2.203783712060222429e-04
3.541955861835912429e-05
-5.366511628437991028e-06
7.354198928565991609e-07
-8.263513743488325124e-08
4.769559738255909012e-09
1.082417320561625366e-09
-5.493462307830723727e-10
1.607209315750135588e-10
-3.924344086799673506e-11
8.702524972273744376e-12
-1.811687842863171401e-12
3.597747733273743308e-13
-6.879173591132468149e-14
1.311865773496860302e-14
-2.271388524393838773e-15
1.007232143518241640e+00
-5.524857542037087295e-03
2.110294826231853740e-03
-8.060495936609773449e-04
3.078741256637277149e-04
-1.175899348233380444e-04
4.490961583454445828e-05
-1.714974271287320566e-05
6.547666764723836386e-06
-2.498996073214826368e-06
9.532422055840569932e-07
-3.633024432016034221e-07
1.382869826183318681e-07
-5.254321149506527438e-08
1.991947590112755543e-08
-7.542451226896355522e-09
2.889295393448026571e-09
-1.226218507415852933e-09
4.010763372767251295e-10
1.001617157034070171e+00
-1.617157034070294038e-03
-6.977952417588176351e-20
6.351838188903967361e-20
-5.566613634161956843e-20
4.695168193800237226e-20
-3.809598985875263097e-20
2.971817385733262534e-20
-2.227244046430521647e-20
1.602279513028761463e-20
-1.105299595775233280e-20
7.302211383375996665e-21
-4.613578446139912248e-21
2.783413623515372144e-21
-1.602118514450807213e-21
8.822467345914538041e-22
-4.732664623217378457e-22
2.653203091474525429e-22
-9.789289279511222667e-23
1.850927318295739754e-01
