4.657617224763282993e-01
-1.449325179676557926e-03
2.176314871946376861e-06
-3.342735764566543744e-09
5.228488763329663529e-12
-8.295489987974378180e-15
1.370572923734678911e-17
-2.085551057068892588e-19
-6.113692168166982050e-20
5.530157271456823762e-20
2.535995855231653051e-01
-2.046274405383559647e-01
2.525933733039937429e-02
1.084057131278733620e-02
-6.888116327283316451e-03
1.704639418577776804e-03
4.310718974363177745e-06
-1.775891634646796686e-04
7.330722099809624181e-05
-1.202782968460746234e-05
-2.648550097909380148e-06
2.372189001272656244e-06
-7.165412917373263059e-07
5.091286296427824498e-08
5.433016514238457789e-08
-2.834758281021288749e-08
6.173348908454244582e-09
7.747834721985530478e-10
-8.754453858351100987e-10
3.776250885100168597e-02
-3.232406881955374872e-02
7.971434746314101996e-03
-1.462529326015770976e-03
2.226149829678584970e-04
-2.914802743035040317e-05
3.162763360813154268e-06
-2.237294871440378708e-07
-1.151474764130266636e-08
9.001051789036389972e-09
-2.402345408204071886e-09
4.930152642288138484e-10
-8.723350169113210119e-11
1.372141011051205866e-11
-1.913176809854249795e-12
2.271729350018756343e-13
-1.971581705797412226e-14
8.971620418099809949e-18
4.550087523168455289e-16
1.897979648866060867e-03
-3.494937963452543917e-03
2.740666319093931942e-03
-1.852680483305453379e-03
1.096923369722239017e-03
-5.787752082281649767e-04
2.769513442344788651e-04
-1.222603120616769397e-04
5.061259500528683767e-05
-1.994914261102966291e-05
7.588170254102600599e-06
-2.816590720558123206e-06
1.028622619457320903e-06
-3.715161546435318051e-07
1.330302205622489276e-07
-4.728256160396482208e-08
1.682783290147727662e-08
-6.514619032069817247e-09
2.001350378126596342e-09
8.169770671748403278e-09
-1.536710290960964431e-08
1.276413941844316216e-08
-9.318577254594408288e-09
5.925599338090470354e-09
-3.231601467056540677e-09
1.471352732169467533e-09
-5.309758690459005862e-10
1.336616349564035241e-10
-1.228068893692189046e-11
-6.709558203357382025e-12
3.066081870318493845e-12
-1.307895990201274579e-13
-2.924951884135113936e-13
6.910859362047973396e-14
2.406426300072353033e-14
-1.194906595123989042e-14
-1.808086839218709337e-15
1.739252153009721703e-15
7.324986720341135626e-01
5.414922889372498572e-04
-7.819462275666590685e-07
1.210482933687533497e-09
-1.906065643424956677e-12
3.004350405677949354e-15
-5.166622446293816964e-18
-2.656875942831662600e-20
2.353442429486706741e-19
-7.440889630008671327e-20
8.179829828741319586e-01
8.513955614435361752e-02
-7.030142698766271049e-03
-4.311815942426688864e-03
2.413000387100373671e-03
-5.876631104288295880e-04
2.990229228220479620e-06
6.037900539808711419e-05
-2.621587615015540270e-05
4.731898658140548563e-06
8.201509226187777426e-07
-8.663862778640991380e-07
2.796051711239386082e-07
-2.403868971743431015e-08
-2.042479461351905939e-08
1.128273307528957580e-08
-2.507967000801670207e-09
-3.323538988941747032e-10
3.674928243536210212e-10
9.226449484374473764e-01
2.464255127958553393e-02
-3.744630913182456829e-03
5.318336509918518982e-04
-6.918598541288958838e-05
7.977235580823335866e-06
-7.446483321563524603e-07
3.487485996224180038e-08
7.006728652615401004e-09
-2.901801656475217561e-09
6.997056628827978037e-10
-1.398307435020699577e-10
2.498367668904418357e-11
-4.081721382751589982e-12
6.097516080934093759e-13
-8.158497776177014499e-14
9.171942178897829675e-15
-6.492346938946127422e-16
-3.374280054661163328e-17
9.746569461789975630e-01
1.910737121274397321e-02
-7.199648494266941076e-03
2.710382942768114339e-03
-1.018717353862609500e-03
3.818870818903897309e-04
-1.425886379499221614e-04
5.294124535251792501e-05
-1.951119912410359579e-05
7.124784023738855106e-06
-2.573555094717434116e-06
9.182205432582056429e-07
-3.232233761466371487e-07
1.121444052621161735e-07
-3.831648247812550027e-08
1.288620408748835318e-08
-4.292581505775878521e-09
1.528654650331149478e-09
-4.418938241743071653e-10
9.942589063112416969e-01
5.732841800801767584e-03
8.240027210009375925e-06
1.184369808209173306e-08
1.702352445219545719e-11
2.436782473563239109e-14
1.046279446679694423e-16
-4.448708232436353801e-17
2.637949089750012584e-17
-1.434175604436738171e-17
7.094816476173174945e-18
-3.153308324967792430e-18
1.234581213127648731e-18
-4.116250861241841060e-19
1.089989660518801738e-19
-1.857553009565170013e-20
-4.815694922001717709e-22
1.711921987614328916e-21
-5.592200414293321162e-22
1.110486649021615868e+00
-9.374992551155954821e-05
-1.914753820572775805e-08
2.114485983135520483e-10
-5.599180757888902894e-13
1.184610726166090051e-15
-2.251054431301441181e-18
-8.208179849869831660e-21
7.413951462735802985e-20
-3.045743865503433439e-20
1.083838822387453105e+00
-2.978411008607470545e-02
-8.679692572766365289e-04
2.046651243128235452e-03
-4.357918620734058677e-04
-5.976598756220412691e-05
5.686747429796615289e-05
-1.005640651203120373e-05
-3.495053845308842159e-06
2.537311326535907204e-06
-5.410755802484038788e-07
-1.038821923013397118e-07
1.111610960455822735e-07
-3.368880507918213428e-08
5.480167603398762889e-10
3.880863921575089473e-09
-1.701016675034564941e-09
1.794729264267015302e-10
1.020297613762427848e-10
1.039887860503145856e+00
-1.277203615893387004e-02
1.863811048978163479e-03
-2.353907097333687360e-04
2.325487437229554642e-05
-1.105135156769955556e-06
-2.224695065799050014e-07
8.733207296289731411e-08
-1.934681929142398805e-08
3.415478122217548569e-09
-5.105839381544051467e-10
6.351118654381767526e-11
-5.723927777483355894e-12
6.253480135015845511e-14
1.306077890324833976e-13
-4.096414235789463935e-14
8.933365631504223095e-15
-1.658787975503634884e-15
2.555041350193080662e-16
1.012886117401527564e+00
-9.836160068589712077e-03
3.750349489362548357e-03
-1.427257814809050011e-03
5.413826278362418457e-04
-2.042663986553092158e-04
7.645836239616878407e-05
-2.830013630357247693e-05
1.032036725394554289e-05
-3.693188127155774739e-06
1.291217041549226437e-06
-4.388253923780300959e-07
1.440356244084190041e-07
-4.522579524750508020e-08
1.335984318422776659e-08
-3.581418073051155065e-09
7.793711617515917212e-10
-5.762207448771160115e-11
-3.570884421860306291e-11
1.002882956153918093e+00
-2.882956153917775547e-03
-2.444949641595315169e-16
2.077175405409597389e-16
-1.650468077136044996e-16
1.224248075195568702e-16
-8.455629211478323507e-17
5.419137725551201029e-17
-3.207719826954794581e-17
1.742581450273429204e-17
-8.611714071518089112e-18
3.822299397580189872e-18
-1.493719610147389898e-18
4.966206037315366032e-19
-1.308187813029514339e-19
2.198406012437439392e-20
7.309349932383022235e-22
-2.102465280934328447e-21
6.779798187386226046e-22
8.354185463659147270e-01
