1.469681335758394436e+00
-1.931435387872696210e-02
1.081292275420355821e-04
-6.256823462105936873e-07
4.340970597477749645e-09
-3.691499601064903943e-11
3.478931380171150484e-13
-3.356988487721972069e-15
3.251112664050350706e-17
-3.557997385822805106e-19
4.774896547335115704e-01
-6.760544865889379640e-01
2.907924831559545176e-01
-6.413540420462687797e-02
-1.545301584074812266e-02
2.441919731523096299e-02
-1.409364676844667048e-02
4.873840846034364037e-03
-5.178861386932751346e-04
-6.210454740196322222e-04
5.177609715371538166e-04
-2.191840091938519319e-04
4.149631560145684427e-05
1.555678943372517536e-05
-1.740749424657528813e-05
7.563945155339977127e-06
-1.062945031745755335e-06
-1.297289702986260358e-06
8.550691983105301619e-07
9.146145480321011753e-03
-1.162449116362421209e-02
4.552938093490103109e-03
-1.322723927317706171e-03
3.158667110115938813e-04
-6.623412645773290599e-05
1.275625716407850915e-05
-2.324856663654831000e-06
4.082499621030412278e-07
-6.969790838461877874e-08
1.159923391925132044e-08
-1.878632999517556296e-09
2.946385447144549358e-10
-4.435376742905688800e-11
6.310203279788217152e-12
-8.230134738124912838e-13
9.121461635068196765e-14
-5.985972637630026008e-15
-5.654192085896962360e-16
1.176808105181705087e-04
-2.251917862752205704e-04
1.973702405930504626e-04
-1.587669185198529412e-04
1.175671432180016343e-04
-8.045502571914784143e-05
5.111304666733990418e-05
-3.029766366551313114e-05
1.684631319654371297e-05
-8.835701850078761036e-06
4.396332820402935895e-06
-2.087187351790725655e-06
9.509539317290944563e-07
-4.182025400584192023e-07
1.785758730786284402e-07
-7.463655373767882492e-08
3.117301752045471532e-08
-1.435908918876464401e-08
4.925034321851423060e-09
-2.133505706809864411e-10
4.117020051870313507e-10
-3.696765969041416869e-10
3.086142370870601562e-10
-2.391250653575423253e-10
1.715301296173408577e-10
-1.134994530517592338e-10
6.893036317354955995e-11
-3.815604008368519276e-11
1.906063314500601533e-11
-8.466460839074414232e-12
3.265349968202058071e-12
-1.047200716909748947e-12
2.529253341816715697e-13
-3.098483513384729643e-14
-7.395559698634256029e-15
5.268274707529769494e-15
-1.033143328421145635e-15
-1.106148192901169709e-16
4.592309806891846091e-01
6.498663412980597645e-03
-2.870650414404850802e-05
6.012195865180414198e-08
2.046543111947602693e-10
-2.084723935384791210e-12
1.235635761465736765e-15
1.109279493018666623e-16
-1.331693864309351730e-18
2.735609455959831117e-20
7.887639359319283949e-01
2.213005197408508817e-01
-9.497643317253434692e-02
2.575014770280841664e-02
2.743132185459606128e-03
-8.567554237376307641e-03
5.888994613311260111e-03
-2.311916450184262929e-03
2.634634205384148230e-04
3.717356210839659861e-04
-3.294508715605694955e-04
1.417483690317831307e-04
-1.801490994423772716e-05
-2.305039507705530726e-05
2.101340432711453450e-05
-9.087699689984707430e-06
8.759055815965534170e-07
2.439531820497126938e-06
-1.536401288418815474e-06
9.566056145496667495e-01
1.460644165976472675e-02
-2.473238058044192281e-03
4.242361742126328538e-04
-7.431993011879123626e-05
1.337216933927186656e-05
-2.470008136233437557e-06
4.651744688532350124e-07
-8.841339220523418213e-08
1.679188333772980541e-08
-3.162721441613555803e-09
5.877556393830896926e-10
-1.074158094700179116e-10
1.925704073182411093e-11
-3.378031949517155745e-12
5.779214656119772197e-13
-9.600517722262763246e-14
1.572104897512867221e-14
-2.344003096579658524e-15
9.860949171292882065e-01
1.054856072436392324e-02
-4.001138167700118119e-03
1.517667202892472892e-03
-5.756721134321706118e-04
2.183661238206821174e-04
-8.283568098793299764e-05
3.142609947259324864e-05
-1.192437606133680318e-05
4.525876619065364834e-06
-1.718568147982214235e-06
6.530344272008211192e-07
-2.484054650033545673e-07
9.463592622711834295e-08
-3.614204569545966847e-08
1.387864838511355658e-08
-5.447020159831302680e-09
2.401503869000133133e-09
-8.071165293872498836e-10
9.968688704187377292e-01
3.128674376822632684e-03
2.453279246719132428e-06
1.923683431982329959e-09
1.508412746306916854e-12
1.182877439135977682e-15
8.545317037450616302e-19
5.779985957286832254e-20
-4.295679400389567821e-20
3.105097706679590903e-20
-2.153848313374795474e-20
1.431504606187724261e-20
-9.109547569832231466e-21
5.538308041563212870e-21
-3.217553657518176979e-21
1.793011491397676153e-21
-9.759062810817339651e-22
5.524930071048973574e-22
-2.059698372469209132e-22
9.634822992257572327e-01
3.375872687576979541e-03
-2.697990684153295097e-05
1.480442953103732107e-07
-6.677783658198774346e-10
3.437731648995976692e-12
-2.941170724091943920e-14
3.242246756540153070e-16
-3.455460821014915107e-18
3.813799338746874619e-20
1.032132259533959040e+00
1.669364922811905280e-02
-3.108200706692115442e-02
1.879149470683620995e-02
-5.215529629482224157e-03
-1.550871185006568549e-03
2.787084312569542734e-03
-1.778855309413931518e-03
6.344059555506968316e-04
-2.080983281335957875e-05
-1.451338937331282566e-04
1.115795526309768790e-04
-4.486310729827609289e-05
4.657480810095728633e-06
7.740504047201511478e-06
-6.572839101568843876e-06
2.500308059110501510e-06
2.838424322027952653e-07
-5.618858393816617745e-07
1.022192488435515134e+00
-7.587498607505981964e-03
1.286243970238482070e-03
-2.139434064757627654e-04
3.432586026275861237e-05
-5.174611109839473957e-06
6.995189813988233084e-07
-7.536055144935714079e-08
3.197536123280884707e-09
1.432721330885233514e-09
-6.274394514328099835e-10
1.778205442448557399e-10
-4.288988654716611229e-11
9.457559735780458913e-12
-1.963389863949044030e-12
3.893473737257673951e-13
-7.438662805808213746e-14
1.417574255301212082e-14
-2.452583560584998991e-15
1.007024458816824231e+00
-5.366201974910646266e-03
2.049695218887187705e-03
-7.829038270285019379e-04
2.990342278756170816e-04
-1.142141694116776806e-04
4.362076095462782721e-05
-1.665784699151295033e-05
6.360049475404092413e-06
-2.427505215059726004e-06
9.260402074767390037e-07
-3.529732051039073807e-07
1.343753112624909580e-07
-5.106683310834177371e-08
1.936430736133601904e-08
-7.334140751168854905e-09
2.810216298392541880e-09
-1.192910166179093003e-09
3.902185018692536082e-10
1.001570717081815776e+00
-1.570717081815788422e-03
-6.996108920271226653e-20
6.376978506201961500e-20
-5.599310501601753813e-20
4.734454538977770087e-20
-3.853269183507617484e-20
3.016966937810065882e-20
-2.270887646127236013e-20
1.641890333701667949e-20
-1.139159812653342575e-20
7.575431820238072341e-21
-4.822023022872722140e-21
2.934014993040678142e-21
-1.705483946981562090e-21
9.502161968540208743e-22
-5.171054428390682931e-22
2.946634589478404146e-22
-1.097288539438920848e-22
6.253132832080199321e-02
