5.486886664283208842e-02
-4.872161616290740895e-06
1.642551677035798138e-10
-5.242992130064620365e-15
1.660557632584089802e-19
-1.495036301892123688e-22
-4.392047020908412765e-23
1.825609341720078842e-22
-1.819064929535874741e-23
-4.655314432627767374e-23
5.265990913534662060e-02
-2.828470436768323361e-03
-6.011919667761969101e-04
2.570718356113050839e-05
2.362122460948472298e-06
-1.604412039570136861e-07
-7.507038304378010180e-09
8.538821401935946658e-10
1.684770064540752006e-11
-4.109614444492453402e-12
4.820233012342621149e-15
1.819486428871850415e-14
-3.759648624607731140e-16
-7.395716764054054003e-17
3.143772468094297783e-18
2.704862023810766688e-19
-2.503094016560267357e-20
-2.081841660928889355e-21
3.553541008566784856e-21
4.318478798761164056e-02
-6.302587488849879967e-03
-1.882324137153962881e-04
4.004460706903832694e-05
-1.077912779662177924e-06
-1.181774329703522412e-07
1.026280800012677104e-08
-1.685437317732307901e-11
-4.168622298932961342e-11
2.159213731230236097e-12
6.479115443426818210e-14
-1.228093161309796747e-14
3.507203254980135575e-16
3.368356754037097804e-17
-3.192116028541472148e-18
1.763421779624155941e-20
2.732014984725906614e-20
1.422464928722922886e-21
-8.866023258751475224e-21
1.173772825770348117e-02
-1.663403879869084639e-02
6.860461949054224087e-03
-1.624770416002133122e-03
7.569996655083439973e-05
1.179693515482457768e-04
-6.105095465950190214e-05
1.804338516162532098e-05
-3.241777720853291776e-06
8.526862619773314201e-09
2.679346599788950699e-07
-1.281238811202197119e-07
3.845855931975430448e-08
-7.486571603442689542e-09
2.928983801277928517e-10
5.050129194788121868e-10
-2.683417619134508487e-10
8.820302739723071498e-11
-1.867908532672078918e-11
1.046083354837490018e-04
-1.837283350304164684e-04
1.227367846002337399e-04
-5.918396295756364253e-05
1.753759258495255527e-05
-8.924038244460881267e-07
-1.529686199473652100e-06
3.659531011162681798e-07
1.577095665769819970e-07
-5.924552464566126045e-08
-2.443922372878553609e-08
8.422808755675168524e-09
5.070903650729677794e-09
-8.536670305593668420e-10
-1.122506812747175734e-09
-5.657367141517023192e-11
2.162889637646746702e-10
4.583402699436973359e-11
-2.566423670724222296e-11
9.383517247930410754e-01
3.042788876005059960e-06
-8.792120229355098120e-11
2.566957903312777381e-15
-7.589345171959351119e-20
1.836987390363020032e-23
-1.108139855590540311e-24
-2.032570150761986792e-23
-2.172957280851138964e-24
9.554228507229667843e-24
9.397429004468899061e-01
1.784701843789459176e-03
3.840292963682947385e-04
-1.392258448714570625e-05
-1.307457799550095482e-06
7.982204587792666360e-08
3.902142597153679713e-09
-3.983226405958992068e-10
-8.766441498289479363e-12
1.820935657463432590e-12
2.391379811907885593e-15
-7.742920608040857523e-15
1.384829534965172183e-16
3.053510809508774904e-17
-1.188254034814015041e-18
-1.111770122892339763e-19
8.520303593723975447e-21
7.692159859609864468e-22
-1.629949433161677292e-21
9.458695641359770034e-01
4.154418169306883617e-03
1.577556179464085172e-04
-2.318678848020236825e-05
4.689244479030580664e-07
6.753723487013888738e-08
-4.944763313665162284e-09
-2.693510745234086708e-11
2.036006505094269678e-11
-8.767524127843578298e-13
-3.687061876150167621e-14
5.267777129994262913e-15
-1.149539555045208751e-16
-1.531867897147015304e-17
1.235467425430709048e-18
-7.700861267035315305e-22
-8.341329874776359777e-21
4.778147181505875848e-22
1.778484810773470839e-21
9.723177524303980857e-01
1.723298040190212460e-02
-4.379572719193287368e-03
7.141902267004890739e-04
3.909571491329153446e-05
-8.279182703463413662e-05
3.574216178437746418e-05
-9.512128603065875921e-06
1.367523505909569457e-06
1.608642662298331680e-07
-1.845737301232515744e-07
7.110959296455332431e-08
-1.766817450568806860e-08
2.402164041130082687e-09
3.128487248573081567e-10
-3.389821220496622945e-10
1.321310959037329526e-10
-3.427600629154334663e-11
5.432452678436705900e-12
9.929217307041005025e-01
7.065571081361170062e-03
1.278687676596988557e-05
-1.581780174939037841e-07
1.054770926184257180e-07
-5.060618536828107073e-08
1.880500009508754012e-08
-4.626243438969249786e-09
2.425346675074144313e-10
3.398543563316686927e-10
-1.217766841550324041e-10
-7.197441731883943129e-12
1.574046019779971196e-11
-1.763409027087921701e-12
-1.844173830561694649e-12
4.305257591022155945e-13
2.465227818004924678e-13
-6.194624767425707760e-14
-3.704642822858477553e-14
1.031107441226342791e+00
-1.498055700415199802e-06
4.139047432641535157e-11
-1.138514961755657207e-15
3.129204072902654487e-20
-1.452636820426733716e-23
4.745671977878442695e-24
7.140364852399466872e-24
7.499286988394861942e-25
-2.975542632210698630e-24
1.030421072765076884e+00
-8.809337515620042306e-04
-1.901244419462334455e-04
6.600416986655508572e-06
6.276043000219785620e-07
-3.593885172915461840e-08
-1.824836152054293219e-09
1.689081247374506617e-10
4.201759966475975324e-12
-7.233417945868260222e-13
-4.028506830521645552e-15
2.876449392425225592e-15
-3.309874299086324655e-17
-1.065294127957958460e-17
3.078993632560696154e-19
3.728053592285291855e-20
-2.602117851653333855e-21
-5.951069171604402860e-22
6.580665265107128126e-22
1.027380938293785073e+00
-2.069394985571357606e-03
-8.160695143709407204e-05
1.135871272213630070e-05
-1.982686557708280459e-07
-3.349242790053923787e-08
2.198435170664888501e-09
2.632134377988431124e-11
-9.237719662615818361e-12
3.148474388703397462e-13
1.997878733512282748e-14
-2.065974483537551578e-15
1.900441734980511789e-17
6.856006276056896133e-18
-3.829123541146298407e-19
-7.896979048956849420e-21
3.074436715078840799e-21
-3.432600510853563067e-22
-7.957867345962889990e-22
1.014005862691388149e+00
-8.759729238290376099e-03
2.217270629258405283e-03
-3.513843786792806905e-04
-2.607396454427663235e-05
4.388080979755075260e-05
-1.827000470050250239e-05
4.645069626556456961e-06
-5.785443905042863931e-07
-1.214465459062438385e-07
1.015140849916603078e-07
-3.583455415732211569e-08
8.008050068264571323e-09
-7.535481036016511580e-10
-2.993806867641782974e-10
1.970038105558917449e-10
-6.568436946586657788e-11
1.374810953309426865e-11
-1.256635503014717512e-12
1.003558002500545054e+00
-3.557918646776053045e-03
-1.458647947183170894e-07
1.008334829419632534e-07
-5.889723923121570990e-08
2.823585182314568939e-08
-1.047061351758678376e-08
2.563211917038371380e-09
-1.270055394330810591e-10
-1.915457342576879894e-10
6.771633624361095033e-11
4.333421279402383918e-12
-8.841049989176127394e-12
9.539138427666497871e-13
1.043095610750721375e-12
-2.379862255828738188e-13
-1.400664114751566455e-13
3.454552969966615598e-14
2.099388127490109581e-14
9.679849624060150592e-01
