1.434595383721231077e+00
-1.938000542913093788e-02
1.139197757128580747e-04
-6.957181910140014426e-07
5.010986411190051321e-09
-4.352328290627531562e-11
4.198111771471289599e-13
-4.181445329109880305e-15
4.196705041327091201e-17
-4.485517518070454920e-19
4.648800390281525030e-01
-6.572214491207473142e-01
2.837970579541644334e-01
-6.436734387977191552e-02
-1.349009548824571005e-02
2.318064697644146507e-02
-1.379221178209374954e-02
5.018045457669185160e-03
-7.149048976978841655e-04
-5.130029544560809349e-04
4.913229629078767887e-04
-2.290545085075526815e-04
5.604995511595178072e-05
7.374635058630525812e-06
-1.517968290271529786e-05
7.993441677569778606e-06
-1.859494271866957298e-06
-8.612726117716140641e-07
7.375371243144469214e-07
9.245362760624610196e-03
-1.165072236341085574e-02
4.513788533564154146e-03
-1.297599126176675203e-03
3.070165773430778215e-04
-6.389396895968074079e-05
1.223387319181893997e-05
-2.219888556675049800e-06
3.885254414046951681e-07
-6.615833018158244507e-08
1.098738613105922253e-08
-1.776788845959781125e-09
2.784386492848369159e-10
-4.193127223571458456e-11
5.980887457185801301e-12
-7.856346047809454974e-13
8.879603616932362104e-14
-6.425817395589100452e-15
-3.524102374157886033e-16
1.247527199339975906e-04
-2.385400322420961488e-04
2.085934888358593510e-04
-1.671793239496063908e-04
1.231904221881949041e-04
-8.380383391120977657e-05
5.288211623230994988e-05
-3.111691098903106252e-05
1.716895951779354352e-05
-8.934446777888862951e-06
4.410939427797233726e-06
-2.078386592697509547e-06
9.402320912067630295e-07
-4.107922084351833501e-07
1.743864239525407044e-07
-7.251084765336781805e-08
3.014874966445644162e-08
-1.383196571067701908e-08
4.734227824172511498e-09
-2.102863986960027244e-10
4.055447670416894327e-10
-3.634848148971734516e-10
3.025084758661971737e-10
-2.333536584800186019e-10
1.663982437260169816e-10
-1.092652129667765076e-10
6.572103549442145544e-11
-3.594014872781637728e-11
1.767885314162398461e-11
-7.696570948421494966e-12
2.887921834760862818e-12
-8.883956457608030048e-13
1.981746414214846648e-13
-1.714089391965056305e-14
-8.951896772551999705e-15
4.668636318745666138e-15
-6.556216746884729969e-16
-1.916081133065695665e-16
4.618788372767574368e-01
6.560377483993204938e-03
-3.116175502562469206e-05
8.282830634133405867e-08
1.038882638481238320e-10
-2.055399617134710425e-12
3.378867682885935250e-15
1.110765682790964334e-16
-1.630618175659292466e-18
3.995626048317715196e-20
7.876534125235379324e-01
2.188962198064805520e-01
-9.296641436460942320e-02
2.532673542730419503e-02
2.281175841016276889e-03
-8.059519573360538966e-03
5.667018748551430271e-03
-2.322120584755448924e-03
3.513761166540153098e-04
3.039693969011189752e-04
-3.042694707893274682e-04
1.436728221319196874e-04
-2.753212554405670093e-05
-1.617670906310984154e-05
1.854590397052940869e-05
-9.190851780988468345e-06
1.625117352069453697e-06
1.876540811723482893e-06
-1.336079602353153151e-06
9.551144904087447429e-01
1.509400396164948741e-02
-2.552085955554446711e-03
4.365892010539719503e-04
-7.610849660748894715e-05
1.358512139420188359e-05
-2.481705433448034698e-06
4.611995667947354799e-07
-8.641714721567593894e-08
1.618332171039010486e-08
-3.008149003080073072e-09
5.523577458866130516e-10
-9.986333684762434724e-11
1.773054652753129973e-11
-3.083172404805309728e-12
5.232777419637173793e-13
-8.628463054078768898e-14
1.402632087682257018e-14
-2.077815847970846488e-15
9.856095662798650681e-01
1.091409277797308376e-02
-4.138778191582440091e-03
1.569493015497116974e-03
-5.951855566035774928e-04
2.257132200723393925e-04
-8.560200917808820549e-05
3.246773259009837258e-05
-1.231663130138920814e-05
4.673610995321850281e-06
-1.774216310355538450e-06
6.739963210504270696e-07
-2.562993905030926212e-07
9.760611641886268062e-08
-3.725769232408674640e-08
1.429695847956728122e-08
-5.605216627102164926e-09
2.467320004388010462e-09
-8.283159083940700640e-10
9.967587909004547164e-01
3.238578662914299612e-03
2.628301873095679374e-06
2.133025458230913855e-09
1.731078684308495445e-12
1.404957107641521631e-15
1.073452563867251619e-18
5.288523989528923498e-20
-3.891742848142549138e-20
2.796119236099420874e-20
-1.925936336495816881e-20
1.270016473318340479e-20
-8.006887183229515985e-21
4.822058312312549429e-21
-2.770721884774134939e-21
1.518621934959187749e-21
-8.101099030752281728e-22
4.529308560740758261e-22
-1.681725356858149135e-22
9.785171411971202993e-01
3.242484305749183254e-03
-2.777969250435650102e-05
1.662102953897894634e-07
-8.356487113196477047e-10
4.586326259278493982e-12
-3.746747714547350202e-14
4.023409314688451278e-16
-4.410819964454575416e-18
5.606831622462929592e-20
1.037386756537798993e+00
1.024475852148430330e-02
-2.792661683810390358e-02
1.788080616504457432e-02
-5.392411143134026932e-03
-1.134663191861772944e-03
2.513487152712423449e-03
-1.693374373253627102e-03
6.523197901348913802e-04
-6.104989203607333532e-05
-1.194216479996711004e-04
1.039424630004750924e-04
-4.676108047518233977e-05
8.446310932805248156e-06
5.349908980777550179e-06
-5.819178769166562756e-06
2.618193572960621503e-06
-9.672915015825906045e-08
-3.595885348933714018e-07
1.022969963663577175e+00
-7.853178795250985444e-03
1.331359273011154540e-03
-2.215607007875943630e-04
3.561884912303698973e-05
-5.401083424413351927e-06
7.418122252652484943e-07
-8.391986337473215934e-08
5.046368465213978290e-09
1.020673745589791344e-09
-5.355421893440938837e-10
1.576878985747709612e-10
-3.859438940388434964e-11
8.567668630701368219e-12
-1.784498070942762519e-12
3.544548583659698562e-13
-6.778104990463128842e-14
1.292667594965397286e-14
-2.238292263444611943e-15
1.007270609452922239e+00
-5.554242590074183993e-03
2.121518610094895365e-03
-8.103364356385251875e-04
3.095113400925915653e-04
-1.182151295597286061e-04
4.514829684269424639e-05
-1.724082495299367727e-05
6.582399681700396166e-06
-2.512226267209019304e-06
9.582734439951801873e-07
-3.652113120405979390e-07
1.390089816674466180e-07
-5.281524511498790108e-08
2.002152956557792220e-08
-7.580623237374234453e-09
2.903724035626987459e-09
-1.232260163099317472e-09
4.030378085848904281e-10
1.001625758332209015e+00
-1.625758332208993538e-03
-6.978363417911642003e-20
6.350531011410121412e-20
-5.563390265028141748e-20
4.690173932782131055e-20
-3.803261600669696699e-20
2.964734310856228529e-20
-2.220051136265809557e-20
1.595534650345463667e-20
-1.099404762329504015e-20
7.253919983136806462e-21
-4.576359636233645291e-21
2.756349506198301234e-21
-1.583479248548793733e-21
8.699801146928539516e-22
-4.653662995073380769e-22
2.600472760682457849e-22
-9.576947205162152176e-23
2.001002506265664449e-01
