1.469065780720693715e+00
-1.931665762911677353e-02
1.082428725825726424e-04
-6.269874828926167693e-07
4.353164218832443737e-09
-3.703423352227082160e-11
3.491822347801331720e-13
-3.371569489690479548e-15
3.258791839041193913e-17
-2.924300349137087681e-19
4.772609593553139296e-01
-6.757180720922417727e-01
2.906737041991386272e-01
-6.414562246610598650e-02
-1.541505539979191181e-02
2.439684494115113012e-02
-1.408908690933085607e-02
4.877180098887340214e-03
-5.217680563760887296e-04
-6.190568193625578270e-04
5.173482889762534565e-04
-2.194219631111280931e-04
4.178537689697592322e-05
1.540659231154373985e-05
-1.737307132148482492e-05
7.576731457106940340e-06
-1.079148550073391705e-06
-1.290034044309722226e-06
8.536471384097903759e-07
9.147538409331272199e-03
-1.162452958280072411e-02
4.552084811660341013e-03
-1.322231711960615130e-03
3.156980505295193151e-04
-6.619001658532869302e-05
1.274646564262558078e-05
-2.322896652187700337e-06
4.078829609721142636e-07
-6.963231356378189536e-08
1.158795184303782391e-08
-1.876767509982227399e-09
2.943446167038903928e-10
-4.431046679017561917e-11
6.304475368624210147e-12
-8.224046376482359364e-13
9.118784522528008637e-14
-5.998036263844908663e-15
-5.607112466095751919e-16
1.177979834389346141e-04
-2.254129646713052420e-04
1.975562314803822972e-04
-1.589063245947714169e-04
1.176602758076767004e-04
-8.051038821141826625e-05
5.114216688860218692e-05
-3.031102117684617716e-05
1.685145965547391262e-05
-8.837180634624803387e-06
4.396465309114698859e-06
-2.086972786723050459e-06
9.507367587742622234e-07
-4.180586708509862276e-07
1.784958944904831879e-07
-7.459629734733353009e-08
3.115370105581023614e-08
-1.434917150438424093e-08
4.921447597660839374e-09
-2.132895600938511875e-10
4.115799266427887784e-10
-3.695551708802335003e-10
3.084961494103376134e-10
-2.390149364456852661e-10
1.714332907574426134e-10
-1.134202068925585871e-10
6.887061433790463348e-11
-3.811488916972413270e-11
1.903496903680975723e-11
-8.452121572373861334e-12
3.258279404323611451e-12
-1.044196307132492482e-12
2.518720968564222776e-13
-3.070942682212304707e-14
-7.431197284494913891e-15
5.258601408073220293e-15
-1.025966184533282950e-15
-1.123360213844467904e-16
4.592703239487100908e-01
6.500110214874605004e-03
-2.875229669095064164e-05
6.051231417432387411e-08
2.031601023754602723e-10
-2.086226579691495935e-12
1.276668094524059354e-15
1.109667668790772739e-16
-1.301136595698985784e-18
8.920041376712308814e-21
7.887417047936288172e-01
2.212592028740120176e-01
-9.494189215037164564e-02
2.574408489844358383e-02
2.733822668447871175e-03
-8.558150892752185157e-03
5.885207664483658140e-03
-2.312406017654871412e-03
2.652368707105399841e-04
3.704660052856478553e-04
-3.290251094441806485e-04
1.418234527698329249e-04
-1.820963977886663857e-05
-2.292170967725976099e-05
2.097305728448677591e-05
-9.094437684459953736e-06
8.916423568358156689e-07
2.429668327077342781e-06
-1.533375964903080331e-06
9.565780185751791009e-01
1.461547077335144731e-02
-2.474698957332233020e-03
4.244650874194006124e-04
-7.435305011524688393e-05
1.337609731465719924e-05
-2.470216361601420109e-06
4.650976704852947893e-07
-8.837541874818231284e-08
1.678033552589060572e-08
-3.159789647813769288e-09
5.870842612205263523e-10
-1.072725820913031742e-10
1.922810545177143752e-11
-3.372448424498389814e-12
5.768885559183078982e-13
-9.582196657599402384e-14
1.568926948803734989e-14
-2.339046721514067651e-15
9.860859387228936290e-01
1.055532422867468817e-02
-4.003685551389029804e-03
1.518626601950740038e-03
-5.760334320540916059e-04
2.185021975497177167e-04
-8.288692720529465855e-05
3.144539993872378888e-05
-1.193164564061034462e-05
4.528615032431053836e-06
-1.719599796138737558e-06
6.534230777162917463e-07
-2.485518360024327069e-07
9.469100312208919322e-08
-3.616273445026842658e-08
1.388640626862018866e-08
-5.449954552695672828e-09
2.402725112159487717e-09
-8.075100023170346763e-10
9.968668345566751299e-01
3.130707052006507542e-03
2.456462378550923581e-06
1.927426398374410104e-09
1.512326137445611937e-12
1.186713591398168839e-15
8.582496083323550792e-19
5.772522589349727466e-20
-4.288624750735135066e-20
3.098711502743156230e-20
-2.148754463481070239e-20
1.428700923894385754e-20
-9.090269656215592313e-21
5.522604513162505322e-21
-3.209381136119807501e-21
1.787897043278462723e-21
-9.699080202198899668e-22
5.517641085587214051e-22
-2.062074347667500874e-22
9.637542297448412620e-01
3.373771426507106343e-03
-2.699788051075022483e-05
1.483857719357914445e-07
-6.707246048587692250e-10
3.456941728942133779e-12
-2.954652136631862369e-14
3.255704366083909510e-16
-3.460094405788692661e-18
3.828207768577735799e-20
1.032228876580841170e+00
1.657579710477313437e-02
-3.102536275195925258e-02
1.877615048050410712e-02
-5.219670745766690628e-03
-1.542940660957688561e-03
2.782161580647449402e-03
-1.777498150702734548e-03
6.348911029213535721e-04
-2.161041470274936241e-05
-1.446628558495733317e-04
1.114609934651192860e-04
-4.491542511009552171e-05
4.734151156707368843e-06
7.696538087082351626e-06
-6.561144155808292133e-06
2.504028918987466936e-06
2.764631701438566744e-07
-5.582208675475238972e-07
1.022206877255737778e+00
-7.592418999271753101e-03
1.287081175900604228e-03
-2.140853731835397962e-04
3.435013775543269984e-05
-5.178906552692318704e-06
7.003294624941218899e-07
-7.552576482619814864e-08
3.233321066895671984e-09
1.424750821184330938e-09
-6.256658527655015599e-10
1.774330877485710086e-10
-4.280746179823999923e-11
9.440534427640400191e-12
-1.959977772683857352e-12
3.886840550863543683e-13
-7.426153391618701759e-14
1.415220619977625416e-14
-2.448567224635903985e-15
1.007029013490350122e+00
-5.369681408612727268e-03
2.051024216572666301e-03
-7.834114351765322044e-04
2.992280975016321093e-04
-1.142882059151681639e-04
4.364902920652659644e-05
-1.666863662770528193e-05
6.364165463062366782e-06
-2.429074000421535141e-06
9.266373678539624931e-07
-3.532001013644741036e-07
1.344613142002064044e-07
-5.109933427728771036e-08
1.937655001213220599e-08
-7.338745065056229209e-09
2.811969695735582918e-09
-1.193651867492717299e-09
3.904609895616219127e-10
1.001571735542295727e+00
-1.571735542295852857e-03
-6.995372308063607130e-20
6.376126490972224452e-20
-5.598338742342923841e-20
4.733387312271582699e-20
-3.852153221673474453e-20
3.015860717293518523e-20
-2.269849317108462226e-20
1.640967346042491592e-20
-1.138382388376822137e-20
7.569223628061622513e-21
-4.817320274056315562e-21
2.930632608554619667e-21
-1.703167949426649671e-21
9.486939611421730185e-22
-5.161223948691549262e-22
2.940039806770503347e-22
-1.094624976092714709e-22
6.753383458646622373e-02
