6.267504875545453213e-01
-3.385920109197662359e-03
8.966344542933251614e-06
-2.439307842379246790e-08
6.794601384656928759e-11
-1.934589540341502199e-13
5.631212222835988327e-16
-1.784631552711129241e-18
1.532298392660630977e-19
-6.360331402535829171e-20
2.888867200357396747e-01
-2.920024062727140657e-01
6.635082532958413992e-02
5.653499463976567434e-03
-1.185721627912945941e-02
5.475830461896909716e-03
-1.286820215270497759e-03
-6.677555460838425258e-05
2.138833594574534116e-04
-1.056791504526224902e-04
2.712369925832030856e-05
1.191145222217759810e-07
-3.857597833406255001e-06
2.071231440299045704e-06
-5.824179743813950135e-07
2.690990533436665322e-08
6.564168820335267184e-08
-4.146215578647575349e-08
1.265085568354714328e-08
2.672299817221310270e-02
-2.556097568940299616e-02
7.170995313303952547e-03
-1.511642460848585529e-03
2.695188081235916485e-04
-4.325752247931681949e-05
6.415353449363414014e-06
-8.774988645655981751e-07
1.072256481189624195e-07
-1.059767127994363569e-08
4.993025445750381183e-10
1.240277747013421993e-10
-5.242532434147406596e-11
1.324653686997395329e-11
-2.785487962781446299e-12
5.264617311197971572e-13
-9.200969406956658451e-14
1.536013390238014310e-14
-2.291139445939828858e-15
1.028895485279279591e-03
-1.916008686261047849e-03
1.551337275845935792e-03
-1.101204345388374093e-03
6.931618634342261078e-04
-3.919925528419126808e-04
2.019020641670502599e-04
-9.602763528565183700e-05
4.274657119141593657e-05
-1.804176813287414628e-05
7.307591255194727227e-06
-2.871296019926377488e-06
1.104457182481086629e-06
-4.188825463194072045e-07
1.574725025012491802e-07
-5.897532394247805317e-08
2.233583213538453672e-08
-9.376562321541268397e-09
3.050232359325851822e-09
6.290418324251990665e-10
-1.190973308570351833e-09
1.009265121914637891e-09
-7.630050466129930822e-10
5.113578479998246674e-10
-3.006766711473270580e-10
1.525283383144999876e-10
-6.486006929645949322e-11
2.186118368713752976e-11
-5.061815666476877442e-12
3.350958175417766142e-13
2.948993766260296613e-13
-1.198000413005089670e-13
4.308084343535088051e-15
1.123145934886149760e-14
-2.789962820480329481e-15
-7.936178773655252022e-16
3.893041921934163284e-16
4.653225520571575307e-17
6.773202143400641750e-01
1.240873374515138062e-03
-3.263127908000944606e-06
8.889826068901539061e-09
-2.408935959536038234e-11
6.434183226416502318e-14
-1.692617941461043027e-16
4.197075384472743512e-19
1.511969720524665121e-22
1.697380814422647528e-20
8.084446944443151040e-01
1.172923035987242790e-01
-2.144253158189503294e-02
-2.472729451541040135e-03
4.104929925618173471e-03
-1.918859726993759436e-03
4.832988241315382474e-04
8.026981646808220301e-06
-7.482900032713970758e-05
4.020244590995576851e-05
-1.115637051686269439e-05
2.105109399425317185e-07
1.525067152872309128e-06
-8.612232752362471771e-07
2.436422068061627456e-07
-6.192066030785178032e-09
-3.139054529712016271e-08
1.813298635949210839e-08
-5.031336689178613434e-09
9.312961038966237615e-01
2.253137128151621801e-02
-3.635811381084528594e-03
5.723126139729340766e-04
-8.726688383098540978e-05
1.282136677490908376e-05
-1.803832488821153231e-06
2.401699572173213528e-07
-2.946635501576174256e-08
3.108487788280715193e-09
-2.154030455551101499e-10
-1.409112684569963275e-11
1.042555096715564703e-11
-3.002117915104277328e-12
6.895219241589708520e-13
-1.413632360692099994e-13
2.688580726390187036e-14
-4.951635435896636035e-15
8.161374614673284662e-16
9.777231042644126680e-01
1.682708503852404711e-02
-6.354743273014152455e-03
2.399478023135137930e-03
-9.057399012986432725e-04
3.417116742069244693e-04
-1.288076095647272957e-04
4.849022414162836519e-05
-1.822035056768185306e-05
6.829270099041446217e-06
-2.551640341519562350e-06
9.497689343961914670e-07
-3.519932609264030952e-07
1.298371312557047664e-07
-4.766329007202168404e-08
1.743972404582932710e-08
-6.440737600814408418e-09
2.626311216984310271e-09
-8.380560353766591907e-10
9.949623196580980045e-01
5.031327771182319761e-03
6.344560057719688794e-06
8.000560518845542243e-09
1.008879585436705523e-11
1.272176975088528977e-14
1.626863508805210237e-17
-1.327097992747210926e-19
9.687186628894805854e-20
-5.706836724438699225e-20
3.116485134609994842e-20
-1.565751227297821251e-20
7.155673819008560708e-21
-2.950183803078021920e-21
1.073053855531159646e-21
-3.235756461199903778e-22
7.146984862731707767e-23
-9.266929797245385062e-24
-9.922087997230298809e-25
1.113840139239461680e+00
-5.642666817403203865e-05
-5.588657842444050376e-07
2.940737154926382335e-09
-1.115947643127740983e-11
3.772893605247651325e-14
-1.204218984687925795e-16
3.744681379516201949e-19
-5.721044937463440212e-21
2.202452674913308560e-21
1.082446663068400428e+00
-3.513517514122448115e-02
-1.139767580931506268e-04
3.057765943227277582e-03
-9.446938982024418157e-04
-7.723710734911666250e-05
1.804517291673510759e-04
-7.186706003258240202e-05
5.225172229953951714e-06
9.684269830872090518e-06
-6.157727806941016122e-06
1.751106130056059240e-06
5.583308358574398014e-08
-3.183002168696651125e-07
1.676607740123531904e-07
-4.225425701427612647e-08
-3.089837680295526980e-09
9.612867874789029509e-09
-4.285620290035174390e-09
1.035412341066985320e+00
-1.176555212188663303e-02
1.861883504382979768e-03
-2.727455158222098883e-04
3.566676313917673663e-05
-3.875775403934678882e-06
2.675836093778758836e-07
1.736611352490955442e-08
-1.210540351483686017e-08
3.251511241630265264e-09
-6.844320410379405169e-10
1.260659057305352002e-10
-2.098763617433299822e-11
3.169751983171105194e-12
-4.253814096295695860e-13
4.723940264314592949e-14
-3.165540518964306949e-15
-3.734409183624134503e-16
1.926415353822344463e-16
1.011305709975729883e+00
-8.634900670365432476e-03
3.296599816376420342e-03
-1.257869364008502595e-03
4.794716623945327562e-04
-1.824453147929616279e-04
6.922953882933153321e-05
-2.616001695551224405e-05
9.827279748487185117e-06
-3.662927326879682605e-06
1.351768433583975292e-06
-4.928304033310439074e-07
1.771060568948042977e-07
-6.258704622353903373e-08
2.169252183111944209e-08
-7.353338437679606431e-09
2.443298200623759400e-09
-8.524212938880108852e-10
2.406123353188549333e-10
1.002528394803671619e+00
-2.528394803671524509e-03
-1.203519709552473821e-18
1.041387810515412181e-18
-8.493972154276715088e-19
6.522152134552653854e-19
-4.706430130705652950e-19
3.184256788219172155e-19
-2.013858966333270382e-19
1.185881446113062665e-19
-6.468194800162291821e-20
3.244934635784100001e-20
-1.482709691026150280e-20
6.082487609386898241e-21
-2.189469023770200920e-21
6.633427974114699067e-22
-1.528968425741367765e-22
1.566863645870410756e-23
3.750892141074143716e-24
7.828922305764410838e-01
