9.683025588226283897e-01
-1.077285774374428864e-02
5.883912497295291547e-05
-3.342939759150372828e-07
2.002950645966196870e-09
-1.276843668228014720e-11
8.661010211570148764e-14
-6.196180031558178997e-16
4.568503646578428746e-18
-2.512956067094883670e-20
3.513791783225383436e-01
-4.479450876780562973e-01
1.654049752698352749e-01
-2.720767158451444304e-02
-1.214926591145147269e-02
1.334439681164739308e-02
-6.903826261869395152e-03
2.262270569471555668e-03
-2.686453757522017332e-04
-2.377358320229539109e-04
2.140644834519785122e-04
-1.031976977247380607e-04
3.129139619526088002e-05
-2.439088742681370774e-06
-4.071299304481931575e-06
3.212348909737906730e-06
-1.409248429299330235e-06
3.292929891902131026e-07
-6.333107980176379266e-09
1.461313523643689542e-02
-1.617911503176680879e-02
5.359724242274301921e-03
-1.326937291993463735e-03
2.753656095737163907e-04
-5.133339826679429746e-05
8.964265948960901723e-06
-1.499822354583418727e-06
2.426348755520048056e-07
-3.797950851055810400e-08
5.723972701347375544e-09
-8.221117385112484645e-10
1.103785566090520554e-10
-1.329912302499303411e-11
1.282696574202014682e-12
-4.896268062008225666e-14
-2.005000191743437826e-14
8.473762258504988923e-15
-2.072776247242375397e-15
3.538222161552223035e-04
-6.684847277450919499e-04
5.643723409818276766e-04
-4.276303440589845602e-04
2.926422048703609859e-04
-1.822743009596237149e-04
1.042199020240365591e-04
-5.519828019673955153e-05
2.732996202174532826e-05
-1.276680915780278603e-05
5.677751176821850665e-06
-2.424933181476666780e-06
1.002765709554431739e-06
-4.044916851469096744e-07
1.602375309273860902e-07
-6.281697924450916528e-08
2.483532008984314339e-08
-1.090149974883232451e-08
3.644125299733929559e-09
-2.137137764602333795e-10
4.085274700933238450e-10
-3.564717851871032406e-10
2.834193462884562449e-10
-2.046099373130868933e-10
1.334033055257391057e-10
-7.791571067882474158e-11
4.026983175388519794e-11
-1.806478912764066557e-11
6.803080670338756180e-12
-2.009785954665255586e-12
3.829117217239624601e-13
2.519463080297679383e-15
-3.215321251626672803e-14
1.023052249074448588e-14
-1.044007033294815863e-17
-1.011610811321161107e-15
2.042490630887652637e-16
5.969685082688571556e-17
5.639896960816224158e-01
3.910365806231639457e-03
-2.074905206320484937e-05
1.046956865344371445e-07
-4.947082408715516747e-10
2.204614607982455746e-12
-9.514223245982467506e-15
4.247528834495839418e-17
-2.509964745121528163e-19
3.110184420653975529e-20
7.936661203873399684e-01
1.716625991163122644e-01
-5.619099687671925969e-02
9.732595866309121796e-03
3.723414992363032004e-03
-4.645332808107748533e-03
2.610558275055035841e-03
-9.319087964929533615e-04
1.329009234128856033e-04
9.577595620000777443e-05
-9.446829429798926224e-05
4.663149406971280980e-05
-1.329331372936487765e-05
-2.267883205101176268e-07
2.832808289171060110e-06
-1.880279396142366577e-06
6.729790308051341550e-07
-1.238904101380593969e-08
-8.347024745808395601e-08
9.427278142909679692e-01
1.910253558399752083e-02
-3.189106860953242438e-03
5.331500489097025985e-04
-8.921657204881610693e-05
1.492228310106985126e-05
-2.489101531921812155e-06
4.129569573974799905e-07
-6.794827767862485710e-08
1.105382189706794952e-08
-1.771315693771737492e-09
2.782289030974477425e-10
-4.253874925860051615e-11
6.262234609908470507e-12
-8.713071394923991177e-13
1.104128456640999328e-13
-1.155731858417615240e-14
5.551723642733123532e-16
1.365145204909731713e-16
9.815566832083598703e-01
1.395935751537226953e-02
-5.282785138354325304e-03
1.999234403349213745e-03
-7.566079608743362219e-04
2.863452581511026778e-04
-1.083751700411090331e-04
4.102073500686126591e-05
-1.552848462875445584e-05
5.879356071396575301e-06
-2.226548940478657745e-06
8.434602235902050123e-07
-3.196350601306509633e-07
1.211821013728761872e-07
-4.597888217063442964e-08
1.749633994429226019e-08
-6.776599073921888423e-09
2.931258909132861986e-09
-9.722959221580843000e-10
9.958374726726779702e-01
4.158191047136016762e-03
4.331762900198726069e-06
4.512580016396189375e-09
4.700944803140134221e-12
4.897192992940406114e-15
5.085770551107286747e-18
1.679240182430574919e-20
-7.955106755244701596e-21
5.213912041657820846e-21
-3.214905098398853658e-21
1.884397126486083965e-21
-1.037074367918818823e-21
5.244516534885872401e-22
-2.465570641296773521e-22
1.098742287242768866e-22
-4.553455704342369302e-23
1.501823118559878959e-23
-4.093236041846345599e-24
1.094611593137180705e+00
6.970229426768138285e-04
-8.873929857326006104e-06
6.764101564592755743e-08
-4.436045843189926469e-10
2.732465252901813054e-12
-1.657413064143093379e-14
1.026535158099550555e-16
-6.757562445631884344e-19
1.213460488655097579e-20
1.073587072499853523e+00
-3.323978007039379845e-02
-3.202191833926262311e-03
6.716385520478524059e-03
-2.819718843619787446e-03
1.051604130813462720e-04
6.475902348210793276e-04
-4.942907932706901153e-04
2.039159400695288280e-04
-3.241068097546077713e-05
-2.337905661268572830e-05
2.428178599694793722e-05
-1.233125486617472380e-05
3.538415399492708407e-06
1.331819492449491249e-07
-8.371265144413535445e-07
5.411862798856596539e-07
-1.923556772904441284e-07
3.240430358258886159e-08
1.029452638238405715e+00
-1.001557825682288828e-02
1.674727999223663650e-03
-2.715960510089320294e-04
4.201663077203457208e-05
-6.075424558058632289e-06
7.948377534327479059e-07
-8.725187924612400843e-08
5.919243369153778767e-09
5.565822061358119923e-10
-3.552205120928175493e-10
1.018480300678137685e-10
-2.358388044440371293e-11
4.898708187660982755e-12
-9.475765047711239402e-13
1.735297008513486068e-13
-3.032005023628630246e-14
5.189349952953566043e-15
-8.053821014896120627e-16
1.009336940769904212e+00
-7.132631212880007412e-03
2.724277756505859467e-03
-1.040459719482053885e-03
3.973234785430597698e-04
-1.516912859793060405e-04
5.788904544843123353e-05
-2.207656296710380528e-05
8.409936945297260516e-06
-3.198494693055818703e-06
1.213642561724488065e-06
-4.590580309263757244e-07
1.729277851763201644e-07
-6.481003609337595345e-08
2.414404871051209079e-08
-8.944741831375065297e-09
3.333154381566713874e-09
-1.365190598535960319e-09
4.359557446262107092e-10
1.002087832008425883e+00
-2.087832008425858938e-03
-1.017715354675225377e-19
9.042377004474005500e-20
-7.657901800482814631e-20
6.177412558734320991e-20
-4.742086310313124863e-20
3.460014844705548823e-20
-2.395937683963044490e-20
1.571600818981482835e-20
-9.742184776426684071e-21
5.690340631333255448e-21
-3.120091979125172413e-21
1.598274780936155543e-21
-7.600077797757239383e-22
3.326855045649933756e-22
-1.331963876555236465e-22
5.094603820652703424e-23
-1.431329337404318681e-23
6.378195488721805084e-01
