5.220974518562390143e-01
-2.012209250793737820e-03
3.768510255324149807e-06
-7.230546330935045797e-09
1.414876128153442868e-11
-2.814312538338709368e-14
5.683686508142516266e-17
-3.146746732192466817e-19
2.580753669951322655e-19
-1.304162644071522342e-19
2.668971523746401231e-01
-2.364303641347737239e-01
3.853538106958355469e-02
1.010756040696939549e-02
-8.873955587448965551e-03
2.863703763391032674e-03
-2.862502372945924418e-04
-2.008560499673795884e-04
1.261436311972849791e-04
-3.485093642264567681e-05
1.328632794468643031e-06
3.496679760172998192e-06
-1.787179604533669441e-06
4.198711537652013198e-07
1.594530910046266770e-08
-5.738679206996101334e-08
2.461158980171755176e-08
-3.696997218172852300e-09
-8.451696758758976093e-10
3.333384442691782884e-02
-2.982755914529522726e-02
7.750978937737844354e-03
-1.507831093323444517e-03
2.462805173335937494e-04
-3.554625293787184797e-05
4.546718810327251461e-06
-4.855982691158192897e-07
3.273253616616765822e-08
2.392497618789995140e-09
-1.571436092551677715e-09
4.197808543761877956e-10
-8.816444194921898258e-11
1.620259724494433801e-11
-2.692729356228476956e-12
4.072832830344348041e-13
-5.528787036384847563e-14
6.423471896516166879e-15
-5.396710844277845105e-16
1.516804956627797662e-03
-2.805587197155060952e-03
2.228224613697100953e-03
-1.535643670040642275e-03
9.313943897263499269e-04
-5.049921890853905802e-04
2.487167708668687732e-04
-1.130497318309095880e-04
4.815221084105951867e-05
-1.949835996442561244e-05
7.604711256951862139e-06
-2.888791410123913034e-06
1.078230702726660347e-06
-3.978783995659165582e-07
1.457088032117262859e-07
-5.311768660811134196e-08
1.950688149214771426e-08
-7.878767255101307241e-09
2.496312250272638657e-09
3.480121827865552513e-09
-6.562462426709604533e-09
5.493028917895351997e-09
-4.064587690916950978e-09
2.637802295085374260e-09
-1.481530856118342330e-09
7.041282017830327598e-10
-2.717284839266158242e-10
7.769530810358919138e-11
-1.188800313716886606e-11
-1.867035171534509992e-12
1.605649886951714221e-12
-2.650455371486617146e-13
-9.926531967342464832e-14
4.912435048107378081e-14
2.893830551546773839e-15
-6.505478824656382020e-15
2.687623929297577798e-16
8.247525860368934357e-16
7.130144771224605771e-01
7.439440732515836905e-04
-1.359819271332850503e-06
2.633828428402840412e-09
-5.148214242263549733e-12
1.001653177717486896e-14
-1.908299556643295427e-17
-2.666153417824876509e-20
-9.852527984205674209e-20
8.358334884261143987e-20
8.142053605987176201e-01
9.694081682835971325e-02
-1.166333412924296271e-02
-4.071647640309455050e-03
3.100005730712812168e-03
-9.961953261171817200e-04
1.110390420313782747e-04
6.599291735322387528e-05
-4.494173184773864275e-05
1.335364089045990440e-05
-8.268963456473806665e-07
-1.253897189894545823e-06
6.947716668290239964e-07
-1.725414615988534197e-07
-4.737029617168241152e-09
2.349509917374745603e-08
-1.020924245104242392e-08
1.399711534167497547e-09
4.420466887994235740e-10
9.259552566912713223e-01
2.391208840233558647e-02
-3.737525750972806732e-03
5.570581095367893934e-04
-7.818112631834765714e-05
1.018342520385509568e-05
-1.196169826153468077e-06
1.168900196816016812e-07
-6.515990571877497549e-09
-8.808258462739275709e-10
4.342846238890886820e-10
-1.123179527432861454e-10
2.382968695824935458e-11
-4.530499171384593128e-12
7.946466723129163522e-13
-1.296566936246592258e-13
1.959215657346156570e-14
-2.721061333250082712e-15
3.200251003879776595e-16
9.758573870317506227e-01
1.821657981439827462e-02
-6.870837722074444806e-03
2.590219927077895296e-03
-9.755988498370651331e-04
3.668996555189258822e-04
-1.376570434805915639e-04
5.147130841608158928e-05
-1.915673100605311144e-05
7.087884486041830072e-06
-2.603908668056073012e-06
9.488407049705279994e-07
-3.426596609685515860e-07
1.225712781525045454e-07
-4.341700314227555032e-08
1.524273515252773526e-08
-5.358172001944069791e-09
2.053225419902200182e-09
-6.276257798839356535e-10
9.945347768359462659e-01
5.457745777566427869e-03
7.467156107642125906e-06
1.021638282027876440e-08
1.397782856159234013e-11
1.910904764322263682e-14
3.674402421674417612e-17
-6.892148453548919292e-18
4.211198419614441609e-18
-2.363370262007396243e-18
1.215866003623588131e-18
-5.676918698265386627e-19
2.370359359586162037e-19
-8.640923869025311116e-20
2.631759124324436223e-20
-6.061818364006273090e-21
7.056398013283914618e-22
2.083652376800737014e-22
-1.259259952366371034e-22
1.112630403134373225e+00
-9.393434152643183560e-05
-1.083425716455979890e-07
6.135866771881717103e-10
-1.829461879057640421e-12
4.622908433243187338e-15
-1.084449302601319054e-17
1.749934678848997078e-20
1.221134995382597068e-20
-7.707070471385217894e-21
1.083686075315437813e+00
-3.217396746830843146e-02
-5.187370707352492727e-04
2.385191622393807980e-03
-5.932621725663233181e-04
-6.947132372374416743e-05
9.070228725473109650e-05
-2.315122180132481356e-05
-3.531200799579327551e-06
4.853065450463542160e-06
-1.671799392638126610e-06
7.706708249727131577e-08
2.001421457666764036e-07
-1.052108475875116235e-07
2.227710810761864904e-08
3.742990750779970466e-09
-4.683798516270991135e-09
1.583711762776772407e-09
-1.756687944696707359e-10
1.038180496958899246e+00
-1.243474763926722022e-02
1.882576743194626021e-03
-2.544788551963506778e-04
2.880808294695500859e-05
-2.243333633510107495e-06
-3.952767712271763172e-08
6.500167799571798234e-08
-1.791712218099450979e-08
3.650470442493782461e-09
-6.311612398098553333e-10
9.542369244036202340e-11
-1.239168243243628560e-11
1.253448395166976098e-12
-5.313658118144725201e-14
-1.746895221852616446e-14
6.881031724056950904e-15
-1.728919892388004153e-15
3.326216477626730981e-16
1.012266865663498772e+00
-9.366361871282171542e-03
3.573631087509449196e-03
-1.361845545249282556e-03
5.178637124580150273e-04
-1.962298850839515720e-04
7.395249085270066134e-05
-2.765339946973944355e-05
1.023185524959699730e-05
-3.734680969033442452e-06
1.340431851567555628e-06
-4.714468005551424707e-07
1.618591675895031318e-07
-5.398396604685287105e-08
1.736995692595820200e-08
-5.328438686690141016e-09
1.523504642965326021e-09
-4.008080521096573918e-10
8.123499062697979352e-11
1.002743854766608544e+00
-2.743854766608424308e-03
-4.139664956477179758e-17
3.541895997361567219e-17
-2.842856218860311771e-17
2.137092163868987181e-17
-1.501329738576595571e-17
9.826964713574722150e-18
-5.969438913078362967e-18
3.347502796027204155e-18
-1.720496812959343660e-18
8.022875018744220032e-19
-3.343676019230452710e-19
1.215780408189508663e-19
-3.690161830970981171e-20
8.440034966219617265e-21
-9.426610528057747737e-22
-3.107790348487400407e-22
1.762242703787766046e-22
8.179097744360902533e-01
