3.020946876845198026e-01
-4.182755695454490135e-04
2.696794838467074161e-07
-1.766371709666202109e-10
1.174487299896993782e-13
-8.098078122698004661e-17
2.548789348076407121e-18
-8.550857809501346696e-19
-6.055600103876560318e-19
4.899032785658531759e-19
2.041377755757413925e-01
-1.070711833695056209e-01
-1.255527787600567435e-03
6.807710484835255947e-03
-1.599232854643852560e-03
-8.358675733184810805e-06
9.879940171011150532e-05
-2.462875222009433437e-05
2.367896295761445272e-07
1.457848623203028850e-06
-3.898232380994925685e-07
9.957066850829246967e-09
2.172571843888284067e-08
-6.248370574946975427e-09
2.597604486980318081e-10
3.249440868083102555e-10
-1.008466294949283252e-10
3.771170436846361946e-12
5.118688481069381806e-12
5.452339168477595560e-02
-3.823004150361319908e-02
7.299636326153468788e-03
-9.522343555755112456e-04
8.231290775689141818e-05
-9.993852864736683452e-07
-1.454976836427591847e-06
3.945570359515399237e-07
-7.089585262777368527e-08
9.891743629406391044e-09
-1.035450726285405585e-09
5.426041259567866723e-11
8.509727008622140355e-12
-3.422924378754222441e-12
7.105012433945708939e-13
-1.110309507771473437e-13
1.346863160737235345e-14
-1.056369354662007382e-15
-1.280989115693268019e-17
3.935202113802170436e-03
-7.104278390849979447e-03
5.271504916535594588e-03
-3.279844174291638922e-03
1.751917467368663489e-03
-8.226256030772784427e-04
3.472904916764495988e-04
-1.346005046826330518e-04
4.879602361970051345e-05
-1.680537616902205115e-05
5.558156038072447975e-06
-1.772786108704236319e-06
5.427415976927241089e-07
-1.566861589891458538e-07
4.081919239476624121e-08
-8.398461279841727555e-09
3.985677315881492118e-10
1.138291779291338109e-09
-6.350954338027780120e-10
1.180963735940775200e-07
-2.199992532673611337e-07
1.773701480564817586e-07
-1.228544780055372757e-07
7.203961570009497370e-08
-3.480842495836683135e-08
1.313475989835683984e-08
-3.381567182609055232e-09
2.849935352489618171e-10
1.902870149148431375e-10
-7.798718733485608105e-11
-1.497169853843632127e-12
8.863236629273976568e-12
-1.168478449631811730e-12
-9.775874055931887000e-13
2.365585595096425068e-13
1.277845195656197690e-13
-3.215674544122993294e-14
-1.938521961796086945e-14
7.931410591291508938e-01
1.688280500584640644e-04
-9.831751621972606257e-08
6.293904249379857949e-11
-4.191520400593131741e-14
2.822211230772931177e-17
-1.899559930499502050e-19
9.020437212673147387e-19
-7.483131635849079269e-19
1.374418604920520697e-19
8.357856134809918958e-01
4.771855424402687146e-02
2.011711058612113221e-03
-2.724780280655006177e-03
5.596368210969463689e-04
1.039116300321584885e-05
-3.505069169565069214e-05
8.499246411485086226e-06
-9.223795094035143966e-08
-5.018143038161552182e-07
1.380826504011969510e-07
-4.739067269567907206e-09
-7.520665019776300985e-09
2.282774035940760215e-09
-1.191022053706412608e-10
-1.151810735645126295e-10
3.782226049284228451e-11
-1.718731067831203378e-12
-1.879809875304045999e-12
9.122859557223258475e-01
2.543754792143695584e-02
-3.183595683988726336e-03
3.149352750362428778e-04
-1.805315680135488447e-05
-1.427003434098897260e-06
6.882940273400282222e-07
-1.438717387350681704e-07
2.280373992861408492e-08
-2.937439642662075444e-09
2.898512402700219743e-10
-1.375848579844918607e-11
-2.628581792282340183e-12
1.003870601188684779e-12
-2.106951878742090316e-13
3.414412107563675644e-14
-4.439024319717939735e-15
4.157359618490956954e-16
-1.289124737459311359e-17
9.703268291976950843e-01
2.227295281952182404e-02
-8.333634510682828844e-03
3.100774590185290981e-03
-1.143147625843548383e-03
4.155955073607106218e-04
-1.481551172426279531e-04
5.145872906444224812e-05
-1.728880442245514862e-05
5.570051032889932277e-06
-1.700193101029316345e-06
4.817842187725005245e-07
-1.214205516552942266e-07
2.401640986753883683e-08
-1.491351799554491461e-09
-1.998174192168859076e-09
1.647152786209092944e-09
-1.048637188532206781e-09
4.067860508101314695e-10
9.932534392442133875e-01
6.735162505646877934e-03
1.137899293959442287e-05
1.922463775657842308e-08
3.252749885881352403e-11
2.140135509174992663e-14
2.171076568833877169e-14
-1.273212399250259887e-14
6.780332780467367512e-15
-3.224054115793889151e-15
1.342412450142264958e-15
-4.733139651433012867e-16
1.319555031152216249e-16
-2.376947899703036623e-17
-3.789493056252318753e-19
2.055632938450213070e-18
-6.808408119736775118e-19
1.173034286138346469e-20
5.512983826920775835e-20
1.096449389296886068e+00
-5.383619139903030292e-05
1.625332618859216170e-08
-2.052687376121344204e-12
-3.258254910243078362e-15
4.908273430085193284e-18
3.896231573284739127e-19
-1.377917649184112110e-19
-5.193727314486426681e-20
6.706791700215269645e-20
1.079899983047350354e+00
-1.932308058798671777e-02
-1.749182809863339752e-03
1.016701197665662330e-03
-9.705665821787557693e-05
-2.753076217458224888e-05
8.512823051365843609e-06
9.065790457164408607e-08
-4.681872868374437541e-07
6.606530378953664555e-08
1.966317036785870302e-08
-8.405947658502343003e-09
3.293467262210117923e-10
5.487501776926937989e-10
-1.543793958051506545e-10
-2.776119457131403330e-12
1.195945434569129049e-11
-2.542357766779827647e-12
-1.780193790987946676e-13
1.045144345215932358e+00
-1.297015134027780688e-02
1.502145532754458907e-03
-1.152576876118602977e-04
-9.192166304635096631e-07
2.329649196968331296e-06
-5.194200651889670147e-07
7.655419847488465640e-08
-7.915090359498468569e-09
3.572453315809501990e-10
7.674127357693754201e-11
-2.653773278281101184e-11
4.982403524641780580e-12
-6.772857569001969889e-13
6.199746767832843771e-14
-7.215283166750992143e-16
-1.217251461771654135e-15
3.411260174430867529e-16
-5.900493416634909725e-17
1.015121830199701369e+00
-1.150551122043315909e-02
4.356764415320181841e-03
-1.636102886778263840e-03
6.061259081889525373e-04
-2.200112369450640381e-04
7.758790080728493986e-05
-2.630997851723181977e-05
8.462872397239033158e-06
-2.528872890330403161e-06
6.744033714080537843e-07
-1.442258422702319319e-07
1.353787084417158073e-08
9.227280895032968072e-09
-8.252001678831831632e-09
4.633486924216519488e-09
-2.248915913382983318e-09
1.119629849832003075e-09
-3.935271603517976906e-10
1.003390427451234412e+00
-3.390427451199045684e-03
-6.528513267724157843e-14
5.396083245153271059e-14
-4.121485003494487159e-14
2.900230098181836399e-14
-1.872178192796970310e-14
1.101969184123003162e-14
-5.863582761662814671e-15
2.785112565435072508e-15
-1.157882757929143970e-15
4.073060471037524829e-16
-1.130831869084883026e-16
2.014412855760552578e-17
4.470476347024984706e-19
-1.795656300234257022e-18
5.853461516370596170e-19
-7.099630674931244727e-21
-4.847067024067941449e-20
8.829423558897242508e-01
