8.810788080232674346e-01
-8.537818787406352763e-03
4.075815885017886552e-05
-2.016306072689182348e-07
1.040836928651408021e-09
-5.638312913130059695e-12
3.210889112898617253e-14
-1.914226586653520467e-16
1.220729657491893745e-18
-6.868667860495130161e-20
3.356040787774466905e-01
-4.107279532913155062e-01
1.402270280653541701e-01
-1.733935075906468254e-02
-1.324854223371673030e-02
1.170285667019030709e-02
-5.364919542995076097e-03
1.470165474799487544e-03
-2.002110499209968047e-05
-2.482338845976406281e-04
1.681783891002701533e-04
-6.743997710913354282e-05
1.489515313156448017e-05
2.060140015242161186e-06
-3.995438493446464801e-06
2.277156475043308968e-06
-7.764750582082663914e-07
5.933927648520927938e-08
6.207822711648930256e-08
1.673898192991263995e-02
-1.797145447297410908e-02
5.746530685146643974e-03
-1.375846479431522057e-03
2.771014522363492551e-04
-5.029714706750790774e-05
8.564001292726320275e-06
-1.395205071048785152e-06
2.188070183921562907e-07
-3.293717088840813800e-08
4.710881924890650822e-09
-6.272297463710019404e-10
7.435557309817452484e-11
-6.892158198743088718e-12
1.868646582688746748e-13
1.307513397176223890e-13
-4.813015045207129202e-14
1.267049832937849416e-14
-2.629612852916959162e-15
4.529096873905325525e-04
-8.531575119599599981e-04
7.140870248605154158e-04
-5.337515216424682137e-04
3.588732127125252784e-04
-2.189579551867709716e-04
1.223947184533179776e-04
-6.331183397228088631e-05
3.061339320181832028e-05
-1.397625268873940706e-05
6.083484093884565898e-06
-2.548111498468132874e-06
1.035846042695969323e-06
-4.117909483597981633e-07
1.611579683668807365e-07
-6.254260980573705106e-08
2.451312577952480783e-08
-1.067460801647085220e-08
3.552322487305390622e-09
-2.011109931902414746e-10
3.836422397431911096e-10
-3.326583448502052805e-10
2.616484370264313336e-10
-1.859325287868383000e-10
1.186276187090909801e-10
-6.730724616314844922e-11
3.346359702511420061e-11
-1.423080885320935149e-11
4.952462409534200320e-12
-1.274904475886165404e-12
1.628178103569617153e-13
3.940949183982442738e-14
-2.705381958996691908e-14
4.677323721911525310e-15
1.339130179525349391e-15
-8.198730307415527148e-16
1.488684995458897264e-17
8.645583967448472036e-17
5.919212200868237961e-01
3.113172748597058462e-03
-1.466357839765930840e-05
6.738162703268109636e-08
-2.958755165198155351e-10
1.244606738307014470e-12
-5.079240934937249177e-15
2.067454539591555108e-17
-9.636574708821106006e-20
4.492152101720504699e-21
7.970663307634546779e-01
1.593723489216670453e-01
-4.748022209941571425e-02
6.036665665280238971e-03
4.290387901832087847e-03
-4.092858264761364308e-03
2.019867007184436049e-03
-6.089416930439752861e-04
2.934031597262795214e-05
9.704131267067623722e-05
-7.131780389525213244e-05
2.940231621938961586e-05
-6.049451461258907752e-06
-1.576086125335092374e-06
2.195172923027860499e-06
-1.145744604028908294e-06
3.187106690214043286e-07
4.984523225944136282e-08
-6.790071437647169645e-08
9.404508101598514358e-01
1.981882158203098973e-02
-3.295264755982458497e-03
5.468128136500896141e-04
-9.039868294440432759e-05
1.485714174225882323e-05
-2.421965595502939031e-06
3.906743833144139791e-07
-6.218087657163526520e-08
9.728909256958214185e-09
-1.488136392288400168e-09
2.206287628880436971e-10
-3.125472008386783537e-11
4.119870188053395947e-12
-4.760236111833567579e-13
3.950805056571303580e-14
7.956032652773241049e-16
-1.581774460254191543e-15
4.741251145593326023e-16
9.808041166872674133e-01
1.452339054425459686e-02
-5.494114988703099889e-03
2.078394112228486388e-03
-7.862465851487419541e-04
2.974340144019526244e-04
-1.125183946784320490e-04
4.256540257664150713e-05
-1.610230063910728717e-05
6.091325042266272025e-06
-2.304190513624424744e-06
8.715489107515303090e-07
-3.296174463542481931e-07
1.246404174398382827e-07
-4.713306607661429266e-08
1.785960790002504193e-08
-6.879438206559042456e-09
2.954639819731355383e-09
-9.754649313726684865e-10
9.956659729447637774e-01
4.329325894005745488e-03
4.696061835262963460e-06
5.093863871784108742e-09
5.525363595239858155e-12
5.993422029052442272e-15
6.496206839009958067e-18
1.058305995097054833e-20
-2.362488425329956533e-21
1.530881916475948495e-21
-9.256124377916281438e-22
5.164340216025639297e-22
-2.767503165615935464e-22
1.270971908185362869e-22
-5.471845301729641775e-23
2.527961184147165920e-23
-1.082931602924289746e-23
3.008709752414156729e-24
-3.955585075354358970e-25
1.103177996645107850e+00
3.866037121048062860e-04
-5.321120789502019165e-06
3.753521498268631964e-08
-2.237906230856508959e-10
1.241178632955994164e-12
-6.683120032209635301e-15
3.595553717115720453e-17
-1.914950060679131108e-19
-1.241325512383503405e-21
1.076523432366426114e+00
-3.540156871365304769e-02
-1.582318515203082329e-03
5.472509651474466788e-03
-2.225160748510351255e-03
3.057380095286556211e-05
5.066803129944196828e-04
-3.496002538189672414e-04
1.250292287014059833e-04
-8.608742968960433995e-06
-2.140375457703967146e-05
1.671312431240988116e-05
-7.043592213539849054e-06
1.373992892493773137e-06
5.049763412653750793e-07
-6.195714187091853667e-07
3.066591340709432474e-07
-6.742951478960568794e-08
-4.525753286838148828e-09
1.030643046846914324e+00
-1.038940972792130012e-02
1.724310185152941105e-03
-2.756842427206035971e-04
4.167312067592395089e-05
-5.815292344291128832e-06
7.180760261630084390e-07
-6.991643747074628881e-08
2.569249277314686863e-09
1.128386071285583156e-09
-4.408206098615020603e-10
1.123893394210577169e-10
-2.436537690754051299e-11
4.809803993876749320e-12
-8.878005347982868775e-13
1.549413814409108608e-13
-2.565152081069668311e-14
4.097387809628578752e-15
-5.874351780431723622e-16
1.009722786930570049e+00
-7.427267383791773085e-03
2.836710256946386143e-03
-1.083315810038374327e-03
4.136240246474689845e-04
-1.578673912909099770e-04
6.021381436545166817e-05
-2.294244093791915747e-05
8.727219874551658951e-06
-3.311941185362635352e-06
1.252749499188356173e-06
-4.718057654555077740e-07
1.767168935797184174e-07
-6.574891313048924120e-08
2.427321462487315620e-08
-8.893427621643388791e-09
3.268109509845288985e-09
-1.314343847164812414e-09
4.144240743624065557e-10
1.002174133469425188e+00
-2.174133469425204405e-03
-9.681883479899155733e-20
8.553762893918288662e-20
-7.186175722390821155e-20
5.736344706192521613e-20
-4.346136507219235681e-20
3.121026961095748814e-20
-2.120554454734001859e-20
1.360166438403822944e-20
-8.213109364093364656e-21
4.652113890641264266e-21
-2.460536916970748512e-21
1.207874673705803756e-21
-5.457942884159228829e-22
2.243257820153527879e-22
-8.256673096205304290e-23
2.772904910871772921e-23
-6.862516576762123572e-24
6.803408521303258016e-01
