1.294282012238532786e+00
-1.833380801942860808e-02
1.203877868654476617e-04
-8.294283453579811787e-07
6.422928108086772525e-09
-5.700479800184676560e-11
5.594543427189035009e-13
-5.787757809382223697e-15
6.128084762670203353e-17
-6.387902879283804819e-19
4.219916773815606814e-01
-5.880672032937169780e-01
2.521954735971005945e-01
-5.929998931072177210e-02
-9.308626995615585167e-03
1.912202396086742223e-02
-1.205717191271625868e-02
4.847977741748363961e-03
-1.047361390754693485e-03
-2.288122663035758206e-04
3.730644662204619672e-04
-2.181737524426140750e-04
7.959533298145252329e-05
-1.301933275547508081e-05
-6.143043168144520960e-06
6.464944839474359894e-06
-2.990413249820247100e-06
5.683128906187506721e-07
8.892614790725139365e-08
1.003349387588859526e-02
-1.220700246766508179e-02
4.525453090805513744e-03
-1.246871153348486343e-03
2.842316444306081298e-04
-5.736659339579374404e-05
1.072096340766223605e-05
-1.908464426718153859e-06
3.287628191400557819e-07
-5.519161964657933438e-08
9.041548486371442544e-09
-1.442236773558470466e-09
2.228938304986899429e-10
-3.309738953637011322e-11
4.654210714298469400e-12
-6.026066500275933991e-13
6.708669511753947004e-14
-4.760532936871594126e-15
-2.715627369846953187e-16
1.623998447149213576e-04
-3.095357330898458777e-04
2.681448266309076583e-04
-2.116835364114511724e-04
1.528801239460389656e-04
-1.015121358725771053e-04
6.232501653233464816e-05
-3.560264771826671283e-05
1.904600204113759070e-05
-9.605835915881228036e-06
4.598454659167221303e-06
-2.103613687196182845e-06
9.257162720412971275e-07
-3.944122549484170933e-07
1.637439336352043625e-07
-6.677929877756629392e-08
2.730294681198024801e-08
-1.234263452961634425e-08
4.191557136158515361e-09
-2.051933544003168768e-10
3.947593551757244510e-10
-3.512161946779130437e-10
2.886557449026748412e-10
-2.186769855705524795e-10
1.521976977856740953e-10
-9.685701998578788759e-11
5.598087261366180207e-11
-2.910106635444994900e-11
1.340951486438702461e-11
-5.350563859411722780e-12
1.772188471642955008e-12
-4.429588180988399154e-13
5.810366185594595548e-14
1.170505223113559283e-14
-9.074790931045887484e-15
2.030100541129764281e-15
2.682029058720641053e-16
-2.623738374540167662e-16
4.805844044722716313e-01
6.368866747330028527e-03
-3.647089690637963898e-05
1.610563817371725246e-07
-4.683559782805600346e-10
3.235605055806724246e-13
1.257006102842979958e-15
8.061121310881434508e-17
-1.753233167708326445e-18
1.750794839140151980e-20
7.860463270522377588e-01
2.079293027714428643e-01
-8.394574001597276958e-02
2.224726533195998945e-02
1.612839249843072906e-03
-6.548389094708644519e-03
4.737321651545511186e-03
-2.099915469894749354e-03
4.803483619403826291e-04
1.311907602783305760e-04
-2.089895552175207230e-04
1.225734353078626799e-04
-4.033428396286937626e-05
3.922863654075740664e-07
9.268093936886200030e-06
-6.717481401372771824e-06
2.403428960945546434e-06
2.632938251786321833e-07
-5.172390906491303951e-07
9.504534402839744933e-01
1.661358182653977639e-02
-2.797143743634589869e-03
4.748743377887696868e-04
-8.163699272747101715e-05
1.424353931923582847e-05
-2.519309074198692596e-06
4.498222400703761691e-07
-8.061145175012862054e-08
1.441768042390565321e-08
-2.561546241661783838e-09
4.504248235806656222e-10
-7.814920865691870990e-11
1.333844502919586309e-11
-2.231742679568623808e-12
3.643578540222133836e-13
-5.767212116504165288e-14
8.932601600649145500e-15
-1.255220000836854328e-15
9.840895662042258296e-01
1.205769295767956245e-02
-4.568960616864460936e-03
1.731305869400994379e-03
-6.560498387987270027e-04
2.486068020371327912e-04
-9.421366365707360582e-05
3.570746172692073093e-05
-1.353565660174155984e-05
5.132414804899766784e-06
-1.946941737746002712e-06
7.390315913266408606e-07
-2.807816119235465163e-07
1.068138358377792742e-07
-4.071376772096659683e-08
1.559109686064242541e-08
-6.093423614689051548e-09
2.669551742575504639e-09
-8.932323227334480311e-10
9.964137043589891274e-01
3.583076805436446414e-03
3.215946548076331929e-06
2.886433297967099571e-09
2.590682657330364666e-12
2.325296014513983256e-15
2.038597502998006693e-18
3.893876263642976549e-20
-2.716783647175787170e-20
1.903468728306257183e-20
-1.274371975841901229e-20
8.139451727518064455e-21
-4.947661168769928905e-21
2.854676779172209192e-21
-1.560750702994393937e-21
8.055321448923062919e-22
-3.992243598350157101e-22
2.073374629676185907e-22
-7.333968445158952401e-23
1.029043051177261248e+00
2.500930768299072533e-03
-2.629275291698237351e-05
1.974031028048789864e-07
-1.293581722226068557e-09
8.474409865066592763e-12
-6.431851729701142515e-14
5.993687084534227636e-16
-6.337210185382983144e-18
6.983853024255425276e-20
1.053840813063409598e+00
-1.033098259094350144e-02
-1.708291028860653080e-02
1.393769598380271632e-02
-5.193574972555321280e-03
-1.178147784223732930e-04
1.621687986403941078e-03
-1.277539033117811289e-03
5.834509243370883218e-04
-1.268743053048587786e-04
-4.923212001028825921e-05
6.913735229398512076e-05
-4.033133707958167185e-05
1.358009901220677601e-05
-4.967827698690198229e-07
-2.772092695388178231e-06
2.027124095094643532e-06
-7.561027163462579166e-07
1.262452597366078193e-07
1.025403913376729870e+00
-8.680855995344875439e-03
1.469965555696352375e-03
-2.442696776409225708e-04
3.927652911813284093e-05
-5.996197491966181449e-06
8.446469795099469574e-07
-1.036676324583961794e-07
9.256577571796822851e-09
6.757982563974031927e-11
-3.170962044420672672e-10
1.084318424559432309e-10
-2.780016092185750721e-11
6.276478797959343453e-12
-1.313401727979030618e-12
2.605319082470583476e-13
-4.959260819610610425e-14
9.394504334287974856e-15
-1.615979491756262505e-15
1.008042238593851003e+00
-6.143702654908953474e-03
2.346660979836861800e-03
-8.963234960659400381e-04
3.423476391092469774e-04
-1.307514491326378417e-04
4.993233276381792043e-05
-1.906509382375935058e-05
7.277174868755428310e-06
-2.776323926785264945e-06
1.058378396264317144e-06
-4.030056018716715318e-07
1.532029931949524942e-07
-5.811044803707724542e-08
2.198138864719024521e-08
-8.300490094728477814e-09
3.169101661438544941e-09
-1.339560042501135106e-09
4.370207771722318600e-10
1.001798302057686163e+00
-1.798302057686054821e-03
-7.361599651612988172e-20
6.655478149545059468e-20
-5.776794528217732188e-20
4.811805203798681142e-20
-3.844099827331186648e-20
2.943281874705025106e-20
-2.157890650094440854e-20
1.513250358472743552e-20
-1.013673304057558864e-20
6.475784194395143774e-21
-3.937787500191771154e-21
2.274003611252211830e-21
-1.244298419174940654e-21
6.450863065419308624e-22
-3.210217635547421060e-22
1.646713644548350844e-22
-5.760610701391690782e-23
4.102055137844611288e-01
