1.387587013089822241e+00
-1.925782860488018874e-02
1.192234394841728293e-04
-7.706942198365146834e-07
5.766701483532830418e-09
-5.104042320549983116e-11
5.018464243604899102e-13
-5.141456928047706807e-15
5.342226348623151267e-17
-5.293384404412693881e-19
4.492599788209718503e-01
-6.330267951601673548e-01
2.737848498626970217e-01
-6.364565394241544771e-02
-1.147464139195035482e-02
2.165321205537763111e-02
-1.328255305553084978e-02
5.078620139317138391e-03
-9.031514536198070138e-04
-3.893435673367663273e-04
4.506844506133745459e-04
-2.324265135210421636e-04
6.960700200943549130e-05
-1.890647330853858241e-06
-1.181212696050441439e-05
7.838667828806590289e-06
-2.549418876786011390e-06
-2.783279409287921374e-07
5.129608221296290482e-07
9.440169259330563958e-03
-1.175921723287952012e-02
4.489546557762387133e-03
-1.272485266228943687e-03
2.973590029036965671e-04
-6.125694777473529183e-05
1.163590733185996404e-05
-2.098482605037728761e-06
3.654993346627097933e-07
-6.198407549899079030e-08
1.025693346416230643e-08
-1.653276748232103583e-09
2.583642964675044637e-10
-3.883109552505526100e-11
5.535785742854349138e-12
-7.289731496209994886e-13
8.325673578580088632e-14
-6.366672926070185309e-15
-2.125468052731485916e-16
1.355698858505260875e-04
-2.589517880855531366e-04
2.257438985214229926e-04
-1.800259580345586112e-04
1.317792405196441588e-04
-8.893073176017895825e-05
5.560922926806840654e-05
-3.240041561147503284e-05
1.769348918599016895e-05
-9.111298617539014365e-06
4.451816496865898069e-06
-2.076775350365683088e-06
9.307212850321901783e-07
-4.031574841494393199e-07
1.698386953739196192e-07
-7.014792235316739180e-08
2.899622315716507275e-08
-1.323477712674228679e-08
4.517483458920378861e-09
-2.074007229985120698e-10
3.996560387145403719e-10
-3.573302635704554921e-10
2.961520815502857401e-10
-2.270857913663803376e-10
1.606358899181377278e-10
-1.043968852620232507e-10
6.197581712367913829e-11
-3.333565183432479844e-11
1.605442070303749583e-11
-6.797480236948991050e-12
2.453433316728425185e-12
-7.100523638396627635e-13
1.392757224404048759e-13
-3.557513469556903795e-15
-9.829407284693039437e-15
3.778264443332611500e-15
-2.477074526695622014e-16
-2.530526011300739780e-16
4.667173500243168571e-01
6.574828028803857312e-03
-3.384255886399118243e-05
1.131062017662449912e-07
-7.263955742229038860e-11
-1.621075238781857796e-12
4.964627946451171904e-15
1.027263416973123971e-16
-1.832635907967454600e-18
4.331979742938483882e-21
7.866398024371969999e-01
2.154883943298704918e-01
-9.013029330500453573e-02
2.452649738848651853e-02
1.865132620677102410e-03
-7.465660451955288129e-03
5.357624639496201720e-03
-2.287201357200804950e-03
4.303512732644336372e-04
2.287085967043161864e-04
-2.698114105048714240e-04
1.403053798175137501e-04
-3.570614769805178698e-05
-8.654894254384849040e-06
1.507559557689136513e-05
-8.668796126371730194e-06
2.210113610788206775e-06
1.187082986514879504e-06
-1.030012083519610861e-06
9.533498271260283374e-01
1.567015004645713749e-02
-2.645144307111990233e-03
4.511571783248139985e-04
-7.821858405865624530e-05
1.383763953201126143e-05
-2.496312027560457387e-06
4.568462227367299591e-07
-8.417451382943359243e-08
1.549767767048723704e-08
-2.834049462192011897e-09
5.125159852006827087e-10
-9.136438872297191579e-11
1.601142350815956730e-11
-2.750402577891386754e-12
4.613673231911591127e-13
-7.520002612786185014e-14
1.207194097770364337e-14
-1.766171101466151498e-15
9.850346191190793022e-01
1.134687276310349623e-02
-4.301653395125885036e-03
1.630787944494863475e-03
-6.182520469280002387e-04
2.343935419965141880e-04
-8.886866423605925287e-05
3.369716907927355779e-05
-1.277940732811079985e-05
4.847840158739408698e-06
-1.839824766030837502e-06
6.987046613743249788e-07
-2.656027209320697773e-07
1.011061538218203677e-07
-3.857211924224750980e-08
1.478962913110778094e-08
-5.791402609277769916e-09
2.544678498889418917e-09
-8.532065557392474375e-10
9.966283222090028815e-01
3.368831917357625709e-03
2.843471572251047617e-06
2.400039770723253150e-09
2.025759886844363216e-12
1.709921961860740479e-15
1.383599252230758893e-18
4.739637135553805110e-20
-3.432559874173003157e-20
2.445481672961282325e-20
-1.669122824764411166e-20
1.089788379909064285e-20
-6.786962751373259489e-21
4.025167656511045733e-21
-2.276368717714486641e-21
1.230699379402170598e-21
-6.386497204970127771e-22
3.453495285284046951e-22
-1.268837205739749363e-22
9.971576485324846750e-01
3.025007852398887281e-03
-2.810554072069512690e-05
1.850630287443098635e-07
-1.043926816063712403e-09
6.172597479260064093e-12
-4.860167470389838720e-14
4.995875421771604962e-16
-5.522037362382134788e-18
5.422556966837096570e-20
1.043663254970432774e+00
2.446875577611969804e-03
-2.395855370586164046e-02
1.658071940425662541e-02
-5.463236220203806365e-03
-6.865451685079605086e-04
2.175259874267282401e-03
-1.560618540541070182e-03
6.496490174730585633e-04
-9.853342143529002662e-05
-8.965138901199759503e-05
9.210492097211529978e-05
-4.647103546906805409e-05
1.175334102684888640e-05
2.671660293472646542e-06
-4.690702358945136428e-06
2.543426136812750577e-06
-4.646948954343557782e-07
-1.310125389047541149e-07
1.023890439003996011e+00
-8.167104362579761037e-03
1.384366480193712423e-03
-2.304015974832203753e-04
3.708809059615732711e-05
-5.651011730196442788e-06
7.870952307931899301e-07
-9.289572644179179064e-08
6.972314705936910730e-09
5.897916322641616779e-10
-4.386133516431669702e-10
1.362437137591429689e-10
-3.397493911221322290e-11
7.601869222067569358e-12
-1.588603836186460321e-12
3.158945394396362738e-13
-6.040774597913415596e-14
1.151499854828226072e-14
-1.992946484091070139e-15
1.007562191768041737e+00
-5.776988652617560949e-03
2.206597147520747166e-03
-8.428310744322233461e-04
3.219211778503144688e-04
-1.229537111516683151e-04
4.695712992898741413e-05
-1.793093643477053269e-05
6.845464366176619555e-06
-2.612368383592977217e-06
9.963185510516674764e-07
-3.796243519763786514e-07
1.444487491480124841e-07
-5.485865102747362582e-08
2.078496911853447278e-08
-7.864606746987184038e-09
3.010258251539905655e-09
-1.276405668690725173e-09
4.172661962168345911e-10
1.001690958650233165e+00
-1.690958650233292775e-03
-7.028390215463197613e-20
6.382159617264434769e-20
-5.573964901612692918e-20
4.680386493752978134e-20
-3.776622277631527937e-20
2.926547079215963959e-20
-2.176201923109302681e-20
1.551398148066848207e-20
-1.059088639057713584e-20
6.914065970103768296e-21
-4.309515966190341570e-21
2.560041662826077601e-21
-1.447416593188809939e-21
7.802534493287516734e-22
-4.076738385840976123e-22
2.216889273310258690e-22
-8.035939250527818577e-23
2.926466165413533771e-01
