1.473274115688085750e+00
-1.930009251481838370e-02
1.074579094813709088e-04
-6.180201706888160394e-07
4.269605169248181222e-09
-3.621804022777411897e-11
3.403662766845401031e-13
-3.271972277497811878e-15
3.150190751555004668e-17
-3.042167480742420367e-19
4.788299532993561258e-01
-6.780223899555332112e-01
2.914827756031979078e-01
-6.407121772754172107e-02
-1.567712687911873570e-02
2.455005721029869525e-02
-1.411968566990161322e-02
4.853746900411614988e-03
-4.949253728098327101e-04
-6.327086351634340564e-04
5.201244884517951337e-04
-2.177454075526018382e-04
3.978517731060879467e-05
1.643694082546252264e-05
-1.760409646691567928e-05
7.485160901103395907e-06
-9.667699766816632503e-07
-1.339192144064777174e-06
8.628107614133582085e-07
9.138266770340254183e-03
-1.162457495646717492e-02
4.558041350040041746e-03
-1.325635125276207514e-03
3.168611516860215323e-04
-6.649387333400674457e-05
1.281387804946425509e-05
-2.336385643296683768e-06
4.104077726030498695e-07
-7.008338808265159322e-08
1.166549380513756996e-08
-1.889579867021132407e-09
2.963612411507012801e-10
-4.460705453394789060e-11
6.343586149094128008e-12
-8.265288812681504889e-13
9.135838041967332285e-14
-5.912141859406101651e-15
-5.936407178739741923e-16
1.170016843489615597e-04
-2.239098461704609841e-04
1.962922413670142223e-04
-1.579589428220187883e-04
1.170274164779366405e-04
-8.013427327872289535e-05
5.094443664166965145e-05
-3.022042420818264158e-05
1.681664495602127078e-05
-8.827254961588891773e-06
4.395650293931060423e-06
-2.088484155057828854e-06
9.522431014632649056e-07
-4.190526001693780470e-07
1.790475288698763783e-07
-7.487373794697233796e-08
3.128677218765913794e-08
-1.441747875619429295e-08
4.946148691840534437e-09
-2.137120390861850584e-10
4.124249498805503474e-10
-3.703948163975514177e-10
3.093116357675999656e-10
-2.397744765213727302e-10
1.721004448327497902e-10
-1.139657174459342552e-10
6.928169641039463821e-11
-3.839794581320477645e-11
1.921150420303025004e-11
-8.550786464279131542e-12
3.306960147128802742e-12
-1.064903129489479783e-12
2.591438830467218291e-13
-3.261753499556487214e-14
-7.180937275488356952e-15
5.323975283434074269e-15
-1.075429596464701194e-15
-1.003398995974740475e-16
4.590064082955045421e-01
6.489964564873684262e-03
-2.843752289341290059e-05
5.785207469964270080e-08
2.131711616829957846e-10
-2.074621189558534858e-12
9.949072410298627759e-16
1.105677789510988335e-16
-1.302650461077866697e-18
1.422179180616521537e-20
7.888956962980679943e-01
2.215411170626595538e-01
-9.517754434265279784e-02
2.578452972951216990e-02
2.798357938015296961e-03
-8.622789427099718934e-03
5.911003964850518669e-03
-2.308821663694420566e-03
2.529422412529407798e-04
3.792006494136023224e-04
-3.319195214488249472e-04
1.412775306480574329e-04
-1.685785563281750197e-05
-2.380659952908347461e-05
2.124595706304609061e-05
-9.044386447944791383e-06
7.821363607153934050e-07
2.496925112928710014e-06
-1.553594643785270466e-06
9.567677601207972282e-01
1.455338488328452966e-02
-2.464653010790318535e-03
4.228909405404716079e-04
-7.412532050562107937e-05
1.334910271214137097e-05
-2.468791883307894644e-06
4.656284307266639442e-07
-8.863735947701066090e-08
1.685996648204394145e-08
-3.180005091058552035e-09
5.917134961533867052e-10
-1.082601294633453878e-10
1.942760140507129826e-11
-3.410939873388343925e-12
5.840077454331204559e-13
-9.708429679372880591e-14
1.590810380909849054e-14
-2.373152156084381930e-15
9.861476685645511608e-01
1.050882143619842612e-02
-3.986170434553097316e-03
1.512029861369683717e-03
-5.735489727619049946e-04
2.175665179959945241e-04
-8.253453546058410896e-05
3.131267812770772909e-05
-1.188165443499993741e-05
4.509783221963548700e-06
-1.712505129770732629e-06
6.507502851452281948e-07
-2.475452172519175814e-07
9.431222743407908760e-08
-3.602045270274402079e-08
1.383305298295956740e-08
-5.429773570742538465e-09
2.394325906989012652e-09
-8.048037959975835433e-10
9.968808314942985138e-01
3.116731983825096666e-03
2.434618600300469350e-06
1.901789361443528136e-09
1.485572530332437937e-12
1.160537574312970746e-15
8.328463680990827416e-19
5.834150198216370025e-20
-4.342468066298517499e-20
3.138141913486417807e-20
-2.179837941086026103e-20
1.448738923425778904e-20
-9.243230395545397572e-21
5.610814593373001120e-21
-3.276731121220402623e-21
1.813075654716796827e-21
-1.001552056395220515e-21
5.602601905263324547e-22
-2.128621322132725121e-22
9.618893765290041920e-01
3.387958936683955168e-03
-2.687228012624007486e-05
1.460377606870284534e-07
-6.506107973528775280e-10
3.326470443775428650e-12
-2.863069636211494343e-14
3.163380949997182551e-16
-3.360486639088859064e-18
3.211389354713212402e-20
1.031565103188080590e+00
1.738488801083770685e-02
-3.141347906876224699e-02
1.888053094837753229e-02
-5.190577088344826284e-03
-1.597612674307947794e-03
2.815889404178999536e-03
-1.786658908698068177e-03
6.314443522231490786e-04
-1.606908417479583446e-05
-1.478946505229029645e-04
1.122579611952202928e-04
-4.454303234137043011e-05
4.202701682281264463e-06
7.998142883233358788e-06
-6.639657837606459901e-06
2.477287147868122847e-06
3.273588365468987345e-07
-5.833026216652777494e-07
1.022107942928963231e+00
-7.558585162843243707e-03
1.281323204716989031e-03
-2.131085636500429468e-04
3.418297212073820193e-05
-5.149300111428024447e-06
6.947374619299128321e-07
-7.438502366338788426e-08
2.986163766990027474e-09
1.479799620693674448e-09
-6.379129355389945757e-10
1.801078688343977853e-10
-4.337631819319570646e-11
9.558001279790281480e-12
-1.983512460541648794e-12
3.932577022048553426e-13
-7.512372468327968391e-14
1.431433279358946416e-14
-2.476212691487817274e-15
1.006997697152562266e+00
-5.345758039523976907e-03
2.041886490495949981e-03
-7.799212955797308732e-04
2.978951144461199595e-04
-1.137791540257391670e-04
4.345466441577602640e-05
-1.659444925534066600e-05
6.335864242784575563e-06
-2.418286824518874018e-06
9.225310169094280635e-07
-3.516397438772062312e-07
1.338698120668299730e-07
-5.087576760733517012e-08
1.929231896942824902e-08
-7.307058120370568327e-09
2.799898305330131108e-09
-1.188542990374322176e-09
3.887901459376664376e-10
1.001564732965838589e+00
-1.564732965838696449e-03
-7.000719693402712596e-20
6.382235855490490608e-20
-5.605233333090812149e-20
4.740897681313451240e-20
-3.859959317624092519e-20
3.023564703940498689e-20
-2.277057413574335600e-20
1.647359867662490129e-20
-1.143757703511185396e-20
7.612097138857706747e-21
-4.849770459778628260e-21
2.953959673343525739e-21
-1.719136281655453431e-21
9.591890803431098107e-22
-5.229012729597047916e-22
2.985529212145100327e-22
-1.113000855942614381e-22
1.000501253132835000e-02
