1.222975751162673541e+00
-1.709966117444382955e-02
1.131982757338755475e-04
-7.865356703178717884e-07
6.033309382577456585e-09
-5.199318308929235232e-11
4.923521772661375850e-13
-4.937951696672526515e-15
5.099060144077906448e-17
-4.746171905615619972e-19
4.039006594765022218e-01
-5.558876680914396351e-01
2.344999319953592343e-01
-5.394618759574584116e-02
-8.969414762839193062e-03
1.759679497709368962e-02
-1.102017775357930045e-02
4.446703719218752897e-03
-9.939554337456434942e-04
-1.778799075988641285e-04
3.265695856324556936e-04
-1.979209408584180598e-04
7.632079594126938349e-05
-1.540795394033029616e-05
-3.763415007961474886e-06
5.404919470769228971e-06
-2.870934796403235884e-06
8.544651617451113490e-07
-9.825200812647394483e-08
1.067762021184654950e-02
-1.274970194889591367e-02
4.619399427317736478e-03
-1.245092460802122965e-03
2.784136843631846445e-04
-5.530173779144267025e-05
1.020180859280753933e-05
-1.796442666727431942e-06
3.064376315734353419e-07
-5.094174721437418151e-08
8.257742712285696011e-09
-1.301591756687610485e-09
1.983551131309897533e-10
-2.894744013806739437e-11
3.977385641325785240e-12
-4.970179139698071968e-13
5.155223667397002918e-14
-2.642192945186453101e-15
-5.152863000217500912e-16
1.888784242089392058e-04
-3.593880044526528549e-04
3.097677402795921469e-04
-2.425777541129614534e-04
1.733322223507176990e-04
-1.136301019412510352e-04
6.876972782420204874e-05
-3.868279748551796415e-05
2.036594419682568764e-05
-1.010827554441388197e-05
4.763965820666720530e-06
-2.147276244756179745e-06
9.321053126081019343e-07
-3.922962624345864318e-07
1.611314211686703397e-07
-6.511397954715797867e-08
2.641377217811228913e-08
-1.185903194155833559e-08
4.012693445090759981e-09
-2.060743423663719722e-10
3.959469947175639012e-10
-3.509085123496848140e-10
2.865043431310960545e-10
-2.149832947861240897e-10
1.477143451602573455e-10
-9.244383704395854052e-11
5.229454667457760440e-11
-2.644272759779335898e-11
1.174867207337660296e-11
-4.457734161499065626e-12
1.367131057113918312e-12
-2.943046483877601874e-13
1.841449774236644877e-14
1.650757555310372583e-14
-7.329523430667924785e-15
8.867950436409004760e-16
4.487725833344963327e-16
-2.079776575364603690e-16
4.947316671432099855e-01
6.015754680418552991e-03
-3.580594396385049986e-05
1.774263043769827410e-07
-6.944910616284535296e-10
1.989941927553605305e-12
-5.757631071590368282e-15
7.557406426686597556e-17
-1.321678359542641138e-18
-6.669283744355797538e-21
7.866552741734518239e-01
2.013332644955890816e-01
-7.867590917652166060e-02
1.998574805769209178e-02
1.814153863138016345e-03
-6.030305536070552225e-03
4.271940095688505842e-03
-1.887505597516568817e-03
4.487772029227388637e-04
9.569371173975223840e-05
-1.732172670778912480e-04
1.054039648002791992e-04
-3.737676643697646208e-05
3.024752335572001591e-06
6.373028424960567966e-06
-5.219996093501451246e-06
2.109725819385781215e-06
-5.393483543868879568e-08
-2.823483059195915657e-07
9.486087987290651169e-01
1.721264424044853872e-02
-2.893225529373034260e-03
4.897398465958767303e-04
-8.374334077356770391e-05
1.448384582957033295e-05
-2.529986637229454067e-06
4.446371727284040788e-07
-7.824534141283655584e-08
1.372327221800476951e-08
-2.389374866998374114e-09
4.116126772643208101e-10
-6.993926362044951494e-11
1.168189850729552871e-11
-1.910001805149698498e-12
3.039145567781846785e-13
-4.665935120338183739e-14
6.931271791792252524e-15
-9.234290643230619599e-16
9.834866963553333674e-01
1.251077822331120824e-02
-4.739208752332398598e-03
1.795274497377260603e-03
-6.800848868364001761e-04
2.576377812443419102e-04
-9.760729398915900148e-05
3.698293265896099286e-05
-1.401515968950405731e-05
5.312737800190240085e-06
-2.014772904242243092e-06
7.645477588937771689e-07
-2.903745037198029356e-07
1.104142981953629026e-07
-4.206067759015581455e-08
1.609272259457305808e-08
-6.280973594691216851e-09
2.746122627897608344e-09
-9.175398795646167940e-10
9.962766869289140237e-01
3.719843855960297454e-03
3.465982667572587765e-06
3.229446266390350049e-09
3.009052256926463576e-12
2.803751363549175541e-15
2.571015448203212480e-18
3.379784380962153895e-20
-2.273979415333400845e-20
1.572084367769810947e-20
-1.036293386066596703e-20
6.508620341376645910e-21
-3.874611051220008562e-21
2.182976245065498560e-21
-1.166518983509032048e-21
5.854021116149683490e-22
-2.753904311905676342e-22
1.350201741195441209e-22
-4.818627507746203302e-23
1.049001775570169492e+00
2.061886948167852146e-03
-2.314320938115545492e-05
1.836452869284597659e-07
-1.277487840633448290e-09
8.694376297360313832e-12
-6.436451513895773901e-14
5.541272567009455270e-16
-5.422249347176862676e-18
4.339939763298734009e-20
1.059905913574874736e+00
-1.790804161260960495e-02
-1.276647639950867497e-02
1.201797775680548026e-02
-4.759947063212847766e-03
9.523541662623042812e-05
1.303218595999816641e-03
-1.070767515903605889e-03
5.037533067768082884e-04
-1.198745329351721598e-04
-3.327416705415807072e-05
5.496130962858376991e-05
-3.372927022102545526e-05
1.232005167842716829e-05
-1.289511604573563549e-06
-1.856141432785623114e-06
1.587410771420179418e-06
-7.220624722393237220e-07
1.778779494850171537e-07
1.026370125993405935e+00
-9.006154736901000879e-03
1.522911962677848952e-03
-2.524082530547534483e-04
4.043592730323451956e-05
-6.149397480638886576e-06
8.645258778918406715e-07
-1.066619429788407572e-07
9.875888177235007833e-09
-9.292835934488805662e-11
-2.738289459198120501e-10
9.727147112901261353e-11
-2.508860968008731615e-11
5.653157234678125177e-12
-1.176782800272195091e-12
2.317907951781874765e-13
-4.375399050794034644e-14
8.205110041690368502e-15
-1.397569238729192105e-15
1.008349398832681043e+00
-6.378340884728872333e-03
2.436274586738284252e-03
-9.305441840070547647e-04
3.554118179965069855e-04
-1.357362179443982492e-04
5.183251044990414138e-05
-1.978826400159283507e-05
7.551682557006291112e-06
-2.880109040113668365e-06
1.097389265136032422e-06
-4.175501944414842583e-07
1.585667151834568459e-07
-6.006050586414051336e-08
2.267767991946620863e-08
-8.543705792290980229e-09
3.252385573904510132e-09
-1.369581851655914371e-09
4.456917066008576157e-10
1.001866987289225186e+00
-1.866987289225183807e-03
-7.816120042693007616e-20
7.041994861873428460e-20
-6.082484578758644417e-20
5.034311154253065567e-20
-3.990229370181648056e-20
3.026247617104890580e-20
-2.193940560170051813e-20
1.518537422265624396e-20
-1.001973197320704589e-20
6.291076883528977959e-21
-3.750306868850363485e-21
2.116968759882392575e-21
-1.128161439707223198e-21
5.666963049946851481e-22
-2.709989033070672325e-22
1.322776387694757318e-22
-4.481340251432822101e-23
4.752380952380952372e-01
