1.453272112207900646e+00
-1.936173481680289812e-02
1.110161270327396019e-04
-6.596219826501164379e-07
4.661638660832491391e-09
-4.006454624661995344e-11
3.820641849006644258e-13
-3.746125628431179688e-15
3.683663718605844256e-17
-3.402280440511170484e-19
4.714857403397329505e-01
-6.671605862468520387e-01
2.875765506773517166e-01
-6.433134182599707651e-02
-1.448445007433750258e-02
2.383058158182932429e-02
-1.396274018919163411e-02
4.952746844076803302e-03
-6.161649216568348270e-04
-5.690903259054420254e-04
5.060649954861636338e-04
-2.247061342801022553e-04
4.878948104589927109e-05
1.162454984792625289e-05
-1.642493913469382665e-05
7.837194092583249380e-06
-1.467471164799731595e-06
-1.097745057528842012e-06
8.085117236065711279e-07
9.187552375707980223e-03
-1.163072639026960925e-02
4.532259397259558002e-03
-1.310244137542338752e-03
3.115381158380147830e-04
-6.509650592719620256e-05
1.250309245346647653e-05
-2.274091927364294477e-06
3.987291697493367767e-07
-6.799310123825652556e-08
1.130533470860178019e-08
-1.829886202967655829e-09
2.869236669469709050e-10
-4.320916308275351385e-11
6.156800574547532314e-12
-8.061736694043748726e-13
9.029985155953683051e-14
-6.251942162501733508e-15
-4.523455380401358810e-16
1.208873855233501922e-04
-2.312444546455390412e-04
2.024597925189592794e-04
-1.625818823476103344e-04
1.201166091238395838e-04
-8.197194345688327451e-05
5.191263117552456590e-05
-3.066614242326931881e-05
1.698981142918103149e-05
-8.878248394642923390e-06
4.401396963739333562e-06
-2.082215191879614379e-06
9.455268556250355615e-07
-4.145404109939276343e-07
1.765248356033784782e-07
-7.360049283625293954e-08
3.067495050664928886e-08
-1.410309958854041609e-08
4.832418682751107240e-09
-2.118143940962282536e-10
4.086225788366417577e-10
-3.665990340778928105e-10
3.056030628659575279e-10
-2.363001390067617979e-10
1.690337836330018278e-10
-1.114491218390108755e-10
6.738084700968669401e-11
-3.708765832801799043e-11
1.839438430193587555e-11
-8.094691415488312466e-12
3.082524479330195828e-12
-9.698662643856477194e-13
2.260215894803723833e-13
-2.405682704150594238e-14
-8.238394285726709081e-15
4.998843622293979833e-15
-8.486016361724511521e-16
-1.527089074290880803e-16
4.603665995487862261e-01
6.532824339717126401e-03
-2.989591533713981505e-05
7.064923780514425532e-08
1.613905250109764384e-10
-2.100927201934488297e-12
2.298661723481660333e-15
1.118211445248660215e-16
-1.413372175971775594e-18
-1.704159563483796554e-20
7.882052588105007418e-01
2.201890440108743574e-01
-9.404700506630182810e-02
2.557159462535728636e-02
2.509932684846195253e-03
-8.322892247391997650e-03
5.786595578008692405e-03
-2.321043848288526293e-03
3.078700382663541882e-04
3.388560128114382263e-04
-3.178660797573393867e-04
1.432194882414237298e-04
-2.286063833926936027e-05
-1.971392275537544556e-05
1.989523113032339523e-05
-9.203247413992254389e-06
1.263084163586123154e-06
2.175131046826866686e-06
-1.448858340034672319e-06
9.558879506441531060e-01
1.484118193001526288e-02
-2.511210066503502623e-03
4.301858066009076227e-04
-7.518108059886588978e-05
1.347450492379252350e-05
-2.475531794653505595e-06
4.632189012049275234e-07
-8.743896088244729566e-08
1.649517969997553449e-08
-3.087373551542823110e-09
5.705002758348927580e-10
-1.037343779530303525e-10
1.851313039650499725e-11
-3.234412707739721481e-12
5.513305446297953835e-13
-9.128216537878752870e-14
1.489982115765491117e-14
-2.215486232777337780e-15
9.858613760373330370e-01
1.072446945882708086e-02
-4.067384425741275844e-03
1.542614156309518592e-03
-5.850663160345483289e-04
2.219036178681721731e-04
-8.416777920563501528e-05
3.192774544541486964e-05
-1.211330447178099608e-05
4.597038972286818603e-06
-1.745375410527996931e-06
6.631329270440609196e-07
-2.522085534730824579e-07
9.606692674567039923e-08
-3.667956595817714159e-08
1.408020104994331968e-08
-5.523251332820571178e-09
2.433225541975239751e-09
-8.173357745659818375e-10
9.968159089224345459e-01
3.181552308144535747e-03
2.536745185464398206e-06
2.022621510849919080e-09
1.612695488874331714e-12
1.285935656261108483e-15
9.553818261806546739e-19
5.540176855878093094e-20
-4.100372766946030151e-20
2.955459365104078652e-20
-2.042192779650562259e-20
1.352493618227296131e-20
-8.572602148320633664e-21
5.189439265582409547e-21
-2.998143430095850210e-21
1.657508276781973317e-21
-8.938199592002909377e-22
5.041565827754790071e-22
-1.866649242601324674e-22
9.706321025822159942e-01
3.316873086572172738e-03
-2.741155909044144974e-05
1.568916886272006396e-07
-7.465521640076954214e-10
3.962989782212279578e-12
-3.309599088328900867e-14
3.607431500840743749e-16
-3.872569080435031448e-18
2.174020005111285961e-20
1.034653064590961513e+00
1.360971803488991543e-02
-2.958725202831750598e-02
1.837414147780434479e-02
-5.312892300053922295e-03
-1.347194442074962049e-03
2.657240699051994191e-03
-1.740805947963114907e-03
6.451836590445327252e-04
-4.098896967511933537e-05
-1.327996440201397214e-04
1.082098684411204827e-04
-4.601578117809130176e-05
6.576314922663669542e-06
6.590013474204600778e-06
-6.239612949465197069e-06
2.578258570847414755e-06
9.531998078574805166e-08
-4.651653928062952575e-07
1.022566675121642898e+00
-7.715415620148926776e-03
1.307989677994785818e-03
-2.176237563773500622e-04
3.495314658340844529e-05
-5.285098017213501772e-06
7.202700977420466659e-07
-7.957683520155930713e-08
4.109597017146495220e-09
1.229534492280592718e-09
-5.821834236782964950e-10
1.679219845396441611e-10
-4.078143536892267103e-11
9.021476857758528686e-12
-1.875873507660236687e-12
3.723083641926963004e-13
-7.116760950293162728e-14
1.356868830467385444e-14
-2.348739663155097747e-15
1.007142914815376988e+00
-5.456693540529057584e-03
2.084259150642996973e-03
-7.961054130479032487e-04
3.040762453950870297e-04
-1.161396295678029266e-04
4.435591135369725886e-05
-1.693843122375719894e-05
6.467076731411473218e-06
-2.468292417365930159e-06
9.415625169410271246e-07
-3.588690814324860611e-07
1.366090060794634938e-07
-5.191038884805089314e-08
1.968176624676341721e-08
-7.453385047141675861e-09
2.855549808885239201e-09
-1.212042602556358138e-09
3.964637436740336951e-10
1.001597204776559558e+00
-1.597204776559573878e-03
-6.981731132374463430e-20
6.359067886059591665e-20
-5.577638236466388007e-20
4.709608504239774705e-20
-3.826487414497199249e-20
2.989843388704520677e-20
-2.245037383325286135e-20
1.618659389557913240e-20
-1.119439046218441648e-20
7.417075943998067360e-21
-4.701610791126146919e-21
2.847200777863706456e-21
-1.645965555426851741e-21
9.110884099161965028e-22
-4.918552090955580681e-22
2.777457167630948657e-22
-1.029008940758481405e-22
1.450726817042606864e-01
