1.284309843154106234e+00
-1.818596256280871973e-02
1.197740131981030334e-04
-8.278286963036454858e-07
6.413609348307971392e-09
-5.678034857331784590e-11
5.554378069838133581e-13
-5.732124180547546563e-15
6.051782050396619861e-17
-6.514435815770697551e-19
4.193331899149090880e-01
-5.834685114745238321e-01
2.497762625161675798e-01
-5.864334011084532811e-02
-9.201527304993699710e-03
1.888955694844047031e-02
-1.191593420666694873e-02
4.801608742660330546e-03
-1.047255869280259294e-03
-2.182750028945289428e-04
3.657993412997257712e-04
-2.156586648104256239e-04
7.960174969158588217e-05
-1.364239858442258556e-05
-5.700491018751445405e-06
6.302641965081999661e-06
-2.989646793984654149e-06
6.266805820147383113e-07
5.449185300322711477e-08
1.011337469398880876e-02
-1.227252457352025726e-02
4.535303903953666338e-03
-1.245780343913367120e-03
2.832249525102943232e-04
-5.703708398335567996e-05
1.064040034123097920e-05
-1.891349636243827177e-06
3.253931529323861574e-07
-5.455741788148756816e-08
8.925914356313917575e-09
-1.421734462355592242e-09
2.193631130332804613e-10
-3.250920181294836611e-11
4.560052392207433881e-12
-5.882811373951628786e-13
6.505710593641574709e-14
-4.502905463018818104e-15
-2.972051590099882270e-16
1.657566165505094350e-04
-3.158595384355108440e-04
2.734340235664834795e-04
-2.156198820568107127e-04
1.554943732942263397e-04
-1.030661146927107244e-04
6.315359439865655283e-05
-3.599898589993232766e-05
1.921538758891501173e-05
-9.669675053226469468e-06
4.618928825540883689e-06
-2.108597822041307635e-06
9.261275950716862575e-07
-3.939047861682876031e-07
1.632850141718816136e-07
-6.650514801108041499e-08
2.716032234650865496e-08
-1.226609647485609309e-08
4.163394852936214821e-09
-2.051974894741766504e-10
3.946975676421648041e-10
-3.509732687857159389e-10
2.881935052552174429e-10
-2.180396201096077039e-10
1.514857371214702578e-10
-9.618266353897022394e-11
5.542782340937359125e-11
-2.870504766016339634e-11
1.316193261480100980e-11
-5.216503475508954601e-12
1.710479666826036873e-12
-4.197276217920694489e-13
5.157859342305124811e-14
1.266450212767513719e-14
-8.871705313441640785e-15
1.857356043714531229e-15
3.033345121101050209e-16
-2.571247112200994746e-16
4.823869790003972313e-01
6.329041081732673241e-03
-3.651672596440856325e-05
1.645602490588752112e-07
-5.066309290507551814e-10
5.710960167285854398e-13
3.800467489480808793e-16
7.910331832254145740e-17
-1.682166644060786634e-18
2.287172036563545266e-20
7.860814247991982917e-01
2.070512961387193096e-01
-8.323771808683541606e-02
2.195554467309854263e-02
1.623461051882618082e-03
-6.467874480323797422e-03
4.671691204564722318e-03
-2.073079027876197251e-03
4.789475716706707289e-04
1.244449732588621775e-04
-2.034100393315380864e-04
1.202513052935987487e-04
-4.017274460327076600e-05
9.495124814520067812e-07
8.781413561111820065e-06
-6.496100398869256031e-06
2.376557858494849412e-06
2.011736454581204509e-07
-4.761497121221422564e-07
9.501803297869716447e-01
1.670237842627868285e-02
-2.811414145888799232e-03
4.770912475811191428e-04
-8.195380670903546199e-05
1.428044434468537885e-05
-2.521194508470431597e-06
4.491145491939957577e-07
-8.027119507935308776e-08
1.431625916313596033e-08
-2.536195088793649965e-09
4.446820131176657716e-10
-7.693092926441637312e-11
1.309229123237488753e-11
-2.183929088317319314e-12
3.553853670656102765e-13
-5.604125703754880205e-14
8.637500572274923716e-15
-1.206562402218834579e-15
9.840003597496975729e-01
1.212475373321487103e-02
-4.594165654287249261e-03
1.740778886143919861e-03
-6.596100983771362256e-04
2.499448907316618681e-04
-9.471661369648049400e-05
3.589653829589687387e-05
-1.360675571802385794e-05
5.159159387855464990e-06
-1.957005225423278738e-06
7.428188150117626074e-07
-2.822063617083270854e-07
1.073491299822108381e-07
-4.091433802424655651e-08
1.566597901381457736e-08
-6.121529742867934584e-09
2.681096867204045665e-09
-8.969143829100958700e-10
9.963934352702014108e-01
3.603309461437485730e-03
3.252330171274143529e-06
2.935537914930403810e-09
2.649602642872021744e-12
2.391578333435403658e-15
2.111219794676364270e-18
3.814598450769648985e-20
-2.650406117724936848e-20
1.854461571768645812e-20
-1.238765686413153937e-20
7.892910849256608526e-21
-4.782486999084302345e-21
2.749302444410011747e-21
-1.499618186421582915e-21
7.747426130115753585e-22
-3.809959441554781849e-22
1.934850748558696235e-22
-6.812748842670226258e-23
1.032056894767894972e+00
2.440437640016470539e-03
-2.592854028470959680e-05
1.966068824597857663e-07
-1.302495218392399715e-09
8.595819405455532483e-12
-6.503383676742603234e-14
5.994522504074892535e-16
-6.273663527409418280e-18
6.886292633394926058e-20
1.054769964866027143e+00
-1.149802621325786943e-02
-1.643049194485468600e-02
1.366102663282097070e-02
-5.141677931338207823e-03
-7.819372012127816165e-05
1.571995767453101579e-03
-1.247679231171679040e-03
5.732875867732658420e-04
-1.270683915438910972e-04
-4.631538272588778574e-05
6.694899770373771101e-05
-3.945077905319752581e-05
1.350433320427506907e-05
-6.791567423460079712e-07
-2.614553843171413515e-06
1.963435566367952985e-06
-7.609927568839017292e-07
1.395804741496582102e-07
1.025546856969456577e+00
-8.729148130947626816e-03
1.477903349335865386e-03
-2.455173368735011005e-04
3.946240632682171303e-05
-6.022874803484836303e-06
8.485845919950406490e-07
-1.043377071575684307e-07
9.396767185347456575e-09
3.392804037264350128e-11
-3.087489885198829156e-10
1.064104133326832116e-10
-2.733059168178111754e-11
6.171992502087270386e-12
-1.291057577830612629e-12
2.559223700884752050e-13
-4.867145962233826095e-14
9.209711134389996060e-15
-1.582466309105552556e-15
1.008087637134631231e+00
-6.178382745606125076e-03
2.359906405075491102e-03
-9.013817868423989977e-04
3.442789192552053756e-04
-1.314885093204765803e-04
5.021341223596930027e-05
-1.917214446151015273e-05
7.317859752795495615e-06
-2.791736249281961157e-06
1.064189261006971950e-06
-4.051819586956140434e-07
1.540108880207585334e-07
-5.840692687558393749e-08
2.208864866215086776e-08
-8.338661975402405623e-09
3.182546193592308214e-09
-1.344634669133934721e-09
4.385448898196861397e-10
1.001808453723088910e+00
-1.808453723088851830e-03
-7.414962363389709336e-20
6.700521777742029350e-20
-5.811975206015080963e-20
4.836869875465978626e-20
-3.859924949787115218e-20
2.951532230675494540e-20
-2.160599830200188417e-20
1.512429448383977588e-20
-1.011026055875243435e-20
6.443546839534483930e-21
-3.907555147352098118e-21
2.249530543442984565e-21
-1.226473634485147995e-21
6.331120622544680854e-22
-3.133619629227547670e-22
1.596775888482571050e-22
-5.562548309398918741e-23
4.202105263157894788e-01
