4.204693331940725365e-01
-9.351063690541199479e-04
1.050850817835577001e-06
-1.422811806335159721e-09
2.354812479931159628e-12
-4.489673506408860220e-15
9.220637154722417548e-18
-1.693388818063747324e-20
4.253844244782378460e-22
-1.564034785264489010e-21
2.504388769174149543e-01
-1.745279230536538606e-01
1.003711595978669900e-02
1.087805802736890350e-02
-4.259512106153553850e-03
5.716776525533467891e-04
1.309398127668444422e-04
-8.827762091822907308e-05
2.155842048834058763e-05
-1.500885282765021179e-06
-9.575792718461452881e-07
5.126844925561185797e-07
-1.671392867493186744e-07
3.896825387389833080e-08
-1.224481924012223810e-09
-5.108809847835110567e-09
3.046771822103657255e-09
-7.891047882263481960e-10
2.223936285499937087e-11
4.392164572629301406e-02
-3.832638986859605162e-02
9.209917232468528558e-03
-1.535086290282532779e-03
1.909591872768632193e-04
-1.651922998515418031e-05
2.935751437860941372e-07
2.745965053017966329e-07
-8.114297301456374757e-08
1.626310698782188883e-08
-2.682339829352013934e-09
3.748805718968165043e-10
-4.237803493014471014e-11
3.018301396007921122e-12
1.699138599995086260e-13
-1.220960040568049951e-13
3.056703596375656800e-14
-5.788958965644650316e-15
8.576213588985380440e-16
2.010938053256933894e-03
-3.733689218512566219e-03
2.995993620170124203e-03
-2.094205109761403984e-03
1.288950363519127855e-03
-7.070120504616106112e-04
3.499060041739142325e-04
-1.581461818030899030e-04
6.603356213198764203e-05
-2.574946546324198576e-05
9.469910733076090272e-06
-3.312744297028075039e-06
1.109547655701112142e-06
-3.571572137813567703e-07
1.104472323803679444e-07
-3.257187250784378597e-08
8.975836165488318705e-09
-2.273687710066022421e-09
4.444298384583660134e-10
1.910786077508218170e-09
-3.618736926411387372e-09
3.069245305062562148e-09
-2.323736147497305184e-09
1.560642044665018953e-09
-9.202894393218213139e-10
4.686202137158912352e-10
-2.002768043133509785e-10
6.797766061101054389e-11
-1.592300792616680817e-11
1.115091654430080670e-12
9.188791152678876036e-13
-3.863168261153547563e-13
1.852759047589988528e-14
3.527976855006441644e-14
-9.534533693527663760e-15
-2.306336695617324014e-15
1.298736944002192161e-15
1.047381670401324497e-16
4.852096514048941933e-01
8.019426808891538024e-04
-9.278191194367731080e-07
1.242013068852328633e-09
-1.852526908504640314e-12
3.013473354406733827e-15
-5.244644120389485524e-18
8.365976346569983559e-21
5.848702092624449195e-22
7.951734717538985630e-22
6.315512276014548787e-01
1.513634356187120444e-01
-6.651506198929992876e-03
-8.535911208075347076e-03
3.541776942492025348e-03
-5.853617229995188237e-04
-8.259507674195896998e-05
8.181840625200105565e-05
-2.423493764683001036e-05
2.216296992753455666e-06
1.296947362386910134e-06
-7.297756175117770386e-07
1.832795950373510004e-07
-9.043348153099081415e-09
-1.381209998875616237e-08
7.073461545822946121e-09
-1.779422486526872271e-09
-1.918463917168327924e-11
1.669576020477862334e-10
8.310811372215359816e-01
5.169303068722319594e-02
-7.567984405105403038e-03
1.024644429287327159e-03
-1.220904043436463388e-04
1.148047135037039318e-05
-4.864532690077867919e-07
-1.213377381835540780e-07
4.502556897620727521e-08
-9.928550194910726270e-09
1.778368616380511156e-09
-2.761225198129115779e-10
3.737511605491205791e-11
-4.221735138233057074e-12
3.293654426849182591e-13
5.420221517295144330e-15
-9.394010251820532142e-15
2.660189503695592099e-15
-5.135798872285399224e-16
9.431533416687755134e-01
4.218024286324825040e-02
-1.564566592707635623e-02
5.800894944248868347e-03
-2.149031652237169687e-03
7.949865126471324485e-04
-2.933758388728964018e-04
1.078557016601932347e-04
-3.943085875063195199e-05
1.430338137501430048e-05
-5.134650877617128454e-06
1.818626517849037230e-06
-6.333344794115778245e-07
2.159692348783996575e-07
-7.173373564002443831e-08
2.303441626388027018e-08
-7.087596373757963796e-09
2.171205608508459433e-09
-5.389089904614780685e-10
9.869173778705360167e-01
1.303969296808912999e-02
4.278829413282037199e-05
1.404050018058596246e-07
4.607233147368061417e-10
1.511808933130328941e-12
4.963075583590553446e-15
1.476024674038434731e-17
1.019038037301547966e-18
-5.721039132604195607e-19
3.146638385360533898e-19
-1.594830671077121222e-19
7.379695354129182917e-20
-3.072962797911390907e-20
1.126757417772085832e-20
-3.474946704221481714e-21
8.289600828710540910e-22
-1.317805859178936992e-22
2.977021041590038833e-24
1.301190673023758793e+00
-5.188825298337221672e-04
6.860128346962164513e-07
-1.082080822567805177e-09
1.884533535609209180e-12
-3.480695380250563110e-15
6.681180705577555398e-18
-1.197386867052431620e-20
-1.023035867132397335e-22
-7.240288828895709779e-22
1.211374556230307320e+00
-9.197199840734195109e-02
4.839895222878630790e-03
4.951318130171300513e-03
-2.208687934365196302e-03
4.409200259002953905e-04
1.690106834947988071e-05
-4.819883002325774134e-05
1.931333867300524506e-05
-3.703844998612475101e-06
-3.559168424685729678e-07
5.653469504817730346e-07
-2.220920056124314422e-07
3.952819782593793738e-08
6.855181937213876465e-09
-7.709841726187103911e-09
2.760027229115047333e-09
-2.779323476356960890e-10
-1.445620385003810073e-10
1.092042129896381386e+00
-3.007851045793938360e-02
4.582684790571960390e-03
-6.270106349752920753e-04
7.334299007678192896e-05
-6.545913423944092300e-06
2.244256264855876772e-07
7.505156212705688959e-08
-2.464185272015806819e-08
5.063600952590251632e-09
-8.567068959849285612e-10
1.274005694166095475e-10
-1.693852028164379327e-11
1.995574718127501197e-12
-1.993143879845466349e-13
1.437346099211905047e-14
-2.296016282902931329e-17
-2.763497342396010407e-16
6.997436454833821532e-17
1.029535576706860578e+00
-2.255426582746139150e-02
8.607289412443350912e-03
-3.281543519709083107e-03
1.248849962391511545e-03
-4.738245085650016029e-04
1.789069252316410289e-04
-6.706974087862978544e-05
2.489314999515353905e-05
-9.117246147962510997e-06
3.283254915189662969e-06
-1.157942254442192202e-06
3.981947235191607085e-07
-1.328119734826328813e-07
4.265938512816540758e-08
-1.304685171160435800e-08
3.723392190329743492e-09
-9.874636802121421258e-10
2.045501862339320779e-10
1.006606059281291543e+00
-6.606059281291547410e-03
-1.143387272214435336e-17
9.902969211708445515e-18
-8.088093046767455139e-18
6.221387276562934568e-18
-4.499248210937334228e-18
3.052210072774411799e-18
-1.936507467410338946e-18
1.144641784589221757e-18
-6.271119786712693166e-19
3.162686408566340282e-19
-1.454253502904405066e-19
6.011744324663224126e-20
-2.185191544077595260e-20
6.709179069792779119e-21
-1.580367057281279508e-21
1.762071339309911605e-22
3.335829565832438244e-23
7.754036213029658064e-01
