2.864050392678402224e-01
-2.515535162207364677e-04
9.116125900180823470e-08
-3.211717834637510324e-11
1.141085806806050081e-14
-1.044592986047747043e-17
2.177903974793853511e-18
5.281477999343124546e-18
-3.943466808110228623e-18
4.734430823578842377e-19
2.120376393187868858e-01
-8.607436349239654116e-02
-6.847416571877453645e-03
4.776771466275167750e-03
-4.820370615862897175e-04
-1.111150489799420327e-04
3.656529492536331243e-05
-1.512389515895634950e-06
-1.169950515123182287e-06
2.409525231691278533e-07
6.497371713593515191e-09
-9.796590000367911716e-09
1.249082256577938843e-09
1.413494363470961448e-10
-5.886717465691426878e-11
4.621323267100171316e-12
5.385860724223948326e-13
-1.431772441037780657e-13
4.046419199257882076e-14
6.841822606682734786e-02
-4.651758408566488562e-02
7.733632127240661416e-03
-6.843522131494063788e-04
-3.841515619441886494e-06
1.321218205866870650e-05
-2.752968235177703506e-06
3.597457461857935561e-07
-2.869586788802173345e-08
-3.728386360672141533e-10
6.386042317632145451e-10
-1.380067356792412268e-10
1.879489724500587630e-11
-1.521073084545874556e-12
-3.330051022486406624e-14
3.864656458763605499e-14
-8.130932189962049647e-15
1.068289645603278138e-15
-8.948158402217667205e-17
4.848657082910734842e-03
-8.835436991027786208e-03
6.716551292636260134e-03
-4.311684147623847697e-03
2.372103213403272889e-03
-1.134656313080701284e-03
4.777048146416414359e-04
-1.785325959198706778e-04
5.935946220576621986e-05
-1.737618657533877408e-05
4.290820758369642406e-06
-7.534841241143316327e-07
-1.301618645414036447e-08
9.957570267428696553e-08
-6.594567266944619174e-08
3.297382173887397400e-08
-1.482705832031126252e-08
6.924822047603738323e-09
-2.353273761830294146e-09
3.921748535031818801e-08
-7.367741853944248754e-08
6.096828183826597821e-08
-4.421518866293712194e-08
2.782768222637799635e-08
-1.494359951314171061e-08
6.644069584738010293e-09
-2.302690567377858026e-09
5.296139596036953439e-10
-2.305669860177236663e-11
-3.760522398846890422e-11
1.316948632028425116e-11
4.644722025043786633e-13
-1.534112191284475565e-12
2.295000697520310348e-13
1.526944059518195874e-13
-4.970690546453048081e-14
-1.390632568214402108e-14
7.818609489045645098e-15
6.493558895537119291e-01
2.032698021216500879e-04
-7.734761214860369276e-08
3.108382571269613590e-11
-1.288846467331616253e-14
5.741408018769144182e-18
-2.195500962589413147e-18
-1.769785646267237700e-18
3.183305816371227228e-18
-1.190181832333464373e-18
7.094173289708568531e-01
6.967492791622359460e-02
5.855612711936794730e-03
-3.648903215491027148e-03
4.196480856587215483e-04
7.475406542781264574e-05
-3.130018228657835080e-05
2.571194689227820681e-06
8.684248099982235814e-07
-2.723737878978873455e-07
1.322787527145379128e-08
9.344377305827429837e-09
-2.341188069235441657e-09
3.989746657839136425e-11
9.407910145669111213e-11
-2.006806603531456001e-11
-1.124425291323427803e-13
8.963575151075417886e-13
-1.792887123536041276e-13
8.335728719829486044e-01
4.610723718509519148e-02
-5.300747600465886833e-03
4.119066553914149903e-04
2.174095794308399887e-06
-8.044424480956414842e-06
1.778083883827862528e-06
-2.537470871526821095e-07
2.457125285150250492e-08
-8.459232890859800902e-10
-2.726938505956703400e-10
7.936119155249983908e-11
-1.315217581708284697e-11
1.514029974730957635e-12
-9.485777755147433386e-14
-7.723068656892074727e-15
3.673838819609257444e-15
-7.132434291156256930e-16
9.192809982152401048e-17
9.423325176038916950e-01
4.269785933159263996e-02
-1.577039326709735526e-02
5.798538356275187954e-03
-2.114946326685014037e-03
7.612237811824689717e-04
-2.684109877149918407e-04
9.181173031001063254e-05
-3.005347323389529615e-05
9.220663629948997679e-06
-2.552548507573235060e-06
5.805293199130238439e-07
-7.005809354011615479e-08
-2.821432211625792937e-08
2.949385391848226620e-08
-1.725597379299763228e-08
8.511241245470703954e-09
-4.241445360265657407e-09
1.484249114503655655e-09
9.867084915024839642e-01
1.324719519610288374e-02
4.416556282881990811e-05
1.472460283793508153e-07
4.909153287522461017e-10
1.634045162497972159e-12
7.262948415167429913e-15
-1.129725223043850560e-15
6.724063053678990775e-16
-3.604501835495103464e-16
1.751638487130083575e-16
-7.606064563962213296e-17
2.884295997461290995e-17
-9.166359424487052263e-18
2.226004552731610644e-18
-2.911164010756612841e-19
-5.325220150077448660e-20
4.456783428308364469e-20
-1.163070151703585040e-20
1.191572005355165276e+00
-1.110362407274184259e-04
4.249740219254239020e-08
-1.801288573547584054e-11
8.233832869311334884e-15
-4.848134235878350056e-18
-1.415000160704470033e-18
5.828881678699795372e-19
-1.623403015310955323e-19
3.155662451507194725e-19
1.158614828615837977e+00
-3.829933060996255217e-02
-3.315310997623925875e-03
1.970397906763910519e-03
-2.230323558980592754e-04
-3.804715067754423671e-05
1.647973414846461170e-05
-1.622352180656265761e-06
-3.922199606873463402e-07
1.544667914010180467e-07
-1.475178546230440817e-08
-4.118347218625720035e-09
1.621599264814430299e-09
-1.562929389839706946e-10
-4.692132124636410475e-11
1.854055153671426271e-11
-1.737422426045256874e-12
-6.038321281959741358e-13
2.233993935093031298e-13
1.089692023584330149e+00
-2.586057742601332449e-02
2.967501731480977779e-03
-2.147956624197482512e-04
-4.902068970740513396e-06
4.802421739150963447e-06
-9.522116455371591383e-07
1.235372215346663710e-07
-1.054931832161293197e-08
1.916166329294606430e-10
1.385822829055549289e-10
-3.387100480073197741e-11
5.128674864661355668e-12
-5.607857139022143453e-13
3.783185774614845585e-14
9.666297335108216526e-16
-8.361350659760857166e-16
1.724379855007243966e-16
-2.439948581499178082e-17
1.029958163681206962e+00
-2.281503501511352935e-02
8.655494473836147090e-03
-3.261126632492083489e-03
1.214274461284101407e-03
-4.437377710945964154e-04
1.576729161895287345e-04
-5.380596560387957360e-05
1.732768653619414122e-05
-5.117637546846297263e-06
1.306107987652069829e-06
-2.384480641708055034e-07
-5.989903590668108230e-09
3.574943049292165464e-08
-2.423257955291763822e-08
1.228188210496781932e-08
-5.513558667309963364e-09
2.527839589841165465e-09
-8.444238889118718475e-10
1.006712595917919062e+00
-6.712595917915707873e-03
-6.027494489001579410e-15
5.104484220231362350e-15
-4.037300957035134302e-15
2.976385427602747031e-15
-2.039577760325399513e-15
1.294216985222380979e-15
-7.566067802091801458e-16
4.046508880466231843e-16
-1.960329908489564586e-16
8.476689218888388374e-17
-3.195418448753433490e-17
1.005965472058347761e-17
-2.396775529018137704e-18
2.919128443435070919e-19
6.793179801941618109e-20
-5.040442386531039594e-20
1.237719176736182548e-20
8.358619549553769623e-01
