5.050207933923654968e-01
-2.161082881924730227e-03
6.031795799590507438e-06
-2.280069502187550156e-08
1.027389761123444160e-10
-5.026454316454048252e-13
2.559027796713542847e-15
-1.331909712314692368e-17
6.579703984189917926e-20
2.438324132286335637e-21
2.586196884757408498e-01
-2.263895799211422255e-01
3.655904076543191328e-02
8.133211698063932613e-03
-7.463765079068965594e-03
2.687848132228621342e-03
-5.437526553001857449e-04
-6.078842292103198080e-06
6.351088756648601264e-05
-3.668973837056181626e-05
1.505309173878573849e-05
-4.772316411530341256e-06
8.338242054150525945e-07
2.890770375550635924e-07
-3.749923182600181400e-07
2.125575294892368885e-07
-7.441758566086447753e-08
5.792118040724216900e-09
6.146135070774665185e-09
3.195895925775224522e-02
-2.992946410218762926e-02
7.953893526848306375e-03
-1.523576812491125605e-03
2.345672334122846233e-04
-3.053078407485062650e-05
3.348986765953386607e-06
-2.746696177280741024e-07
4.103363938440097795e-09
5.020814422892135266e-09
-1.556575134876823869e-09
3.387607609284837688e-10
-6.282276724039791512e-11
1.043072736258248947e-11
-1.567278195872407450e-12
2.103981997039096426e-13
-2.401481708580851590e-14
1.906069118191272884e-15
8.650420306957947862e-18
1.253457985654863422e-03
-2.338496070200707464e-03
1.902921346450476073e-03
-1.360049034771173898e-03
8.620357806356388495e-04
-4.899592990670067170e-04
2.526560676330582536e-04
-1.195997242830773523e-04
5.257356431686873290e-05
-2.170154101455996204e-05
8.502031978154845921e-06
-3.192763988910759019e-06
1.159521337290916088e-06
-4.103245446938346014e-07
1.423304246554598306e-07
-4.863552653540758770e-08
1.655655809700348567e-08
-6.097561113317052124e-09
1.813053542614037468e-09
4.632919895870173956e-10
-8.793372325845625830e-10
7.508461027977415995e-10
-5.751296011799258238e-10
3.930228975594300181e-10
-2.374947908308699007e-10
1.251277602372494985e-10
-5.615682110047621051e-11
2.057425002955507675e-11
-5.593267316563865365e-12
7.910386428071661229e-13
1.519335337768649220e-13
-1.178985380517749790e-13
2.060740895775629924e-14
6.310436902456781674e-15
-3.634333077389751038e-15
4.810937672743299380e-17
3.725931392207109186e-16
-6.505242620352224961e-17
3.901149126153448665e-01
1.805258971520360377e-03
-4.554359693263429124e-06
1.448465244677358489e-08
-5.349698507288501692e-11
2.181034824627342367e-13
-9.500525369534541522e-16
4.331867591337132583e-18
-1.629549856170583326e-20
5.343040501422423548e-22
6.077438028922534929e-01
2.043312626986015235e-01
-2.734759886406105955e-02
-6.924144477385145435e-03
6.244666578767149936e-03
-2.352682470529934931e-03
4.840526880329761397e-04
2.791694812540846077e-05
-7.560964533108066089e-05
3.871892576331309297e-05
-1.224166455561774145e-05
1.938999422998659686e-06
5.486099681331158633e-07
-6.185986059691848548e-07
3.061219264082509177e-07
-9.945932641221453497e-08
1.432885111882753169e-08
1.002090989568955382e-08
-6.800331248335482871e-09
8.408354542761610206e-01
4.973627157158080903e-02
-7.625788543862994234e-03
1.130381366152410656e-03
-1.592133362078912071e-04
2.085881735892803360e-05
-2.454754151558748676e-06
2.385734206711723537e-07
-1.320290420153332327e-08
-1.669802645640528816e-09
8.038736786113901827e-10
-1.993069020456192850e-10
4.028570363874732936e-11
-7.274890749667874405e-12
1.211278544062409751e-12
-1.879713542308088383e-13
2.716412054330675742e-14
-3.654717620114029832e-15
4.273386005426560004e-16
9.468403575398669503e-01
3.952438783306425757e-02
-1.469236583931904372e-02
5.460885822721591766e-03
-2.029206879830016113e-03
7.536880113112331709e-04
-2.797160989146216139e-04
1.036804195671721531e-04
-3.835719927647963457e-05
1.415166932824596914e-05
-5.201734085081086862e-06
1.902749911581561714e-06
-6.918085111209148506e-07
2.497036211682147334e-07
-8.937240992952114744e-08
3.171558987466380613e-08
-1.126177212709657936e-08
4.350189157157383722e-09
-1.334074849604399860e-09
9.877895755665953015e-01
1.217303672668947588e-02
3.727322743391987597e-05
1.141287514800913253e-07
3.494565085210738204e-10
1.070018164889554212e-12
3.276432207905418369e-15
9.969445717714999143e-18
7.148041796236544457e-20
-2.455129616851727076e-20
1.401217704792592171e-20
-7.410507408217365381e-21
3.580576306456192884e-21
-1.591170276939568364e-21
6.125117630394504254e-22
-2.081776471922757392e-22
6.224836884437892630e-23
-1.476431471997379578e-23
3.647577897188704795e-24
1.376850780945670927e+00
-1.367882805625692411e-03
4.283727398084271125e-06
-1.655690545539548847e-08
7.122057378194884048e-11
-3.262878809486947209e-13
1.558837235859789567e-15
-7.672183627403365277e-18
3.439760563658265514e-20
1.809910059975236126e-22
1.231897631109268421e+00
-1.322278509384990641e-01
2.075740982512278357e-02
3.190652192664024910e-03
-3.955919622777668426e-03
1.776724522528389839e-03
-5.060639120166967111e-04
5.654013214977613859e-05
3.886097314195994937e-05
-3.292752140070481608e-05
1.485303983438561196e-05
-4.257279120132413643e-06
3.289988058357854093e-07
4.894909357154515418e-07
-3.740876056227415652e-07
1.620322417600508481e-07
-4.094790420475883263e-08
-5.152481290842687078e-09
7.484582917530830714e-09
1.086512866290398005e+00
-2.897900458074115226e-02
4.681196021068031315e-03
-7.159493689215595466e-04
1.020860886400531405e-04
-1.337535830177111097e-05
1.574589832982256350e-06
-1.576966099778593005e-07
1.098456527938620666e-08
2.393359883103295844e-10
-3.001903747169253941e-10
8.008841300935785524e-11
-1.641329651425710848e-11
2.980388467807898343e-12
-5.036152228635434331e-13
8.114683049175501470e-14
-1.267277060742932567e-14
1.989120176804350736e-15
-2.952974299106047099e-16
1.027552769681245426e+00
-2.104534860491920692e-02
8.035909149567487669e-03
-3.067253138799097036e-03
1.169922692526398963e-03
-4.456873367871493877e-04
1.694475699539017344e-04
-6.422742689430638340e-05
2.423931719479423364e-05
-9.094507952244562939e-06
3.386806683933986506e-06
-1.249809995807280024e-06
4.563225513418163756e-07
-1.646205860148610169e-07
5.861619774136168297e-08
-2.060125058238329374e-08
7.211624644405026225e-09
-2.733194090651814983e-09
8.273733840311397798e-10
1.006161574707270079e+00
-6.161574707270204600e-03
-6.265080524058858971e-19
5.459329055946932722e-19
-4.497589520086750953e-19
3.499202096094025955e-19
-2.567175896648517646e-19
1.772492013111708202e-19
-1.148811978830017256e-19
6.966646804671166696e-20
-3.936027042392217671e-20
2.060205532754092480e-20
-9.914604442480265095e-21
4.340055988255120346e-21
-1.700568950437979180e-21
5.806804672329353169e-22
-1.635252785119595215e-22
3.252097385235105692e-23
-2.773781430938072739e-24
7.526028257452064274e-01
