4.554024115875863199e-01
-1.314139440110040184e-03
2.112549203146969502e-06
-4.356962987635585798e-09
1.098916571696247468e-11
-3.102606799393501890e-14
1.015027914150650650e-16
-1.738983855887507769e-18
4.601716467351297751e-18
-4.837370430016733193e-18
2.549849007458566130e-01
-1.971861382005644925e-01
1.966974151208212770e-02
1.084572955026417984e-02
-5.780797408964368292e-03
1.284916162132902903e-03
-7.252947579018370826e-06
-1.089437445340371010e-04
4.725393452811228767e-05
-1.181068057072922156e-05
1.448174192380260979e-06
4.267063124720942397e-07
-4.386859402894358256e-07
2.229491687052590283e-07
-7.511963107144386595e-08
1.081248556688538300e-08
5.742744532674495446e-09
-5.759874261360155661e-09
2.198205952600372901e-09
3.840540652077113759e-02
-3.473561746668740041e-02
8.782344571819039256e-03
-1.571423712693654270e-03
2.187687612551189359e-04
-2.397404790374438796e-05
1.761507150686108639e-06
3.576443343861179607e-08
-4.880494832947500056e-08
1.298420304279137742e-08
-2.582337600507036960e-09
4.378706344755946794e-10
-6.501409986308253683e-11
8.290040550354570080e-12
-8.255366094379163105e-13
3.676892097418374051e-14
9.689581161480359565e-15
-3.877472387463576160e-15
8.316203485672197730e-16
1.628658740875987571e-03
-3.031473396689314016e-03
2.450255673615360681e-03
-1.732567167660789944e-03
1.082680733846885530e-03
-6.048719359849587989e-04
3.057674405340344648e-04
-1.415337655827707101e-04
6.068694725485155830e-05
-2.437254550254659978e-05
9.263651025707211138e-06
-3.363827553777633192e-06
1.176470285844358203e-06
-3.988261923108626093e-07
1.315887994410016822e-07
-4.232301957853212283e-08
1.331019686994911197e-08
-4.358007213714442658e-09
1.172807772437884277e-09
1.012226225139342053e-09
-1.919203377857897426e-09
1.633501443699289423e-09
-1.244275190220611805e-09
8.432810965689651927e-10
-5.036792574976444098e-10
2.611144788567183570e-10
-1.145168835892371458e-10
4.049083546302001970e-11
-1.029559809266679304e-11
1.129348090312439867e-12
4.244116511907223007e-13
-2.350121084142200060e-13
2.712535466768536104e-14
1.688588977843510150e-14
-6.666799753175162211e-15
-6.024431788707367423e-16
7.815943125405340974e-16
-4.369819306767080208e-17
4.443465584889711439e-01
1.124437640379576022e-03
-1.778487142784056625e-06
3.371116855203295339e-09
-7.263612697174652263e-12
1.719680744899256540e-14
-6.264935803162920012e-17
7.932201863654415748e-18
-4.620540282545882009e-18
2.874609106319146367e-18
6.190794983682250674e-01
1.740161757153925182e-01
-1.409693575674026908e-02
-8.648512656880562657e-03
4.782537577668094682e-03
-1.188770697206946707e-03
4.352809609375216457e-05
1.001163504853671166e-04
-4.946028717377731591e-05
1.227232783854588540e-05
-5.090062126881522245e-07
-1.083911273498475324e-06
5.886098320784868676e-07
-1.726073358576568871e-07
1.976755522309861086e-08
1.044753567155679696e-08
-7.914131665956276334e-09
2.905072686314278786e-09
-5.753868101407995529e-10
8.342393839947658263e-01
5.125281945411817169e-02
-7.685589661756499907e-03
1.091586581212377997e-03
-1.424228861086782537e-04
1.624114426712023885e-05
-1.421469952021241807e-06
3.710693923258529444e-08
2.195141832763072278e-08
-7.193025968391166758e-09
1.573844799015214696e-09
-2.893271677428188372e-10
4.732949297749020967e-11
-6.986744447711520339e-12
9.200829448448799032e-13
-1.028462280398251024e-13
8.103152642219589785e-15
1.579390209877709376e-16
-2.212627489670577091e-16
9.444090017615474064e-01
4.127822674536198860e-02
-1.532344274856838919e-02
5.687025816252369581e-03
-2.109635916986436766e-03
7.819086880530482344e-04
-2.893823048915343575e-04
1.068522108526958172e-04
-3.931814089867631052e-05
1.439713752958891644e-05
-5.237134030245442407e-06
1.888900142053440704e-06
-6.740664987747367286e-07
2.374493710491744647e-07
-8.235804057027339036e-08
2.805725661428960806e-08
-9.422825804650143180e-09
3.353097148046865949e-09
-9.632785899578042061e-10
9.872150296709163442e-01
1.274397543867564729e-02
4.086344066687568202e-05
1.310282486933568714e-07
4.201408817472591398e-10
1.347177153563468726e-12
4.320243158796453447e-15
1.350262340785708596e-17
2.790957019669941043e-19
-1.467852579021403842e-19
7.744038346778414174e-20
-4.080413573810821986e-20
1.553112635114366847e-20
-1.052172101673682713e-20
7.234339883955624780e-21
3.237460086434885981e-21
-8.944861379756658166e-22
-1.607208693979572996e-21
-2.186144456454590783e-22
1.332256776115394725e+00
-7.735605771382592349e-04
1.449085546658511475e-06
-3.289300241680816155e-09
8.273703780551691277e-12
-2.211447948691523168e-14
5.925562520670238737e-17
6.171650111063168147e-18
-1.812228309805672176e-18
-8.621605209002225221e-19
1.221359593958492029e+00
-1.086311003912569656e-01
1.032890667371214044e-02
4.889399783914063873e-03
-3.043731408941343936e-03
8.945115739740334103e-04
-1.050012831024832352e-04
-4.729354400356368187e-05
3.622177624393171984e-05
-1.307812403079474848e-05
2.354525603272949471e-06
4.306429815460174068e-07
-5.409586877983670363e-07
2.343635146469430433e-07
-5.402170808326569303e-08
-2.319242787923793378e-09
8.447237467243643513e-09
-4.414884773530384841e-09
1.204798483727713489e-09
1.090297806387711566e+00
-2.989625077189234439e-02
4.696311903967853585e-03
-6.811175869536881993e-04
8.862726590167215794e-05
-9.896742400495876072e-06
8.395869865078883549e-07
-2.220196476605234346e-08
-1.144248345967713494e-08
3.606283348003963461e-09
-7.556488565907800269e-10
1.337712079750622816e-10
-2.133902307530808908e-11
3.145915315457928914e-12
-4.334667471720198482e-13
5.609359255720962933e-14
-6.827144657558413068e-15
7.891302299588887347e-16
-8.352169559434892265e-17
1.028859813030945647e+00
-2.204139817307399288e-02
8.414267937362019181e-03
-3.210094218677874561e-03
1.223232497031485943e-03
-4.651816110564258402e-04
1.763308159945538149e-04
-6.651508461411738502e-05
2.491878932373920024e-05
-9.250064872729805505e-06
3.393784521990967226e-06
-1.227483638348381732e-06
4.365110316206125869e-07
-1.522135326243686967e-07
5.189578233711388551e-08
-1.724607269468789844e-08
5.594253083054455672e-09
-1.891820873243243801e-09
5.210952576698255642e-10
1.006454306694990919e+00
-6.454306694990949271e-03
-3.097827221523682846e-18
2.690057086646600041e-18
-2.206953401706075247e-18
1.708000896322194630e-18
-1.244515708095486480e-18
8.520087651230561965e-19
-5.466560134108930335e-19
3.275189418530153541e-19
-1.823561995374335194e-19
9.378236293545733720e-20
-4.417935453921271600e-20
1.882959240416616567e-20
-7.125123467669876674e-21
2.318675817927414737e-21
-6.043105709120290276e-22
9.709147161037187957e-23
1.061736545884384667e-26
7.639296623644052930e-01
