2.065558700031967510e-01
-9.971715550281158992e-05
1.899134406296847720e-08
-3.435489279474292959e-12
6.062325832116069881e-16
-1.090801130776673597e-19
8.548879606245314373e-22
7.695811951602655679e-22
-1.055355612701204527e-21
6.427270333200297588e-22
1.707030629230762708e-01
-4.351619386215303809e-02
-6.106843099559543589e-03
1.685986761992125859e-03
-1.109447560277552520e-05
-3.771492832062413937e-05
3.754716720030337657e-06
5.025998055955323428e-07
-1.301907370699703773e-07
5.174348983837067140e-10
2.841731592162256448e-09
-2.574187096921266522e-10
-4.018929860280034364e-11
8.848814740199954722e-12
1.488022329439955485e-13
-1.962387351298263977e-13
1.141937842101748392e-14
3.065841870580102471e-15
-4.151084327027610572e-16
7.828657969589240817e-02
-4.030681142564283836e-02
4.178664526465816591e-03
-1.869157328384398497e-05
-5.895915872511804640e-05
9.715287946207567195e-06
-7.627730207396382654e-07
-9.142377796066118992e-09
1.227934331815860188e-08
-1.945299095046804044e-09
1.526700985115398835e-10
2.536083252625960476e-12
-2.699747745214344543e-12
4.228674348068671686e-13
-3.136267785903745622e-14
-1.082963425292032683e-15
6.627053969095775633e-16
-9.519779375369379347e-17
5.960760500382851684e-18
7.909910791076240136e-03
-1.407490273514638499e-02
1.000062032484535200e-02
-5.775489221551932152e-03
2.757533942306565622e-03
-1.099575360334420059e-03
3.645227378092121538e-04
-9.641580216675049557e-05
1.682468715806676593e-05
8.727706685369009794e-07
-2.550130846580951342e-06
1.534189086580365239e-06
-6.927448104121375117e-07
2.709451581624846752e-07
-9.591507488624157235e-08
3.106755415019898655e-08
-9.091207014767172357e-09
2.364499629526578954e-09
-4.592932260422487788e-10
3.721045411414451965e-07
-6.929473453611140462e-07
5.580578747194336537e-07
-3.857153200280137149e-07
2.253359830464052209e-07
-1.081578705188185854e-07
4.027874825205426620e-08
-1.001967861396348853e-08
6.244893701496766435e-10
6.751996525718763682e-10
-2.493387014804782842e-10
-1.208477530306035727e-11
3.069197886633372445e-11
-3.441367414448593193e-12
-3.520126858856925807e-12
7.873572440748570240e-13
4.664784331692036673e-13
-1.117899159677986335e-13
-7.071372086401461870e-14
7.453316547037449613e-01
7.740266805771475408e-05
-1.474465000529870223e-08
2.900980773177669883e-12
-5.788648989686961143e-16
1.178245325152586229e-19
-3.327400037879424060e-22
-1.619531642991015929e-22
1.178028203589126908e-22
-7.597062912872629298e-23
7.733431470779171812e-01
3.407745964304145780e-02
4.903347431453977320e-03
-1.255279500274958816e-03
1.560934269551802605e-05
2.804506363079655465e-05
-3.284647517655168299e-06
-3.330110990923451780e-07
1.144405366458318477e-07
-3.882607751777255244e-09
-2.389894096606292568e-09
3.459652891822278467e-10
2.232370693691089377e-11
-1.083963374412230506e-11
5.914112142484750266e-13
2.037211777465895457e-13
-3.603742071007431310e-14
-1.263987710555724181e-15
1.017062595777168340e-15
8.490367463073860144e-01
3.533334803004643809e-02
-2.653978622998560272e-03
-1.272153606907133411e-05
3.949302272358710719e-05
-6.613196670683232494e-06
5.760292305256954508e-07
-5.275964081136120190e-09
-7.308270220646046857e-09
1.348710705375216908e-09
-1.303472834695183750e-10
3.242180638567917019e-12
1.344430484251730232e-12
-2.857912143840348391e-13
3.060736141048954990e-14
-1.150899577660824582e-15
-2.551219211699126629e-16
6.280808643843784559e-17
-7.200854685723120487e-18
9.449766613701447993e-01
4.051902189005597565e-02
-1.476756650557124913e-02
5.282168979921922532e-03
-1.830324022550121419e-03
6.027118763712229019e-04
-1.829637484119247897e-04
4.828988894489164664e-05
-9.354667529796221808e-06
8.303527014617108814e-08
1.175505147991755455e-06
-8.164816644243298541e-07
4.047493414997550634e-07
-1.703519598985567695e-07
6.400501647069336481e-08
-2.180689386111606143e-08
6.713233556816021479e-09
-1.892108789833284416e-09
4.112233387815923147e-10
9.872792299810134731e-01
1.268018646367157116e-02
4.045408042119744119e-05
1.290615392583029783e-07
4.122442857783430175e-10
9.674131645480555986e-13
2.274739526905593796e-13
-1.312276191950501810e-13
6.968476439340665001e-14
-3.298933781196440027e-14
1.364074564746977660e-14
-4.752395724620133946e-15
1.293122112995325182e-15
-2.159422276532885251e-16
-1.368818784712402493e-17
2.333970186557876861e-17
-7.048794038665479978e-18
-1.012972148742913108e-19
6.552167164153360696e-19
1.135155856396613538e+00
-4.018468870184272026e-05
7.386666734243500445e-09
-1.434885125145954738e-12
2.920855922788611705e-16
-6.233484820263922610e-20
-2.833973054991194017e-23
2.878088936459499042e-22
1.450240618026769079e-23
-6.846155501027304107e-23
1.120473776183531278e+00
-1.790310115139750677e-02
-2.631407274452586195e-03
6.396540871939583508e-04
-5.436283207721998720e-06
-1.393824173798736758e-05
1.575602068306813212e-06
1.586051875458376396e-07
-5.483076130576973179e-08
2.269240050146797188e-09
1.093008867921523903e-09
-1.835454417063515492e-10
-6.214476148673953738e-12
5.495324908825639548e-12
-5.018645619973002209e-13
-8.532065965367259788e-14
2.410493379966979338e-14
-5.330109793486558703e-16
-6.021498683305255375e-16
1.080126396398706667e+00
-1.909705357367683098e-02
1.383183924306227762e-03
1.973321248152592707e-05
-2.205147716004993583e-05
3.367292927573386462e-06
-2.586523630538449833e-07
-2.147722395217558139e-09
3.802398445920400167e-09
-6.096827651119627426e-10
5.227047124623371403e-11
-7.160821555093810788e-13
-5.820785973582368313e-13
1.101220444590405082e-13
-1.122824697939902360e-14
4.689728158235195013e-16
6.927348291301065734e-17
-1.871413285997553353e-17
2.363512557344448002e-18
1.028493478691691942e+00
-2.151146734427791807e-02
8.012414037295776531e-03
-2.914358339447716169e-03
1.019437507731022364e-03
-3.353338565897592436e-04
1.000250884088981141e-04
-2.508318561352992758e-05
4.060339095261499347e-06
5.261520327345631671e-07
-8.896699380643675542e-07
5.337652261847058455e-07
-2.453052527796548639e-07
9.686502544142675917e-08
-3.403495831211190110e-08
1.069720043517779193e-08
-2.935557384910116877e-09
6.516479498432275466e-10
-9.202533751024296895e-11
1.006421584517207313e+00
-6.421584516845385213e-03
-6.722476408274887444e-13
5.552610970493793322e-13
-4.236658962520345039e-13
2.976875728154178505e-13
-1.917687972440548919e-13
1.125502114179953850e-13
-5.964356710679465807e-14
2.816120191582000414e-14
-1.160087025872740511e-14
4.018405677162621686e-15
-1.081779405108770417e-15
1.749800734724947050e-16
1.448366414335884342e-17
-2.034080822918422546e-17
5.921748907324042888e-18
1.657450880371420537e-19
-5.790506639074029243e-19
8.771922284967296202e-01
