4.435938231720501501e-01
-1.170430747401586882e-03
1.661675392816675923e-06
-2.968732050848489794e-09
6.502309700548282428e-12
-1.609442789103232259e-14
4.225096151728423892e-17
-1.155431374804638217e-19
-1.185097144052809722e-20
9.190061222939595907e-21
2.536548678580062277e-01
-1.896766524846990321e-01
1.617591093574737710e-02
1.100706376492029646e-02
-5.272528835494231375e-03
1.011863436646379425e-03
5.814789287268703837e-05
-1.065546840475493136e-04
3.805111129024225215e-05
-7.317992151854049847e-06
1.303611358547892264e-07
6.026293692526719178e-07
-3.567644508607057221e-07
1.417677159616957720e-07
-3.580935211895330979e-08
-4.721385310701370539e-10
5.914106514484403277e-09
-3.447103349149819269e-09
9.924454717915953524e-10
4.018585846737683653e-02
-3.594841831868011983e-02
8.948264727879488498e-03
-1.566976920999253731e-03
2.110297852166383755e-04
-2.169792413750907699e-05
1.286417612794534924e-06
1.178553111388805498e-07
-6.090285129265460975e-08
1.443813492461791905e-08
-2.693098746369760459e-09
4.308608853619024387e-10
-5.958619158245574143e-11
6.778580249921564985e-12
-5.062555879284338998e-13
-1.994776557685235459e-14
1.826547886241412949e-14
-4.940694312586096906e-15
9.279418557349863485e-16
1.745470379263677372e-03
-3.246437786598806077e-03
2.618222027205730201e-03
-1.844866666408981511e-03
1.147544095455340371e-03
-6.375381272935480917e-04
3.202093635757185868e-04
-1.471479681798065417e-04
6.258850239123040101e-05
-2.491354660827228983e-05
9.376220668065435963e-06
-3.367196070015008643e-06
1.162848218533527109e-06
-3.884134217751720920e-07
1.258726168170725862e-07
-3.956562454845842352e-08
1.204489582340495585e-08
-3.733285866102587217e-09
9.515236646970088371e-10
1.245966802455484204e-09
-2.361556111574667028e-09
2.007859823218748109e-09
-1.526607773518482381e-09
1.031780539058537411e-09
-6.138799727330498506e-10
3.165250912457760213e-10
-1.377424541392609376e-10
4.811321981373583160e-11
-1.194557640957285987e-11
1.173889695494446752e-12
5.505008509893030779e-13
-2.785250231142343235e-13
2.658604269923222329e-14
2.166070818968039421e-14
-7.623307295699072866e-15
-9.952303336507939779e-16
9.339447705804484643e-16
-1.509864849937418305e-17
4.579541016197025138e-01
1.003520793101080619e-03
-1.425880851411545857e-06
2.398809239841706414e-09
-4.558387258201979192e-12
9.496622994725572975e-15
-2.114982156564665569e-17
4.736254141163459732e-20
5.232298009824927168e-21
-3.947853459288205223e-21
6.228829480571536070e-01
1.664268912406260958e-01
-1.138596455373980590e-02
-8.717379572861465656e-03
4.365866289456381104e-03
-9.602793722564823388e-04
-1.374309576490669971e-05
9.749985338922805423e-05
-4.032010283629767800e-05
7.931903504518923121e-06
5.216223482553537279e-07
-1.047939764189321383e-06
4.330012497274595334e-07
-9.412128453695232773e-08
-1.787845745452988663e-09
1.155704604095089339e-08
-5.555860858738029670e-09
1.329530618384933711e-09
-7.001808883674432196e-11
8.330195825270889642e-01
5.146803045424148265e-02
-7.662959459304695409e-03
1.073106382998485460e-03
-1.363899743676499844e-04
1.476531189480927566e-05
-1.119480831805452801e-06
-1.657708023244281365e-08
3.030488980965034595e-08
-8.303174838878363389e-09
1.687250614600650114e-09
-2.936622244198251687e-10
4.547585549705193747e-11
-6.274103430994130434e-12
7.462049226640841641e-13
-6.780932486335668706e-14
1.898729936760450398e-15
1.156183520885666900e-15
-3.584931424862768374e-16
9.439385057786936484e-01
4.161667382800970927e-02
-1.544467226007684678e-02
5.730107182867370461e-03
-2.124715018902486024e-03
7.870367012975057084e-04
-2.910326825835308096e-04
1.073265616193857716e-04
-3.941977245295178502e-05
1.439600186595162308e-05
-5.217215726972780363e-06
1.872139872499602313e-06
-6.635393779994912423e-07
2.316455637776938093e-07
-7.940033016578444057e-08
2.662611646302528014e-08
-8.743629877112645226e-09
3.002509087971862414e-09
-8.360653445331560474e-10
9.871036057543125519e-01
1.285468051117660479e-02
4.157881031314882237e-05
1.344877817484419974e-07
4.350043535728765697e-10
1.407032130267433158e-12
4.551933375891986301e-15
1.414166007650708970e-17
4.187785995530193614e-19
-2.220244941132152264e-19
1.234975614004775605e-19
-6.353581885728552631e-20
2.995207445920213660e-20
-1.261866428694600591e-20
4.709695032986851599e-21
-1.619194508748328219e-21
4.505407422393683636e-22
-4.399968501658584826e-23
-7.464973579980981740e-24
1.321696634190714592e+00
-6.757475362486312000e-04
1.123693472937455799e-06
-2.252901138056503641e-09
4.999372975143001709e-12
-1.177937159747896863e-14
2.887413494481866447e-17
-7.074934161134615493e-20
-4.693413094830379015e-21
3.583959303875766967e-21
1.218209918423688531e+00
-1.029601832352934759e-01
8.294463639515785996e-03
4.996870410990444412e-03
-2.763961072751940865e-03
7.216921953492580520e-04
-5.105673574814242427e-05
-5.156617755775137329e-05
3.050007706278388115e-05
-9.168666192172798276e-06
9.899625051242996362e-07
6.146204185156212098e-07
-4.375745792005042995e-07
1.472557037877562447e-07
-2.013385596017431796e-08
-8.410789656225300036e-09
6.795141104428406646e-09
-2.334007735061913466e-09
3.776683283742771168e-10
1.090982316275762809e+00
-3.000649143217095152e-02
4.670797870557453352e-03
-6.657660692307427021e-04
8.399170448236663734e-05
-8.833694802244730060e-06
6.357111646345184754e-07
1.174343601901311334e-08
-1.639504309507840877e-08
4.226081707285494651e-09
-8.161434483324622012e-10
1.363287094854019464e-10
-2.059591525287184289e-11
2.860270526069635196e-12
-3.663251437177979545e-13
4.298164335307436707e-14
-4.523286487615440747e-15
4.013676144973127233e-16
-2.380655176634429910e-17
1.029113029736409946e+00
-2.223390706294580202e-02
8.487002868329944841e-03
-3.237242938476804933e-03
1.233134636478656334e-03
-4.686427211469795513e-04
1.774473807110653041e-04
-6.681886305250096250e-05
2.496624998960414953e-05
-9.232259548998288370e-06
3.369286187108320322e-06
-1.209917302435207994e-06
4.262083243270304854e-07
-1.467915499339442851e-07
4.924128690589657798e-08
-1.601120005286753606e-08
5.032283125723259928e-09
-1.614331039840528086e-09
4.228050300980355320e-10
1.006511106441625669e+00
-6.511106441625626705e-03
-4.743297760106959837e-18
4.117302304484262786e-18
-3.373351636888265595e-18
2.605580422203188599e-18
-1.894214324232718176e-18
1.293291266926737627e-18
-8.269607881928737794e-19
4.934108563067908745e-19
-2.733939411891215036e-19
1.397810265911411695e-19
-6.536725797783085786e-20
2.760599488186175949e-20
-1.032346011537665387e-20
3.302593219902528204e-21
-8.361441773584770069e-22
1.227870871152024159e-22
5.062984935712266479e-24
7.675152586685380918e-01
