3.866232422557173143e-01
-6.756686784522835396e-04
5.524482761795741546e-07
-5.071723083326218155e-10
5.534071966246912885e-13
-6.972155846280074371e-16
-6.109266372039492422e-19
-1.117195591314770110e-18
5.022853622795498321e-18
-3.447421591636092022e-18
2.441047074820704710e-01
-1.517046902693899579e-01
2.837740838415989900e-03
9.867567832586436258e-03
-2.882208671619044919e-03
1.510032541750623493e-04
1.464510206546304288e-04
-5.196198308261352388e-05
5.820637134847995216e-06
1.489668350030937741e-06
-8.004208675775135073e-07
1.714731143367953144e-07
-1.537132335044383746e-08
-4.412471719566940731e-09
3.672360241007489191e-09
-1.618715457807980693e-09
3.934416649704194643e-10
5.153433962834459706e-11
-6.524148017077002908e-11
4.988715568567187592e-02
-4.162349066446719564e-02
9.383079409266357682e-03
-1.425294367548312876e-03
1.502721860516265117e-04
-7.712279223560959809e-06
-1.155565149824296144e-06
4.607661509320688343e-07
-9.670848572647229336e-08
1.574727542173473351e-08
-2.083489391118700754e-09
2.064500535938119398e-10
-7.964971038634995128e-12
-2.686710758896258824e-12
9.295804731209175060e-13
-1.915388628767409442e-13
3.028208346051238584e-14
-3.666889443968929622e-15
2.705882271443604498e-16
2.499777566298063032e-03
-4.626446942265985927e-03
3.677941549321043623e-03
-2.533301466572365334e-03
1.529262324850557677e-03
-8.193801167559561184e-04
3.946528316757226497e-04
-1.729644716075722552e-04
6.976220983583008163e-05
-2.615832034884943644e-05
9.196682708452809339e-06
-3.050353862340678955e-06
9.567135308245137712e-07
-2.825536005504540835e-07
7.723901126778095079e-08
-1.856294194223066578e-08
3.182519712117681255e-09
3.320954273935604886e-10
-4.329967656555676910e-10
3.751306040373267819e-09
-7.094074856019239032e-09
5.990147185034164432e-09
-4.500241016295082187e-09
2.987651164050848542e-09
-1.733101264625066007e-09
8.623013268440857678e-10
-3.562153008949829399e-10
1.143742072903020671e-10
-2.370464966531688096e-11
2.023141365781746466e-13
1.929593143414516927e-12
-5.994947411181280978e-13
-3.093883932804111734e-14
7.043838243065142567e-14
-1.070887095087892262e-14
-6.515818946253169873e-15
1.890237684837399347e-15
5.862772527945429470e-16
5.261688510519771933e-01
5.751326771982580906e-04
-4.975524257614321290e-07
4.828587423370570595e-10
-5.108482498158710182e-13
5.936103491775968593e-16
-2.732225760883105920e-19
-3.917971644749096223e-18
6.357295622151978017e-18
-4.295765610315417344e-18
6.470331301304115268e-01
1.292745013852613645e-01
-1.161820546717808435e-03
-7.681008736701942091e-03
2.420027892094403499e-03
-2.109753413114516952e-04
-1.086965352949738919e-04
5.054995181212237741e-05
-8.368452935402441085e-06
-1.046081455732063674e-06
9.881493138293671886e-07
-2.572708568552264641e-07
1.305579926983682766e-08
1.550186197137129666e-08
-6.675067940243113048e-09
1.230721391249901808e-09
8.418806396406915082e-11
-1.477422030525547494e-10
4.889590571588351460e-11
8.294062903616177262e-01
5.148728651471590895e-02
-7.289740714916411075e-03
9.216826872053339274e-04
-9.536819775458672572e-05
5.951338365536272895e-06
4.609920382557059409e-07
-2.545743029178860596e-07
5.897342183106140643e-08
-1.044303399686516963e-08
1.543912031564802217e-09
-1.895695179357921639e-10
1.728654344981135995e-11
-4.495713791117222247e-13
-2.735185818324210486e-13
8.647276457595294216e-14
-1.769978489607159630e-14
2.953055596286142166e-15
-3.952350680574851319e-16
9.423449714743212802e-01
4.275665862621675500e-02
-1.584821836473515599e-02
5.869897262934089220e-03
-2.171013233329448493e-03
8.009549510653244655e-04
-2.942884274362756901e-04
1.074489539305994616e-04
-3.887418598625910250e-05
1.388778936641868162e-05
-4.878648002107466914e-06
1.676757999373033503e-06
-5.602562090452829386e-07
1.804052034613151617e-07
-5.521661460475795309e-08
1.564458427974709842e-08
-3.832094805362844792e-09
6.132873952381857637e-10
3.007978898247968095e-12
9.867248427000131494e-01
1.323095313691291172e-02
4.405697023938079414e-05
1.467027058656969762e-07
4.884967036976097325e-10
1.626602022464158999e-12
5.426612100903066324e-15
1.116455730702597018e-17
4.368673082778039602e-18
-2.514072413227313324e-18
1.353215011344353152e-18
-6.644768843546875269e-19
2.980436012656123922e-19
-1.201620580192741768e-19
3.951229071132006052e-20
-1.326826161596320792e-20
4.786308877317690100e-21
8.293611673712463868e-22
-8.708941979924680419e-22
1.271811125656657104e+00
-3.528835654749338212e-04
3.367405018603531233e-07
-3.769411507832204067e-10
4.639595858668224930e-13
-6.011393420431111520e-16
5.187868357191574248e-18
-3.853886602201884153e-18
2.667068969621322416e-18
-1.342761897880648071e-18
1.199924069019506989e+00
-7.648686470285789851e-02
1.024451542202672091e-03
4.436807382206670904e-03
-1.463511246108245133e-03
1.664376125879519282e-04
5.187356609613958579e-05
-3.145729593425006042e-05
7.364527850120298563e-06
-1.224769257862014346e-07
-5.978869294361646271e-07
2.445931047924660048e-07
-4.112801745617982916e-08
-6.710844768428171868e-09
6.569430154663170914e-09
-1.962369219751184027e-09
1.464688678573930593e-10
1.483238206720231328e-10
-6.800942381057698057e-11
1.092867071110427357e+00
-2.980099468254798420e-02
4.354360157920757896e-03
-5.493195824096205751e-04
5.451692710946233911e-05
-2.923411255796543957e-06
-3.484578077753501608e-07
1.484399439606532349e-07
-3.136509632756467478e-08
5.167206664263588726e-09
-7.188884773515538330e-10
8.471192233214369466e-11
-7.890298394861443265e-12
3.981700195245262241e-13
4.854061531313087409e-14
-2.001429395893512745e-14
4.241966720594403911e-15
-7.447281599336427071e-16
1.128823872757981244e-16
1.029969780640695554e+00
-2.288022477472863997e-02
8.726926441415507746e-03
-3.323428518239033951e-03
1.262090328567009104e-03
-4.770354150874519888e-04
1.789877927814493468e-04
-6.644069414968011293e-05
2.429924699575661696e-05
-8.713844221709476185e-06
3.046945946180069055e-06
-1.031942694322904305e-06
3.355813246107576890e-07
-1.034346487223410349e-07
2.953264786703713292e-08
-7.414645045290667942e-09
1.356618744713206461e-09
8.624241543697281107e-11
-1.573094292818995830e-10
1.006704255878755783e+00
-6.704255878755634342e-03
-4.602843812093107092e-17
3.970048835055407573e-17
-3.223845550757995418e-17
2.461118127629053144e-17
-1.762876372556016482e-17
1.181848581808262767e-17
-7.391650079795014162e-18
4.294126426082253587e-18
-2.303798757784304784e-18
1.132507210033613385e-18
-5.044478882115263164e-19
2.001773793330645564e-19
-6.881685691767383268e-20
1.941832360120989295e-20
-3.878210661277039153e-21
1.092244729296220238e-22
2.134318723616570464e-22
7.887222709893237926e-01
