6.966902331157159844e-02
-6.941081376597911785e-06
2.461689589515273856e-10
-7.936064026582205583e-15
6.855686290195287898e-19
-9.758299511536632525e-20
-9.057026045052690675e-20
2.468143662684543792e-20
4.044411207055553361e-20
-1.471878517990852268e-20
6.653187604704122182e-02
-4.014111527401506042e-03
-8.491932527183135467e-04
3.846498924205079309e-05
3.522450858488076036e-06
-2.434001757063616547e-07
-1.145190764827191391e-08
1.287741827163784028e-09
2.641124041159711206e-11
-6.107167572984343743e-12
-1.220784751576047080e-15
2.656403651181839684e-14
-4.980373285377841801e-16
-9.349490943354715627e-17
5.115885723948621539e-18
-1.764277860455664928e-17
-1.785560988586273287e-18
5.952077980789076110e-18
1.935887464294320188e-18
5.321656604322722722e-02
-8.785630677151219647e-03
-2.314385858334337817e-04
5.892887825518525419e-05
-1.718895861518512794e-06
-1.790508038958580503e-07
1.580897457868677301e-08
-1.054881925021990105e-11
-6.468513851074397101e-11
3.184632602973569928e-12
1.099228875616016063e-13
-1.847672568804205824e-14
4.544692476058582354e-16
6.078645618450915693e-17
-1.609754497139674524e-17
3.906701461055890214e-18
-7.279177212840571165e-19
-4.244552983066681160e-18
3.668198562991102783e-18
1.308596543435462493e-02
-1.964677263019443815e-02
9.033709738669373074e-03
-2.513790683440242021e-03
2.465781226513765324e-04
1.433154172480912271e-04
-9.200523152578520838e-05
2.985521393693491747e-05
-5.740187766903238236e-06
9.050687103132528974e-08
4.452621403565141412e-07
-2.150062491539228963e-07
6.305374601082266746e-08
-1.149888546079290207e-08
1.033754753823662427e-10
9.212200693940083631e-10
-4.441194691471313756e-10
1.356813329589951617e-10
-2.648731896829504004e-11
5.617917140104027794e-05
-1.003124228235248341e-04
7.072262182535688987e-05
-3.806494667517218612e-05
1.431850155712443998e-05
-2.725186469247002552e-06
-4.637616799357253643e-07
4.022692577739249178e-07
-1.772487874261136647e-08
-5.014245229029874324e-08
6.081258996601075820e-09
7.428884422495407800e-09
-8.345594041346847041e-10
-1.309269226363820993e-09
2.129277785529826716e-11
2.465692952930434353e-10
4.170230843440431912e-11
-3.763500129657919965e-11
-1.730655172507834809e-11
9.100052889719254523e-01
5.288796216854614649e-06
-1.757028569616574251e-10
5.707236445550755738e-15
-1.906822909290849800e-19
5.783220088190376367e-20
-5.870225839606114646e-20
9.958417049304611124e-21
2.373737971104744441e-21
2.019003831389985016e-21
9.124054291449718024e-01
3.073961363071018617e-03
6.543522926034387377e-04
-2.743151571999215152e-05
-2.508840735833987453e-06
1.741537919266666391e-07
8.081580465869275034e-09
-9.379792434686042897e-10
-1.828424025604506560e-11
4.540206437493573660e-12
-5.925107183728417226e-15
-2.014671770204312977e-14
4.237341895924684606e-16
8.114982598826421396e-17
-7.129093329584612113e-18
-7.768309534683329432e-19
2.322848205842254754e-18
7.059113427533898353e-19
-1.056323727980064750e-18
9.227435634688508914e-01
6.900682297565160009e-03
2.179266475811940048e-04
-4.211643399369642332e-05
1.194699188090422451e-06
1.239651800917562235e-07
-1.127525118821172076e-08
3.194741595362505409e-11
4.581530041059101165e-11
-2.411463159183353210e-12
-7.086801734824620823e-14
1.362727236737846989e-14
-3.906163971431789670e-16
-3.694254141727275413e-17
3.448893528122801420e-18
4.590248129353818329e-19
-4.923933711469835265e-19
-3.904554112428133550e-19
2.151654391738685097e-19
9.623479958218966734e-01
2.446004530353592873e-02
-6.804492575452249746e-03
1.379393567451193481e-03
-6.658501490327854916e-05
-1.020471229731669216e-04
5.859188620783644606e-05
-1.946882339055013624e-05
4.063527258258957160e-06
-1.863022410611431232e-07
-2.737585661926680436e-07
1.462064985899131173e-07
-4.540358671758134646e-08
8.898665225001476072e-09
-3.357038767710592285e-10
-5.955706189884659680e-10
3.097636809366350413e-10
-9.912049684458908543e-11
2.035321107873808662e-11
9.906064227605796413e-01
9.371433266341358884e-03
2.211668936183999769e-05
1.050352758191843656e-08
2.639252625090563259e-08
-1.425125476338974695e-08
6.420088521484294886e-09
-2.262722781154201294e-09
5.320687836819257126e-10
-2.438517388500841306e-11
-3.994670819427353980e-11
1.501943407572004525e-11
9.210581826695516905e-14
-1.731926044875297041e-12
3.519653322570198909e-13
1.571271798384523036e-13
-7.270992910879769583e-14
-1.203496538532818353e-14
1.158823215649453304e-14
1.045915038738974401e+00
-2.658804280090882532e-06
8.571731974469081352e-11
-2.690444726821756255e-15
6.557066473997719891e-20
1.890873488871715935e-20
-8.137197438566791974e-21
9.273709476331363478e-22
6.659060517965005470e-21
-5.041862954095679980e-21
1.044706440737711572e+00
-1.548468125801996968e-03
-3.304029572912070101e-04
1.344448726439201802e-05
1.240187570768823447e-06
-8.276223922764909466e-08
-3.926989063577678419e-09
4.323814722987263332e-10
8.985554832282607746e-12
-2.035359922461445991e-12
-4.610730662183042157e-16
8.815373848074711204e-15
-1.657694137572876072e-16
-3.488022560738776382e-17
1.211110066518793960e-18
7.288432495919274139e-20
-1.492724685613343565e-18
2.628939580675857127e-19
9.196737702942186166e-19
1.039477094568027393e+00
-3.501407208160462609e-03
-1.147117755609256684e-04
2.113630277561505093e-05
-5.538127136056507408e-07
-6.289866076917102888e-08
5.322211716161071919e-09
3.634280705444984782e-12
-2.181634577546772542e-11
1.038297873882458105e-12
3.757732275957220240e-14
-6.032809458093088512e-15
1.454985157511712698e-16
1.766923794022273204e-17
-1.742747055307622923e-18
-1.143923643332435603e-19
3.939915545976239772e-19
2.148452772815738745e-20
-1.457058385152878507e-19
1.019172455919843401e+00
-1.257569296575890803e-02
3.504450364935178530e-03
-7.005375408840154106e-04
2.632414446898876447e-05
5.571614257568984738e-05
-3.070906375022378911e-05
9.849413791307191571e-06
-1.919214205303677351e-06
2.479154463235944619e-08
1.575981508736963741e-07
-7.573111259925081041e-08
2.177184116818795085e-08
-3.720969380007258875e-09
-9.270978566502262706e-11
3.518751875145105007e-10
-1.553796650172182471e-10
4.370301582334998806e-11
-7.622782935848339671e-12
1.004730083846282929e+00
-4.730065017216514983e-03
-3.337245071368654933e-08
2.431855343383149928e-08
-1.541017552001879161e-08
8.349887955893005257e-09
-3.754345077435795077e-09
1.318761166646938337e-09
-3.076076393355254707e-10
1.266005385330809900e-11
2.374171526220525352e-11
-8.754143258601131804e-12
-1.110654345156115308e-13
1.026928919994948554e-12
-2.020424168476602339e-13
-9.467056455123984615e-14
4.253197004374914186e-14
7.389163540075736664e-15
-6.834747956238384271e-15
9.545802877861379043e-01
