5.603133843835126360e-01
-3.843801343656592755e-03
2.054395739179226831e-05
-1.508715980073690810e-07
1.278955162420571641e-09
-1.157141019672995469e-11
1.084591639100217410e-13
-1.040013927606016195e-15
1.012455697527252653e-17
-9.359373588954830213e-20
2.598439459239141880e-01
-2.532016389938140377e-01
5.790383863881454901e-02
9.071010628968888701e-04
-7.419908563730897265e-03
4.134280673513172910e-03
-1.557251840114508507e-03
4.438914927303078042e-04
-7.652803318576720032e-05
-1.703278432516792894e-05
2.804048607075109879e-05
-1.964334891193185282e-05
1.027652047619526729e-05
-4.150463694472465789e-06
1.104518608233196349e-06
3.582477369456664149e-08
-2.943548257771346948e-07
2.791319467294289377e-07
-1.233077708248391431e-07
2.675456490440366805e-02
-2.555709730415713782e-02
6.999099030001228877e-03
-1.398764203785651805e-03
2.290919401559313835e-04
-3.281637832538049631e-05
4.242662197837564003e-06
-4.941738759473807933e-07
4.907856081292863898e-08
-3.238305748053142383e-09
-1.656347473072795364e-10
1.236367481660557671e-10
-3.278711433559232371e-11
6.832977029833199487e-12
-1.256522643553539044e-12
2.114818068970542654e-13
-3.296955488139880360e-14
4.831676209952936898e-15
-6.258877364914071287e-16
1.003685469377695602e-03
-1.874584950485613929e-03
1.530382662867239016e-03
-1.099519268115523680e-03
7.018144217894678677e-04
-4.023686743607371810e-04
2.096264062212871600e-04
-1.004109208138965364e-04
4.473653802507455198e-05
-1.874972193207937352e-05
7.472793605722909840e-06
-2.861126647915459880e-06
1.062059315200946998e-06
-3.852674094133252705e-07
1.374715327847523598e-07
-4.854345218599144671e-08
1.720289873149599806e-08
-6.682409701477153281e-09
2.066583403765017983e-09
2.547069735178114664e-10
-4.836499511491275419e-10
4.135288367392629385e-10
-3.174843752468755926e-10
2.177021058226394447e-10
-1.321862013195178297e-10
7.010924473593888861e-11
-3.176257306852331332e-11
1.180480090463958786e-11
-3.293764770069291300e-12
5.062902486817881328e-13
7.068604107504433726e-14
-6.657043345424724275e-14
1.331085230578302424e-14
3.026280674104535803e-15
-2.105104664168173961e-15
1.086979980902237935e-16
2.032699859010419553e-16
-4.601878102349696672e-17
3.364393538629170122e-01
3.036201560942902462e-03
-1.324462718073416170e-05
7.663969701222001470e-08
-5.226478481356298045e-10
3.941920006865860637e-12
-3.174968951573914402e-14
2.676651745702322272e-16
-2.332147739212104763e-18
2.879327810849457393e-20
6.034635685822792306e-01
2.333798232809833617e-01
-4.445989876199461788e-02
-2.033374025330751071e-03
6.640364029802585041e-03
-3.654430097487065474e-03
1.314566612888468143e-03
-3.008698321086729767e-04
-2.455429160718272221e-06
4.886562253377326365e-05
-3.325995523861211564e-05
1.521333514016673556e-05
-5.144448680026858370e-06
1.024427575411868566e-06
1.936108087814641705e-07
-3.394268252191204219e-07
2.204190360294571406e-07
-1.103916894335065095e-07
3.515068925944566072e-08
8.502471515105919364e-01
4.721026894538891266e-02
-7.350933056940703487e-03
1.119831549259433460e-03
-1.652001440547666545e-04
2.335952374861140690e-05
-3.128647336271768587e-06
3.896005677216227182e-07
-4.339347895780357872e-08
3.874078995744905192e-09
-1.437273622859990086e-10
-4.803626796000416353e-11
1.786965910481007374e-11
-4.253691956114447333e-12
8.604286615930869670e-13
-1.588616756985874490e-13
2.755088167406057692e-14
-4.659242736797005278e-15
7.173021867700289821e-16
9.501900089385820758e-01
3.709884149597061226e-02
-1.381523026085561268e-02
5.144256105270241138e-03
-1.915232954706623655e-03
7.128537563306090903e-04
-2.651992838596729427e-04
9.858470486648987258e-05
-3.660468968934894342e-05
1.356842799425398800e-05
-5.017869521841626053e-06
1.850140816375865276e-06
-6.796232276883545594e-07
2.485423634790831812e-07
-9.044328222943506188e-08
3.277649659875003542e-08
-1.196430944434597799e-08
4.800875821813936009e-09
-1.513742642967598501e-09
9.885784774623572746e-01
1.138881606656970066e-02
3.261281339769416882e-05
9.338947889713300404e-08
2.674284694086548710e-10
7.658034284082259432e-13
2.192965937434493146e-15
6.262765458344450459e-18
2.897917688966073279e-20
-6.713155150573589872e-21
3.777073871971166816e-21
-2.089138626455699898e-21
1.084241031977995621e-21
-4.007977713209338985e-22
1.674709132487142824e-22
-9.673907118451166649e-23
1.240394303006324978e-23
8.645836157412555824e-24
2.551040560151343917e-24
1.426048716078655021e+00
-2.587386146458371151e-03
1.464888956326473421e-05
-1.039436302033984869e-07
8.238425765102665841e-10
-6.967854710370501804e-12
6.151982684390332063e-14
-5.600095920506243763e-16
5.208326148980933185e-18
-5.310080985111815034e-20
1.238454048930388574e+00
-1.564212732101529502e-01
3.519108043899453475e-02
-1.515627286542188057e-03
-3.772975397490460278e-03
2.678086198532371193e-03
-1.229366952142055269e-03
4.162418459971783187e-04
-8.279097118535199958e-05
-1.625104756093303016e-05
2.817198220348448478e-05
-1.821900299413006279e-05
8.317981800980794556e-06
-2.720681405170712551e-06
4.095440700187096808e-07
2.394423869327874677e-07
-2.768091500625803712e-07
1.920706043412910341e-07
-7.472355886736815626e-08
1.081047801118004026e+00
-2.734002579651252998e-02
4.493827043017176344e-03
-7.106481669232575819e-04
1.071771794418846849e-04
-1.534835278545583969e-05
2.082383517516420730e-06
-2.666469604487089863e-07
3.187935450445976012e-08
-3.458954897552831077e-09
3.140971693561562552e-10
-1.647269181168710764e-11
-2.008047635427740062e-12
9.448423272938659163e-13
-2.332441395788056406e-13
4.797623065722381671e-14
-9.067848176272850293e-15
1.688110385656358169e-15
-2.875469965793762067e-16
1.025758366947409517e+00
-1.967573575296490546e-02
7.513791251374781800e-03
-2.868652313044726607e-03
1.094690625303298016e-03
-4.173935194534642988e-04
1.589327216631011873e-04
-6.039264883956803884e-05
2.288062332032328181e-05
-8.633998687207378067e-06
3.241398317003681348e-06
-1.209354611818635966e-06
4.479719409929859920e-07
-1.646229868510510664e-07
5.999423077514573907e-08
-2.170719190042650794e-08
7.889833779406016620e-09
-3.147335087891952395e-09
9.890579972631491539e-10
1.005760106673667886e+00
-5.760106673668034631e-03
-1.861496560546402306e-19
1.624025494367671042e-19
-1.340203749544685992e-19
1.045032117991262577e-19
-7.688399104891309113e-20
5.326711923467705223e-20
-3.466790075597671295e-20
2.112817375650306632e-20
-1.200819394295905570e-20
6.330378223809304927e-21
-3.072971985234885165e-21
1.359704191370498744e-21
-5.401678848391519005e-22
1.879411890975564279e-22
-5.449379309106092768e-23
1.162238701894545354e-23
-1.282760901056338339e-24
7.478247418691591486e-01
