3.532688767242559980e-01
-4.905111017709492052e-04
3.009502712798527857e-07
-1.943206356369589978e-10
1.413682713080746667e-13
-1.271567569836736475e-16
-5.571681710869208296e-18
8.360275895699050855e-18
-1.669622349448612331e-18
-1.142889815323645917e-18
2.357529700491782787e-01
-1.290986586248131229e-01
-2.179011863755248544e-03
8.293218412691004404e-03
-1.785556791997351157e-03
-5.085265413120752044e-05
1.121805411519178052e-04
-2.389905170725006007e-05
-4.216624514426725760e-07
1.378279950330605120e-06
-3.130569282342936532e-07
1.029770521123380023e-08
1.145191445434600754e-08
-3.597790919334862213e-09
7.216326769231014979e-10
-1.078876171215054546e-10
-1.974817189880400764e-11
2.694831528549881759e-11
-9.464345678235949220e-12
5.613256360485437135e-02
-4.432498776584858219e-02
9.228179388502615044e-03
-1.239472113653079062e-03
9.999490408885744041e-05
1.199129648417128851e-06
-2.298038753304711770e-06
5.456999844975068837e-07
-9.011070830869232161e-08
1.147053510134915935e-08
-1.006650193022275441e-09
7.666439314539140971e-12
2.071802049121660053e-11
-5.621325900515335436e-12
1.001814972448754659e-12
-1.331619983469100940e-13
1.160488293305772625e-14
1.556833556370497367e-16
-2.899782660622433610e-16
3.117792137934668334e-03
-5.746981747401485284e-03
4.515630767735991612e-03
-3.053440295060790184e-03
1.799042874532048603e-03
-9.359642537369160936e-04
4.355971505146751833e-04
-1.835368918566888821e-04
7.075067298062451390e-05
-2.516190134335848289e-05
8.298159010626274756e-06
-2.536392453965702707e-06
7.101814870586047982e-07
-1.752159527589789325e-07
3.326705725794889327e-08
-1.257604191655554983e-09
-3.513120225003438623e-09
3.133490020909963388e-09
-1.334409912430366405e-09
7.727412199553397922e-09
-1.458719238290548742e-08
1.225003656280644970e-08
-9.115886839676459913e-09
5.965924950560645170e-09
-3.390706253096482601e-09
1.638465107160631370e-09
-6.478424841471844549e-10
1.929589267883767805e-10
-3.298909694594375620e-11
-3.189545045766572672e-12
3.904936687155106302e-12
-8.237120693175313382e-13
-1.882212755063768162e-13
1.306058040411261427e-13
-2.855275872022523081e-15
-1.560527875914487207e-14
1.888191509794649000e-15
1.818164572047438693e-15
5.671915699222891405e-01
4.116387502017146926e-04
-2.699614040534326127e-07
1.935860452510792869e-10
-1.480872864618803567e-13
1.306555345265597066e-16
-5.423941807642793691e-18
8.500297731878450684e-19
2.092917286058425516e-18
-1.891673584010364899e-18
6.652723718702496791e-01
1.080957887753551672e-01
2.589503283072934828e-03
-6.419744646153378864e-03
1.516205079185591531e-03
-1.475655078264433358e-05
-8.922759393211508272e-05
2.508469106825525924e-05
-1.239537703642732438e-06
-1.251086755019980762e-06
4.294210581798281813e-07
-4.147042154158334262e-08
-1.574062090901501638e-08
7.292424457762554556e-09
-1.148351800986616186e-09
-1.312915980490549104e-10
1.173975674997240298e-10
-2.668504137489661368e-11
9.201845580703194122e-13
8.292088735739172600e-01
5.056230475187805523e-02
-6.829458773401745481e-03
7.817792645599027637e-04
-6.361582823288575075e-05
2.621614106415933570e-07
1.259491923207464837e-06
-3.313965430035706900e-07
5.946031438457617724e-08
-8.457655110938377948e-09
9.398091668674443848e-10
-6.404358870305423496e-11
-3.648540734334541095e-12
2.383934437940594096e-12
-5.532017862840101960e-13
9.407476074481742340e-14
-1.264779554607689626e-14
1.234647565185615914e-15
-4.697824818700451255e-17
9.419508209763554074e-01
4.302977700675219425e-02
-1.593749052651506973e-02
5.894974011172882805e-03
-2.174945214645751437e-03
7.989616412802988789e-04
-2.914530368859888951e-04
1.052037842363298496e-04
-3.740562384737517165e-05
1.302619346775943875e-05
-4.411191998205036386e-06
1.438711158935351711e-06
-4.454677269321987627e-07
1.276698149344663794e-07
-3.202066877316594293e-08
5.819359235873059830e-09
2.457712812963300916e-10
-1.208965327904713968e-09
6.106423283450866431e-10
9.866293828280734424e-01
1.332577391508096842e-02
4.469285857619750856e-05
1.498938537339188720e-07
5.027239791098970446e-10
1.685996008627250641e-12
5.706218035591836010e-15
-1.502766893374136958e-17
2.098904795498113742e-17
-1.192451982989634630e-17
6.252735270069052054e-18
-2.987246874723975545e-18
1.283176128860453717e-18
-4.867802637551464061e-19
1.558526038883343150e-19
-3.936273512481337440e-20
7.410638415202123605e-21
8.020303467358988706e-22
-1.346282836087599278e-21
1.243876090662688005e+00
-2.413044615938724109e-04
1.687446225973407355e-07
-1.359252302337251444e-10
1.197918879549027036e-13
-1.117002453063810780e-16
5.452389396787003103e-18
-3.072049199659856430e-18
1.289622194197316909e-19
1.343420103700299990e-19
1.187220815680711583e+00
-6.232437025533508340e-02
-1.420008703402140301e-03
3.644228805037997426e-03
-8.832304109343128758e-04
2.650392079235055695e-05
4.721639409018064449e-05
-1.576064857923246021e-05
1.677906058002081175e-06
5.655029805492136600e-07
-3.028104323227920554e-07
5.727140504477660724e-08
4.036222066136449322e-09
-5.773483337932159509e-09
1.606807184959057795e-09
-7.764814605140340786e-11
-1.011595282105071408e-10
3.804205913670932062e-11
-4.827821016990882796e-12
1.092775108274250728e+00
-2.903249417833230275e-02
4.007073666431868776e-03
-4.505653698490723140e-04
3.366176480172225976e-05
5.120481651795588583e-07
-7.815469622007502477e-07
1.827482146981241300e-07
-3.013196538674936761e-08
3.967484255159127697e-09
-4.102009326084476771e-10
2.651190480747491302e-11
1.180658858785027148e-12
-7.940433363826911647e-13
1.755520980932300633e-13
-2.900963997580742456e-14
4.030521133211173153e-15
-4.950878658640317708e-16
5.320087067906859814e-17
1.030179059780256257e+00
-2.303025607290121179e-02
8.775962976105902702e-03
-3.335772623167915577e-03
1.262271206524896066e-03
-4.741406937778706670e-04
1.760958198218792476e-04
-6.434196216630906889e-05
2.298618371696664083e-05
-7.968965922282441553e-06
2.655429409332216780e-06
-8.390413204941052331e-07
2.458240440179259359e-07
-6.377960971626314742e-08
1.282488876454413056e-08
-6.692213324391680849e-10
-1.291031685110281577e-09
1.192362504389376614e-09
-5.103738361729977249e-10
1.006752952813818380e+00
-6.752952813818174742e-03
-2.055821284522329794e-16
1.764509200440923150e-16
-1.422721204495471093e-16
1.075963287531266708e-16
-7.616104376021319573e-17
5.031649299974980540e-17
-3.091172098054493894e-17
1.757207203377624800e-17
-9.181306359635331870e-18
4.368498939288713155e-18
-1.867266212654772760e-18
7.018316757317817111e-19
-2.233695009885290575e-19
5.547595293682006146e-20
-8.066119843690453196e-21
-1.237323307477895315e-21
1.004657123904247839e-21
8.034375132300274336e-01
