2.295745077841372106e-01
-1.331343014651940112e-04
3.082340138972426251e-08
-6.798589785745598279e-12
1.459229460832692134e-15
7.891977352848849858e-18
-2.679449154508127810e-18
-1.093900519983233936e-18
4.041697473644927049e-18
-3.137557759492798904e-18
1.841084422505521734e-01
-5.450863696361664401e-02
-6.773547198833818755e-03
2.394085418039621372e-03
-7.263267731148216036e-05
-5.725907125776129688e-05
8.256727167646848620e-06
6.301556461662063479e-07
-2.882578027798186950e-07
1.401989907698408665e-08
6.112326124367850099e-09
-9.911309594624169793e-10
-5.778854922163427330e-11
3.065985165068732631e-11
-1.472470639920517931e-12
-6.005309547063644664e-13
8.643832976699294879e-14
5.944381410433144108e-15
-2.297875597603462048e-15
7.640546548191863574e-02
-4.325819645646641204e-02
5.324118803296106796e-03
-1.798002357123634255e-04
-5.466149298705922635e-05
1.240884047120992065e-05
-1.390836991328702063e-06
6.344709041341799582e-08
9.886036852659133528e-09
-2.849410539801760700e-09
3.769095920852195758e-10
-2.471611688456747603e-11
-1.537547293600748122e-12
7.015501284431828661e-13
-1.067728165666865933e-13
8.322906389302367747e-15
2.122181338582836488e-16
-2.242677706133342271e-16
8.676212051592318354e-17
6.915491090442338687e-03
-1.241114698167727730e-02
9.033799489800074106e-03
-5.417901385683038598e-03
2.722420209556052767e-03
-1.161172173340995883e-03
4.225292177777370799e-04
-1.297122848744642221e-04
3.179854207267791930e-05
-4.795450201385237531e-06
-7.043044738315947130e-07
1.027115207885493622e-06
-5.886671207937838222e-07
2.662248092501734428e-07
-1.066079615327708611e-07
3.931096157124386152e-08
-1.360392194089361134e-08
4.742188582306965805e-09
-1.310270943345172489e-09
1.874798472226613073e-07
-3.501833265597737118e-07
2.846521540280164911e-07
-2.000297497523372722e-07
1.199243925165895672e-07
-5.989516657304141438e-08
2.380177180553685622e-08
-6.756280782847270564e-09
8.761310972553858714e-10
2.675201815690466936e-10
-1.611674490517546667e-10
1.401753268207020217e-11
1.462022247127712531e-11
-4.261481315504322492e-12
-1.202003218297690096e-12
6.908353849026194297e-13
1.121191465851623612e-13
-8.835364244679737229e-14
-1.460608580849774360e-14
7.179009992683251795e-01
1.043645717221103065e-04
-2.452112635712023977e-08
5.983622741546087191e-12
-1.471469070711135817e-15
-2.660849838884229680e-18
-6.787931800497447315e-18
3.209713088264667313e-18
1.096675788178567869e-18
-6.260533639878572143e-19
7.537218231901064991e-01
4.304488134475777106e-02
5.511006264451705911e-03
-1.797366723674531002e-03
6.885378823591070555e-05
4.220332521726100127e-05
-7.209969385051328304e-06
-3.183852760302988951e-07
2.493709759769952294e-07
-2.198870156000856038e-08
-4.546721263260585108e-09
1.218243248376659832e-09
-1.979347070600835933e-11
-3.334746083363742342e-11
4.806007326561348347e-12
3.688891943863614911e-13
-1.882935588879896982e-13
1.228950455576708419e-14
3.919550296709913111e-15
8.431832553474463143e-01
3.909285655280490129e-02
-3.462230329160824634e-03
8.946679398057508041e-05
3.611790099012723263e-05
-8.228592618385040412e-06
9.946103142094334602e-07
-6.023462289125954340e-08
-4.129539356850872777e-09
1.745294252601206323e-09
-2.707813813627121426e-10
2.438582270519618536e-11
-3.497052782446270902e-13
-3.300651835772188557e-13
7.012586579460934710e-14
-8.226135921183103548e-15
4.436813522814402648e-16
3.723621134514518572e-17
-7.103778780115521438e-18
9.439263430482969230e-01
4.139869439154883479e-02
-1.518064152266735550e-02
5.497733123409675147e-03
-1.948958339717901580e-03
6.676326924135165316e-04
-2.168751619415726730e-04
6.481560669826720870e-05
-1.677325004356687948e-05
3.121877213538310986e-06
5.371120696596875742e-08
-4.523938585139590075e-07
3.072302315101786079e-07
-1.534886205944905010e-07
6.607414120887196729e-08
-2.575204368817123480e-08
9.322947204819165711e-09
-3.395107137163258486e-09
9.670770770612114905e-10
9.870555577291131311e-01
1.290241663006929870e-02
4.188919975567214563e-05
1.359980264006459881e-07
4.416444037755266228e-10
1.354484423826486206e-12
5.671377412952443621e-14
-3.143187102460767887e-14
1.728685251359806874e-14
-8.557419110507233900e-15
3.754750444943099899e-15
-1.422956933611014061e-15
4.437500907545237090e-16
-1.012683342587998972e-16
9.602846917846889438e-18
4.312734902136963722e-18
-2.399285637117861367e-18
3.711549638963521239e-19
8.171317135376481653e-20
1.150861777158009192e+00
-5.480304701589614418e-05
1.252890584906104560e-08
-3.067121070025970495e-12
7.952546345472240227e-16
-1.955783392943746246e-20
-1.353317551509314028e-18
1.286062041577836628e-18
-2.036984417126487889e-19
-2.315903437601724053e-19
1.131871322044434525e+00
-2.287604285400328397e-02
-3.003096573529501906e-03
9.298486282394073741e-04
-3.202909947804791804e-05
-2.129743686407768849e-05
3.569787083653127993e-06
1.399825280877645234e-07
-1.214157568076261374e-07
1.237245439029191134e-08
1.921918213522989531e-09
-6.498534450800361626e-10
3.362809622355624015e-11
1.570299783598242125e-11
-3.400824819021955617e-12
-9.374714520752603687e-15
1.144813038441532458e-13
-1.579509846082070417e-14
-1.536004148713062332e-15
1.083650532520475718e+00
-2.136959551464232693e-02
1.845467148844108420e-03
-3.291475075706411821e-05
-2.134932036002288095e-05
4.358407122248058533e-06
-4.761736697181643255e-07
2.297558495034966838e-08
2.731540764841556299e-09
-8.387104941899870294e-10
1.158162032398742926e-10
-9.346628017558880109e-12
5.456361722627085594e-14
1.271061005548805915e-13
-2.489044948462592106e-14
2.871960658808863923e-15
-1.797933549776345076e-16
-2.681209142460327193e-18
-2.794443926976882064e-18
1.029073488524626434e+00
-2.203338710085481905e-02
8.272692820111017184e-03
-3.055074600828158130e-03
1.097666129694215616e-03
-3.778156010364805005e-04
1.217952012757914527e-04
-3.540093934009785193e-05
8.524501169180120477e-06
-1.215017691928856884e-06
-2.898543533399842873e-07
3.595416356118147074e-07
-2.085519124347151214e-07
9.590618822175374739e-08
-3.859468626742760619e-08
1.406028468163867615e-08
-4.705405773784400689e-09
1.534000824654490930e-09
-3.961007260896945800e-10
1.006535601428717230e+00
-6.535601428631891523e-03
-1.590675354013423822e-13
1.325191248041593602e-13
-1.023728886401813819e-13
7.313700615936989645e-14
-4.813758739150783287e-14
2.903526811721503870e-14
-1.593076139733037468e-14
7.866377739035096356e-15
-3.439722628757475966e-15
1.297067913467243432e-15
-4.011812590163450925e-16
8.995795423809435833e-17
-7.729460668087830444e-18
-4.216965026993316528e-18
2.215116878992689962e-18
-3.184227503123801489e-19
-8.438278032406174256e-20
8.650683003243221370e-01
