1.144570694220680279e-01
-2.217498909888110180e-05
1.595416409430869951e-09
-1.069628818528664519e-13
7.039829200930973589e-18
7.352568607406776889e-23
-3.359356276921739025e-22
-2.547587447604576049e-22
1.332368529293247990e-22
6.173889204602568099e-23
1.050152192063220913e-01
-1.191982473159755758e-02
-2.301040561920435819e-03
2.161014326983220612e-04
1.450161426111982398e-05
-2.553414747164417361e-06
-3.621775146571979476e-08
2.433715535832428630e-08
-5.950313052141954046e-10
-1.947195589614019542e-10
1.259982336964723454e-11
1.260768359341632522e-12
-1.580022390760807146e-13
-5.382253827734891168e-15
1.580922288497884829e-15
-8.556158090448945255e-18
-1.342022275431089655e-17
4.983098727187146726e-19
9.197388572946686185e-20
7.075894845104760411e-02
-2.009174009680374934e-02
3.441512242179230966e-04
1.561616060430770893e-04
-1.622620526930602212e-05
1.784506030731691446e-07
1.066766339049440093e-07
-1.063188921721741531e-08
1.433440677864645289e-10
6.656973397039525516e-11
-7.005741135075079892e-12
1.240812882590267648e-13
4.194921688053659213e-14
-4.684074996891915932e-15
9.658640246007167170e-17
2.727417544752832031e-17
-3.149841434284542168e-18
6.660738471898066703e-20
1.732922139395209703e-20
1.216939157049752585e-02
-2.021003909597546278e-02
1.191371549978780496e-02
-5.114762690470551522e-03
1.566789767764834203e-03
-2.806331955168456824e-04
-2.474727062685793105e-05
4.560915807854134223e-05
-2.291318109062365603e-05
8.037968488682401921e-06
-2.144285720971505952e-06
3.856037146546918667e-07
4.966970826894194300e-10
-3.969627343009410590e-08
2.265222350350570068e-08
-8.912806903345688946e-09
2.777863911832549584e-09
-6.804166287642556454e-10
1.090786946896600217e-10
8.639767872001230086e-06
-1.577024415850288399e-05
1.192923733760498342e-05
-7.354542141244748405e-06
3.561072127209020511e-06
-1.242169508346710147e-06
2.318001822824494323e-07
3.081819490808757249e-08
-3.140580278911321800e-08
3.574708949176371746e-09
3.141047885207317944e-09
-8.576444585515556304e-10
-3.609234523522213453e-10
1.418375479114704049e-10
5.451679458089546304e-11
-2.161378658189255937e-11
-1.096896896923397000e-11
2.676454329159522182e-12
2.259912935862566786e-12
8.551016211030966208e-01
1.687418383234300256e-05
-1.156472875857306453e-09
7.948152503076460589e-14
-5.472148804144894219e-18
7.987731626289064622e-23
7.417912661270395985e-23
1.038846568779792242e-22
-5.351010099880951752e-23
-2.777057936517687581e-24
8.623330035510533564e-01
9.143622053399119015e-03
1.785486181692927605e-03
-1.557706218664918756e-04
-1.032461576731593093e-05
1.859767948950786388e-06
2.170711368031022806e-08
-1.813554151970167086e-08
5.277663221839727876e-10
1.475516819356875074e-10
-1.090485443759424736e-11
-9.375101478429046080e-13
1.403433424872774398e-13
3.098784349913197140e-15
-1.445969452495239427e-15
2.953058801705666299e-17
1.242667200897190930e-17
-7.707441857917609677e-19
-8.694614486051382841e-20
8.892395536789994281e-01
1.616146248286633516e-02
-1.048133506047695422e-04
-1.132399734020365510e-04
1.128868383495315901e-05
-1.543283634923814141e-07
-7.242644337271553540e-08
7.747068141011045693e-09
-1.559589072484660755e-10
-4.458015814345214681e-11
5.293472398597060315e-12
-1.488190896859948540e-13
-2.682830428161688416e-14
3.645996358566348198e-15
-1.325602513638179682e-16
-1.593815376582429660e-17
2.524802352370462626e-18
-1.088078274816972277e-19
-1.099039011365440611e-20
9.533424544831029523e-01
3.298380655157832214e-02
-1.099482107560771291e-02
3.301356801474563014e-03
-8.159846617425917797e-04
1.219165143617489293e-04
2.121169911365278647e-05
-2.728594667559545563e-05
1.397200601213777289e-05
-5.206216606053143388e-06
1.506177875780022237e-06
-3.096742547451921303e-07
1.776329268500458263e-08
2.249905244841267300e-08
-1.478939080658585962e-08
6.151199229153298027e-09
-1.994493555824415784e-09
5.174915964731445753e-10
-9.200349548503252601e-11
9.889407451064817778e-01
1.102859288119289495e-02
3.057737542876040170e-05
8.412837678007497763e-08
6.868308142791187202e-10
-2.821346998461890591e-10
1.562329900595654507e-10
-7.480526285411914811e-11
3.007873792519430539e-11
-9.533623652645749720e-12
1.998101035545907306e-12
-3.884696435085805235e-14
-1.606403523132607522e-13
5.784851690417821094e-14
-1.633065758621031402e-15
-5.688636801757662425e-15
1.637815673112767476e-15
3.182099979800486803e-16
-2.591320422923943014e-16
1.074849225020026333e+00
-8.532290575202959934e-06
5.613117767925435513e-10
-3.702833714721398213e-14
2.464600088069734895e-18
-2.601784804232488204e-23
2.054409339224503393e-23
-8.802674991246058337e-23
3.310224737773862535e-23
2.967261472718944180e-24
1.071176953513913510e+00
-4.647851981231644267e-03
-9.137285161834870573e-04
7.646257913194307227e-05
5.218072186811039732e-06
-8.817911388926117989e-07
-1.247308433280630635e-08
8.351549084218796289e-09
-2.184524459570891874e-10
-6.645148106682516476e-11
4.678142060286327432e-12
4.146841796966838511e-13
-6.029953495066294232e-14
-1.311827401236163117e-15
6.193223199291958388e-16
-1.420028202544120424e-17
-5.261079884921083054e-18
3.594278459257708446e-19
3.601374323990526643e-20
1.057377089524555336e+00
-8.348993542586434849e-03
3.471907073448305368e-05
5.910852386281157311e-05
-5.522748945571172596e-06
4.375066318712497776e-08
3.680031996405202900e-08
-3.539874148099102741e-09
4.470859838338891299e-11
2.172807160669504200e-11
-2.275227411317586825e-12
4.726282627264588006e-14
1.238266768073781779e-14
-1.487253194659118091e-15
4.598379526619189072e-17
6.782565346094846232e-18
-9.799056370551175816e-19
4.017147414885406495e-20
3.861913370507935244e-21
1.023943451631029511e+00
-1.720443722175228271e-02
5.791680932012038298e-03
-1.739273016470084792e-03
4.221638446900763245e-04
-5.721395661122119503e-05
-1.487566691920734149e-05
1.569710418992445163e-05
-7.630684834489503192e-06
2.710697311755714146e-06
-7.320122669367194055e-07
1.285638459713442760e-07
3.916794905850423052e-09
-1.551802694348963351e-08
8.344722308763525725e-09
-3.122102859290953316e-09
9.105347859242279993e-10
-1.949205459235628270e-10
2.264988207647731994e-11
1.005575833254661156e+00
-5.575832953998425580e-03
-5.460284774430310538e-10
4.253927854821326786e-10
-2.980128510277942619e-10
1.863479141401231090e-10
-1.028106070905172627e-10
4.912956385819316695e-11
-1.969469827790534012e-11
6.208883014604235011e-12
-1.283816156079738804e-12
1.505629996602072343e-14
1.075955217653204838e-13
-3.776093359053622246e-14
7.498759778799840464e-16
3.818637689480376222e-15
-1.062354738427253861e-15
-2.216030274750442511e-16
1.719975752461640476e-16
9.279270657728843075e-01
