6.967596463912509308e-02
8.073736916289020460e-02
9.189765077677518323e-02
1.031481844787665164e-01
1.144792460066902939e-01
1.258801781719133261e-01
1.373395912584466916e-01
1.488455924605071312e-01
1.603860377368861445e-01
1.719487983048549051e-01
1.835220331586273346e-01
1.950944586172734529e-01
2.066556061534797206e-01
2.181960606760927901e-01
2.297076729158038511e-01
2.411837415176554533e-01
2.526191624074340947e-01
2.640105451660954561e-01
2.753562979355607121e-01
2.866566839774485342e-01
2.979138541932711548e-01
3.091318607415547981e-01
3.203166573501732839e-01
3.314760920843620173e-01
3.426198982609459653e-01
3.537596889707603220e-01
3.649089603510305424e-01
3.760831084096742938e-01
3.872994638901722242e-01
3.985773494149280616e-01
4.099381629843547592e-01
4.214054918391156312e-01
4.330052607168931034e-01
4.447659185700950646e-01
4.567186679448828057e-01
4.688977411468168155e-01
4.813407273750930360e-01
4.940889547288535022e-01
5.071879309740290331e-01
5.206878469672983067e-01
5.346441471940986956e-01
5.491181727252002487e-01
5.641778818467950707e-01
5.798986489202812011e-01
