1.740773786613064544e+01
1.605248531368624754e+01
1.493427770139633992e+01
1.399357701941249310e+01
1.319074280860956172e+01
1.248605180440289431e+01
1.185974049584645229e+01
1.131201634130612454e+01
1.080302177501401317e+01
1.035291633465017114e+01
9.941808036282896666e+00
9.569799064387247256e+00
9.216967465198795395e+00
8.903392406395306935e+00
8.609127142738358884e+00
8.334221567859557922e+00
8.078715202689542352e+00
7.842638292649009912e+00
7.606020680639341336e+00
7.408863832277421402e+00
7.191207692803635254e+00
7.013022767807497004e+00
6.834335819594135053e+00
6.655148240486489009e+00
6.495432520563556800e+00
6.335202042735790684e+00
6.174448175621387591e+00
6.033125555481155367e+00
5.911211803281670285e+00
5.768763610704631617e+00
5.643192427200188099e+00
5.519507782920330285e+00
5.402678305169409612e+00
5.290188981682510949e+00
5.182019608356334572e+00
5.075657701013183143e+00
4.976071360711202374e+00
4.878258656875179788e+00
4.787191745212428629e+00
4.697876476471952500e+00
4.612801501286406314e+00
4.534461907507540523e+00
4.460376790447287298e+00
4.393059976616064510e+00
