1.918238508855029667e-01
-1.216881671550507104e-04
3.527621274955714919e-08
-1.054071618967937066e-11
3.254467623631284758e-15
-1.002211790357554600e-18
-3.437969507451701815e-22
-1.234954996370184801e-20
1.423155943091352594e-20
-6.832864953459406970e-21
1.526317654138753532e-01
-4.637574640777902130e-02
-5.015160569500969230e-03
2.210175369287905797e-03
-1.435419213754172464e-04
-5.166266035416205266e-05
1.227901347496771740e-05
-8.477608832784251984e-08
-4.053378125876111665e-07
6.448009790582881301e-08
4.240016067573854524e-09
-2.923633460795972610e-09
3.041958872686089686e-10
5.700006125590817477e-11
-1.991790723760259778e-11
1.077133652711990764e-12
5.549922353640288375e-13
-1.217467304343669909e-13
-8.873816388324747526e-16
6.499188085440119056e-02
-3.393707926260425278e-02
4.167112405094198363e-03
-2.084216006465470150e-04
-2.695365138187511938e-05
8.495584465909053018e-06
-1.247236237140579251e-06
1.126840554721931867e-07
-2.431342877836738661e-09
-1.361502774015398602e-09
3.195665053960744013e-10
-4.314565931511503190e-11
3.573293673384141967e-12
-1.577518537644280126e-14
-5.724353977300057696e-14
1.227267131176319529e-14
-1.603572065566466783e-15
1.254620711014442715e-16
4.191706679107460126e-19
6.887893096978549290e-03
-1.205832796383342689e-02
8.235636276114809140e-03
-4.533163835039279686e-03
2.076734584004855545e-03
-8.136832171919187963e-04
2.782204003304410817e-04
-8.380362343303921239e-05
2.195700559969496310e-05
-4.633058004562265839e-06
4.932165447947515083e-07
2.237297857690301529e-07
-2.134332855029735947e-07
1.192612266990890321e-07
-5.568974235529704376e-08
2.352404415432202805e-08
-9.338040591401092260e-09
3.836946771368646377e-09
-1.199770369352967205e-09
1.248754530068073315e-06
-2.298546347258976706e-06
1.785285563087549450e-06
-1.156123219131627103e-06
6.086559412553332564e-07
-2.472377257183227325e-07
6.787642939010011021e-08
-6.281463189546505553e-09
-3.890167496635177383e-09
1.578004346915855091e-09
9.553174918168680960e-11
-1.982096919429630627e-10
1.113187863529301956e-11
2.559594983451875636e-11
-2.657270949673206899e-12
-3.770231647857539129e-12
3.139545789080747884e-13
5.171805378293685684e-13
1.128908450308355197e-15
8.466636992485749857e-01
5.351675967862265504e-05
-1.299384570809582431e-08
3.524198537882179488e-12
-1.021202698519131391e-15
3.033690227171163535e-19
-4.027698325761226277e-21
1.218764298063208153e-21
-1.671638060488174380e-21
1.755383898489182298e-21
8.649980824015296443e-01
2.203990986683469766e-02
2.843277782783933116e-03
-8.995247842341424311e-04
4.038461263947221174e-05
2.029325891404078463e-05
-4.058952569099912421e-06
-4.359819184641165094e-08
1.357073432181145166e-07
-1.882491682433401392e-08
-1.669328290144207046e-09
8.906347162097641240e-10
-7.968160693639634440e-11
-1.854519341813054938e-11
5.674847485324518585e-12
-2.317751283009086740e-13
-1.654922942239921574e-13
3.271027693086137858e-14
7.559598447284701219e-16
9.116245974179828515e-01
2.091266276247291667e-02
-1.669679867108626523e-03
2.611259508122307452e-05
1.812118507567261319e-05
-3.707811331954358815e-06
4.373530333640738448e-07
-2.956043963953285324e-08
-7.757873195321240220e-10
6.058726418810633807e-10
-1.096150211790499710e-10
1.264131809174820556e-11
-8.229040631519871313e-13
-3.666052345500333820e-14
2.120976732084414704e-14
-3.815951425116213955e-15
4.431397125876762600e-16
-2.775900088438806736e-17
-1.509288925931269738e-18
9.679926352535772605e-01
2.374922366063850904e-02
-8.686436678374032799e-03
3.100720787996443222e-03
-1.065560300959195617e-03
3.462250788035342000e-04
-1.036452262357926606e-04
2.728873180237489687e-05
-5.597896782815189365e-06
4.136391898767139476e-07
4.012163861971090219e-07
-3.158213511770537176e-07
1.616194394243074077e-07
-6.978144845173237708e-08
2.725693103582072390e-08
-9.908410254725839371e-09
3.412516235772578832e-09
-1.200899820874778533e-09
3.368583627222594065e-10
9.926642788658387451e-01
7.322243210245325470e-03
1.345316701895392745e-05
2.470680159425514836e-08
5.316434120413375667e-11
-5.012372962246843222e-12
3.009229781732865640e-12
-1.577673225521185708e-12
7.213780975132022693e-13
-2.790290771329708807e-13
8.598393141906218227e-14
-1.796749233064644625e-14
6.724721877456452315e-16
1.222714215318538615e-15
-4.697023811509221127e-16
2.942760234100904583e-17
3.804528664543557374e-17
-1.081200672445182603e-17
-1.269226263744781583e-18
1.075269773488270797e+00
-2.184182930900979355e-05
3.912946120848079228e-09
-6.775634307244970181e-13
9.265834802241624442e-17
-1.716471207872141230e-21
-2.000397047608507979e-22
-7.970029768228133901e-23
3.950144864557617593e-22
-1.192324738831855093e-22
1.067269317037033094e+00
-9.758891944366793539e-03
-1.437376906674997425e-03
3.489936648617640840e-04
-2.410122889740351618e-06
-7.839178871512332493e-06
8.114518855959092104e-07
1.146140707854120934e-07
-3.015137775101740926e-08
-5.310439612965907409e-10
8.699575807081542198e-10
-4.632390989340514727e-11
-2.543533659664764478e-11
3.788906969226326710e-12
6.326349419851637429e-13
-2.240687945987114755e-13
9.259776478910191622e-16
9.055264359881518168e-15
-1.285736106608318742e-15
1.045232119794178516e+00
-1.046622445809142037e-02
7.377041734399074520e-04
9.852839950311150988e-06
-1.152394751958866504e-05
1.828757409877467420e-06
-1.553546029636386950e-07
1.252537943554651129e-09
2.034269926538083024e-09
-3.862789249872708303e-10
3.986406911138476958e-11
-1.402070072640893560e-12
-3.682400074405521675e-13
9.272810041030705554e-14
-1.180365247102608042e-14
7.506292422013437396e-16
5.204831972003487644e-17
-2.358126876969295001e-17
3.750540155295072211e-18
1.016311796469331785e+00
-1.225643625883541393e-02
4.523215237498143249e-03
-1.619678136159795724e-03
5.533657833470470577e-04
-1.762377363054275854e-04
5.041057067905994351e-05
-1.194768057422421727e-05
1.721138189928485820e-06
3.357940923949763721e-07
-4.369689768506870663e-07
2.498019208849319046e-07
-1.129453906633392762e-07
4.487183750498430504e-08
-1.623851016810735672e-08
5.413438329159698315e-09
-1.655071392381143765e-09
4.726076831549163727e-10
-1.056059166316477744e-10
1.003688138931480456e+00
-3.688138926293367190e-03
-9.505560673664135749e-12
7.587864399386284954e-12
-5.509829980598928835e-12
3.620690183156714620e-12
-2.136635650214700206e-12
1.119254825763902972e-12
-5.111278037593470687e-13
1.973292961797387425e-13
-6.060812489827470435e-14
1.256482789248238817e-14
-4.163877972547366855e-16
-8.788525479665587734e-16
3.320824775863558755e-16
-1.927149722095115827e-17
-2.742734721074921270e-17
7.617709220056904274e-18
9.606572935735851831e-19
9.173620874156511729e-01
