1.314500590006046021e+00
-1.089609091846135552e-01
6.271475089454794580e-03
-4.051596656852898652e-04
2.773656314191496979e-05
-1.973079891003989748e-06
1.445579366462322952e-07
-1.085187391751712244e-08
8.400565542402412768e-10
-6.685938340740368184e-11
2.885659837363800384e-01
-4.347554243603161672e-01
2.547703131016306188e-01
-1.330588398822573071e-01
6.435568076715404706e-02
-2.848280960749384472e-02
1.084487443497645677e-02
-2.805776035209761165e-03
-4.243567645518097481e-04
1.398675522561944502e-03
-1.421913431157544039e-03
1.123310940587652447e-03
-7.797724962245798468e-04
4.937392157378147489e-04
-2.880392418329585772e-04
1.542050985434785851e-04
-7.542640724860992226e-05
3.623019892494195221e-05
-1.213840033429188697e-05
7.888811278696190171e-03
-8.342796525647256170e-03
2.629275431487580403e-03
-6.239268719777215982e-04
1.256969935316512479e-04
-2.311678793241731382e-05
4.055433506536156137e-06
-6.953266667841220063e-07
1.178824303807278973e-07
-1.985892997130483013e-08
3.330953493107679507e-09
-5.567919554098056656e-10
9.281117898616585922e-11
-1.543544872263779765e-11
2.562421802480460333e-12
-4.247884944589590540e-13
7.039702171171557988e-14
-1.199492711350317742e-14
1.930915789648219900e-15
2.255613991395692057e-04
-4.241609147879042588e-04
3.532430090094259558e-04
-2.619719633173393661e-04
1.743775546434510142e-04
-1.051661201499336652e-04
5.805823053780480091e-05
-2.965288201010381157e-05
1.416200663204105274e-05
-6.391699587949526075e-06
2.754026996125200688e-06
-1.143808246380899294e-06
4.619247578257314391e-07
-1.827878907536431245e-07
7.134244229900468820e-08
-2.766182617254224646e-08
1.085154340987810835e-08
-4.738415573048697992e-09
1.580299358873912560e-09
-8.257462839452725856e-11
1.573265521143047166e-10
-1.359078570454488405e-10
1.062098082280675435e-10
-7.476334769806409928e-11
4.708134723835756974e-11
-2.624720901247975572e-11
1.274195337430445276e-11
-5.239891281986082838e-12
1.731711945095235803e-12
-4.035566594430819921e-13
3.283441977992033769e-14
2.042786750304631578e-14
-9.485915946307431307e-15
8.913833404689997888e-16
7.048561281359582504e-16
-2.637334524770770999e-16
-2.624521086042390840e-17
3.455967765699416440e-17
5.374587338713757712e-01
3.142209349009063291e-02
-1.632576267370789303e-03
9.312250489572538757e-05
-5.503812799323302401e-06
3.314613698591084817e-07
-2.024849878734571877e-08
1.255483995246788511e-09
-7.984159990858543858e-11
5.262325531064608448e-12
8.653020090494798477e-01
1.492267606561127058e-01
-7.952248141206234855e-02
4.038537886464849819e-02
-1.922275431164960705e-02
8.289607684534726698e-03
-2.969843118505640419e-03
5.998984104821164726e-04
3.036864051065290573e-04
-5.337212901195242378e-04
4.925804448437258237e-04
-3.704528177706093773e-04
2.476332372288935716e-04
-1.510632969853074133e-04
8.422954566194791376e-05
-4.209263666723697960e-05
1.794627331641422685e-05
-6.144109329255535896e-06
1.347531454089372541e-06
9.730945895580029870e-01
9.107528069032240145e-03
-1.540988718031776261e-03
2.605839341483693304e-04
-4.402702426735386376e-05
7.430547781789170273e-06
-1.252600959315329049e-06
2.109140831036644600e-07
-3.547615879060045933e-08
5.961331406774467108e-09
-1.000795258842995052e-09
1.678564415523268575e-10
-2.812521843764912868e-11
4.707382054804144690e-12
-7.869432925931214321e-13
1.313867954604466107e-13
-2.192313225587627430e-14
3.759728262100044341e-15
-6.082475946097254760e-16
9.914183973594631327e-01
6.527774964992016926e-03
-2.482740530036462411e-03
9.442721158161182125e-04
-3.591387994790384212e-04
1.365922927150159318e-04
-5.195025687532968471e-05
1.975809687725187306e-05
-7.514425791878675200e-06
2.857827538116260067e-06
-1.086827871148942172e-06
4.132987412922358570e-07
-1.571597279165896002e-07
5.975906347757891019e-08
-2.272899325298001071e-08
8.665820485564310631e-09
-3.361582859300368372e-09
1.456161857208482028e-09
-4.834479205795678796e-10
9.980728373707115075e-01
1.926238925782565881e-03
9.232607678022342215e-07
4.425258123245909538e-10
2.121059414967765439e-13
1.016641139483946184e-16
4.862447897766833495e-20
9.476684941255553429e-23
-5.252453852199117541e-23
3.540881837489194257e-23
-1.770623305314638296e-23
8.163356944251268075e-24
-5.454613909703937603e-24
2.786934768148122541e-24
-4.742423624980671710e-25
4.946468954469202443e-25
-4.923782553071407941e-25
-1.353361909562474837e-25
2.495158756723033742e-25
1.038030128035837052e+00
1.193242036643464739e-02
-1.050471305104564530e-03
7.977507861305405579e-05
-5.853443971538213299e-06
4.254317922747357790e-07
-3.093295900816952685e-08
2.262283055669664155e-09
-1.685519235948701759e-10
1.286124590644712648e-11
1.041448572423536278e+00
-2.662192848916906593e-02
2.105648874090245825e-03
5.559524512921877430e-03
-6.156897983241282381e-03
4.584226014367234238e-03
-2.833770290987381105e-03
1.514604271774588635e-03
-6.831268850001589229e-04
2.249220906631212830e-04
-6.755587219214688622e-06
-7.533361453507833420e-05
8.961014940961195194e-05
-7.584827246158973074e-05
5.475408355346249328e-05
-3.571980392604188136e-05
2.214242029960791132e-05
-1.463667436703544818e-05
6.028168061096190988e-06
1.013547617456769689e+00
-4.622228668386011395e-03
7.810212795226177413e-04
-1.299490891711966027e-04
2.119476358562854531e-05
-3.381593659834846181e-06
5.277716031049677757e-07
-8.064933076440476650e-08
1.207339501842461782e-08
-1.769104351848391909e-09
2.529151716837989104e-10
-3.503988728848988407e-11
4.645066154684478013e-12
-5.746002866352780494e-13
6.256808792870575121e-14
-4.922820463744945675e-15
-9.281986788928768028e-17
1.794630860460878355e-16
-5.249542049173258860e-17
1.004291114427432241e+00
-3.278052210879667510e-03
1.252042236167855323e-03
-4.781859964028762266e-04
1.826105930124729366e-04
-6.972150924664386926e-05
2.661077531165970922e-05
-1.015099362362438794e-05
3.869001927614540652e-06
-1.472913687506913755e-06
5.598450908567171844e-07
-2.123647067502564436e-07
8.035942404454489488e-08
-3.032355294353552696e-08
1.141019710543357166e-08
-4.288663857779525240e-09
1.632522624525017458e-09
-6.899856532685304386e-10
2.253913006596047134e-10
1.000959534607863910e+00
-9.595346078640357504e-04
-1.681549311853265063e-20
1.480541200861440261e-20
-1.237809433536592440e-20
9.818212490735908081e-21
-7.379860018797559806e-21
5.248563601207419740e-21
-3.525065815798550713e-21
2.230293030365716229e-21
-1.325170868526231537e-21
7.364880982580168096e-22
-3.808813983303495141e-22
1.820244240841358279e-22
-7.961084114906215939e-23
3.140590874151084473e-23
-1.092833059557922262e-23
3.342361530399204430e-24
-7.423196378942495092e-25
7.018944338592637555e-01
