1.144750784656908493e+00
-5.866238790918455737e-02
2.044413598964838798e-03
-7.987183061588215398e-05
3.296235108840583397e-06
-1.407222923880351715e-07
6.157332748225417506e-09
-2.747549554848358946e-10
1.250743129214635396e-11
-5.835125915399288909e-13
2.921526631176845634e-01
-4.205578774936470920e-01
2.261289833758296786e-01
-1.040166011395930595e-01
4.146110625127186200e-02
-1.288560028888566591e-02
1.359972421805208907e-03
2.339140107709805020e-03
-2.826491045872361885e-03
2.244968773231766340e-03
-1.492479475637566123e-03
8.796199827165148213e-04
-4.649823060795020362e-04
2.163286587000345462e-04
-8.154141620221221824e-05
1.531279837361602258e-05
1.410904321293704670e-05
-2.591718021532798103e-05
1.413417576928427676e-05
1.005194625471803049e-02
-1.034673703883408173e-02
3.167331507262696483e-03
-7.326208835549783294e-04
1.445867171559775486e-04
-2.617058468095786309e-05
4.532765222814220038e-06
-7.682415732178306599e-07
1.287205617764947440e-07
-2.140912411720784641e-08
3.540598313889884322e-09
-5.827341178619270891e-10
9.551668885190700345e-11
-1.560148553649066340e-11
2.540715729374752331e-12
-4.127020304398185546e-13
6.693262463627669575e-14
-1.113321251953683418e-14
1.752167011805895269e-15
3.145060433149364227e-04
-5.897141842690564739e-04
4.870372327131234627e-04
-3.565376321188064952e-04
2.334272964944135746e-04
-1.381296830467894767e-04
7.472044745728635478e-05
-3.738185450528586594e-05
1.749792817683718655e-05
-7.750631649388920147e-06
3.284052505041001487e-06
-1.344495248799379637e-06
5.366101642131601804e-07
-2.103772650221713126e-07
8.152953832839396670e-08
-3.144225473369899210e-08
1.228292855255527449e-08
-5.344481089214071950e-09
1.778987202546044154e-09
-5.742476634009246420e-11
1.091851094719408938e-10
-9.373249665382708115e-11
7.246616135700758197e-11
-5.020755736775642126e-11
3.093016385335126990e-11
-1.673581468495999151e-11
7.798065857054347866e-12
-3.022833646638066614e-12
9.079150443076924989e-13
-1.711845935125048643e-13
-3.979240637300522156e-15
1.547792053425655576e-14
-4.394076769611928941e-15
-2.752159579516569878e-16
5.162215475538638685e-16
-8.465764166905475540e-17
-3.998531848799125401e-17
1.673736795788387976e-17
5.979391878108591962e-01
1.698795753350955395e-02
-5.573362438340819045e-04
2.021943951120018076e-05
-7.627122899669066615e-07
2.933685663480479609e-08
-1.142174988030009499e-09
4.489275270021081037e-11
-1.785335181895145937e-12
7.242364650726569175e-14
8.647771113777356078e-01
1.397577612000844294e-01
-6.782009912827335896e-02
3.032716649101587642e-02
-1.192959172681445738e-02
3.590210962548781495e-03
-2.492531555837774223e-04
-7.921996584347476382e-04
8.941188586649504019e-04
-6.920268611126087271e-04
4.510214468926868276e-04
-2.602420383712881276e-04
1.338049340527313550e-04
-5.956490292807760346e-05
2.038225747654808705e-05
-1.880147911204556184e-06
-5.818298449346647849e-06
8.626017450236080430e-06
-4.531437742681126555e-06
9.702337622752653656e-01
1.005189471341611310e-02
-1.694558663703008656e-03
2.849596444198328649e-04
-4.777269096987286044e-05
7.984174759496104825e-06
-1.330790166511191941e-06
2.213454866417438887e-07
-3.675651767988953495e-08
6.095797695363180008e-09
-1.009690054193571686e-09
1.670148785402207094e-10
-2.758221491139907458e-11
4.546558024627078906e-12
-7.477943515389885878e-13
1.226886267947646774e-13
-2.008785585940636377e-14
3.371009699017386553e-15
-5.341313478159700687e-16
9.904942311776211428e-01
7.227074260427587479e-03
-2.747293805190626891e-03
1.044342856491299078e-03
-3.969833116355741751e-04
1.508986934964638997e-04
-5.735507589810769302e-05
2.179795475102828264e-05
-8.283167060659517745e-06
3.146940380384284703e-06
-1.195263029798987386e-06
4.538290194750656511e-07
-1.722464292669809340e-07
6.534829980076887780e-08
-2.478924142923247882e-08
9.422372360215819869e-09
-3.641797193772316725e-09
1.570653988153505336e-09
-5.200111714109903032e-10
9.978642106356929720e-01
2.134644269781548441e-03
1.144480587927673237e-06
6.136084755117482557e-10
3.289836161284053841e-13
1.763823782683524785e-16
9.517361952761995157e-20
-3.734431542792319109e-22
2.769677108815737513e-22
-1.725930953292081788e-22
1.012480585489941272e-22
-5.378004349256957200e-23
2.712605984813531044e-23
-1.191032184867812544e-23
4.396902071143926872e-24
-2.523162851396473130e-24
4.250027741360849660e-25
7.013424740422392020e-26
3.994165854552507241e-25
1.046582565362154771e+00
5.539207071997225874e-03
-3.118753121931713032e-04
1.474365818366200242e-05
-6.696025907703901096e-07
3.000259554012414509e-08
-1.338635921990653843e-09
5.974408401694268561e-11
-2.683305211507761985e-12
1.223974361690659385e-13
1.042886763819728335e+00
-2.453799061144268726e-02
3.013218330234610398e-04
5.787402773579333921e-03
-5.234728921396753290e-03
3.244235803681133189e-03
-1.579523201876501838e-03
5.645927125413894351e-04
-6.533849448633297389e-05
-1.224306539355884645e-04
1.552285642784442408e-04
-1.272224545463760661e-04
8.582092190661094863e-05
-5.027014137489619006e-05
2.543512524922084543e-05
-1.015747199118150507e-05
1.637292518493814855e-06
2.584239300698108898e-06
-1.872844438638611741e-06
1.015142222253332616e+00
-5.150801240734003902e-03
8.639264211383824088e-04
-1.417813093641864255e-04
2.263619573123516946e-05
-3.505814854803908650e-06
5.262148182067764181e-07
-7.647212494729059712e-08
1.072485910190074012e-08
-1.439438863900324540e-09
1.814808043719492347e-10
-2.058826968589346833e-11
1.850323834228906119e-12
-5.143770374042553024e-14
-3.293242862634805799e-14
1.215649844634144112e-14
-3.096908498639444439e-15
7.155773663246815258e-16
-1.414188386170178720e-16
1.004800460760685521e+00
-3.667082252587798661e-03
1.400572285220712167e-03
-5.348655119414262452e-04
2.042191379985573555e-04
-7.794586297439332057e-05
2.973248340687685410e-05
-1.133092865608727064e-05
4.312279995952159636e-06
-1.638053006720498539e-06
6.206912903878118137e-07
-2.344724710425556215e-07
8.825460786679430097e-08
-3.308445354765642707e-08
1.235116043549463348e-08
-4.599221521606002917e-09
1.731168150081897869e-09
-7.215988776760505909e-10
2.335848212772627669e-10
1.001073442361103849e+00
-1.073442361103844932e-03
-8.696840470339544625e-21
7.614015735551647174e-21
-6.314748949536360251e-21
4.956309850990229654e-21
-3.676535678037283430e-21
2.572982662045774222e-21
-1.695025521815983919e-21
1.048114857995182581e-21
-6.060840382548528803e-22
3.261866820424131477e-22
-1.623471296534128714e-22
7.407545530552886778e-23
-3.059637216737676036e-23
1.121356465950204423e-23
-3.515585319733287347e-24
8.872493676265786666e-25
-1.471451778664685099e-25
7.335477782096803123e-01
