1.655879868632321950e+00
-3.126640325088316796e-01
4.151933310184462156e-02
-6.213191761283679178e-03
9.985115581199099834e-04
-1.695643527254564052e-04
3.013061514340917659e-05
-5.567545284349528146e-06
1.128709059198465988e-06
-2.243091216417723424e-07
2.702213901346511293e-01
-4.325421194166290673e-01
2.830703312665156512e-01
-1.712040736609703462e-01
1.002075219303936171e-01
-5.737745508844860343e-02
3.210229360398453302e-02
-1.744012633702719459e-02
9.099263053869974249e-03
-4.472292037887336605e-03
1.990916719272271644e-03
-7.216645385276601902e-04
1.164038453594888346e-04
1.409833514805476445e-04
-2.285186268105869514e-04
2.432637781385874921e-04
-2.356376755708198471e-04
2.297414541828274911e-04
-1.113146081112558616e-04
5.029011187846813523e-03
-5.602814471338048684e-03
1.869856296740845690e-03
-4.667549108727963485e-04
9.789871675224306438e-05
-1.854775923216221700e-05
3.324258844108732645e-06
-5.793828868649386720e-07
9.964544382662924258e-08
-1.702646789902052715e-08
2.898713129113903755e-09
-4.922827026173395746e-10
8.344678964675752299e-11
-1.412423767183019045e-11
2.387951068415466581e-12
-4.033907255095113749e-13
6.816064062372917726e-14
-1.185981702071051050e-14
1.945758136766593480e-15
1.188570269393674481e-04
-2.247130288662419720e-04
1.900917787123807445e-04
-1.444808082499856835e-04
9.926459286800400213e-05
-6.210796239551930899e-05
3.568318268778147807e-05
-1.899079199217657598e-05
9.446587316939491304e-06
-4.431680743681769604e-06
1.978265296510599165e-06
-8.475575929846762782e-07
3.513725126312893236e-07
-1.420188142253948151e-07
5.635092750081075069e-08
-2.212297692877169079e-08
8.760488209678825928e-09
-3.853339002618007970e-09
1.289905779347020072e-09
-7.503283822810279101e-11
1.435206567124499408e-10
-1.254734265328079263e-10
1.000880300732261124e-10
-7.260394149127070218e-11
4.764736890083550546e-11
-2.807136347729840457e-11
1.467573560172534216e-11
-6.686256256713161655e-12
2.574363823442297874e-12
-7.883231747030707686e-13
1.629816107635723255e-13
-5.527229558241498648e-15
-1.118196353092636658e-14
4.189131561670584947e-15
-2.282240837458759271e-16
-3.476406599281476341e-16
9.441690328265124311e-17
1.394782116820259199e-17
4.076978539176318028e-01
8.376610765559025507e-02
-8.706938413552110095e-03
9.661602254770169191e-04
-1.089292703041488692e-04
1.243645315432954872e-05
-1.468120707105906029e-06
1.869487641125156807e-07
-2.855018238787689996e-08
5.059561319080654031e-09
8.650795362792126353e-01
1.620386949589769643e-01
-9.631979305407348257e-02
5.614835843244281310e-02
-3.198889376736637619e-02
1.773169364194606898e-02
-9.493792465495276903e-03
4.848634213998282740e-03
-2.306812891806152895e-03
9.698642115830122560e-04
-3.052023280456250300e-04
3.084907336752209123e-06
1.126618742097878502e-04
-1.395230724173764428e-04
1.295532796216305354e-04
-1.092351518849167329e-04
9.114843580998879347e-05
-8.072252201454460457e-05
3.783016333319944556e-05
9.761830911772498842e-01
8.082576273417890061e-03
-1.372338997022770624e-03
2.332476073114840998e-04
-3.969187466206830814e-05
6.761722578596480967e-06
-1.152666425229816621e-06
1.965214275598446832e-07
-3.349433350808886102e-08
5.704922224122210894e-09
-9.709034674961941590e-10
1.650939912274099209e-10
-2.804936796754780759e-11
4.761772265385808498e-12
-8.077656469988133590e-13
1.369297289089977332e-13
-2.321572786929054767e-14
4.052628465222967615e-15
-6.665109158200194222e-16
9.924142676862396373e-01
5.773967966957545793e-03
-2.197462030192736185e-03
8.363146588465398277e-04
-3.182882855554037172e-04
1.211369072291127575e-04
-4.610424157943120751e-05
1.754767084780199150e-05
-6.679135412191569476e-06
2.542457564248900653e-06
-9.679050972035429090e-07
3.685295363687568420e-07
-1.403427576455002974e-07
5.345887255811354400e-08
-2.037571306047142360e-08
7.788246916230608046e-09
-3.030585908033190070e-09
1.317912390082541612e-09
-4.386562465857010315e-10
9.982975785508011457e-01
1.701728389617068217e-03
6.927774356558989567e-07
2.820312444043446259e-10
1.148155468042252814e-13
4.674486608889524054e-17
1.656535734976859262e-20
1.809263693488626990e-21
-1.254276231232294109e-21
8.296726811421517971e-22
-5.172898574876486708e-22
3.045661770962055108e-22
-1.691811474171878482e-22
8.729400744577761315e-23
-4.181623390574223819e-23
1.851950779329978254e-23
-7.743824990750175140e-24
3.096594767698549424e-24
-8.195083166689962125e-25
1.021682018868778519e+00
4.284814657567901502e-02
-8.021042727465640607e-03
1.319848770048296380e-03
-2.115069934233379263e-04
3.404895538112709841e-05
-5.598028331140299131e-06
9.500576760152133591e-07
-1.772948791422450865e-07
3.373507093708820623e-08
1.042152557638746035e+00
-3.411087235725614175e-02
8.477735510484101303e-03
2.342066343570209461e-03
-5.677902898246662243e-03
5.737328976332345572e-03
-4.646629541312975557e-03
3.365181131079982881e-03
-2.261852595751596019e-03
1.431471809975616008e-03
-8.558615687215296924e-04
4.805865866942921841e-04
-2.484062629902209158e-04
1.115821685135947781e-04
-3.456369946623266334e-05
-7.165103174267916617e-06
2.930436887096718045e-05
-4.082755637694997832e-05
2.169296628143796310e-05
1.011515958996183295e+00
-3.941736706534334014e-03
6.715260148898746870e-04
-1.134945106892421777e-04
1.897127573502865652e-05
-3.130840964336818944e-06
5.099943462025171256e-07
-8.207184190383127184e-08
1.306543064376581169e-08
-2.059951641409991776e-09
3.218553635020575887e-10
-4.983101039549302804e-11
7.638784254790894318e-12
-1.157602665101033244e-12
1.730024268489306057e-13
-2.540579900232281174e-14
3.646906668086208198e-15
-5.161571214278970239e-16
6.742154795853979684e-17
1.003644189868635905e+00
-2.783899030292291080e-03
1.063339402792017789e-03
-4.061465458960306606e-04
1.551238549667934734e-04
-5.924425982874745658e-05
2.262373380532572105e-05
-8.637725808904342273e-06
3.296885111979474625e-06
-1.257803712919359998e-06
4.795622947903020132e-07
-1.826856064420750703e-07
6.951641162734447753e-08
-2.641822906283603301e-08
1.002716923172782138e-08
-3.808239952808885804e-09
1.468142640116291702e-09
-6.303126751124884907e-10
2.080027942083904513e-10
1.000814867809703079e+00
-8.148678097030949809e-04
-1.212686944919608293e-20
1.079301100462960408e-20
-9.162520573834113512e-21
7.414410656306757508e-21
-5.714007650918604597e-21
4.188995503633806582e-21
-2.917139952177793282e-21
1.926203086748821915e-21
-1.203299647779907018e-21
7.091881323183394908e-22
-3.929508676709612855e-22
2.037718291288794812e-22
-9.831299519059330060e-23
4.380214356605815186e-23
-1.794695756363452427e-23
7.100383664706404674e-24
-2.054214264155070328e-24
6.212525214849040633e-01
