1.046281528501118663e+00
-3.976747959818002082e-02
1.012050566831946847e-03
-2.886155243020756665e-05
8.686490584477232032e-07
-2.700056227684211838e-08
8.584493735061664855e-10
-2.777581373603302820e-11
9.134464155555761621e-13
-3.067938517427255608e-14
2.920436873167266967e-01
-4.061649160932445102e-01
2.046214639265776791e-01
-8.489863740115000112e-02
2.812163511617605041e-02
-5.019257143549865630e-03
-2.563237575383513298e-03
3.864390039449094264e-03
-3.104794773044235959e-03
1.997972836518654028e-03
-1.109928823363882542e-03
5.365890003810835874e-04
-2.165159081065223215e-04
6.072515724210536899e-05
3.079161557063980510e-06
-2.238928879195310157e-05
2.431760506936558405e-05
-2.239143513671659581e-05
1.046002290206647523e-05
1.173786934221242306e-02
-1.186255001825852438e-02
3.560865940068965244e-03
-8.094852811222459036e-04
1.574967406434888383e-04
-2.818021888001405299e-05
4.832268725543820813e-06
-8.110455847777952252e-07
1.344744607002062888e-07
-2.210534854666797704e-08
3.607932342419362310e-09
-5.851835392621457853e-10
9.438341641765120312e-11
-1.514692956234251753e-11
2.419806885392530184e-12
-3.849500994970310188e-13
6.102697491779954669e-14
-9.888267149173744490e-15
1.517031531752909320e-15
3.891721311118165739e-04
-7.282728587108207351e-04
5.980485553452411515e-04
-4.339518133924274881e-04
2.809452934402737628e-04
-1.641375420939019845e-04
8.759032023157074603e-05
-4.322332569295494201e-05
1.996624314342336555e-05
-8.736477416800502403e-06
3.661915613107797044e-06
-1.485493870250917634e-06
5.884729916878579055e-07
-2.293603744688786784e-07
8.848614323564768105e-08
-3.400593779819602191e-08
1.324627371564679414e-08
-5.748572681828680935e-09
1.910633636863322980e-09
-6.728445806200458701e-12
1.277557861670448149e-11
-1.092149637889529346e-11
8.382593515436833818e-12
-5.745849620239122790e-12
3.487190823417600135e-12
-1.848584918454738120e-12
8.370745740765978472e-13
-3.110222101516205957e-13
8.684198438605814716e-14
-1.343993869359605623e-14
-1.786153730814515611e-15
1.720304553537669545e-15
-3.440226455087088706e-16
-7.800855758977217172e-17
5.391696719617840700e-17
-2.610771493785483263e-18
-5.208829884642854884e-18
1.141627815018675479e-18
6.301606773157282237e-01
1.146685427116621823e-02
-2.792649859775773492e-04
7.558814297156527490e-06
-2.132575036375992732e-07
6.141341915128627166e-09
-1.790026059810793753e-10
5.261461880958651635e-12
-1.559552590459636311e-13
4.691346691223706874e-15
8.639326423645917741e-01
1.332669426474396013e-01
-6.006280897827282611e-02
2.412753657562070539e-02
-7.860732158383936657e-03
1.301153936227453624e-03
8.333700322460071324e-04
-1.172620596022082469e-03
9.261805642838813121e-04
-5.886292094231481125e-04
3.223438058022644868e-04
-1.526040833489426612e-04
5.921051770189872881e-05
-1.469310232469193396e-05
-2.844093330762395041e-06
7.583544013063309568e-06
-7.510180668639998052e-06
6.561788995118205569e-06
-3.002247632903087701e-06
9.679128567870959321e-01
1.081344693186183335e-02
-1.816804722540397727e-03
3.039150333829121909e-04
-5.057916003228255582e-05
8.376391987641394326e-06
-1.381624600739181424e-06
2.272100487416145318e-07
-3.728427941612843833e-08
6.107485391570743096e-09
-9.987146396497330042e-10
1.629815949727931367e-10
-2.653099253573597199e-11
4.305752342678065858e-12
-6.962647524332237860e-13
1.121192905014829113e-13
-1.797964703280109513e-14
2.944112265166635443e-15
-4.552892904102159323e-16
9.897428521613251817e-01
7.795373832965126967e-03
-2.962182378847232501e-03
1.125579921544706897e-03
-4.276823098587132616e-04
1.624918077275532859e-04
-6.172825639699502790e-05
2.344482989745457453e-05
-8.901843192203945233e-06
3.378583429926765072e-06
-1.281621678800801052e-06
4.858544734470712946e-07
-1.840493124868292510e-07
6.966793090751531805e-08
-2.635840116243245000e-08
9.988686635622470544e-09
-3.847165653677242499e-09
1.652342222896893489e-09
-5.456224075819173980e-10
9.976945162218964214e-01
2.304150684690873911e-03
1.332322581910601923e-06
7.703851462765602811e-10
4.454576404707682301e-13
2.575757079669541042e-16
1.489394391653578723e-19
7.551806830851724538e-23
7.670297885911371765e-24
-5.199217102993908858e-24
3.351605889045408901e-24
-1.367662321396704886e-24
-3.508607462351512023e-25
1.312357966322260352e-24
4.410522709730306720e-25
-1.684489986253781897e-24
1.093015850988997948e-25
7.467918608731745186e-25
-1.278122401657592563e-25
1.052281544895118159e+00
3.354420867953518837e-03
-1.443238847206989304e-04
5.072790971471561366e-06
-1.704486534126673630e-07
5.637877585820206519e-09
-1.853451572692601375e-10
6.082440822498244898e-12
-2.000919558227558388e-13
6.655358890369364732e-15
1.044484866639765919e+00
-2.400274684253557445e-02
-2.544172616275538232e-04
5.498601938716342168e-03
-4.434367721947865028e-03
2.389034826679801386e-03
-9.189078150770868276e-04
1.547769411945098584e-04
1.381377225994336944e-04
-1.919979451895723196e-04
1.542549615926700369e-04
-9.852724921521046687e-05
5.308951652986488651e-05
-2.378050605047478158e-05
7.749879531695196027e-06
-2.301444368610385768e-07
-2.793636843941041908e-06
3.895388054533602888e-06
-2.036198215063601658e-06
1.016318723568077287e+00
-5.536113393490214862e-03
9.225617787881760026e-04
-1.496185723664417481e-04
2.345202756084911931e-05
-3.538921287092781809e-06
5.127087721103381468e-07
-7.098825921173302431e-08
9.291487104779663035e-09
-1.120246256054264954e-09
1.162397564058389959e-10
-7.962725245285990205e-12
-4.995239112988491471e-13
3.728748201472789134e-13
-1.076511685014280041e-13
2.502755214048852638e-14
-5.270973493384535829e-15
1.085557807119632406e-15
-1.999585533363581349e-16
1.005177612937514731e+00
-3.955112963641730858e-03
1.510514063903457306e-03
-5.767979830792226148e-04
2.201894614892784072e-04
-8.401318966561220560e-05
3.202830107701643925e-05
-1.219437246081013633e-05
4.634198516597886407e-06
-1.756656861612277505e-06
6.637133301171227014e-07
-2.497714503908158782e-07
9.356070043920870872e-08
-3.486726307364986377e-08
1.292567622860464054e-08
-4.773638717631692317e-09
1.779106645959952527e-09
-7.325266855334962060e-10
2.351971664206589831e-10
1.001157792932961810e+00
-1.157792932961827304e-03
-1.247851617600978385e-22
1.087891969347610923e-22
-8.973444509241018389e-23
6.993886934550214432e-23
-5.141872223586576023e-23
3.559147519245799391e-23
-2.314094920231226968e-23
1.408746430505301961e-23
-7.995598152855257338e-24
4.208190559198162218e-24
-2.039198589997598006e-24
9.004687879893581027e-25
-3.567994278286883317e-25
1.237533674058895810e-25
-3.575805787953277968e-26
7.576281351972927456e-27
-8.177187686489587368e-28
7.519015348543394150e-01
