5.085458069765279587e-01
-2.513840737305249665e-03
7.069172323226216759e-06
-2.195554268455500239e-08
7.207799036099948238e-11
-2.444960352987925728e-13
8.584364919875709862e-16
-8.687587728101289939e-18
-2.384221073137069987e-18
4.758509379922171182e-20
2.512519403467468049e-01
-2.272747377319920548e-01
4.526406504618624843e-02
5.082093796917100219e-03
-8.202886875804915948e-03
3.721000814549348893e-03
-9.464982297527055116e-04
1.874818070607313920e-05
1.224071257754012927e-04
-7.299491980434488552e-05
2.444895596550864103e-05
-3.470865322524700781e-06
-1.623127236155523384e-06
1.482456484144624634e-06
-6.309529658818098212e-07
1.480788062218981705e-07
9.852419489809833849e-09
-3.477373136168397624e-08
1.642312136901425419e-08
3.286013360799044936e-02
-2.776701898794947665e-02
6.838639222871995688e-03
-1.278774181090192637e-03
2.047229938406422520e-04
-2.969751711292356415e-05
3.965840167722953544e-06
-4.792815697034074614e-07
4.907342722065719065e-08
-3.271329476172930065e-09
-1.929994828603640265e-10
1.369167611835093356e-10
-3.674053734629639146e-11
7.823776973479627777e-12
-1.485771681263863555e-12
2.620946685491223549e-13
-4.374692814685112189e-14
7.126541952179380971e-15
-1.060587334423403253e-15
1.720058829505214954e-03
-3.157445464002530018e-03
2.454819437544305486e-03
-1.638978531952866007e-03
9.565464971980340049e-04
-4.973956482478412338e-04
2.348753230448433476e-04
-1.025934512485726321e-04
4.218028298687582773e-05
-1.658467065484065846e-05
6.322292510195686371e-06
-2.362484423036857123e-06
8.721413270848646239e-07
-3.196063716483395112e-07
1.165521361855328004e-07
-4.238256909297837119e-08
1.554578035846574789e-08
-6.280246295284329106e-09
1.991235585713563137e-09
1.176755056754666773e-08
-2.208210648647177012e-08
1.820886215479147615e-08
-1.312529387267401017e-08
8.186238405322842265e-09
-4.340207426021419840e-09
1.895081081485855733e-09
-6.390077292494722182e-10
1.393502417826590305e-10
-2.998151348759496940e-12
-1.063524128614529279e-11
3.202823167047080577e-12
3.037026808501967016e-13
-4.054318170919814490e-13
3.275066331287392892e-14
4.487095409548238056e-14
-9.168916127286974628e-15
-4.578188464293462873e-15
1.487578461317271777e-15
7.586214154826331768e-01
7.550578869230954639e-04
-1.944960603099230264e-06
5.836589218480069525e-09
-1.879357696684933206e-11
6.288443190958741765e-14
-2.151702218555793915e-16
7.837149719324340643e-19
-1.716597490615170878e-18
1.569499240963026703e-18
8.464231883895597663e-01
8.165437896311551758e-02
-1.155569313964940198e-02
-2.448493063714615118e-03
2.507059642407872841e-03
-1.028921241416566124e-03
2.406193068956011033e-04
3.157290944817073823e-06
-3.493128007823211961e-05
1.956046070552001749e-05
-6.275510891373542489e-06
7.919262983985663663e-07
4.663749316398741060e-07
-3.931938980941156778e-07
1.619849529016180422e-07
-3.633567692372164059e-08
-3.405394411980846066e-09
9.122601968573569427e-09
-4.206953584056391628e-09
9.389469982480445065e-01
1.963420448405281751e-02
-3.026956876098687438e-03
4.417674493089639772e-04
-6.062683239525753126e-05
7.778051281768173225e-06
-9.192775349211266894e-07
9.580874649060145618e-08
-7.552213112735554445e-09
5.458078563579646881e-11
1.594556386215127904e-10
-4.950044976555520880e-11
1.123033033290435260e-11
-2.230562259638010245e-12
4.090069271051109271e-13
-7.073610135212642815e-14
1.164981363687661254e-14
-1.873710785052521656e-15
2.751427715645299994e-16
9.801035846236886284e-01
1.504159297973109780e-02
-5.682707773103404594e-03
2.144784164408945065e-03
-8.080853882215646494e-04
3.036165705602472025e-04
-1.136108770529511031e-04
4.227632998454687575e-05
-1.562090573893650851e-05
5.723517997113207100e-06
-2.077388581610060429e-06
7.464396772935015735e-07
-2.654614281069778141e-07
9.345607885706944553e-08
-3.258616283037026413e-08
1.127108437683584017e-08
-3.908442644009760473e-09
1.479293688957450987e-09
-4.490686511866350135e-10
9.955049616944537938e-01
4.489981269746061085e-03
5.051346502758187392e-06
5.682896674242346467e-09
6.393734200792809462e-12
6.953848054701394391e-15
1.704673542448911694e-16
-1.019925867460735749e-16
5.890364869584810269e-17
-3.103764288164132912e-17
1.476515828986316587e-17
-6.241477724455668492e-18
2.284570242559452427e-18
-6.900121492643230220e-19
1.529164285386399163e-19
-1.416431894455728284e-20
-6.045936958653596605e-21
3.278338561148841908e-21
-6.612131375551590854e-22
1.089411456589334692e+00
-4.318280058892952225e-05
-3.447935633469879600e-07
1.972683604481339234e-09
-8.511743530826394324e-12
3.396345358202365645e-14
-1.311220873824755690e-16
4.307625476500581639e-19
3.900143573303931357e-20
3.012332307414793320e-20
1.067228105024677687e+00
-2.514391306136740112e-02
-6.265142197460836331e-04
2.028272369117434335e-03
-5.412577505788226852e-04
-5.717855579050799781e-05
1.009542316749022673e-04
-3.886412785655094806e-05
3.574663024368965824e-06
4.525126948663549533e-06
-3.158690263689133166e-06
1.068511746216983859e-06
-9.941534182988037126e-08
-1.187143431519293619e-07
8.715590192712503556e-08
-3.255622527679974558e-08
4.906678098862819051e-09
3.543819494352635006e-09
-2.410594268797148532e-09
1.031222523723193563e+00
-1.003237351436479276e-02
1.483260720440208492e-03
-1.944319956330809807e-04
2.131908819138216918e-05
-1.624613612629965204e-06
-2.065301624824152562e-08
4.245357797582603239e-08
-1.164818039714431849e-08
2.375187494741899023e-09
-4.174107709508765048e-10
6.587207895631504653e-11
-9.394921864577116740e-12
1.186160104921995986e-12
-1.228754185265609504e-13
7.313137965604207420e-15
9.138972280185283568e-16
-4.983305269666867961e-16
1.224615859336416147e-16
1.010079432293783830e+00
-7.693297352069859360e-03
2.932944846012618730e-03
-1.115933769054594038e-03
4.231521925868349785e-04
-1.595938501550873078e-04
5.971835918135441797e-05
-2.210612517851652032e-05
8.070145779137104326e-06
-2.896323531218771280e-06
1.018720504992156089e-06
-3.500428793931583274e-07
1.170803887077083009e-07
-3.793910784845601966e-08
1.182267868751833545e-08
-3.494734824445702420e-09
9.512452565146568874e-10
-2.275539011458921987e-10
3.949450744324857127e-11
1.002255123663696512e+00
-2.255123663696262815e-03
-5.364573441964175984e-16
4.527000325658057256e-16
-3.562503284163369431e-16
2.608917762936675540e-16
-1.772786816469561231e-16
1.113307661359058509e-16
-6.426654064877725496e-17
3.384681656565598379e-17
-1.609124287904857514e-17
6.796226140680067120e-18
-2.484575637289979136e-18
7.488095911217920280e-19
-1.652581432059911470e-19
1.498829975616062586e-20
6.699100070988312295e-21
-3.607257788250271621e-21
7.062940183679924218e-22
8.510682578509655150e-01
