1.365143072896344956e+00
-1.296008263793356763e-01
8.583984651433632096e-03
-6.385038601409205204e-04
5.039641175457510071e-05
-4.140660803045758648e-06
3.510194516853999460e-07
-3.054041680728456410e-08
2.753521317959557918e-09
-2.550376314832394969e-10
2.866498551585613952e-01
-4.366327775677241174e-01
2.612461987144110709e-01
-1.404813712922792779e-01
7.075428009584709688e-02
-3.325626523842874216e-02
1.407302452669465138e-02
-4.815046095714382510e-03
7.245431803652834912e-04
8.071028275281759467e-04
-1.163209646040362383e-03
1.045995536019689656e-03
-7.897010670023374554e-04
5.373926743692016830e-04
-3.384360182245173374e-04
2.004173121940234701e-04
-1.154146532481342729e-04
7.226202952515614435e-05
-2.912406910229438663e-05
7.381959313238874512e-03
-7.864396622896081129e-03
2.498326465055977167e-03
-5.970149078836109414e-04
1.209473979022567360e-04
-2.233665092207960459e-05
3.931055489607358349e-06
-6.758029302656371463e-07
1.148668612586698108e-07
-1.940325358579876460e-08
3.264080805403484983e-09
-5.473520141437007255e-10
9.154952377125277207e-11
-1.528082815188927665e-11
2.546420883842954213e-12
-4.238162095392414851e-13
7.052770109587447597e-14
-1.207187011320978218e-14
1.951420535767556895e-15
2.057562864681169686e-04
-3.872183589698243431e-04
3.232027666548376228e-04
-2.405367925382598346e-04
1.608314730844190299e-04
-9.750105872664853099e-05
5.412813471716034061e-05
-2.780395199895991686e-05
1.335339639671685835e-05
-6.058476669228899284e-06
2.622837239349663449e-06
-1.093790388697338171e-06
4.432252475325838201e-07
-1.758611578916503575e-07
6.878053742459866435e-08
-2.670975327922903298e-08
1.049036351481613326e-08
-4.585027597815478761e-09
1.529903389021986793e-09
-8.389439866973982368e-11
1.599306196037766671e-10
-1.383932356932550950e-10
1.084695730238008752e-10
-7.668372595963852915e-11
4.857859763159334929e-11
-2.730001901275791038e-11
1.339825270944102242e-11
-5.595233840561112693e-12
1.893872764923797387e-12
-4.626182817353332996e-13
4.783829905907228824e-14
1.917841758882478913e-14
-1.043785296586854064e-14
1.357854274887591053e-15
6.598841076350949308e-16
-3.040976568413605344e-16
-1.301390905527766068e-17
3.623365343518354764e-17
5.184818376631512571e-01
3.719283366411677699e-02
-2.188660399738529428e-03
1.410896742809046611e-04
-9.413828400753170768e-06
6.400108416971920297e-07
-4.419392736140893927e-08
3.106692568020277025e-09
-2.256610922715558047e-10
1.711864297439464026e-11
8.653122993918732631e-01
1.516256193266209140e-01
-8.257348737093510305e-02
4.314037031279114448e-02
-2.135040457516453397e-02
9.773140835336105448e-03
-3.921112706723395985e-03
1.161576682872135025e-03
2.614214033725062188e-06
-3.933251846700903964e-04
4.429295348521808829e-04
-3.665666207884349533e-04
2.629165120185582229e-04
-1.713143335788196977e-04
1.029687643946863629e-04
-5.727653139900911117e-05
2.984156878959232087e-05
-1.606060848493919170e-05
5.884034034145803503e-06
9.737238807499072335e-01
8.899291374327421636e-03
-1.506911501901203642e-03
2.551100988477249427e-04
-4.317003648785746239e-05
7.300477641316404414e-06
-1.233545987385882779e-06
2.082350976606627423e-07
-3.511887916718748504e-08
5.917342569256952581e-09
-9.961465589329220146e-10
1.675445286142086696e-10
-2.815359853227960931e-11
4.726171305284080834e-12
-7.925497626076812601e-13
1.327587066351549803e-13
-2.222978393752243853e-14
3.827390909123094221e-15
-6.214963024033219571e-16
9.916215540696368125e-01
6.374056032638785244e-03
-2.424587984394530916e-03
9.222746661990859681e-04
-3.508189831114122393e-04
1.334463479515958495e-04
-5.076115935947350406e-05
1.930892435380549915e-05
-7.344914053805682303e-06
2.793942664281900842e-06
-1.062795768234611942e-06
4.042801603718765962e-07
-1.537854171422760192e-07
5.850100961416685629e-08
-2.226173207491836187e-08
8.492702110386425216e-09
-3.296778129821723147e-09
1.429335733388559805e-09
-4.748065890811124020e-10
9.981187011412314680e-01
1.880424077811232832e-03
8.743741948131677567e-07
4.065733052338864681e-10
1.890516128662175142e-13
8.790737137215360752e-17
4.036838542738631194e-20
3.810193812742873090e-22
-2.454549149573613338e-22
1.550514905524103901e-22
-9.296821429464750923e-23
5.152461951314657332e-23
-2.635859527990430090e-23
1.296384563470544319e-23
-5.509775902825277305e-24
2.499742634052294263e-24
-1.251090823259205679e-24
1.092008985365192044e-25
1.280787912013880697e-25
1.035742506238791716e+00
1.472756777415572260e-02
-1.472558924660367485e-03
1.276513761368043760e-04
-1.070599839182273693e-05
8.906916677420200812e-07
-7.427125883969122300e-08
6.243814408933902091e-09
-5.378242990202140103e-10
4.754718275246403264e-11
1.041285546684846741e+00
-2.752018726895819056e-02
2.862898217637972319e-03
5.290106846515824600e-03
-6.280485353365012312e-03
4.902627902302027045e-03
-3.190638390216198311e-03
1.824003441831004765e-03
-9.142182858939039902e-04
3.789465260709160097e-04
-9.897590259092771869e-05
-2.661131333291001931e-05
6.840144187119768344e-05
-7.031908911147479314e-05
5.718831574869009477e-05
-4.170788959892598980e-05
2.957491361867802405e-05
-2.275216067616864056e-05
1.009799336306690320e-05
1.013144933730313557e+00
-4.487643050562661190e-03
7.594663694457942519e-04
-1.267344482493131929e-04
2.076512851804214745e-05
-3.333973805795897913e-06
5.245588363369214297e-07
-8.096416956253510810e-08
1.227044722868662064e-08
-1.825700360334491329e-09
2.661717279093751641e-10
-3.785664544626722435e-11
5.209908668159254709e-12
-6.835476091261464526e-13
8.299410800455800076e-14
-8.669227480828893546e-15
5.828256512679101406e-16
5.558491981827152787e-17
-3.143242172950703822e-17
1.004162803609138344e+00
-3.180044346089025420e-03
1.214617860631385252e-03
-4.639004145837500345e-04
1.771611016380687093e-04
-6.764512459502346035e-05
2.582115378095998040e-05
-9.851615873833069741e-06
3.755997652627681559e-06
-1.430520739721406799e-06
5.440707767113077593e-07
-2.065554981821027851e-07
7.824697395453260559e-08
-2.956689789841696312e-08
1.114393284557621294e-08
-4.196841158058300997e-09
1.601375704656552440e-09
-6.788074225252032640e-10
2.221628798808248776e-10
1.000930840994068705e+00
-9.308409940687466418e-04
-1.703514263596984665e-20
1.502193548278567846e-20
-1.258661326022509590e-20
1.001223959456058870e-20
-7.552720584737601565e-21
5.394987141637478045e-21
-3.642368900626552659e-21
2.318797715522394160e-21
-1.387829393001324186e-21
7.779604448703628893e-22
-4.064388297625790007e-22
1.966145508452980301e-22
-8.727551447593287805e-23
3.507906971824115457e-23
-1.252432254470533345e-23
4.000817703375398658e-24
-9.363407570944042304e-25
6.921963692215016284e-01
