9.343046032391658651e-01
-2.476390338955990547e-02
4.301506843367393145e-04
-8.369220475807602827e-06
1.718015661213533311e-07
-3.638251836634243293e-09
7.868422927955687926e-11
-1.728680430805115880e-12
3.849275374279994018e-14
-8.719523089256634252e-16
2.896998327559004438e-01
-3.836951941773764641e-01
1.760570735553924071e-01
-6.218629232960302955e-02
1.412722315510368115e-02
1.938664846455776230e-03
-5.135764381636786537e-03
4.210401335938399395e-03
-2.585276119010065758e-03
1.317742900796289992e-03
-5.547539739681840503e-04
1.709300926303262795e-04
-1.179869516895174872e-05
-3.550464683452708654e-05
3.704744961675624708e-05
-2.549627751080187264e-05
1.426616696260341621e-05
-7.454249913686122771e-06
2.597135164626126074e-06
1.416330734288056593e-02
-1.397073502604995882e-02
4.086606376145459837e-03
-9.077520778874612973e-04
1.732024703234962535e-04
-3.047946289165832365e-05
5.146638304717138773e-06
-8.501421622447072581e-07
1.384760190482379885e-07
-2.230648470263131316e-08
3.557539870209971672e-09
-5.620853953495329537e-10
8.801966191367534941e-11
-1.366426379301313045e-11
2.102820294829269648e-12
-3.206608954344985186e-13
4.843030894834237413e-14
-7.396362406561890662e-15
1.066730311503350592e-15
5.051822802447542308e-04
-9.428722638526346005e-04
7.684205021098770242e-04
-5.510901280878782596e-04
3.515556941928324268e-04
-2.019812074477768686e-04
1.058930642335192577e-04
-5.133481593716558380e-05
2.331282317821089492e-05
-1.004269600517637282e-05
4.152027506563231861e-06
-1.664942368858534482e-06
6.534018957425542452e-07
-2.527894459425995198e-07
9.696214209531552293e-08
-3.709021308937290299e-08
1.438900232481591608e-08
-6.219650790678863123e-09
2.062316161193360467e-09
1.411427386007896352e-10
-2.675123612993163401e-10
2.274376078394095863e-10
-1.729173470979946743e-10
1.168686701926044310e-10
-6.954193956509465332e-11
3.587130338403538588e-11
-1.562644869487225284e-11
5.472673677219689541e-12
-1.369453654805246136e-12
1.419155212130492752e-13
5.882417583371564495e-14
-3.074890794912026637e-14
3.071882143205978191e-15
2.331370961063278084e-15
-8.301048937361296811e-16
-1.063732043286231812e-16
1.003822025869379953e-16
-1.328281980174942859e-18
6.636453890537654665e-01
7.083384229682199336e-03
-1.190423090819315606e-04
2.239565970652715253e-06
-4.407735337767705056e-08
8.871121937202527515e-10
-1.808383362527136630e-11
3.716925529163981803e-13
-7.691056004377342535e-15
1.609038487771276286e-16
8.622474633805730093e-01
1.250159903565705721e-01
-5.051390965233155950e-02
1.706393936337552084e-02
-3.715210395917023598e-03
-6.684302440830354897e-04
1.507926142840215495e-03
-1.216433442847284288e-03
7.407210407903430660e-04
-3.740279575989406019e-04
1.550120071831916763e-04
-4.590976428799885956e-05
1.432898651701737948e-06
1.120945226516811820e-05
-1.105384895163290403e-05
7.409949643526704321e-06
-4.029081656669218334e-06
2.006164810334228604e-06
-6.712809583615274202e-07
9.645094915335026275e-01
1.191999521528671648e-02
-1.991177480064651017e-03
3.300795853799312640e-04
-5.424961567547745300e-05
8.845771420189707594e-06
-1.433328625953469704e-06
2.311937753012935665e-07
-3.716603453599982289e-08
5.957299803197735939e-09
-9.518858153440467276e-10
1.515095471173930903e-10
-2.399766127344252158e-11
3.777811780136833457e-12
-5.902725248677099817e-13
9.139500681693917574e-14
-1.400357420748801652e-14
2.166810537600419728e-15
-3.156235431596312325e-16
9.886370724802481247e-01
8.630937369974285567e-03
-3.277810391214153879e-03
1.244762708253255475e-03
-4.726568361035933248e-04
1.794442927839012749e-04
-6.810677745066106095e-05
2.583831982519870952e-05
-9.796545952807697550e-06
3.711319997580072678e-06
-1.404563699135444588e-06
5.309244295291903630e-07
-2.004216756065632634e-07
7.555487472334286683e-08
-2.845176294152269108e-08
1.072498913278510497e-08
-4.105697488469816973e-09
1.750847848076740085e-09
-5.755594604130159320e-10
9.974445547583713489e-01
2.553810566440516995e-03
1.633629514158278729e-06
1.045005226522023516e-09
6.684722215336775804e-13
4.275976347923950004e-16
2.827889340720576660e-19
-6.151999985613671612e-21
4.041346840974297804e-21
-2.408124142405350586e-21
1.335614847363344319e-21
-6.820752368980323575e-22
3.197386616832359518e-22
-1.356597897000891598e-22
4.992918881692445259e-23
-1.664314237907947904e-23
4.647255939313326791e-24
-4.880778308615332491e-26
-1.721733414300491478e-25
1.059498859747226573e+00
1.761197073819561511e-03
-5.581823509472566238e-05
1.372527331156816002e-06
-3.198314499308378986e-08
7.314349762761586980e-10
-1.659415580189567102e-11
3.751583049782930822e-13
-8.478581917883630019e-15
1.929273068478991056e-16
1.047191344644272881e+00
-2.396442760923054791e-02
-5.233583220618074792e-04
4.893100884950210387e-03
-3.416489169075973258e-03
1.479430562840719672e-03
-3.286211580373000129e-04
-1.322988429071217994e-04
2.233672651309384215e-04
-1.753918794260208040e-04
1.035010881990308261e-04
-4.867692649775373360e-05
1.686168066256920551e-05
-2.122702052782735789e-06
-2.861041259874163481e-06
3.414603618035603004e-06
-2.585519948435761609e-06
1.805773866378534998e-06
-7.457573755562490603e-07
1.018031266294147308e+00
-6.090794466256365183e-03
1.004742470712090491e-03
-1.599869516043681222e-04
2.437511299687537882e-05
-3.530803460538202607e-06
4.826004844946464912e-07
-6.128747446671181580e-08
6.957460823584813847e-09
-6.266155444171616746e-10
1.943274799121043458e-11
1.006704325130234230e-11
-3.727522590338716380e-12
9.320341794436683776e-13
-2.016595335528174888e-13
4.038055823726129689e-14
-7.704538719433248988e-15
1.466616032918571648e-15
-2.548574077662965520e-16
1.005728474959295626e+00
-4.375750298708874775e-03
1.671024903972208623e-03
-6.379807280594705816e-04
2.434643766123595560e-04
-9.283733143532180675e-05
3.535574988874805785e-05
-1.343902537678721223e-05
5.094495050375955291e-06
-1.924285529201873642e-06
7.235457101004546594e-07
-2.705843084648850748e-07
1.005644968846450870e-07
-3.712295195760510652e-08
1.360829999496848185e-08
-4.960193780333675867e-09
1.819696808187574165e-09
-7.345976802116250932e-10
2.327422834890758317e-10
1.001281004592301960e+00
-1.281004592301943469e-03
-5.803550343122039659e-20
5.036418942932706160e-20
-4.125030910501659245e-20
3.184834951942576032e-20
-2.314134690132057706e-20
1.579045473011164307e-20
-1.008989054208648589e-20
6.015633764671507368e-21
-3.330474054124668846e-21
1.701349686422648754e-21
-7.949435003627955327e-22
3.354644419908922940e-22
-1.253842962694535010e-22
4.011772722637395771e-23
-1.018019341874621065e-23
1.519603083877958198e-24
4.836695320982591316e-26
7.729945648376739253e-01
