1.771809112904626726e+00
-4.063055551018862066e-01
6.472584358411247185e-02
-1.162171770556475435e-02
2.257256612061017340e-03
-4.676368769325707280e-04
1.022068430164671028e-04
-2.343177646946741050e-05
6.105401619034582735e-06
-1.493926866173402095e-06
2.641836410349314712e-01
-4.302540772547178149e-01
2.889533073344078828e-01
-1.799437043872390840e-01
1.088341921713958105e-01
-6.471713364089190512e-02
3.786879016154973132e-02
-2.173670383096885927e-02
1.217258569715020007e-02
-6.594771987296505975e-03
3.408961789900845103e-03
-1.637379399301498338e-03
6.856295888043619207e-04
-1.966606054187318344e-04
-4.059661515323171395e-05
1.481953138893816362e-04
-1.944200897167456686e-04
2.154568578798770728e-04
-1.081800496184792177e-04
4.144187303167184630e-03
-4.742151020586352940e-03
1.631438233701775408e-03
-4.185339686805760861e-04
8.974386237337253903e-05
-1.728107920971080791e-05
3.131879775779064100e-06
-5.499586115590090548e-07
9.509783592425439264e-08
-1.632198495311244888e-08
2.790287800255681538e-09
-4.758071870930897633e-10
8.098601044156348034e-11
-1.376449719265065633e-11
2.336774014737374763e-12
-3.963734270691288041e-13
6.724964831249030057e-14
-1.175131214972773338e-14
1.935175895886894593e-15
8.796709184738140525e-05
-1.667531910669336310e-04
1.421572501365589143e-04
-1.093799375892235830e-04
7.635862519910739936e-05
-4.868216339941418329e-05
2.855399409828836654e-05
-1.552960814349864653e-05
7.895366120680002032e-06
-3.783318648589822226e-06
1.722748962154007938e-06
-7.514778227464308875e-07
3.164602425819281988e-07
-1.295983709954969505e-07
5.196980229473983573e-08
-2.057215477497602976e-08
8.198154456448018911e-09
-3.623713365777157370e-09
1.216007798375629390e-09
-6.772505103762327726e-11
1.297971976288302604e-10
-1.141545632319044197e-10
9.199248305819090475e-11
-6.773026860077959344e-11
4.535690684679973701e-11
-2.744570119300341190e-11
1.486169124711716548e-11
-7.096527658155816371e-12
2.918015643077718883e-12
-9.895293317121586349e-13
2.509093727708704591e-13
-3.252940438009967219e-14
-7.174435562394651070e-15
5.251300933471454777e-15
-1.051198926001923163e-15
-1.834531672616753827e-16
1.423224957034842720e-16
-1.787500138848383915e-17
3.682574257182795185e-01
1.037938805957844823e-01
-1.207110486526006068e-02
1.451994429550946533e-03
-1.717299857209060175e-04
2.003431303843998263e-05
-2.450464960103852202e-06
3.627079676876782902e-07
-8.308776781914562935e-08
2.255636461826771542e-08
8.650689930171968633e-01
1.650903622892940237e-01
-1.004368809655374339e-01
6.011801331091397999e-02
-3.531015505911144076e-02
2.029281159906023285e-02
-1.136117217238968684e-02
6.151305836675122554e-03
-3.180541519156780770e-03
1.533611395346735646e-03
-6.538794177526881333e-04
2.079253725797615567e-04
6.304217118963816319e-07
-8.517411237109636356e-05
1.095824270175807009e-04
-1.087309438553064504e-04
1.009199134621609472e-04
-9.534881755270079972e-05
4.563120192717468548e-05
9.769254036963017640e-01
7.833800174000482563e-03
-1.330806558555684043e-03
2.263768083876019235e-04
-3.857422234235492953e-05
6.584457738718903147e-06
-1.125464490551582988e-06
1.925113100155656154e-07
-3.293125136114737587e-08
5.630741706707908330e-09
-9.620417970926244187e-10
1.642234470657838990e-10
-2.800795246148885796e-11
4.772543135029122625e-12
-8.125809623102275890e-13
1.382508138227699995e-13
-2.352590398652719370e-14
4.122801596173992628e-15
-6.804128632737532562e-16
9.926524145815714961e-01
5.593325245647514168e-03
-2.128950561305034683e-03
8.103306147521769547e-04
-3.084333054078347027e-04
1.173990962276619525e-04
-4.468649084304900484e-05
1.700988376643840409e-05
-6.475126734216931753e-06
2.465065191927591666e-06
-9.385479681844161564e-07
3.573966633721862530e-07
-1.361234730356096383e-07
5.186144793970041354e-08
-1.977175783308461278e-08
7.559935017085571385e-09
-2.943140905093189787e-09
1.280739297411218176e-09
-4.264780007759891890e-10
9.983512093838763368e-01
1.648140099027514682e-03
6.502604398306266652e-07
2.565550342883504633e-10
1.012217235646540353e-13
3.994015293433393879e-17
1.268436058421073658e-20
2.292413286822867753e-21
-1.618550380285764381e-21
1.089722678568647941e-21
-6.962858066942076542e-22
4.233392427403617156e-22
-2.422780947160288163e-22
1.307561313597991419e-22
-6.594901029302093131e-23
3.002628830462067548e-23
-1.325989297250777473e-23
6.237440625322997239e-24
-1.786855095407819088e-24
1.010492320998347848e+00
6.013179666053414946e-02
-1.306821557398260732e-02
2.497447145013295938e-03
-4.656790210120478803e-04
8.798248971454686708e-05
-1.722801358262054437e-05
3.548907202877209443e-06
-8.475116800387885533e-07
2.030193000283532129e-07
1.042502665355864666e+00
-3.593818146911552380e-02
1.011852986607389253e-02
1.419650785128651928e-03
-5.432801462812747451e-03
5.942210272128990202e-03
-5.077897221464417604e-03
3.862811147684680740e-03
-2.731538157172423015e-03
1.828496237705908977e-03
-1.167238958086979674e-03
7.109199556655707280e-04
-4.103198983697191912e-04
2.199833286135384914e-04
-1.036415876416364886e-04
3.482037376501030413e-05
4.359339153680433388e-06
-2.477354692073785295e-05
1.514890896701665854e-05
1.011163018749914544e+00
-3.824085482342802923e-03
6.529055041715473495e-04
-1.108225457044042080e-04
1.865203911198540975e-05
-3.107263223011781789e-06
5.120854024036218121e-07
-8.352774798504508174e-08
1.349889469596292863e-08
-2.163830740954318221e-09
3.443133962950157171e-10
-5.440460717460510723e-11
8.534914444621440804e-12
-1.328528162752519444e-12
2.049635414499349124e-13
-3.129124969423603066e-14
4.718521670763841096e-15
-7.157313901743774493e-16
1.019516921738548398e-16
1.003531674225563330e+00
-2.697953127593316017e-03
1.030518443810500952e-03
-3.936162747886059934e-04
1.503426120591052804e-04
-5.742162410048039966e-05
2.193010231896384688e-05
-8.374478834005520236e-06
3.197402232375987894e-06
-1.220443480953790822e-06
4.656552323648533185e-07
-1.775704417778838305e-07
6.766447412583537527e-08
-2.576133211153656543e-08
9.800277198008780152e-09
-3.732584612231113744e-09
1.444041558440360292e-09
-6.226974956174336013e-10
2.060759462572002825e-10
1.000789706960116154e+00
-7.897069601160684000e-04
-9.200378715142764285e-21
8.232372537152714816e-21
-7.041889390845266723e-21
5.755022781078760886e-21
-4.490178573957225875e-21
3.341259204049604459e-21
-2.368372679203975230e-21
1.596684767413290548e-21
-1.021879132789448659e-21
6.194148774706045111e-22
-3.545768321982710000e-22
1.909887961325557950e-22
-9.636173161368778937e-23
4.532445503939382512e-23
-1.992610323665487592e-23
8.705735723782638267e-24
-2.726914687172053614e-24
5.662711599792484840e-01
