1.665216890917447512e-01
-8.199118547089495753e-05
1.798357340029403005e-08
-4.024758188840509263e-12
9.264513031933015088e-16
-2.091465820079886175e-19
2.884501915496852488e-21
-1.486761562806784889e-21
-2.948774434934843620e-21
1.667492877687884066e-21
1.379284614891425342e-01
-3.447626414342580548e-02
-4.555335934190999497e-03
1.409183340325881025e-03
-3.713766286292646807e-05
-3.240172015030676206e-05
4.723198320192806499e-06
3.065220425710386072e-07
-1.636510811587390732e-07
1.134860841961033357e-08
3.120797077035749923e-09
-6.964493381408555996e-10
-1.499006048770001648e-12
1.979676981090231979e-11
-2.420828016772486777e-12
-2.620111068016678175e-13
1.023318000996293415e-13
-4.778976077710440203e-15
-2.361177486440847246e-15
6.621492928109533327e-02
-3.092207482909693772e-02
3.102008401208082231e-03
-4.687957195549125207e-05
-3.675082427390740183e-05
7.023574586144526590e-06
-7.136794980917693504e-07
2.611675415779612276e-08
5.722167263177142102e-09
-1.428980265594413026e-09
1.770231670958304758e-10
-1.126867559142543273e-11
-5.732493055535573525e-13
2.767721335731865402e-13
-4.299412892154293280e-14
3.843770702523310850e-15
-6.540821312407923971e-17
-4.812219829704452827e-17
9.987685975573497072e-18
7.871696586407867652e-03
-1.361819937404032919e-02
9.014909081757470355e-03
-4.736316662385340985e-03
2.041605984698633119e-03
-7.397049503116702755e-04
2.275574887468164863e-04
-5.831630049217518489e-05
1.108471147239953702e-05
-4.643642285973608224e-07
-9.797340109570481672e-07
7.037606537503242672e-07
-3.538540828149094805e-07
1.530210340770829580e-07
-6.007339339014367415e-08
2.178034835303054642e-08
-7.325971355689763188e-09
2.404907251021100775e-09
-6.227143376425431241e-10
2.299476870796147360e-06
-4.216692905982829055e-06
3.236727847179571592e-06
-2.051199613543015164e-06
1.041816256794003409e-06
-3.977219418262546373e-07
9.523701534175653491e-08
-1.921089385407537496e-09
-7.957513000585689660e-09
2.031911353693779454e-09
5.112352110062414832e-10
-3.151756711901513804e-10
-3.603991105578027134e-11
4.563680674743166583e-11
4.320318429665123982e-12
-6.951138875791529412e-12
-1.093091665669743880e-12
9.315650663455303713e-13
2.981844561929228165e-13
8.593261340451759933e-01
3.799148752418839413e-05
-6.963021806261663317e-09
1.409263927172379488e-12
-3.033062309877090544e-16
7.621351576139618828e-20
-8.824316775718625829e-21
2.941867235183918701e-21
4.136154437335499189e-21
-4.253972178587031425e-21
8.732617695732248775e-01
1.701474130759175751e-02
2.533573400020487990e-03
-5.912508813344064754e-04
6.426140053503410848e-06
1.277796508957565480e-05
-1.572114489416914585e-06
-1.332332052225716862e-07
5.493875098149239281e-08
-3.062798491468050688e-09
-1.070564864531477387e-09
2.104663058636591265e-10
3.227669790035766593e-12
-6.125717092976362785e-12
6.652810267484230855e-13
8.765017235836271416e-14
-2.950349804146829284e-14
1.063164435449846840e-15
7.028985762568267065e-16
9.123571685508826690e-01
1.897002818135467769e-02
-1.204250921702861845e-03
-3.055981460606658513e-05
1.982720591289601595e-05
-2.880553833714688844e-06
2.283234234162999895e-07
-1.245681693115511738e-09
-2.844576396233915124e-09
5.205051893128684805e-10
-5.367429131385116464e-11
2.348978987350885927e-12
3.427642909451005183e-13
-9.739881866437074531e-14
1.300900044201236178e-14
-9.760779507019115232e-16
-1.229194207875657516e-17
1.739527211628179520e-17
-3.043514960008084367e-18
9.673117462802752753e-01
2.408951911347727293e-02
-8.692059377512625570e-03
3.026950711678122290e-03
-9.972839605649091478e-04
3.020732936583575925e-04
-7.999230053766009571e-05
1.626132437884635339e-05
-1.037177805201812011e-06
-1.268515078214680784e-06
9.501053002262672491e-07
-4.690146971596024286e-07
1.940971187439465482e-07
-7.185581658833430106e-08
2.436548759182150321e-08
-7.596888578352009407e-09
2.143973198830266295e-09
-5.357749233638500040e-10
9.981228617626043060e-11
9.924736038503335633e-01
7.512207767794903956e-03
1.416165775736999442e-05
2.665651834547859394e-08
7.904132837689583444e-11
-1.836881324263569039e-11
1.058440258021967757e-11
-5.333655154094716235e-12
2.309602069322992571e-12
-8.248568999447094676e-13
2.218725473607744100e-13
-3.241510802396201548e-14
-5.222854569657324366e-15
4.595080105394470383e-15
-9.786304142007474428e-16
-1.685630412187475411e-16
1.460705444816750231e-16
-1.056264952449067603e-17
-1.340652784119695386e-17
1.069727520058940451e+00
-1.630929829253729673e-05
2.362082558985182983e-09
-3.437888305330584950e-13
4.613441046729119097e-17
-4.601122652198171464e-21
2.452965037359981879e-22
-7.048878556648593107e-22
1.851412813926174264e-23
2.440707985848108443e-22
1.063469959747871174e+00
-7.715909765217181249e-03
-1.246489967031098140e-03
2.366607519325266882e-04
3.494464652000587688e-06
-4.759898235781855882e-06
3.182631426288084160e-07
6.771036020272214005e-08
-1.140684370651807468e-08
-5.503264510031971057e-10
2.711440605615415865e-10
-4.214564727268576826e-12
-5.993352547050809464e-12
4.155091765239424912e-13
1.419169423825350843e-13
-2.132687219190249484e-14
-2.912361455429007400e-15
9.070939774997532715e-16
1.255469277327396049e-17
1.044800587833973449e+00
-9.465443902049092140e-03
5.200661083260013987e-04
3.062608693910089168e-05
-1.082461834774502503e-05
1.266179589710649225e-06
-6.001106990828770250e-08
-6.636673259222866339e-09
1.817082177121845829e-09
-2.029484006098449698e-10
8.449626474897721015e-12
1.393348430317524524e-12
-3.481622054902589564e-13
3.841221993325431632e-14
-1.459830052555012683e-15
-3.148529745833518077e-16
7.608484005258178199e-17
-8.425189152055113114e-18
3.319761767759700708e-19
1.016655958589907760e+00
-1.242361706610334814e-02
4.517406476786311673e-03
-1.574354165154132588e-03
5.134524142491442809e-04
-1.510620187725738391e-04
3.725814937139414093e-05
-6.010789247835760389e-06
-6.244577394823519366e-07
1.142295888503599803e-06
-6.699650326495260806e-07
2.994024431455143465e-07
-1.151457235616325065e-07
3.954273076294113628e-08
-1.219271989401382835e-08
3.293483823420394875e-09
-6.998607236819189449e-10
4.398146613437282087e-11
3.436491141837023023e-11
1.003784546934763933e+00
-3.784546915706196810e-03
-3.478022059520584832e-11
2.745781461330201415e-11
-1.961745508170364403e-11
1.260770937717635970e-11
-7.222050881319431283e-12
3.635666528633909454e-12
-1.571992490960830859e-12
5.600928980331735678e-13
-1.499597511849485022e-13
2.155540735715996054e-14
3.711582289997736597e-15
-3.146791796376907479e-15
6.573892149998475155e-16
1.199098559433240972e-16
-1.001220862861312661e-16
6.785943481039878930e-18
9.314222433907536899e-18
9.248375651282996213e-01
