1.723083755655130167e+00
-3.672107544637282506e-01
5.472404742696340002e-02
-9.192841763158387386e-03
1.665032472494836760e-03
-3.202997546020961046e-04
6.476422243435201646e-05
-1.368247498328928998e-05
3.236966783819571700e-06
-7.328053971174062712e-07
2.664018184524808985e-01
-4.307323246562203556e-01
2.862811656494857471e-01
-1.762764738160496336e-01
1.053124292593261707e-01
-6.176110366827083920e-02
3.556230761764269527e-02
-2.002310967839610392e-02
1.094694621678316167e-02
-5.746477895825123118e-03
2.839802101606639113e-03
-1.267476566129128839e-03
4.535804100357649759e-04
-5.716741640573269297e-05
-1.199152300254128540e-04
1.899759967531507708e-04
-2.143293567762887160e-04
2.244322846525440983e-04
-1.110050545130771428e-04
4.515309940335878076e-03
-5.103444489186006322e-03
1.731125902819391753e-03
-4.384761458103333519e-04
9.305260653946140009e-05
-1.778195533169939343e-05
3.205861548680286404e-06
-5.609943255293128624e-07
9.676893587997956457e-08
-1.657642705562660857e-08
2.828801325178520466e-09
-4.815524329351453785e-10
8.182504595920545542e-11
-1.388362056668348421e-11
2.353048345344176978e-12
-3.984735096451857171e-13
6.749550242395057903e-14
-1.177434657571385359e-14
1.936115286362312349e-15
1.008082834303105539e-04
-1.908635844792011408e-04
1.621352793810529791e-04
-1.240516563480331832e-04
8.596704355452698134e-05
-5.433527947225744355e-05
3.156659551069692971e-05
-1.699642523655016662e-05
8.553835630221039203e-06
-4.058483970168048224e-06
1.830903221857159492e-06
-7.919161402527567362e-07
3.310215981997417331e-07
-1.347147872069301429e-07
5.374739381471105110e-08
-2.119092324593742863e-08
8.418705913478136852e-09
-3.712280586178341888e-09
1.244237121333180465e-09
-7.094007464627859734e-11
1.358363053502905934e-10
-1.191390891400263741e-10
9.556106607250607612e-11
-6.988005282407302388e-11
4.636534617145570874e-11
-2.771549706215831010e-11
1.476965403196584715e-11
-6.904196026594505067e-12
2.756433087623408607e-12
-8.937155600769708062e-13
2.081154528107574238e-13
-1.884555451486359283e-14
-9.494467584533333827e-15
4.857300035009210204e-15
-6.562909624988206383e-16
-2.777393531215907610e-16
1.240304655128793039e-16
-2.185530118734577966e-18
3.840966351261462242e-01
9.580992306903282629e-02
-1.074782343865907965e-02
1.267344737509194233e-03
-1.495942244722651211e-04
1.769814979939913116e-05
-2.182063280435490164e-06
3.044462560099432941e-07
-5.721325010296458174e-08
1.286863259583516015e-08
8.650694261283103925e-01
1.638469907264936132e-01
-9.876309913532271834e-02
5.851053533312672306e-02
-3.397136242934779143e-02
1.926491675289935049e-02
-1.061442404531954056e-02
5.631759516987237812e-03
-2.832617420538254775e-03
1.309223943899904619e-03
-5.149967904457678543e-04
1.261723921418445200e-04
4.550555737314874620e-05
-1.070894076428091472e-04
1.177748200370239769e-04
-1.091252474093063493e-04
9.718512415669841652e-05
-8.966316016886581271e-05
4.259049913874670947e-05
9.766201460932627532e-01
7.936221660902520458e-03
-1.347936534293190736e-03
2.292179225076545872e-04
-3.903772751823310843e-05
6.658147126460675701e-06
-1.136779648214261364e-06
1.941751798862570222e-07
-3.316311399929302578e-08
5.660798164181217885e-09
-9.655131259705714121e-10
1.645352609982034986e-10
-2.801440919374449299e-11
4.765895658240826466e-12
-8.101611431723095679e-13
1.376238035259398778e-13
-2.338284421231367339e-14
4.091045557438958433e-15
-6.741968977754129928e-16
9.925545385848099089e-01
5.667584367089708274e-03
-2.157120913563168475e-03
8.210171808595188251e-04
-3.124874068223553901e-04
1.189371535010744305e-04
-4.527005237265882060e-05
1.723132256963583937e-05
-6.559166938776846897e-06
2.496964952315189751e-06
-9.506575444370843552e-07
3.619933348208228874e-07
-1.378677129233642097e-07
5.252280655381674064e-08
-2.002224524135440268e-08
7.654816075466356396e-09
-2.979562986766382115e-09
1.296261721368818932e-09
-4.315712183611189387e-10
9.983291725893200796e-01
1.670159962145770444e-03
6.671819073082680642e-07
2.665203977685907545e-10
1.064673946572973107e-13
4.253437074587141862e-17
1.417409263619674645e-20
2.091889277138161615e-21
-1.466055425302665120e-21
9.779906050027995014e-22
-6.198821869019212217e-22
3.702738603640723950e-22
-2.087491941154890581e-22
1.100060900208456893e-22
-5.387923212255449863e-23
2.558592547740940859e-23
-1.125082339509012345e-23
4.136400299787658887e-24
-9.179524743563533902e-25
1.016031437271219584e+00
5.258375768657479882e-02
-1.084783170493965748e-02
1.968207898839061804e-03
-3.481884196576049795e-04
6.216353203603792771e-05
-1.142202319928391957e-05
2.188038333825074556e-06
-4.745068957290843950e-07
1.040109927464464363e-07
1.042439845660635189e+00
-3.535386326501980397e-02
9.577111695850987205e-03
1.705107619269678699e-03
-5.473948640464196616e-03
5.823389712804095258e-03
-4.882264757705337584e-03
3.649421009460891620e-03
-2.534658552454083311e-03
1.663814980293750693e-03
-1.038647754936101444e-03
6.158472083880058403e-04
-3.433176628638777666e-04
1.748654332246333187e-04
-7.459134346710270488e-05
1.683810500379536587e-05
1.538881787226328789e-05
-3.219531145698074974e-05
1.824981280418141034e-05
1.011301549452584769e+00
-3.870263817013344654e-03
6.602099675091328487e-04
-1.118679052136593789e-04
1.877575956736098623e-05
-3.115982510129606820e-06
5.111190877034391148e-07
-8.292259488821683106e-08
1.332186276444206250e-08
-2.121777856944732377e-09
3.352789736774950942e-10
-5.257424513371418587e-11
8.177881288782310716e-12
-1.260695468500310887e-12
1.923236287051492938e-13
-2.897089345455981508e-14
4.297215343376440727e-15
-6.374773276808201771e-16
8.844102153356002323e-17
1.003575835957421614e+00
-2.731686558167882670e-03
1.043400685046010253e-03
-3.985345258686351258e-04
1.522193796173704303e-04
-5.813711539245954013e-05
2.220242938244113422e-05
-8.477853252066466682e-06
3.236479174242987814e-06
-1.235123852661408809e-06
4.711220780640123114e-07
-1.795819488857967976e-07
6.839288780608046209e-08
-2.601966172536499097e-08
9.889423268140866746e-09
-3.762241325183718092e-09
1.453439296529573958e-09
-6.256288956279789556e-10
2.068060265567603822e-10
1.000799582414630962e+00
-7.995824146309264517e-04
-1.043400704961787556e-20
9.313301541269917198e-21
-7.938856145010018239e-21
6.458711162079768031e-21
-5.010827441976365390e-21
3.703303210483194441e-21
-2.603806257542452782e-21
1.738808942980109113e-21
-1.100610431757649035e-21
6.586521137846734684e-22
-3.714885871571165441e-22
1.966787404892618119e-22
-9.724326201235639610e-23
4.463352308457633045e-23
-1.901090575445233229e-23
7.949732559753089032e-24
-2.407110381619570433e-24
5.931297311071754841e-01
