1.700127632317066428e+00
-3.484937744811973381e-01
5.007190885418164733e-02
-8.109296519671575082e-03
1.414021508388182795e-03
-2.613910592657908748e-04
5.070742097321592968e-05
-1.026018403542825418e-05
2.308356179107923606e-06
-5.012682721370051106e-07
2.676286895672550514e-01
-4.312379169334369933e-01
2.851516964063104953e-01
-1.745653036380626910e-01
1.036125744584259489e-01
-6.030956352024866712e-02
3.441888872269000671e-02
-1.916930348266863635e-02
1.033501992789869102e-02
-5.323068306367178398e-03
2.556369875599387876e-03
-1.084066466004026449e-03
3.392971121886030942e-04
1.082587197879007906e-05
-1.579268502321176399e-04
2.093640897605422301e-04
-2.229048083004579847e-04
2.276005508502785342e-04
-1.117813016884007890e-04
4.691000544770151590e-03
-5.274303077882051653e-03
1.778476829941383385e-03
-4.480669940850255076e-04
9.467897140295775072e-05
-1.803554046946534772e-05
3.244539179560971234e-06
-5.669336234753716406e-07
9.769005617123999351e-08
-1.671957460719723917e-08
2.850905551419478596e-09
-4.849240552915810487e-10
8.233101621406601258e-11
-1.395804368716170239e-11
2.363724487440918902e-12
-3.999550414960541116e-13
6.769148091192027663e-14
-1.179855012485918594e-14
1.938657881795347055e-15
1.069500707084998438e-04
-2.023867408471363607e-04
1.716631230997591590e-04
-1.310260759299836163e-04
9.051625491315586297e-05
-5.700025889869840849e-05
3.298092305117684048e-05
-1.768271584229064389e-05
8.861291539486717081e-06
-4.186967539041901856e-06
1.881545555172991742e-06
-8.109701185585109398e-07
3.379530116501468577e-07
-1.371848690005463844e-07
5.462055976788461197e-08
-2.150076722956700884e-08
8.531346709425266574e-09
-3.758394756361831770e-09
1.259099595341519176e-09
-7.239177290874068251e-11
1.385626183506486956e-10
-1.213881168540372591e-10
9.717035704711052552e-11
-7.084995319998227223e-11
4.682261246601004880e-11
-2.784229830519350482e-11
1.473512839926556492e-11
-6.824712493569687887e-12
2.689627878686767119e-12
-8.546554326610113971e-13
1.911253866784822753e-13
-1.368386143943685625e-14
-1.022739365604928682e-14
4.636320969776841694e-15
-4.954031465305294388e-16
-3.081115250856502403e-16
1.140898875855668959e-16
4.024694071793534270e-18
3.919547858424118347e-01
9.178826040664023189e-02
-1.006505125122956514e-02
1.167183234242343210e-03
-1.363188922407605416e-04
1.603076974838889385e-05
-1.959039416201807344e-06
2.654760500014315754e-07
-4.620570073536033586e-08
9.550194457284054302e-09
8.650708864904969042e-01
1.632438919015662959e-01
-9.794894014570353080e-02
5.772486488098847734e-02
-3.331329298302511399e-02
1.875678770257567865e-02
-1.024337185689780903e-02
5.372474043465476357e-03
-2.658372646420804897e-03
1.196545163866218368e-03
-4.451159137978382297e-04
8.497507718596395180e-05
6.815095205330633861e-05
-1.181729853128078722e-04
1.219460556566718585e-04
-1.093685268263353916e-04
9.534760620303145092e-05
-8.684097078694799643e-05
4.107861885708441544e-05
9.764730672488978191e-01
7.985518569293324764e-03
-1.356166986434593092e-03
2.305794913696022496e-04
-3.925920194971928122e-05
6.693276083874723827e-06
-1.142172254932946427e-06
1.949709196571437545e-07
-3.327507143654982714e-08
5.675604533724063734e-09
-9.672957218469939294e-10
1.647138109486436922e-10
-2.802390475515528774e-11
4.764023482860240268e-12
-8.092584556858381284e-13
1.373718785385706648e-13
-2.332323180629216975e-14
4.077494702441748400e-15
-6.715049627836561977e-16
9.925073568555848880e-01
5.703374933200635460e-03
-2.170695627004123364e-03
8.261658327041652939e-04
-3.144402256974965313e-04
1.196778544114175793e-04
-4.555101228446884360e-05
1.733790185990151720e-05
-6.599599119887965996e-06
2.512303681011080649e-06
-9.564760575569272759e-07
3.641998398641239980e-07
-1.387039414220118984e-07
5.283938526885576942e-08
-2.014192652856093259e-08
7.700053132543040425e-09
-2.996886183136857811e-09
1.303624334085022301e-09
-4.339829623142148187e-10
9.983185477006462083e-01
1.680776474753574272e-03
6.755529666649566475e-07
2.715243922278358478e-10
1.091335488138413940e-13
4.386744322039028366e-17
1.492877622230377309e-20
1.998386524535043137e-21
-1.393835283381001964e-21
9.266579951868655391e-22
-5.827343803017581910e-22
3.462611422229300349e-22
-1.945062134958359688e-22
1.019303138005833821e-22
-5.000489838753761843e-23
2.311988328292117910e-23
-9.255538551807608354e-24
3.586476857731556720e-24
-1.265397081744539051e-24
1.018189866534611410e+00
4.915008509913451618e-02
-9.839057442051393765e-03
1.732122668305928394e-03
-2.972055933617230757e-04
5.137879475026374310e-05
-9.115059342067716351e-06
1.679711704803707938e-06
-3.467610088340970269e-07
7.259226919147538654e-08
1.042361269472834140e+00
-3.497706122941874468e-02
9.239806431743798412e-03
1.897249580844883850e-03
-5.529241419541448301e-03
5.787308437635080641e-03
-4.799628585992542044e-03
3.552425430722603531e-03
-2.442395210868383501e-03
1.585451778432482844e-03
-9.769745003674777314e-04
5.700942122586838759e-04
-3.110699208582376712e-04
1.532161716548972104e-04
-6.074990286783588469e-05
8.385573542490824012e-06
2.044879806436298195e-05
-3.548613929092402211e-05
1.959919924711402316e-05
1.011370586183468312e+00
-3.893263964624615967e-03
6.638442561495626294e-04
-1.123873157914520089e-04
1.883716142004076183e-05
-3.120308206214169234e-06
5.106398807486449485e-07
-8.262193996968964497e-08
1.323368654970261509e-08
-2.100764364738514144e-09
3.307480260352576490e-10
-5.165278407247220338e-11
7.997464089135777197e-12
-1.226294895356599437e-12
1.858917848872451235e-13
-2.778644099791036836e-14
4.081514322339155939e-15
-5.972950240866474478e-16
8.148689942112108314e-17
1.003597847967535150e+00
-2.748500558973185955e-03
1.049821572540315549e-03
-4.009858440888858342e-04
1.531547220273398987e-04
-5.849365796997005670e-05
2.233810650988465418e-05
-8.529338451519254545e-06
3.255931407022552392e-06
-1.242426405186033553e-06
4.738388992489986124e-07
-1.805804032980857163e-07
6.875394257054676489e-08
-2.614750770217146543e-08
9.933468687185636440e-09
-3.776870849759751873e-09
1.458068884901839725e-09
-6.270717749675646289e-10
2.071653293083394109e-10
1.000804504766910963e+00
-8.045047669110631317e-04
-1.101797072172228956e-20
9.824211157323261706e-21
-8.361917607505275377e-21
6.789700315388001176e-21
-5.254888978574953374e-21
3.872324057281369087e-21
-2.713192821621191395e-21
1.804478006418260526e-21
-1.136760765860560423e-21
6.765429718975802437e-22
-3.791429555429926836e-22
1.992378709642833189e-22
-9.764533109609043572e-23
4.434244195214049864e-23
-1.862670820358796073e-23
7.637940281292745606e-24
-2.276562262105570726e-24
6.037351575640123036e-01
