6.378314598921156486e-01
-5.628418401344152840e-03
2.989312232608298554e-05
-1.768842358411256234e-07
1.106120153595505915e-09
-7.138793544468487085e-12
4.701686527254903913e-14
-3.179397817746422349e-16
-5.419778010914874578e-19
2.947213019453751165e-18
2.692282291351943968e-01
-2.879263801781404841e-01
8.531631979321531445e-02
-8.412264769579132218e-03
-7.976353566512120463e-03
6.637000505851583382e-03
-3.139944839142446483e-03
1.002910934976612928e-03
-1.362816506190179492e-04
-8.856377025609169591e-05
8.909304504298812017e-05
-4.738177510469921425e-05
1.717518981205895794e-05
-3.284447437377184062e-06
-9.611321803524451662e-07
1.335181028264033873e-06
-7.695366772316267283e-07
3.033202517758489365e-07
-7.260864900731568707e-08
2.483499140610576777e-02
-2.235729663504663206e-02
5.922104384645735485e-03
-1.197045565694227669e-03
2.089791147682905803e-04
-3.365262168347070329e-05
5.156103930353256072e-06
-7.592373787055244789e-07
1.072981795995572367e-07
-1.442753097305004993e-08
1.812754862481014623e-09
-2.045584962921478106e-10
1.851488738263123288e-11
-6.657469081926856672e-13
-2.559755826083508358e-13
9.705636170840376730e-14
-2.409349251405284439e-14
5.333552721217202480e-15
-1.009666601712719495e-15
1.128624181419454709e-03
-2.085589206513568505e-03
1.652166859480734031e-03
-1.134725979189565859e-03
6.858471531261574328e-04
-3.708754796861107677e-04
1.824706595268175242e-04
-8.304009851421866495e-05
3.551196773750746506e-05
-1.448244455620833779e-05
5.706775816759891556e-06
-2.196915120426658424e-06
8.333497843159509044e-07
-3.133664399707362389e-07
1.172751784085955450e-07
-4.384830074320732751e-08
1.661492161554014791e-08
-6.991816549363787361e-09
2.279033393597402841e-09
3.233085150375557528e-09
-6.089437968440517496e-09
5.078699496552286902e-09
-3.734413956258821727e-09
2.400674774976921677e-09
-1.330152106725266084e-09
6.199337048132220085e-10
-2.321845337851730135e-10
6.287300878411318553e-11
-8.019009955253649191e-12
-2.204079090342242176e-12
1.362953022805851618e-12
-1.504149496334487169e-13
-1.052594434445600801e-13
3.701025100135786041e-14
6.218829719254629166e-15
-5.497339188536452842e-15
-2.385881963531399908e-16
7.469702106807273517e-16
7.341307497683502437e-01
1.614101555946162534e-03
-8.126230976161900966e-06
4.711294598157908057e-08
-2.903513878623389328e-10
1.847359071402180538e-12
-1.197429809353765865e-14
7.885863436310694846e-17
-6.642344672774202648e-19
-1.293858197373908487e-19
8.524328700299167449e-01
9.775374683800167053e-02
-2.310443985751313781e-02
1.306449028303780652e-03
2.520472962933292295e-03
-1.870778265141642607e-03
8.496402485010027920e-04
-2.626637616389220723e-04
3.193804941473177858e-05
2.560831017135918754e-05
-2.431618521745166535e-05
1.266152973829773029e-05
-4.499714614077312249e-06
8.168493379976667349e-07
2.820100857916149293e-07
-3.628353654461421067e-07
2.049020023322715944e-07
-7.887453866701138211e-08
1.829110960214582232e-08
9.494571384185462870e-01
1.662386577539200910e-02
-2.673927197085094326e-03
4.176943161703227541e-04
-6.323985090281790086e-05
9.296778124926706059e-06
-1.330602298948506741e-06
1.855301483309036400e-07
-2.510664631373834749e-08
3.262098286144276006e-09
-3.976418131000027394e-10
4.313413895568244365e-11
-3.528155310487064768e-12
1.220500041347813511e-14
8.755787549371168245e-14
-2.831060734927009621e-14
6.783009111816818365e-15
-1.486194783585601312e-15
2.806890887506339955e-16
9.836729998129170038e-01
1.236874976366485190e-02
-4.684108829284084306e-03
1.773196450592597626e-03
-6.707797496248960479e-04
2.534525810395796080e-04
-9.559633401339160904e-05
3.596610228453677799e-05
-1.348673511802291954e-05
5.036731367633906282e-06
-1.872159317830303161e-06
6.923170590339500007e-07
-2.546634676229722008e-07
9.319332651803514392e-08
-3.394647354376960244e-08
1.233436362691360657e-08
-4.529721981111425595e-09
1.840177181698732226e-09
-5.864318391548197695e-10
9.963186437315536548e-01
3.677965082317746857e-03
3.388062240990810482e-06
3.121009962012661525e-09
2.875026049519684592e-12
2.634311084678883328e-15
1.225594087073821622e-17
-6.360753093210667407e-18
3.819502388739497721e-18
-2.111019819564019287e-18
1.065876288565756521e-18
-4.861353419944266384e-19
1.969309946927481921e-19
-6.889404538623922244e-20
1.972254975841296936e-20
-4.022894832789408705e-21
2.520437987073202003e-22
2.321698990391047708e-22
-1.016119973135392250e-22
1.081244600172270642e+00
1.092011287802194665e-04
-2.450692226301924958e-06
2.121892230105695451e-08
-1.612555548007980227e-10
1.175892845848299908e-12
-8.427042463743139586e-15
6.005865573892261219e-17
-5.142055932975187841e-19
7.258970920981826074e-20
1.059847914999310081e+00
-2.548032898209108901e-02
-3.931249719244374829e-04
2.786032678404955394e-03
-1.097987096571387310e-03
6.334553345483564103e-05
1.826518391701200945e-04
-1.330371783057335614e-04
5.276817254047581039e-05
-9.024083749368341540e-06
-4.722016219523327795e-06
5.350549915185007845e-06
-2.923498476714425304e-06
1.024778692856056298e-06
-1.429226997665787226e-07
-1.073909522751382809e-07
1.084039003802574723e-07
-6.323969377154275105e-08
2.142430517321922545e-08
1.025775340356719134e+00
-8.495787766099091587e-03
1.326736802891524550e-03
-1.917883712281146283e-04
2.503997724657298625e-05
-2.825610443087454432e-06
2.404188164226443718e-07
-4.110398331343288373e-09
-4.535989814971853392e-09
1.465544083601617453e-09
-3.335262897050712872e-10
6.558840854005262685e-11
-1.181401952513666283e-11
1.994756707794321355e-12
-3.186733440334401273e-13
4.823142353388450972e-14
-6.874233783989469762e-15
9.178865986331665768e-16
-1.064917278762945309e-16
1.008252281774923986e+00
-6.301632535207545537e-03
2.404838105395356793e-03
-9.168575560420265304e-04
3.489623326390756510e-04
-1.324478285142273318e-04
5.005815137183802506e-05
-1.880655058852292720e-05
7.009763066043672868e-06
-2.586967778000614281e-06
9.435069952045879055e-07
-3.394839559254854762e-07
1.203249989230731660e-07
-4.195202350366031054e-08
1.436794115785599264e-08
-4.827589554665417909e-09
1.598706565957922976e-09
-5.612740897519969705e-10
1.600136916302309669e-10
1.001845755911539460e+00
-1.845755911539350867e-03
-3.659294529298766104e-17
3.120395051504650028e-17
-2.492536098175049842e-17
1.861872714034203287e-17
-1.297496839515339830e-17
8.408569910492449832e-18
-5.045941494336792998e-18
2.787868589611869386e-18
-1.406968470815029311e-18
6.413366755909202345e-19
-2.595866446296903235e-19
9.070530268432077686e-20
-2.591487920190799470e-20
5.263996434227690671e-21
-3.131910546570068440e-22
-3.093943447210791745e-22
1.310278380406112263e-22
8.280928647403814624e-01
