3.834687042792948031e-01
3.878571245504874865e-01
3.882205186548653431e-01
3.849873583204896921e-01
3.784547665855347298e-01
3.688139513048658280e-01
3.561659906084712612e-01
3.405383592345334054e-01
3.219213398791729852e-01
3.003675155979297351e-01
2.762346363958756990e-01
2.506066105830446200e-01
2.255118952152055101e-01
2.031402329049339373e-01
1.845772733218956629e-01
1.696725491738953762e-01
1.577488748199514512e-01
1.481095986935076492e-01
1.401973017494819729e-01
1.335995850292049647e-01
1.280177250125222044e-01
1.232351589030977190e-01
1.190933034186408002e-01
1.154743457809299795e-01
1.122892677993494182e-01
1.094695461184069379e-01
1.069613859938844808e-01
1.047216961486698988e-01
1.027152636650399270e-01
1.009127600385932438e-01
9.928932594766934350e-02
9.782356096181581140e-02
9.649679774911620878e-02
9.529257669920369878e-02
9.419626183886288529e-02
9.319475620270040173e-02
9.227628690840386505e-02
9.143023871792345381e-02
9.064702093282407669e-02
8.991795680151272452e-02
8.923518769703542297e-02
8.859158649020235088e-02
8.798067602124098885e-02
8.739654951813191630e-02
8.683379031670107606e-02
8.628738835277235952e-02
8.575265061285855528e-02
8.522510197395548326e-02
8.470037146449223286e-02
8.417405660434991443e-02
8.364155450815628778e-02
8.309784167954985257e-02
8.253717257013462594e-02
8.195264528647352997e-02
8.133554102774386008e-02
8.067425802750688435e-02
7.995247027908672366e-02
7.914567380662429485e-02
7.821397014224419630e-02
7.708445841605945925e-02
