8.796798202315918302e-02
1.049130100078456279e-01
1.234780700355733868e-01
1.439285313941168487e-01
1.666036982648147202e-01
1.919455743394147262e-01
2.205391313220023408e-01
2.531642878483708614e-01
2.908462235563105680e-01
3.348419002882638829e-01
3.863709555598244805e-01
4.457474871980643405e-01
5.110667389140224337e-01
5.782622457937287574e-01
6.434899494133280440e-01
7.048720347443249157e-01
7.621271500143005362e-01
8.156642156164871649e-01
8.660578398969308589e-01
9.138516593789864917e-01
9.595072020538085722e-01
1.003402905838405745e+00
1.045846815481522363e+00
1.087090816755350797e+00
1.127342941928831888e+00
1.166777156355232936e+00
1.205540901398253650e+00
1.243760858505467803e+00
1.281547372804595630e+00
1.318997890619157287e+00
1.356199678063467973e+00
1.393232014622582060e+00
1.430167999905558984e+00
1.467076072053708380e+00
1.504021309428240194e+00
1.541066569881683890e+00
1.578273511300335441e+00
1.615703531046657648e+00
1.653418658982123368e+00
1.691482438071528316e+00
1.729960827820826719e+00
1.768923169060328426e+00
1.808443254316470572e+00
1.848600557098026176e+00
1.889481687289417788e+00
1.931182160753057708e+00
1.973808602786385480e+00
2.017481553093735780e+00
2.062339114150007813e+00
2.108541801969230800e+00
2.156279148005675772e+00
2.205778917796126670e+00
2.257320360733154896e+00
2.311253896846222844e+00
2.368031529349488018e+00
2.428256066353050358e+00
2.492765454985415907e+00
2.562788012028140106e+00
2.640256187709159708e+00
2.728528171985630024e+00
