2.627776460865872271e-02
2.769603631304388275e-02
2.907040545375467328e-02
3.046508267302424494e-02
3.183461078850428200e-02
3.316724075254018356e-02
3.450142767407449185e-02
3.577852974356884180e-02
3.704201318648277924e-02
3.834885339311802643e-02
3.957253133635849074e-02
4.076523646825370301e-02
4.199363156435662048e-02
4.318451729469562073e-02
4.433008602479388688e-02
4.550781098025134114e-02
4.663148034985365592e-02
4.778629245711633888e-02
4.887705258763788696e-02
4.989404082635483240e-02
5.104182946593235209e-02
