1.108092751540667859e-01
-2.382422505039715567e-05
2.029222343123866847e-09
-1.676270765516832577e-13
1.287674926923792899e-17
3.832835276550610080e-19
-1.741372727862291604e-19
-1.013675377145860870e-19
8.577261958550953738e-20
3.591591035378493354e-20
1.008656057783062637e-01
-1.249724265254149001e-02
-2.336756165242489126e-03
2.589225699024287684e-04
1.476656959955383391e-05
-3.551490320473548000e-06
5.563358944069016764e-09
3.879397485258087556e-08
-1.938804120863439366e-09
-3.361539479966587089e-10
3.812555372869153237e-11
1.890476224500452461e-12
-5.229151430741418226e-13
4.504897032039038239e-15
5.683604725430583392e-15
-2.850400970891280841e-16
-4.256986627956339460e-17
-1.141694408498549812e-17
7.681033952526794227e-18
6.628473366966276814e-02
-1.965241627147436276e-02
5.250716152054401946e-04
1.412893326027691741e-04
-1.861309787634505587e-05
6.410563262820427655e-07
9.296018992426132574e-08
-1.499680706387661727e-08
7.660476485257167512e-10
4.846591481589202876e-11
-1.173092089565526572e-11
8.224837822114776127e-13
1.478769181214955757e-14
-8.769704910575702403e-15
8.347378423338854428e-16
-2.613572719983926062e-17
-5.123451438817350573e-18
5.965414763412246213e-18
-4.515937639773791181e-18
1.130493325628259896e-02
-1.866302210947466678e-02
1.090261570147554523e-02
-4.678758388742729722e-03
1.474982954477170377e-03
-3.050478897493078901e-04
7.713438048681160684e-06
2.893301735087092208e-05
-1.740101694597589787e-05
7.006761800406524895e-06
-2.261237712160843989e-06
5.931430934032248723e-07
-1.117173833562906517e-07
2.991440045467589748e-09
1.036594987014126198e-08
-6.597775107772002122e-09
2.867870566165869587e-09
-1.086709947307697555e-09
3.006114314657933275e-10
1.098320501729709599e-05
-1.995010975611592920e-05
1.486035268181048330e-05
-8.902017842758926051e-06
4.101897234586925628e-06
-1.301078539828249458e-06
1.763357003061032499e-07
6.168763810466501576e-08
-3.306843568443340415e-08
-5.906602067488386809e-10
4.148522452990997017e-09
-3.193471259834450620e-10
-5.719545379159545681e-10
5.641904493028611820e-11
9.221286359310247307e-11
-4.504192313310753462e-12
-1.691176853871113773e-11
-3.608476149446745001e-13
2.886599868009249627e-12
8.777073275084408266e-01
1.501868793590435574e-05
-1.128109392901579725e-09
8.777638259810679120e-14
-6.856206024679544929e-18
2.645240046090934144e-19
-2.310648201633228248e-19
1.220991041626568774e-20
5.250428281592509419e-20
-7.841278328994622308e-21
8.840812328641186602e-01
8.042139742567578839e-03
1.547182544200546416e-03
-1.468564246536945917e-04
-8.905072361819439672e-06
1.906690987057246208e-06
3.851334531666526873e-09
-2.015922771004693259e-08
9.195391936252106667e-10
1.717353005384061939e-10
-1.829815133701842609e-11
-9.797045583026096742e-13
2.496078269716865097e-13
-1.467796546334127616e-15
-2.713592710867869553e-15
1.462437452333007830e-16
3.094153056746786772e-17
-2.635940067388364725e-18
-3.188843956476620650e-18
9.073432305671907949e-01
1.378863275787849639e-02
-1.415217302314721352e-04
-9.307618312722435057e-05
1.032626575015908399e-05
-2.710768443922107208e-07
-5.633089056357181765e-08
7.861075179094918354e-09
-3.397341017252752519e-10
-2.982664152896551789e-11
5.925707766663049089e-12
-3.703403419763344422e-13
-1.114281274679468658e-14
4.345876310689198783e-15
-3.644239311133954177e-16
6.766787330198179354e-19
2.473577851305315761e-19
1.395737115494562740e-19
8.687129190447246823e-19
9.611315598014003037e-01
2.752660284656572101e-02
-9.183257057801328185e-03
2.762551904159846194e-03
-6.900182151033885849e-04
1.101016059529203361e-04
1.208164633453702166e-05
-1.992627105712313620e-05
1.058465518076910687e-05
-4.078792329393846857e-06
1.252968775941989608e-06
-2.983169099952664108e-07
4.212800742594666808e-08
6.588535465480911269e-09
-8.230766582918158958e-09
4.134269086788945983e-09
-1.574268387455610889e-09
5.249511919539665172e-10
-1.308330340996437880e-10
9.908074718658561597e-01
9.171352992145068161e-03
2.112703959283279936e-05
4.750682490118410766e-08
9.036697482602141434e-10
-4.802661007961609618e-10
2.545947129337307062e-10
-1.150138941111081773e-10
4.244251429336521492e-11
-1.161102206788460401e-11
1.628130284353941744e-12
3.483013192557403612e-13
-2.664974196928591754e-13
4.882890386228337721e-14
1.392374626839250320e-14
-8.773037347121013422e-15
3.793619104686733243e-16
8.825532632500490647e-16
-2.104910950690864853e-16
1.062266396025246751e+00
-7.303776057761539505e-06
5.071020599946238549e-10
-3.579902145142592664e-14
2.650127070042252739e-18
3.412356648308373239e-21
-5.290619128858450704e-20
8.610206606988075184e-22
3.083330578412115438e-20
-1.273167117049661387e-20
1.059140171045957146e+00
-3.951908704868308322e-03
-7.703750877757013218e-04
6.784163784774104543e-05
4.422728902538431785e-06
-8.231625749940628192e-07
-7.775609222389511826e-09
8.186335860510098963e-09
-2.710866927214692255e-10
-6.758702506648421944e-11
5.514829187395386062e-12
4.243877917657901667e-13
-7.216781688905101007e-14
-1.101088132546507346e-15
7.598146111146814359e-16
-2.141785138043780881e-17
-7.005509593295472537e-18
1.426570149748757464e-18
-2.749507426601309987e-19
1.047526471329944142e+00
-6.970895976066825844e-03
4.523568667176053906e-05
4.837243562338122298e-05
-4.858017287780338036e-06
7.758808917852836492e-08
3.010555883033983678e-08
-3.409442055184564590e-09
8.917725924413413471e-11
1.795910671059062271e-11
-2.414997363106707698e-12
9.142465478073344008e-14
1.026611795571068561e-14
-1.725375352431517696e-15
8.653340844509734739e-17
3.361709568317496388e-18
-5.287174721563555271e-19
1.069792965207778797e-18
-5.181310110885915799e-19
1.019844107478131034e+00
-1.422882235921103106e-02
4.774771149748025315e-03
-1.429838930057733635e-03
3.481295963617130778e-04
-4.945629200113408995e-05
-1.017065034743312889e-05
1.179012647528445780e-05
-5.860263314374738538e-06
2.142202972532843214e-06
-6.135216263217346913e-07
1.272626479396488361e-07
-9.011284195815419037e-09
-8.045675058779282618e-09
5.572385558093656914e-09
-2.387027861065563888e-09
8.043952026437050688e-10
-2.258201930499062396e-10
4.576568522899768667e-11
1.004628147924679249e+00
-4.628147395248353134e-03
-9.562412857665863597e-10
7.340104565711631839e-10
-5.030756734659817155e-10
3.051324321371658475e-10
-1.614723835707615486e-10
7.281515036695311894e-11
-2.679209280587946569e-11
7.286993826792436187e-12
-9.993955613166915025e-13
-2.301193779437779023e-13
1.696865895519563413e-13
-3.023115260766805154e-14
-9.164446720316670706e-15
5.579602297847995896e-15
-2.032655821142485992e-16
-5.692908076383670703e-16
1.314009712094544703e-16
9.376217598664046138e-01
