1.539943793841305197e-01
-5.525207281280494472e-05
8.224296810652855482e-09
-1.212406816291575257e-12
1.816991163226239012e-16
2.434104889046637297e-19
-3.813860938838624815e-19
2.353205369370196505e-19
-5.823422813680710508e-20
4.981949896071892805e-21
1.329475762397250849e-01
-2.590215666652430013e-02
-4.113884671026512077e-03
8.273708751257286258e-04
1.348076918012871361e-05
-1.636727477889002132e-05
1.064296777156044409e-06
2.180948127648870846e-07
-3.788976317533808758e-08
-9.807896580291336403e-10
8.020796327612044592e-10
-4.841081579482849579e-11
-1.134537848547708438e-11
1.892000198838149432e-12
5.982136579448696470e-14
-4.185310632437899417e-14
2.362198362694389828e-15
6.018076172004311028e-16
-8.286662185698756463e-17
7.211006804521732927e-02
-2.965968042719742057e-02
2.133914464741551009e-03
1.012602063567457267e-04
-4.048882481372841476e-05
4.517274321222874122e-06
-1.693777449401629964e-07
-2.929474116478834622e-08
6.387271015210913357e-09
-5.966629538929197864e-10
1.114969962799508713e-11
5.694946253291614129e-12
-1.001115159863675942e-12
8.099462543407805677e-14
1.971383510883639641e-16
-1.041039497730301771e-15
1.502589703991643952e-16
-9.745845218376981464e-18
3.857984679180915045e-18
9.418007653979437385e-03
-1.621495303981391675e-02
1.056069620275572156e-02
-5.369781275674549714e-03
2.182361707371464205e-03
-7.118866582035372542e-04
1.786633267744342196e-04
-2.692073276530078878e-05
-3.741830689944240302e-06
5.325229607006297475e-06
-2.904796962158166365e-06
1.234549844737090576e-06
-4.570847546391153703e-07
1.517747124360754394e-07
-4.488469480328842995e-08
1.122862048882508833e-08
-1.893018177850313411e-09
-2.609706287726632632e-10
2.872685533461984723e-10
2.690334500291052481e-06
-4.941975259557575114e-06
3.813950345154954947e-06
-2.440689050765703882e-06
1.259411212352934252e-06
-4.937028424918760225e-07
1.250831225620156265e-07
-5.945910814690635491e-09
-9.484715523082055315e-09
2.934687326480225955e-09
4.709863229004036517e-10
-4.249204321620380729e-10
-1.340645764598362541e-11
5.939748183791886087e-11
-2.424533966080780796e-13
-9.032947112644389612e-12
-2.897229384294725527e-13
1.238772247997213648e-12
1.809017596738353010e-13
8.400329766459938563e-01
3.297231512280352492e-05
-4.330268768248566524e-09
6.021973758702094515e-13
-8.748052306045643419e-17
4.567365221940560874e-20
3.514671771862135012e-20
2.322196654598985771e-20
1.026913772037195440e-19
-6.431954075977990482e-20
8.529398524009143001e-01
1.599045033821401909e-02
2.685012591221758258e-03
-4.505998186514470201e-04
-1.022349344676858221e-05
8.482639380382327824e-06
-4.918859918945205874e-07
-1.112072029752428082e-07
1.792539905371008936e-08
5.616185995852239703e-10
-3.784190616484380147e-10
2.104456635113939623e-11
5.374529012274569813e-12
-8.517122567237157979e-13
-3.092532601390142943e-14
1.897883121019759917e-14
-1.009276829321688763e-15
-2.789370229128275727e-16
4.410269268268398946e-17
8.930262910109791896e-01
2.101243605369159870e-02
-9.658667930927723484e-04
-8.895788902270131723e-05
2.315311459201329744e-05
-2.253765353329558413e-06
5.769125170529388915e-08
1.745725246556267595e-08
-3.203648880373667851e-09
2.667279992446200104e-10
-1.643689877304643089e-12
-2.952135247391624136e-12
4.649255217257886727e-13
-3.436049724179845478e-14
-4.981238253858425164e-16
5.021970413603577909e-16
-7.160870199836535304e-17
4.828317682633358076e-18
-3.417063169606436283e-19
9.588538971526162635e-01
3.003723812399834714e-02
-1.067300131622270394e-02
3.620189199083423577e-03
-1.138399693691989492e-03
3.158646988928074067e-04
-6.880710604521085485e-05
6.275092155571664957e-06
4.338317778069280882e-06
-3.569391841828738752e-06
1.777420752395428456e-06
-7.166159004555305312e-07
2.500188385319601745e-07
-7.652686576049838808e-08
2.006442392152712199e-08
-4.031947039528699749e-09
2.428283327951976967e-10
3.977554246105890817e-10
-2.167326828168079693e-10
9.904548603715490618e-01
9.522307687950454236e-03
2.277735694312751997e-05
5.443022468027083796e-08
1.684214626512552735e-10
-2.445013949913603244e-11
1.439833417790301832e-11
-7.392695403500418289e-12
3.283539698044363067e-12
-1.216486020929068306e-12
3.481313730336989270e-13
-6.037085097953628296e-14
-3.885782232312089977e-15
6.586041151170947081e-15
-1.824284035781663927e-15
-9.347046903491430588e-17
2.137987420954263717e-16
-3.368872310004812674e-17
-1.473316672838201105e-17
1.081491220725160352e+00
-1.562381338185697750e-05
1.824742419188462276e-09
-2.200187225928356809e-13
2.696940656811037522e-17
1.666851217566906287e-20
-4.378952637991950333e-20
-1.162950303179530196e-20
4.345266465764856976e-20
-1.831688638509136511e-20
1.075256092696383226e+00
-7.758103346695389112e-03
-1.346714435563620919e-03
2.022092544748437188e-04
6.685928521793730252e-06
-3.552167414522830888e-06
1.392975057918791235e-07
4.608479576382040693e-08
-5.397166992937797208e-09
-3.600992392509303143e-10
1.115856734806389325e-10
-1.897305634636856104e-12
-1.677303836005615956e-12
1.447155492844266147e-13
1.762334640804361249e-14
-3.525217321584210003e-15
-5.890619050135305454e-17
6.108941297966586758e-17
-3.808037455152582179e-18
1.055258849407615829e+00
-1.073052564421129833e-02
4.339321470913077672e-04
5.384989370303337031e-05
-1.171279307719194030e-05
9.583300509155695083e-07
-2.921053826419864247e-10
-1.031872777129705166e-08
1.386953755970519774e-09
-7.424039335285170798e-11
-5.276701359901511769e-12
1.557751064818293128e-12
-1.554330674280772604e-13
3.769779968223571522e-15
1.266801030976943890e-15
-2.197340964757609223e-16
1.513150909176435899e-17
3.272062233659432019e-19
-2.885978297098455127e-20
1.021074249897166553e+00
-1.562765496842021679e-02
5.613045449383219539e-03
-1.909918373272187497e-03
5.952985130847291816e-04
-1.600605116112310366e-04
3.159822414408303257e-05
-7.893377692786224945e-07
-3.384232169004570004e-06
2.274067406159451935e-06
-1.046930303062732748e-06
3.963069257121784685e-07
-1.286747416669056927e-07
3.552152839091875522e-08
-7.680466663361361392e-09
7.927638835336745038e-10
3.968928458981625511e-10
-4.048085329323915515e-10
1.689415086988540919e-10
1.004806954197883240e+00
-4.806954172473946151e-03
-4.646448590203588709e-11
3.687750647493696830e-11
-2.655205639864853167e-11
1.724509276597523370e-11
-1.001714438365261291e-11
5.136448868273891261e-12
-2.276910108136877434e-12
8.409546171062261281e-13
-2.392908211506071335e-13
4.080100387559646744e-14
3.048287078488763595e-15
-4.624087358532011352e-15
1.251670221572283841e-15
7.599731391378179033e-17
-1.505605369648149468e-16
2.271078998975476106e-17
1.065606142185197608e-17
9.186874123612110976e-01
