1.166962210067006289e-01
-2.712235295100776797e-05
2.514553815109416043e-09
-2.268572538602792352e-13
2.049816196044429643e-17
3.492594728189676986e-19
-7.159984076189551853e-20
9.521700109246629618e-21
-6.644980506580981937e-20
6.271280956040812272e-22
1.055043471083824402e-01
-1.402951101444144255e-02
-2.573889067031126954e-03
3.116248743762915687e-04
1.621789082580471459e-05
-4.553549859922737601e-06
4.050608264267270799e-08
5.224682958169171028e-08
-3.232677290633406287e-09
-4.588359805066268979e-10
6.364759480052188852e-11
2.183202697787361100e-12
-8.964412522464669220e-13
2.149022975832860074e-14
9.936068179368273171e-15
-7.589317374687832663e-16
-8.091073260927718720e-17
-2.493676129850070508e-18
-9.771707708963581130e-18
6.755391027926445358e-02
-2.113781222451823621e-02
7.009099470337648791e-04
1.456156661810543117e-04
-2.181808741607650702e-05
9.833807669823107606e-07
9.018013700048561277e-08
-1.867535125457948406e-08
1.244608565986386435e-09
3.159929307319147229e-11
-1.494088201200399415e-11
1.388936613244892298e-12
-1.851116854634909579e-14
-1.080878921712459293e-14
1.424328819851494794e-15
-5.774893001773437907e-17
-1.536613859747512081e-17
1.855335466705737288e-18
-3.114962010624082128e-18
1.106468142060828067e-02
-1.840677317857028136e-02
1.096383535897571364e-02
-4.851896513708109544e-03
1.606347835615076422e-03
-3.689074931647048439e-04
3.027829329504278045e-05
2.328211680628663639e-05
-1.677726416415718506e-05
7.333548014231833833e-06
-2.550154681869195976e-06
7.386519630147217905e-07
-1.697016337269095788e-07
2.231070072951544798e-08
5.135950797821208416e-09
-5.647059799252634951e-09
2.925842497899591836e-09
-1.280686155026609971e-09
3.932117246972764647e-10
8.926824592036817214e-06
-1.624576926147189618e-05
1.217437338493915696e-05
-7.376528749601426016e-06
3.467766975368198255e-06
-1.144766669189793759e-06
1.803693215954341635e-07
4.305396958312818217e-08
-2.891713046475404953e-08
1.046836721318205927e-09
3.339182971405215497e-09
-4.880110003304529280e-10
-4.363757495377449381e-10
8.296620633249072028e-11
6.951125045628108345e-11
-1.057263187125545215e-11
-1.323213189719223756e-11
8.339879798159971955e-13
2.427581279025140803e-12
8.723246537353041008e-01
1.696004111838212675e-05
-1.386375469732534465e-09
1.178080069278728358e-13
-1.039671458774782823e-17
4.149641166658860793e-20
7.876233247391798655e-21
-2.090368017182813670e-22
5.388661679433659772e-20
-5.050454344271792304e-20
8.794505281435792687e-01
8.970653745268633572e-03
1.698385907572969207e-03
-1.755971307110551450e-04
-9.831668950963083715e-06
2.429675791764975956e-06
-1.199498345232317122e-08
-2.701861890094543226e-08
1.537668470847586469e-09
2.341197584103459400e-10
-3.046114555025907673e-11
-1.159205748249294484e-12
4.266312480249827307e-13
-8.952116050445015300e-15
-4.694277866589531668e-15
3.639654791723531224e-16
3.439090453966454514e-17
-6.604792738956567256e-18
4.635062825325955264e-19
9.048903587938561532e-01
1.483443901482610870e-02
-2.292774613352696351e-04
-9.738397264357032557e-05
1.213000357882103070e-05
-4.423395719283338244e-07
-5.683221967586207680e-08
9.860538063807602100e-09
-5.730569418081101135e-10
-2.356152010887090058e-11
7.656208013920145330e-12
-6.415489640775837127e-13
2.985065289436900701e-15
5.479501173604862986e-15
-6.497638012597767843e-16
2.444725610991421246e-17
3.601423850730082240e-18
-1.411094510848807033e-18
1.021929990655313877e-18
9.606772071663608470e-01
2.801624083205337540e-02
-9.463893308255285144e-03
2.916286534060702051e-03
-7.650462271884891788e-04
1.413536298158857101e-04
1.483870803331079093e-06
-1.732909540902641260e-05
1.038222858102307541e-05
-4.311870059130810772e-06
1.433317610497602672e-06
-3.843844995943127990e-07
7.429186981067503975e-08
-3.174912601300000516e-09
-5.973953995842967091e-09
3.887983789865072550e-09
-1.696015642372229834e-09
6.503885287963959932e-10
-1.829597782424559387e-10
9.907352848560161407e-01
9.243206062724457911e-03
2.145957203585000244e-05
4.908562592371389683e-08
6.217581936763006627e-10
-3.106251112753177283e-10
1.674427221108505514e-10
-7.741393337404841981e-11
2.958572962821749749e-11
-8.619734290614831514e-12
1.469230058676145600e-12
1.333032388413585586e-13
-1.768295693401748567e-13
4.363088030880604348e-14
5.402832149199078084e-15
-6.070507377665598655e-15
8.192700874293659690e-16
5.160374585661249675e-16
-1.984946503128749533e-16
1.065023285854886037e+00
-8.222199381619342025e-06
6.181293052187731630e-10
-4.737311053012336312e-14
3.661474716271854224e-18
-1.309410183267932724e-20
-2.340706210913976531e-20
4.104977081517349724e-22
4.161258707613563006e-20
-2.570943736736361359e-20
1.061535032353130514e+00
-4.400767077305255820e-03
-8.459362296848300065e-04
8.076764401020759679e-05
4.940948925344247650e-06
-1.042821412387804456e-06
-3.766064262443241797e-09
1.092894133654422166e-08
-4.599984773793018420e-10
-9.307627619423171328e-11
9.119247560211026202e-12
5.626022449041291302e-13
-1.225854906329396340e-13
-3.619704646938940213e-16
1.324283777563385767e-15
-5.537961263064670119e-17
-1.141277124376192564e-17
1.925414936037827538e-18
1.773349441323989054e-19
1.048835639419658516e+00
-7.508810717849389617e-03
8.562294587990394409e-05
5.121091861938725613e-05
-5.749770962363537969e-06
1.476571491783905595e-07
3.216028398691233775e-08
-4.386190805901976658e-09
1.757057129074328610e-10
1.832354374091623193e-11
-3.313626131650938518e-12
1.857230444507349491e-13
8.760502208131079514e-15
-2.474287500556300644e-15
1.814044257722321032e-16
2.129191887063625466e-18
-1.216286886987358797e-18
1.566063868426396851e-19
-2.728899559559479471e-19
1.020087091429723092e+00
-1.449765728818632957e-02
4.929810942057401453e-03
-1.514072544113234491e-03
3.884663833852128084e-04
-6.573421242609699447e-05
-4.955375913854513305e-06
1.068264860260686006e-05
-5.883348443764575700e-06
2.314222378878641970e-06
-7.220385799716353113e-07
1.742089638090453128e-07
-2.498289991257951026e-08
-3.811932467289993493e-09
4.862978997052428105e-09
-2.452633725523540380e-09
9.325770288159874270e-10
-3.077417519119904565e-10
7.552725679340084637e-11
1.004664745735200704e+00
-4.664745397912982601e-03
-6.104801095547579575e-10
4.712891479202783822e-10
-3.257632415427295607e-10
1.999489575896173946e-10
-1.075638880186634662e-10
4.964537437009899428e-11
-1.892189145628389956e-11
5.484696813686680277e-12
-9.201806623614809745e-13
-9.278064549988159261e-14
1.144518310453753164e-13
-2.761401504008659316e-14
-3.715307368824730271e-15
3.929319084310827335e-15
-5.050182246368843614e-16
-3.395195053864009168e-16
1.270439307201537304e-16
9.349086518001020751e-01
