2.018785815727208444e-01
-1.139429062016886408e-04
2.781213062578509220e-08
-6.835235250926116693e-12
1.715164917414954434e-15
-3.643686635254284939e-19
-4.308158101559985579e-19
8.130067318473919077e-20
2.888272109167158924e-20
2.192799017851846887e-20
1.633459054423997414e-01
-4.611521845832029093e-02
-5.643819137323841974e-03
2.028315967433150235e-03
-7.967503930676709547e-05
-4.781073825257656153e-05
8.191870442902318372e-06
3.481929764177281603e-07
-2.822535688811969115e-07
2.586400196748937646e-08
5.010026555380414547e-09
-1.416399227087354449e-09
3.410481607407989670e-11
3.811517304137541789e-11
-6.014235785134950901e-12
-3.662827197238151728e-13
2.312458538819911048e-13
-1.784651296468520034e-14
-4.718095169270685442e-15
7.177598617059229025e-02
-3.734323084357573513e-02
4.291166830278927112e-03
-1.379813714810436724e-04
-4.164773958729330034e-05
9.547878462797350761e-06
-1.126268341125072200e-06
6.523024121742787485e-08
4.986296666929580726e-09
-1.961196477497771456e-09
2.972274525066396660e-10
-2.622065897974385263e-11
3.488768017871038158e-13
3.495965611348744915e-13
-7.332873872316935428e-14
8.646916276447609044e-15
-5.191392707294101032e-16
-4.004846126430876430e-17
2.075435839329878849e-17
7.421746280578276657e-03
-1.309881471901198045e-02
9.120248294708491188e-03
-5.135941685214672967e-03
2.397921711928303543e-03
-9.464091064168879408e-04
3.189476993811420644e-04
-9.106586473451285999e-05
2.082376123361087241e-05
-2.830757185793741529e-06
-5.678141654758526487e-07
7.000311993269074533e-07
-3.972225480362487594e-07
1.825751626128790111e-07
-7.520848215730190198e-08
2.869933006029370480e-08
-1.031451139716176280e-08
3.758166869384296770e-09
-1.073497408245025391e-09
7.278866821997970954e-07
-1.347570215360868727e-06
1.065686590376882731e-06
-7.129774886896530237e-07
3.956218933885821113e-07
-1.751514096839483528e-07
5.672702518045422217e-08
-1.000686462526863367e-08
-1.252223155711704065e-09
1.281563954035584755e-09
-1.800222616589568095e-10
-1.068002938848329719e-10
3.814709473851082025e-11
9.127476181207699300e-12
-5.921541255805648862e-12
-9.995930817601720705e-13
9.280804395704244598e-13
1.266303429370029885e-13
-1.391761222386999422e-13
8.023723804111133617e-01
6.467411488864963055e-05
-1.398527668977501169e-08
3.254991040408331330e-12
-7.898386808417389150e-16
1.398651105680638021e-19
-3.277980804746438729e-20
1.133318556850152254e-19
-5.020421914776687765e-20
-7.273544668550595293e-21
8.251325403157873106e-01
2.751984435850658023e-02
3.748082125640336045e-03
-1.073087571923120320e-03
3.106201468533195887e-05
2.440256657745591901e-05
-3.822635344795219870e-06
-1.976662566208059254e-07
1.322583720472171287e-07
-1.116778879655527747e-08
-2.390694221954248860e-09
6.334817646546290081e-10
-1.146654186098477192e-11
-1.729486441802634258e-11
2.589084213403217937e-12
1.814660426452226139e-13
-1.016699832648307858e-13
7.161398026265416050e-15
2.143701693231844994e-15
8.846832304127467683e-01
2.720432277782411715e-02
-2.118051995578663915e-03
1.432580994585659012e-05
2.686002367084289435e-05
-5.011263808214274551e-06
5.228909762442686178e-07
-2.328498199135298535e-08
-3.355859267999207144e-09
9.770319761430528624e-10
-1.344839488608440346e-10
1.073045668648800794e-11
2.107723229840748854e-14
-1.721960688498396911e-13
3.311750678425450297e-14
-3.713265393292035409e-15
1.965674075994889982e-16
2.205278697533134771e-17
-7.947944337565085301e-18
9.581592581447951895e-01
3.095767923865309912e-02
-1.131388305448174751e-02
4.046492962101262865e-03
-1.397444973194601151e-03
4.573424478898366688e-04
-1.378993271677046598e-04
3.636044753380173573e-05
-7.269572573895977226e-06
3.316296967012843798e-07
6.891574108003453249e-07
-5.048441070393121045e-07
2.535567003488045634e-07
-1.079683500856896945e-07
4.140445486154376365e-08
-1.463990712178805403e-08
4.825338817814423719e-09
-1.571613703697117926e-09
4.087078365719473601e-10
9.903775160833691027e-01
9.599280049605104712e-03
2.314791444343743904e-05
5.581632367182673187e-08
1.368730517772899361e-10
-1.218533758879416736e-12
9.535335918894679772e-13
-5.295099930471065349e-13
2.615657657150397955e-13
-1.125735867274833284e-13
4.077861725279066061e-14
-1.157445352095116856e-14
2.073658707361847274e-15
6.813911114793282121e-17
-1.981390989718541535e-16
6.190491509378774218e-17
-1.211697815461140094e-18
-5.627759243280531799e-18
1.683072168596225995e-18
1.100418311303460683e+00
-2.955380134423737893e-05
5.422636511497897288e-09
-1.034972225023678907e-12
1.998284393335418785e-16
2.591845997063099575e-20
-6.664301506031446446e-20
4.760232193782572111e-20
6.602840282048568994e-21
-1.655500111019459897e-20
1.089622374255628579e+00
-1.316331526651905517e-02
-1.933121234053500207e-03
4.710378484788957550e-04
-4.122050081153874935e-06
-1.036370848878056612e-05
1.157238760386947633e-06
1.256444756692662874e-07
-4.059925381001976775e-08
1.141998013691181000e-09
8.705886070817427822e-10
-1.158690135001837622e-10
-9.924805204726889331e-12
3.844651790885936613e-12
-1.192199599974032244e-13
-8.603782286870822542e-14
1.087180699599198233e-14
1.281815577874682107e-15
-3.978311906605483210e-16
1.059942005169636881e+00
-1.406943679363328523e-02
1.004582393044390828e-03
1.380886157303316503e-05
-1.582197801293009528e-05
2.463486658621662354e-06
-1.992924443133166977e-07
1.227846691740422311e-11
2.768467827068114263e-09
-4.805613367326093002e-10
4.466617117865242566e-11
-9.445919960554057388e-13
-4.843501523780270672e-13
1.004494532492576751e-13
-1.081551148060052217e-14
4.403672235319202919e-16
8.478905537471451687e-17
-2.267304532368138897e-17
2.641547432242811001e-18
1.021469117045320729e+00
-1.617063462574977462e-02
5.995614183829997904e-03
-2.163707424906938150e-03
7.478059824010364291e-04
-2.418813224002728981e-04
7.055874254365069654e-05
-1.715836953040218238e-05
2.604353703316957912e-06
4.319429891562783515e-07
-6.209028414506232123e-07
3.618126111892933121e-07
-1.644774055889494572e-07
6.506615014961408631e-08
-2.321944773301148431e-08
7.545193052473376136e-09
-2.207329047445485296e-09
5.741204052095314908e-10
-1.119538051830720182e-10
1.004846187299254456e+00
-4.846187297686116273e-03
-2.891666697509697287e-12
2.348006253836961347e-12
-1.747810697520910221e-12
1.187895182165249763e-12
-7.327979724825510415e-13
4.067999239642565805e-13
-2.006344554273008716e-13
8.615794670811360748e-14
-3.110321988033146258e-14
8.773559778617437410e-15
-1.544859481409796907e-15
-6.638352392098212527e-17
1.541961064806017002e-16
-4.701344506099539786e-17
5.221887539386880385e-19
4.394607835411575829e-18
-1.276692628551267919e-18
8.998855575953561559e-01
