8.817609122566084923e-02
-1.359128823010009693e-05
8.064711474090612124e-10
-4.573175195310164932e-14
1.861315230023629206e-18
1.148616750976884925e-19
3.772227146104724643e-19
-2.457611552542275972e-19
-1.274571321526224655e-20
3.485825807139720371e-20
8.226939861195706194e-02
-7.491800160298481802e-03
-1.494350938128208338e-03
1.139639161171083820e-04
8.486411139540735282e-06
-1.167530866919844526e-06
-2.716110170901278970e-08
9.906350920344348862e-09
-1.242266322523122798e-10
-7.254809694558606013e-11
3.446217843762029660e-12
4.485081224735410054e-13
-4.247745428721716539e-14
-2.078929605084728505e-15
3.984053962105845056e-16
-2.340049416849668136e-17
-1.736605287383964962e-17
1.318632836293612149e-17
1.438381207050049215e-17
5.965928907924415714e-02
-1.383684436871445746e-02
2.146920745435498847e-05
1.051608236610365136e-04
-8.078108690864051292e-06
-8.570060582753364404e-08
5.944376265795445073e-08
-4.093167071134941243e-09
-6.427721445268892775e-11
3.197284443832842930e-11
-2.143963216191780504e-12
-3.852603424637494453e-14
1.738346107339529921e-14
-1.188900728551108561e-15
-3.761220023245742167e-17
-1.638650295391973012e-17
4.377090475523002364e-18
2.420573248223409523e-17
-2.098790550865510014e-18
1.207616158600088689e-02
-1.916526517480867525e-02
1.015559203211666324e-02
-3.719303621893116189e-03
8.823537461800404994e-04
-6.184409067173990469e-05
-6.094434666268077087e-05
3.889849058986168237e-05
-1.478893363153955967e-05
4.168074823377230992e-06
-8.239722626695645485e-07
4.362526231122063001e-08
5.725676271171969666e-08
-3.619011474745226501e-08
1.447047676770933520e-08
-4.450011793939337583e-09
1.016747635222998112e-09
-9.087497488880429586e-11
-3.495696013406784164e-11
2.573018212934233474e-05
-4.631472412261276715e-05
3.351442213009791035e-05
-1.899357542350183233e-05
7.909830537134112611e-06
-2.005596171472560627e-06
2.057566326668965374e-08
1.891490414207994418e-07
-4.150017905254982001e-08
-1.664637274224727734e-08
7.146195180822136907e-09
1.983431727184793871e-09
-1.104548271603857943e-09
-3.502574795980881722e-10
1.631715591913198629e-10
7.750523038756751291e-11
-1.878057048564569744e-11
-1.416626654621159802e-11
2.170107527144838600e-13
8.992396261277174618e-01
8.856432629244619849e-06
-4.642940472100860106e-10
2.482781143478400709e-14
-1.290957189073314041e-18
-1.351846381400937074e-19
6.948196932842146121e-20
1.993578426559712541e-20
-8.608565795993303966e-20
4.687409232937167329e-20
9.031342371369590616e-01
4.953188495666046263e-03
1.006654345257439230e-03
-6.651642016001509507e-05
-5.114249128198346747e-06
6.448730689192042724e-07
1.652020639283041996e-08
-5.278321463192477847e-09
5.214120742561121080e-11
3.768859785359762613e-11
-1.664564784017120149e-12
-2.294585696751723290e-13
2.058223228515273013e-14
1.051027155547864649e-15
-1.942445133456809321e-16
-3.754082385933046554e-18
1.565168581586308176e-18
1.661711737765318397e-18
-1.332396882904609406e-18
9.185870773825394187e-01
9.735863706597847056e-03
1.004630123857717738e-04
-6.709259294324016246e-05
4.454692168486204811e-06
8.245863348757417692e-08
-3.398840452126155061e-08
2.084719953856248805e-09
5.166492951725403577e-11
-1.717036323143164531e-11
1.026511032014808069e-12
2.816757793524329381e-14
-8.875637483011814588e-15
5.362883794929576605e-16
1.618457647330045345e-17
-8.788556883660957461e-18
1.483522599570499967e-18
2.723060776385675571e-18
-1.903599512638216416e-18
9.634997416690391780e-01
2.501442672262325223e-02
-7.794011934107453708e-03
2.045997393902663011e-03
-3.700234766530387394e-04
-6.778426394750473737e-06
4.366600602468904675e-05
-2.380095559428195283e-05
8.653191763380230006e-06
-2.323885868340559211e-06
4.014341470500558062e-07
1.063385352377921824e-08
-4.465368676365927905e-08
2.310332461571593803e-08
-8.223866668139026334e-09
2.246541076955774994e-09
-4.248485066640042849e-10
-3.132694844807152799e-12
3.267013550419569211e-11
9.911885380805687262e-01
8.792002914287375126e-03
1.942051837240903387e-05
3.529288048381111628e-08
5.070398330676852935e-09
-2.849231259666095643e-09
1.390429251856268872e-09
-5.566973774389664808e-10
1.685766289775989799e-10
-2.958050490232059081e-11
-2.755773951606499394e-12
3.633813598964762764e-12
-8.378396020185573415e-13
-1.559862542443113383e-13
1.308879614918698377e-13
-8.437943182931452308e-15
-1.499261664208478273e-14
2.597543732990724848e-15
1.610394727432878054e-15
1.051224084525823832e+00
-4.353044269583499870e-06
2.149199700106273208e-10
-1.066116110977818776e-14
5.623976574850740544e-19
-3.008752312758546853e-20
-4.581272107476835082e-20
3.209144869282599223e-20
2.106916481384973396e-20
-1.529928318480813653e-20
1.049300570306880731e+00
-2.448951049527142796e-03
-5.012826259851529574e-04
3.126662400195376833e-05
2.484472371895309097e-06
-2.857916402010042934e-07
-8.479622288683246950e-09
2.201673841349436035e-09
-7.974125217801510945e-12
-1.488766296214510487e-11
5.067932880020324774e-13
8.774109531014635605e-14
-6.206337516505258076e-15
-4.156281891573061829e-16
5.799349715055388989e-17
-1.213148577324657777e-18
-3.639678294692662869e-18
-3.036736285555580138e-19
1.993114885928731137e-18
1.041581325014874659e+00
-4.901805695373787596e-03
-6.358718131933182227e-05
3.377644256016498433e-05
-2.045190272076499561e-06
-5.674906180556580451e-08
1.621275564016520966e-08
-8.228342091696267586e-10
-3.697575015759666067e-11
7.584878722535288500e-12
-3.334779944717390272e-13
-2.107656262196377198e-14
3.576025251477414121e-15
-1.371653845067807536e-16
-1.432227802135298367e-17
3.837130676154058313e-18
-1.081005430746972216e-18
-1.339255907203894493e-18
1.564719488318225273e-18
1.018588431788639115e+00
-1.286770431389508071e-02
4.019932364272408611e-03
-1.044612542755791800e-03
1.798259528466733016e-04
9.665317216935483734e-06
-2.481214305191081071e-05
1.277770064093714737e-05
-4.435581505152144559e-06
1.109455933053214898e-06
-1.558910372748346674e-07
-2.497244484473934693e-08
2.833371102601179087e-08
-1.270645073470377976e-08
4.079518896177698119e-09
-9.707911052121604280e-10
1.272860287070556235e-10
3.591028823960025746e-11
-2.569426404272860898e-11
1.004435018079472108e+00
-4.435014652647449249e-03
-6.127565764443528947e-09
4.575933281552366203e-09
-3.009812801419060636e-09
1.721970755720493910e-09
-8.390695327581187267e-10
3.351792615067938442e-10
-1.010583464181786250e-10
1.749676341036776568e-11
1.781710240186329446e-12
-2.208860481692712492e-12
4.985751249519517268e-13
9.845101647636657564e-14
-7.943283392862056142e-14
4.659056425864060129e-15
9.211619948995288995e-15
-1.542919665960566435e-15
-9.971421311627974208e-16
9.485018344379221311e-01
