2.183740279642572002e-01
-1.219405442580571487e-04
2.897639246358814991e-08
-7.054336386020598323e-12
1.796725521249679060e-15
-4.789862288615357383e-19
1.540141182155862388e-21
-3.372048134181725457e-22
-2.294483043102010381e-22
5.833032201397744740e-22
1.767741948904364147e-01
-4.989472361296944797e-02
-6.249033265528242814e-03
2.149565199404623872e-03
-7.551776938191158992e-05
-4.970362069842983697e-05
8.258749068885989607e-06
3.443148165791859264e-07
-2.825251672944269260e-07
2.759319782213461320e-08
4.689398371759485889e-09
-1.477919547555747114e-09
6.051461615092689171e-11
3.746389784633045101e-11
-7.160090410720355924e-12
-1.756490832951942837e-13
2.536699857006569563e-13
-2.859375736795927196e-14
-4.102515317398770122e-15
7.666983774120073036e-02
-4.120795912817537543e-02
4.724759501055432638e-03
-1.226230449765127026e-04
-5.051049453328722110e-05
1.038842496229927035e-05
-1.104565463742675474e-06
5.124990975100897755e-08
6.361736400804326114e-09
-1.921837603071687346e-09
2.688390598701784741e-10
-2.263474085257118292e-11
2.945669935096301768e-13
2.901391246844650925e-13
-6.150691417551831537e-14
7.595459519410833569e-15
-5.345687969655342595e-16
-1.679518592850777534e-17
1.154421266384567493e-17
7.430665296469962655e-03
-1.325492502945650221e-02
9.486115993912505942e-03
-5.544199989538881046e-03
2.693997930815591763e-03
-1.102249220414298816e-03
3.805208266825629219e-04
-1.085109209829906524e-04
2.325612763452141661e-05
-1.961450749713300998e-06
-1.454635819107432612e-06
1.154564204470398993e-06
-5.750480496198926130e-07
2.395187013178105366e-07
-8.971783555147545805e-08
3.101025932659128517e-08
-9.979688405198961469e-09
3.147253972305030147e-09
-7.942330915129052434e-10
3.110419016682561866e-07
-5.795357070489770908e-07
4.674771553984393792e-07
-3.240433760298688693e-07
1.901727329343931715e-07
-9.193123276475329069e-08
3.464717210155031126e-08
-8.844071160442189085e-09
6.714346265789310929e-10
5.475543063269604333e-10
-2.189311301084574468e-10
-4.806175353772079066e-12
2.562811176208403937e-11
-3.587699379699424089e-12
-2.817631260089362548e-12
7.473701359420308160e-13
3.611096186610445559e-13
-1.038331811368504785e-13
-5.415373698849410793e-14
7.400887326086482698e-01
8.871295770920692913e-05
-1.964629511896091438e-08
4.642751439454510864e-12
-1.145385634697454939e-15
2.938023233209433728e-19
-3.747463880077665771e-22
1.774030011519653319e-22
-2.070867426590893676e-22
-5.843285744564770673e-23
7.710887561794615985e-01
3.741698108830964625e-02
5.008330891540528108e-03
-1.490042780109151989e-03
4.638105991538660536e-05
3.411825033322899375e-05
-5.451155350807629428e-06
-2.655228193217387615e-07
1.876193110470959291e-07
-1.657273236159452327e-08
-3.289157041234853983e-09
9.212921090322745984e-10
-2.478403896400467919e-11
-2.435520187153054009e-11
4.043003664450994062e-12
1.947189166463064398e-13
-1.512028890927256194e-13
1.371406264025705797e-14
2.813142057026519194e-15
8.510084849004183605e-01
3.596644086591403028e-02
-2.948173144709809786e-03
3.842500180458753838e-05
3.572025221470945499e-05
-7.029123744038289187e-06
7.531261648060347290e-07
-3.455433627229741614e-08
-4.710696372396523013e-09
1.385223886404369602e-09
-1.890589726619218351e-10
1.484377967811018840e-11
4.608470062096416501e-14
-2.357911756801132813e-13
4.466236200879439796e-14
-4.981495976098909396e-15
2.709211733823451216e-16
2.685050791594961894e-17
-9.254515097430472385e-18
9.462108124271025877e-01
3.968453827036051013e-02
-1.451133698680547555e-02
5.221340125131186324e-03
-1.828159418091525584e-03
6.129342711200142261e-04
-1.920852149575868204e-04
5.394789513628951071e-05
-1.229129007480389499e-05
1.424428711650790805e-06
6.271135588465519892e-07
-6.157386631757224383e-07
3.400625979412599493e-07
-1.529940474811997467e-07
6.088594115180412425e-08
-2.207419565917185142e-08
7.385241839629923483e-09
-2.416367596054887449e-09
6.265616547158600326e-10
9.875821328266710664e-01
1.237919626914286454e-02
3.855047805013552383e-05
1.200509175416048945e-07
3.741926368383144884e-10
9.268454549584855453e-13
1.572913951784061941e-13
-9.073713988975235674e-14
4.847648304498686412e-14
-2.313044248701493689e-14
9.666545761705793415e-15
-3.420496212119414211e-15
9.557638838401688374e-16
-1.711651151898116145e-16
-4.254343192198464959e-18
1.586156536546385203e-17
-5.271671496258671818e-18
1.003001037511231837e-19
4.306671689294966250e-19
1.137647532724454180e+00
-4.546132604032257219e-05
9.508681766239867835e-09
-2.136780915639891808e-12
5.072564133051860248e-16
-1.263658619353518184e-19
3.260156407462552342e-23
-9.108488988218309693e-23
2.493039703150318893e-22
-8.447634653669867577e-23
1.121523460594761712e+00
-1.952944575100638847e-02
-2.701580540799676175e-03
7.504516186823658244e-04
-1.789869631013684220e-05
-1.688097615751289925e-05
2.461545249317598590e-06
1.474328417623446870e-07
-8.487475041740079355e-08
6.704404624848024954e-09
1.519142676726536263e-09
-3.906152354295871133e-10
7.754932049387906873e-12
1.044989818121875221e-11
-1.646246547460691638e-12
-8.996991281612426377e-14
6.248937142811358915e-14
-5.467536043853079485e-15
-1.167780540734710058e-15
1.079051089667146357e+00
-1.944011705604990412e-02
1.538889112645534709e-03
-5.261301996517709889e-06
-2.069326643257322863e-05
3.668217264785844381e-06
-3.506446066948622087e-07
1.059075928630266135e-08
3.006113771363843519e-09
-6.891931471808349307e-10
8.285156340879579391e-11
-5.374762701084624780e-12
-2.024199075706532270e-13
1.170471707449156308e-13
-1.919024086463743465e-14
1.910656113673392415e-15
-7.697302178176956563e-17
-1.486931664140237774e-17
3.965965063689657844e-18
1.027836946633929882e+00
-2.104796931329955961e-02
7.865103907045504703e-03
-2.878615774363805883e-03
1.018294431172579294e-03
-3.416119058584867656e-04
1.055769408832453861e-04
-2.847958742577254111e-05
5.784458399569237295e-06
-2.361741383738684104e-07
-5.922213698402172253e-07
4.321715914620422706e-07
-2.161282698740262837e-07
9.078444880058018941e-08
-3.389509939699785255e-08
1.146635218103257452e-08
-3.518331009195663986e-09
1.003655257116382422e-09
-2.243738799988163954e-10
1.006267241528415290e+00
-6.267241528165905760e-03
-4.633677751007826494e-13
3.832951975727878316e-13
-2.930789609620847481e-13
2.065221589404539100e-13
-1.335369036544711298e-13
7.874831961108444720e-14
-4.198705414620476002e-14
1.998340465849382434e-14
-8.321694899632042578e-15
2.928664591334892385e-15
-8.103539330447481205e-16
1.412509432617453208e-16
5.719949019547945352e-18
-1.404128851739598186e-17
4.501737605400187686e-18
-3.142485223535533396e-20
-3.872490477165954270e-19
8.756196685331617546e-01
