2.824985312957870032e-01
-2.606208745211021087e-04
1.100638395106632437e-07
-4.939472059648420585e-11
2.355588521131791869e-14
-7.689400582482793036e-18
-4.359135129524988746e-18
2.773353533970299413e-18
1.802989751603432545e-18
-1.763341177699485922e-18
2.086255403680839227e-01
-8.477873665242509349e-02
-5.955488230103120686e-03
4.738068746293540648e-03
-6.064730553956367053e-04
-8.671966081192282146e-05
4.352453713201510704e-05
-4.966448822839794913e-06
-9.664185238546621034e-07
4.387581328954207031e-07
-4.809323751678642667e-08
-1.095092141778705630e-08
4.793701705718278713e-09
-5.131933913450131173e-10
-1.288837145089496101e-10
5.528606659725679259e-11
-5.845733152748041188e-12
-1.643757794120697068e-12
6.719493801116076521e-13
6.883256995398792655e-02
-4.523815336792818415e-02
7.281190608715312415e-03
-6.344788879189136935e-04
8.356425589564337096e-07
1.049945530318204197e-05
-2.225924486147228127e-06
3.052845121322534483e-07
-2.961740058366189425e-08
1.376963862392545682e-09
2.086676171268970823e-10
-7.312031245366915960e-11
1.329871250229111926e-11
-1.783503574434363020e-12
1.743386781700757763e-13
-7.867845010714711484e-15
-1.412989648399262556e-15
5.239759908484351076e-16
-1.146132397029038513e-16
5.175544355012408164e-03
-9.390223127772219514e-03
7.051570148823914190e-03
-4.443575868291731006e-03
2.388196424259976958e-03
-1.111849724765396827e-03
4.542286837445790103e-04
-1.642490757449363841e-04
5.264040999552717040e-05
-1.475148077413366271e-05
3.424326122197165209e-06
-5.193250389217141800e-07
-5.606887463537958722e-08
9.728390277176552148e-08
-5.820223750009915770e-08
2.763411757484724306e-08
-1.193893007668797027e-08
5.367088472317223991e-09
-1.783647700760994406e-09
6.468972622962327762e-08
-1.212717573161643592e-07
9.969333681913004678e-08
-7.146570930002527978e-08
4.418735662100901285e-08
-2.311606208774532413e-08
9.878878426314145174e-09
-3.202797600885660011e-09
6.295294588275012292e-10
2.466775129401529467e-11
-6.329942003413977800e-11
1.521039850529016155e-11
2.960117603436765344e-12
-2.298923566910133327e-12
3.623598204659467167e-14
2.829314467110732541e-13
-3.612488341971579194e-14
-3.086086013729307773e-14
6.644429738116619657e-15
6.748004005040596498e-01
1.849439839353173584e-04
-7.187408357782836246e-08
3.064232316535143379e-11
-1.383952988308551771e-14
1.586739681504398256e-18
-1.278762199612534297e-18
3.714414280628776141e-18
-3.257682971668416333e-19
-8.658341319109963694e-19
7.293739991044784210e-01
6.333432899127941496e-02
5.382354800448189286e-03
-3.271045183850593372e-03
3.850083903165801066e-04
6.252941913160069349e-05
-2.839804325448850024e-05
2.855792898690452245e-06
6.935864980108051304e-07
-2.706714228279839152e-07
2.373894901784648323e-08
7.734937776791779792e-09
-2.754697024684420146e-09
2.133555334048806375e-10
8.803511180924051491e-11
-2.942229628367686151e-11
2.046735217395213147e-12
1.044733521578668448e-12
-3.286390255581588427e-13
8.432663527550394722e-01
4.289516896751335850e-02
-4.793121580419588273e-03
3.504254641664267234e-04
5.384047805703404236e-06
-7.314036987285740849e-06
1.521059540130521969e-06
-2.089806693323738763e-07
1.982366747239006203e-08
-7.438696408465910112e-10
-1.876147549678683990e-10
5.652651586871678472e-11
-9.610333881518253628e-12
1.187391422149607570e-12
-9.828843160470139176e-14
7.903167010939950585e-16
1.671162863090430636e-15
-4.163505703485903833e-16
6.279953184794023719e-17
9.455439545409429769e-01
4.036234788950868180e-02
-1.491262489728487940e-02
5.477763858881726233e-03
-1.991725401613493075e-03
7.123600986204015485e-04
-2.484822273454961178e-04
8.356625452282349118e-05
-2.666132432168143339e-05
7.862635873006195106e-06
-2.034279633715450052e-06
3.959785792596882941e-07
-1.050307444507635586e-08
-4.464799804883075113e-08
3.270805557531670750e-08
-1.715482057442419367e-08
7.920423425772003209e-09
-3.740890021433179312e-09
1.272308224975051381e-09
9.874640570213308877e-01
1.249653199619342459e-02
3.928708071207482586e-05
1.235122300666562139e-07
3.883135338141798328e-10
1.212764804503225698e-12
9.242361305287088896e-15
-3.359056310174168725e-15
1.929388194425027596e-15
-1.004989416728505565e-15
4.709574152878981763e-16
-1.950603198676992254e-16
6.931342699317662477e-17
-1.993120396889287131e-17
3.961643252859849435e-18
-1.530394898226141161e-19
-2.544507705946380999e-19
1.024015989491258583e-19
-1.383829954766039594e-20
1.174761952815341903e+00
-9.610728678850141433e-05
3.534122934711961626e-08
-1.444725474540114012e-11
6.357345274142426859e-15
-1.011754613570638353e-18
-3.405114972699885341e-19
-1.891180029366630769e-19
5.518304337199238460e-19
-4.567996053548498691e-19
1.145804568094602294e+00
-3.377617001228418181e-02
-3.080863778273604074e-03
1.700858290297933449e-03
-1.812233774893628980e-04
-3.370338533751559103e-05
1.363590850750907168e-05
-1.220742654637024631e-06
-3.437869159988071324e-07
1.230769762845309698e-07
-9.828936907218925581e-09
-3.594722524066987159e-09
1.218517330457386152e-09
-8.998631144331546877e-11
-3.916144707826917251e-11
1.290600206235030385e-11
-9.100583405226000616e-13
-4.533419408558881763e-13
1.448206060380625385e-13
1.083925520529460007e+00
-2.373496786421987539e-02
2.623438241332301437e-03
-1.740902639874241872e-04
-7.027570241915919810e-06
4.412101537937426224e-06
-8.194213162175667361e-07
1.016560838116588700e-07
-8.251478182497547250e-09
8.847400027667070673e-11
1.213548499311404400e-10
-2.871163050176098149e-11
4.370259458857103138e-12
-4.884925359741022084e-13
3.400421463692754332e-14
9.757678159961708655e-16
-8.517980352375930869e-16
1.881051938726057395e-16
-2.871597493428575289e-17
1.028223319032407934e+00
-2.147590230415905715e-02
8.133045274819105178e-03
-3.053878121962931829e-03
1.130333102232760093e-03
-4.090669043400620673e-04
1.431995768572979545e-04
-4.779440001523084942e-05
1.489012802672249007e-05
-4.171603071271819466e-06
9.618154394168323691e-07
-1.239389908088049730e-07
-3.927253894817854974e-08
4.326223756611272327e-08
-2.485658788872551650e-08
1.164961553215016944e-08
-4.951453312759184554e-09
2.164136393553434509e-09
-7.035451093123941711e-10
1.006327399474590711e+00
-6.327399474581652666e-03
-1.726897801733275359e-14
1.453605118893116900e-14
-1.139735954397508071e-14
8.305639714534625566e-15
-5.607859684768513138e-15
3.493158861312363946e-15
-1.995669238578163103e-15
1.037173999345409057e-15
-4.845825829513541682e-16
1.998746943232788519e-16
-7.058706517579766764e-17
2.008309076765869618e-17
-3.891381981973548671e-18
9.634507601760419781e-20
2.731582317017957722e-19
-1.036808651341403950e-19
1.352257914132413754e-20
8.483865564458958897e-01
