6.977782341397972821e-02
-6.986085346587915308e-06
2.500665655835894123e-10
-8.189508925512166585e-15
2.624253495120081350e-19
3.615285220686903487e-22
-2.338319443446082365e-21
1.035333409160458115e-21
1.880281325967740652e-21
-1.342065252014569315e-21
6.662202524044373575e-02
-4.037501853463893939e-03
-8.534903207750222558e-04
3.899380664829194904e-05
3.557682142234265662e-06
-2.498316934340510304e-07
-1.158871596731490029e-08
1.345380228376564940e-09
2.595732677627487170e-11
-6.527498781059612859e-12
1.259820474608360953e-14
2.914017264815573300e-14
-6.444741302274633523e-16
-1.194366486275696120e-16
5.405286680097303355e-18
-9.605684505953533548e-20
3.846550005612433106e-19
3.706377952953160420e-19
-2.757904004172119841e-19
5.324545085272706924e-02
-8.818140916659908055e-03
-2.294575242250733395e-04
5.923839173363966464e-05
-1.765834997106460287e-06
-1.783566907892206994e-07
1.615227254335523961e-08
-4.049008165331941200e-11
-6.513784526928118835e-11
3.426392345719497090e-12
9.700777975601464038e-14
-1.921593321149889651e-14
5.847151678989248356e-16
5.030076399591487334e-17
-4.807437355865884061e-18
-2.391998990275061205e-19
3.238940546835838312e-19
1.813111697757011753e-19
-3.337612712373787105e-19
1.307619439564551567e-02
-1.963802209668668794e-02
9.037883693794565229e-03
-2.520768567108568493e-03
2.508186694805796262e-04
1.417568553276180477e-04
-9.168813709940143236e-05
2.988155140960632708e-05
-5.797255631515384025e-06
1.208314067280648360e-07
4.344046293882002640e-07
-2.122794546382048591e-07
6.275409488690873468e-08
-1.165167086893383088e-08
2.304656582090871100e-10
8.646095318035021486e-10
-4.264333191207583958e-10
1.325392298133711452e-10
-2.653727119145701875e-11
5.600965961730933266e-05
-1.000107146682285673e-04
7.051219760722872182e-05
-3.795432013064458456e-05
1.427911743427707013e-05
-2.719262714523561663e-06
-4.615303976354839160e-07
4.009823470386365857e-07
-1.775620122614764066e-08
-4.996083951740265582e-08
6.070653053708431488e-09
7.400759971798328352e-09
-8.330479344003692633e-10
-1.304291658887300424e-09
2.145573358030369099e-11
2.456421490789076126e-10
4.150438439800943168e-11
-3.749513610741891817e-11
-1.723464119479959833e-11
9.100053063359271333e-01
5.306158766238371846e-06
-1.771550354110522273e-10
5.796112916822464028e-15
-1.876611140388186278e-19
3.620315170389619395e-22
-1.469874810558042701e-22
-3.065076852322127422e-22
-2.130583390473107872e-23
1.678900985692077579e-22
9.124126734672153294e-01
3.083033598520087872e-03
6.560307869715470029e-04
-2.763182683945514969e-05
-2.522776330551703598e-06
1.764619382674013355e-07
8.138543460729745362e-09
-9.576304545006014832e-10
-1.820093515061130689e-11
4.677596860139329513e-12
-9.923293441857515531e-15
-2.096698602441588347e-14
4.638887876674898151e-16
8.620002770708988681e-17
-3.848466179115950300e-18
-3.626032084331657807e-19
-2.616797355752509726e-20
1.001362607426257370e-20
2.718232890138157418e-20
9.227746790843311953e-01
6.913370469116668533e-03
2.171327498928189638e-04
-4.224826573500337789e-05
1.212523645044980991e-06
1.238739776749323536e-07
-1.140862384956427913e-08
4.155543867910620951e-11
4.609285816044435369e-11
-2.492583489179857877e-12
-6.740192883737995479e-14
1.390917883214367779e-14
-4.295765325342913931e-16
-3.659325570256955517e-17
3.666654593976673554e-18
8.362989647678815763e-21
3.544269827173665534e-20
1.344480165960675675e-22
-2.722416519026843443e-20
9.623839785766821198e-01
2.444559345961777944e-02
-6.806045227775856486e-03
1.382759372108766658e-03
-6.849300826244366334e-05
-1.013823283094601160e-04
5.847228935077603099e-05
-1.949203198645795904e-05
4.093233783626819083e-06
-2.004121685656806923e-07
-2.693958344557327819e-07
1.454213331021672142e-07
-4.546370364142625806e-08
9.018564295445041918e-09
-3.948221566365752101e-10
-5.761634332926173277e-10
3.055506823939375938e-10
-9.906839584631049320e-11
2.066778393277153397e-11
9.906174637718522247e-01
9.360444466662011867e-03
2.206450698120109415e-05
1.057816801475238352e-08
2.622959331557401266e-08
-1.416406122005949212e-08
6.381447982699193963e-09
-2.249511394276823008e-09
5.291977587212037352e-10
-2.439333682529579999e-11
-3.966632067244620279e-11
1.493012798186973575e-11
8.627402905881063598e-14
-1.719955884188943150e-12
3.501186697617224822e-13
1.559054751555400729e-13
-7.225316668218797121e-14
-1.193025914565398549e-14
1.151052467896879774e-14
1.045912715408188864e+00
-2.666913280704112373e-06
8.636973503483317359e-11
-2.728164088645573743e-15
8.519210085622745238e-20
-9.007916598127278594e-23
2.217278050134193317e-22
-9.381025699215042506e-23
-1.569665105453895397e-22
1.169065305892945841e-22
1.044700725281199061e+00
-1.552731249969525450e-03
-3.311983535450991169e-04
1.353573326247798537e-05
1.246754627241267084e-06
-8.376685206375222999e-08
-3.955117813802398576e-09
4.405165905272737740e-10
8.988324089408089337e-12
-2.089477643910577397e-12
7.665271899587808014e-16
9.126558637159115441e-15
-1.813539961858377506e-16
-3.669718184618384723e-17
1.517919381964313485e-18
1.380917191566447092e-19
3.361396454002944896e-20
-2.448754355860124536e-21
-2.777317526088069030e-20
1.039460050523362655e+00
-3.507483570336737948e-03
-1.143479536807034947e-04
2.120157541761015900e-05
-5.619511728811548117e-07
-6.291585557080545371e-08
5.384591835256835361e-09
-1.722548396274920653e-13
-2.198765144113474303e-11
1.072433977555376975e-12
3.655695966547849934e-14
-6.171001530605816787e-15
1.597293800401604130e-16
1.714455615193132582e-17
-1.530033165098851132e-18
2.234228368033319589e-20
1.387629018062175224e-20
-6.325248340631197869e-21
-9.828989603834239171e-21
1.019153817176984500e+00
-1.256793226635073528e-02
3.505140878972139769e-03
-7.022426016075506176e-04
2.728946536034963986e-05
5.538870122496083418e-05
-3.065654080981546108e-05
9.864964839685584687e-06
-1.935248657445159350e-06
3.190372731754041760e-08
1.555740764315790610e-07
-7.544418278931785160e-08
2.184331179351590579e-08
-3.791167752185414855e-09
-6.258339312790998116e-11
3.431680648400450640e-10
-1.539304451627099907e-10
4.395116973110316783e-11
-7.852897674149912444e-12
1.004724484883205982e+00
-4.724466171717443298e-03
-3.316436461326460093e-08
2.416755640939047456e-08
-1.531512979552203477e-08
8.298922845205475673e-09
-3.731816286728911227e-09
1.311093587673801787e-09
-3.059613723075062406e-10
1.267701408632278533e-11
2.357554482467319286e-11
-8.702440715378112975e-12
-1.071894451098091233e-13
1.019848157470236693e-12
-2.010028458764275336e-13
-9.393551570694574788e-14
4.226649424411530379e-14
7.325090634699036902e-15
-6.789073279432495728e-15
9.545892155599660089e-01
