3.169162678942246715e-03
6.114027098566160619e-03
9.017152020039087210e-03
1.189677877717294080e-02
1.472941198137070647e-02
1.753884743331976179e-02
2.031320683625466653e-02
2.305287452509367438e-02
2.576367202161124539e-02
2.844571930373115259e-02
3.105876270587723531e-02
3.365492640657061912e-02
3.623972249167927567e-02
3.877712243476472836e-02
4.128570428207629234e-02
4.373440787103774485e-02
4.616194784069326679e-02
4.854779856745849997e-02
5.086826639974736941e-02
5.319202072111573615e-02
5.551136375617095331e-02
5.770685363992412303e-02
5.998022811603902910e-02
6.209102112483563113e-02
6.426864316213669326e-02
6.638043444629264378e-02
6.841016514798058112e-02
7.049870875385308433e-02
7.248635739122248622e-02
7.435396122291648702e-02
7.626559085811880634e-02
7.803390446182362217e-02
7.983902751185770197e-02
8.168566598931585598e-02
8.335859451027405331e-02
8.506348360876875292e-02
8.680431845756576836e-02
8.833679368728404591e-02
8.989349767761758980e-02
9.147756352572947169e-02
9.281541459692449481e-02
9.445335247111601162e-02
9.553522072494574635e-02
9.692169921001589361e-02
9.832908549618971095e-02
9.943453690786716037e-02
1.005453236836844760e-01
1.016628865292321382e-01
1.027887122095304945e-01
1.039243427810372655e-01
1.046983111646188902e-01
1.056560808635339521e-01
1.064705978747110121e-01
1.072322334198342747e-01
1.079382687002192615e-01
1.085859264442666228e-01
1.091191564273907982e-01
1.096405058638811464e-01
1.100397079829555369e-01
1.103672335167709267e-01
1.106774704062325337e-01
1.108544436019262835e-01
1.109518119322402546e-01
1.109671706653195672e-01
1.108982846592447002e-01
1.108040519442239219e-01
1.104999273826247769e-01
1.101672118815916201e-01
1.097438657638521026e-01
1.091664734931531155e-01
1.084970584301263169e-01
1.077362027230878982e-01
1.068851238048347807e-01
1.058828365221141932e-01
1.047327534704248359e-01
1.035020973798902733e-01
1.021343630126086005e-01
1.006377504921289051e-01
9.896239416171269399e-02
9.724161601650346820e-02
9.537112385218551869e-02
9.337158930761388365e-02
9.121196776406753637e-02
8.903036985406305448e-02
8.669698929726453451e-02
8.435332715995615127e-02
8.198484366584209149e-02
7.958542799132002632e-02
7.724270429213367373e-02
7.499257493758611226e-02
7.290596497180079627e-02
7.100365740334556308e-02
6.937031336695845263e-02
6.806967297027592678e-02
6.711415157383424090e-02
6.659990150703490319e-02
6.657649565167841899e-02
6.712864524155071067e-02
6.843049155146022078e-02
7.086627849153212533e-02
