5.617318926608838581e-01
-3.082658182243385586e-03
1.070510049705981472e-05
-4.420530105496554731e-08
2.012198871779032823e-10
-9.717498212323155733e-13
4.884016452641751480e-15
-2.867099772054573662e-17
1.599774381362565087e-18
8.249419391216507096e-19
-4.512522495538289251e-19
4.174217594487251311e-19
-5.642979297035481396e-19
2.727789352239129994e-01
-2.517253734759611339e-01
5.185077059059804705e-02
3.878196048092275375e-03
-8.338275369670676909e-03
4.178625790164670721e-03
-1.310817588709962435e-03
1.931511763105088302e-04
7.652867808431602903e-05
-7.827293182373134747e-05
3.802994484646337545e-05
-1.196164598284962243e-05
1.549387310166251248e-06
9.823971047981487558e-07
-9.149032570384209672e-07
4.420971157395832561e-07
-1.380510751087885746e-07
1.577244776552599498e-08
1.362708947296006526e-08
-1.204145590146518816e-08
5.770635463853517953e-09
-1.778743366600608339e-09
1.503263982951922368e-10
2.988286402172150250e-10
-1.799037050679832153e-10
3.250135827221049128e-02
-2.962760772414255867e-02
7.686579806675910773e-03
-1.454618567810169513e-03
2.261295523448921170e-04
-3.088064428457671479e-05
3.829013929628986462e-06
-4.310287211508188567e-07
4.183606211287852697e-08
-2.779169717501192445e-09
-1.108031357370049121e-10
9.543636289920569935e-11
-2.594698935209864478e-11
5.581461990314140605e-12
-1.077359171735856742e-12
1.947355570306101732e-13
-3.359162916278887146e-14
5.582336508593031613e-15
-8.952887713636944041e-16
1.382745425354117167e-16
-2.424581106951248479e-17
6.680826321838891574e-18
6.982846353113830543e-19
-2.408568840478559333e-18
7.202645762708751898e-19
1.374782385775484648e-03
-2.556467203269754095e-03
2.060834266777555879e-03
-1.451694807392527303e-03
9.033880809266402580e-04
-5.028378378738491972e-04
2.535976215480556907e-04
-1.173909423130486620e-04
5.051255350791882730e-05
-2.045371161750230625e-05
7.885654503079844260e-06
-2.926281536713007965e-06
1.055379834190416393e-06
-3.729409418767982957e-07
1.299394805059819376e-07
-4.483521395283997111e-08
1.536110480622673907e-08
-5.232069635904781150e-09
1.771846178229151458e-09
-5.962101170738794667e-10
1.991057998765423663e-10
-6.592178555130889237e-11
2.175595377148226800e-11
-7.698712343049373941e-12
2.225594336484104362e-12
1.182761043546916592e-09
-2.240323873919502323e-09
1.901064502118364298e-09
-1.440529257197760445e-09
9.687207137290838498e-10
-5.723044689428509108e-10
2.922046242439159850e-10
-1.253848544083894679e-10
4.284577441780493628e-11
-1.018580248609111098e-11
7.921869181138333022e-13
5.530553487071422589e-13
-2.427980499573931006e-13
1.436638537740820417e-14
2.136417401213089739e-14
-6.133567686351096681e-15
-1.324925933440822295e-15
9.493883652251479324e-16
4.398034562421553441e-17
-1.299552146266355052e-16
4.481049262907265586e-18
1.815415418649979523e-17
-1.322607894369753455e-18
-2.282967074349978958e-18
1.727507283565758207e-19
4.376354146573530612e-01
1.872448370492830723e-03
-5.371551297872698251e-06
1.890290044713014265e-08
-7.476559039516459105e-11
3.190694746615977784e-13
-1.437082728522448117e-15
9.361775326568194438e-18
-3.795021935745634022e-18
1.837449349543273229e-18
4.194919101320266108e-19
-8.836729002560483645e-19
2.499110127112020924e-19
6.451928720087658498e-01
1.910981645076571256e-01
-2.861988572716886794e-02
-5.163321957940311506e-03
5.830440931374122893e-03
-2.495676500057040104e-03
6.403069312867746849e-04
-3.284236760137996088e-05
-6.919680627311335737e-05
4.580969637426446074e-05
-1.757493315223717436e-05
3.927282244749897789e-06
2.398678004257733433e-07
-7.575583030971705613e-07
4.406938074511329804e-07
-1.599497995499877158e-07
3.156448467032685885e-08
5.669925867721414876e-09
-8.863452479804997462e-09
4.839168896034273229e-09
-1.690303967089477281e-09
2.984842208965813949e-10
9.400501674666531929e-11
-1.340658667557683140e-10
5.990399371922433297e-11
8.588580058878312329e-01
4.442275301259091674e-02
-6.840944181670414667e-03
1.016305678839175743e-03
-1.436053886122130115e-04
1.901099462906225403e-05
-2.305751317841096434e-06
2.440636250678012259e-07
-1.928821702143264350e-08
1.274520444234803884e-10
4.015813074120896805e-10
-1.216020734892516639e-10
2.682531276087646186e-11
-5.168638812869347249e-12
9.186145019502544266e-13
-1.540687991371382699e-13
2.464029642697826980e-14
-3.772733142888594359e-15
5.521605924811390997e-16
-7.644408147301232929e-17
1.015243084729497172e-17
-1.423722634860950356e-18
1.508721271661955153e-19
3.542937619762020755e-20
-5.441129419441898492e-20
9.531035836041140685e-01
3.497974360478145472e-02
-1.304431831578175584e-02
4.863392284606369957e-03
-1.812554600745251579e-03
6.750673895628847782e-04
-2.511376401624463455e-04
9.326369085029556790e-05
-3.454601813222693221e-05
1.275108994077821080e-05
-4.684807058743183745e-06
1.711364701145667643e-06
-6.208984955106634596e-07
2.235007212940580005e-07
-7.974700941543039161e-08
2.818149793554195998e-08
-9.855652265560496381e-09
3.408160860903208076e-09
-1.164236257899615121e-09
3.923540093430823889e-10
-1.302022685488307861e-10
4.244319369482693799e-11
-1.361255487410159722e-11
4.575214680346059941e-12
-1.260699462983229546e-12
9.892620819618596073e-01
1.070901472667202398e-02
2.882551227027568743e-05
7.758978569290092567e-08
2.088488429769987105e-10
5.621584331972020470e-13
1.513986997550994260e-15
3.515672816415543444e-18
3.620774348436352412e-19
-2.064522735749346759e-19
1.143624321816124311e-19
-5.863213332109596134e-20
2.608718377740500972e-20
-1.058340515422210718e-20
4.873263998330725599e-21
-1.656131013702494642e-21
4.249650212244997213e-22
-9.751120093672802204e-22
-2.679346863051028442e-22
8.448979930261611397e-22
4.298650192634741515e-22
1.462303431409548988e-22
-3.495768760624783269e-22
-2.475106090780047062e-22
6.890541833114118502e-23
1.322313723436795652e+00
-1.110509268935205678e-03
3.297477255263486068e-06
-1.222623863324639528e-08
5.129005976719930992e-11
-2.322874993125448882e-13
1.109280355842026272e-15
-4.522475062640555862e-18
-9.757767199039696453e-19
-3.843760960676183750e-19
6.694023995036350640e-20
-1.478315251557767570e-19
3.405659876717688048e-19
1.200460462810837958e+00
-1.120720716640177389e-01
1.683791216038294999e-02
3.004184410636796289e-03
-3.372545515867601904e-03
1.449973098975910384e-03
-3.839477261911516340e-04
2.875739170002048137e-05
3.636488545862060932e-05
-2.623183514396672827e-05
1.080328803621423050e-05
-2.772255338695473024e-06
7.499594707086139828e-08
3.925649119314018126e-07
-2.662494237273474200e-07
1.093468183712245981e-07
-2.761944239967270061e-08
-1.086321000660584769e-10
4.755584054382636440e-09
-3.155538161602688613e-09
1.295353817739068407e-09
-3.227733030718881612e-10
-1.398840165353492060e-11
8.272797255126504592e-11
-4.238891538448260471e-11
1.075888590099555397e+00
-2.531498904477351777e-02
4.055778733061103473e-03
-6.130008040281808863e-04
8.622809849024096196e-05
-1.115144153562870266e-05
1.298973875612396951e-06
-1.290910531523172577e-07
8.883936435173051326e-09
2.397211772646205852e-10
-2.625926411477119046e-10
7.104397996890121870e-11
-1.494139418593528569e-11
2.799352093788431162e-12
-4.887874998599115825e-13
8.111683850482961827e-14
-1.291416633420843847e-14
1.979971961918726804e-15
-2.923357189949323527e-16
4.139067266384990592e-17
-5.593735615672802436e-18
6.900617621417438425e-19
-4.900472233656847680e-20
-2.384298896222164167e-20
1.964104127060437585e-20
1.024202169437988141e+00
-1.848494273993598475e-02
7.057279740891483216e-03
-2.692955907533885630e-03
1.026605021409131291e-03
-3.907193064607354617e-04
1.483183994470271979e-04
-5.608517953244229385e-05
2.109453350457718074e-05
-7.878399912421367899e-06
2.916865325584126071e-06
-1.068840471806708457e-06
3.871039489857054160e-07
-1.384147235829543721e-07
4.882319937446557030e-08
-1.697917677085410531e-08
5.819345120984370101e-09
-1.964780291438613663e-09
6.530571840155085454e-10
-2.134372503964226032e-10
6.844430887542252627e-11
-2.145778149726275750e-11
6.561193330443478647e-12
-2.059687407131130720e-12
5.339130889084625616e-13
1.005412509252086695e+00
-5.412509252086756227e-03
-4.313293574123892172e-18
3.736828828649927068e-18
-3.053690754494543928e-18
2.350728882516482505e-18
-1.701630379108370706e-18
1.155686837891967414e-18
-7.342925965131600209e-19
4.347949179785454334e-19
-2.387167017605424656e-19
1.207068391557038595e-19
-5.568825588886788080e-20
2.312055407701909116e-20
-8.453218753516232122e-21
2.619317876263462103e-21
-6.322059558226093751e-22
8.818454942090696688e-23
1.128626982392079644e-23
-1.143790019893986739e-23
3.326641500121187997e-24
-1.741456899071711989e-25
-2.431826276252694198e-25
8.407655476824184548e-26
-3.737121448697101645e-27
7.752204693828327331e-01
