2.490355280520247239e-01
-1.782873796559452273e-04
5.624871629200272869e-08
-1.851459549064567226e-11
6.427388497856969397e-15
1.324845099860427941e-19
-1.424955174709445437e-18
-1.692436562794406808e-19
2.593088714519940206e-19
-2.008922602502272548e-19
1.187125316439812190e-19
-3.951437579886620190e-19
3.500583602888683522e-19
1.931251868283055950e-01
-6.573537788109838631e-02
-6.574228920922219228e-03
3.273399125508058560e-03
-2.501519134679296044e-04
-7.421450879457421230e-05
2.039684006291070945e-05
-6.604566637870689350e-07
-6.351125256780109918e-07
1.321209833799794171e-07
1.447874650118805179e-09
-5.356333070439654847e-09
8.832527271252561902e-10
5.628785096792236285e-11
-4.545956428278011698e-11
5.865287708484164782e-12
8.007089323152664745e-13
-3.862444181448675050e-13
3.698809025653397419e-14
9.358295037518896709e-15
-3.272541762135665579e-15
2.273245541690777041e-16
8.128527576640780209e-17
-4.017127244887608189e-17
1.275913017197955916e-17
7.344300569915074295e-02
-4.395379690376454568e-02
6.075959009801086726e-03
-3.579273442062843691e-04
-3.302336940431777545e-05
1.185946385614466294e-05
-1.787304906210595504e-06
1.709337129865854648e-07
-6.600134817406155161e-09
-1.366933658039502045e-09
3.937630960312342070e-10
-6.095903663106746430e-11
6.459909140170058232e-12
-3.595725707054939645e-13
-3.300939013933323792e-14
1.351285549094411116e-14
-2.394294545437333118e-15
2.937215005793521635e-16
-2.762464803110690999e-17
-2.318993514229581478e-18
2.550931629606614315e-18
5.862123188575851369e-18
-2.244903295249216988e-18
-2.766268959677576843e-18
8.500663807921440330e-19
6.256063119583184576e-03
-1.126392154311675609e-02
8.275903048814769319e-03
-5.039903887470828688e-03
2.588274922509083663e-03
-1.137832903998718193e-03
4.323865315278312875e-04
-1.420970484900500202e-04
3.959936084909435739e-05
-8.635225303769049080e-06
9.314459313429019684e-07
3.981641684624337118e-07
-3.663056367329935674e-07
1.937625332461454048e-07
-8.521011654824836559e-08
3.390044709211598382e-08
-1.259304595946502864e-08
4.424444707450357796e-09
-1.475145670692426442e-09
4.648779628964091686e-10
-1.366535341449575595e-10
3.625928691373794941e-11
-7.841278023488139172e-12
6.682484821904794530e-13
2.985868459397413947e-13
1.409442259383028288e-07
-2.634702615774806565e-07
2.146904369614750315e-07
-1.515237746751019629e-07
9.146115792840361861e-08
-4.615320163607001909e-08
1.864690359241237533e-08
-5.463758525923528652e-09
7.969156928313494936e-10
1.759659392795537554e-10
-1.262363853639981877e-10
1.514697035018488600e-11
1.032149728319450880e-11
-3.650413471529690947e-12
-7.252629589813287454e-13
5.591433157845548542e-13
5.082750435580305575e-14
-8.279444696674088658e-14
-5.104631524926976725e-15
1.282846288984893124e-14
1.097109887870543561e-15
-2.068918049753053856e-15
-3.556568293898752777e-16
2.847432001576957443e-16
9.854978617269660655e-17
7.083100892361869905e-01
1.282335374295068254e-04
-3.750507011273342795e-08
1.186499294959112398e-11
-3.947600704358499459e-15
1.389505013697730749e-18
-1.064878649614080574e-18
2.169489757187318533e-19
4.013753496289370621e-19
-1.798739860183869369e-19
5.988620456522657535e-21
6.556220469268545076e-20
-1.697495861286930354e-20
7.497938299650068750e-01
4.918522238355017145e-02
5.474184406843290822e-03
-2.261846763913100827e-03
1.581837702871655409e-04
5.138117545817049586e-05
-1.334778477076253373e-05
3.086681295355974214e-07
4.260453690290505463e-07
-8.054695835937921139e-08
-2.396374290860673518e-09
3.403953791145187867e-09
-4.825057784533116764e-10
-4.800752620481910673e-11
2.680588688554876658e-11
-2.748289289112610201e-12
-5.746761985221342562e-13
2.085583727883322166e-13
-1.365531734743047737e-14
-5.928707399500668921e-15
1.580474262492103151e-15
-3.910685361443182073e-17
-5.083265969564680717e-17
9.423772500775227845e-18
2.240905253665765263e-18
8.462405079603423363e-01
3.981377324297814824e-02
-3.892813927738293482e-03
1.806385593020478188e-04
2.557910845670534445e-05
-8.065970844047264492e-06
1.215637032177943125e-06
-1.162690607967230545e-07
4.017780336209183889e-09
1.075963662532981142e-09
-2.904541814451687202e-10
4.301667142371747335e-11
-4.206022331934449364e-12
1.649309728237061528e-13
3.662570990689959532e-14
-1.071025191192546244e-14
1.674751526115781597e-15
-1.800180155081026239e-16
1.415427963628075215e-17
-6.112514684058008123e-19
-1.626859754360805550e-18
6.568988599550431060e-19
1.029471927652851849e-18
6.486713129387134629e-19
-1.227002025736017233e-18
9.456683531464490367e-01
4.019757961479929198e-02
-1.479255088118879881e-02
5.390404750275478579e-03
-1.931433767988272130e-03
6.736795292306915501e-04
-2.255557275818306448e-04
7.101774900650428140e-05
-2.030855254866204018e-05
4.881685933419857183e-06
-7.357462525040232134e-07
-1.292525197854241927e-07
1.862798462361157760e-07
-1.124192642237529517e-07
5.374972817005396833e-08
-2.271757304140696232e-08
8.826606525491553023e-09
-3.206922240514217217e-09
1.096573737250372216e-09
-3.523296462340844900e-10
1.051414763494575044e-10
-2.821796364602198780e-11
6.138535428456249384e-12
-5.039089204870592959e-13
-2.480717718117282412e-13
9.874784597002481679e-01
1.248221996907250900e-02
3.919685642419154232e-05
1.230864848164831455e-07
3.865783989074884670e-10
1.170585853641548536e-12
3.241090618801772529e-14
-1.738471202968616871e-14
9.647944125182954583e-15
-4.830043417508013708e-15
2.150787739061949721e-15
-8.318618942978514014e-16
2.676177238118859050e-16
-6.484713900278570059e-17
7.952687211663640045e-18
1.934016452780264469e-18
-1.392436713483538728e-18
3.165521055126895035e-19
2.617521154953690317e-20
-3.888639196312682363e-20
8.461317914045806163e-21
2.012082749893232810e-21
-1.492537167475907612e-21
1.206345541942276228e-23
1.652936669785158844e-22
1.155572937423118507e+00
-6.611878466690365675e-05
1.826319408357350344e-08
-5.511208951595406532e-12
1.775338368060668560e-15
-1.779431000757138747e-18
2.078563693075070846e-19
2.664667049888676153e-19
1.985830434045095004e-20
-1.635578001819549990e-19
-1.203646338709969168e-19
2.605994720036309993e-19
-1.141701555085151579e-19
1.133795546951479993e+00
-2.593077183526568824e-02
-3.025868513515966862e-03
1.155610434866088075e-03
-7.030321487348061558e-05
-2.624292771734727290e-05
6.209130271117709407e-06
-7.981270642692973217e-08
-1.997395607368527073e-07
3.493773806226806617e-08
1.407822562725133741e-09
-1.504473031447969044e-09
2.013564803205544338e-10
2.214313905790543777e-11
-1.146111606135679528e-11
1.135734187882911359e-12
2.471826246903091258e-13
-8.805148666551472614e-14
5.784397447302777621e-15
2.483079791220709938e-15
-6.684147856678966535e-16
1.678503898849585256e-17
2.323725641764108728e-17
-3.630664099116014859e-18
-1.637079053316718682e-18
1.081984423949623464e+00
-2.177943416393255879e-02
2.082201842168930183e-03
-7.975089080086774924e-05
-1.674221927809298074e-05
4.472689798260224634e-06
-6.100511285875673289e-07
5.058850309919057663e-08
-6.006331140538900922e-10
-6.653793753917664270e-10
1.442389300483934267e-10
-1.898983556081876717e-11
1.611994447191853112e-12
-2.765295072738143744e-14
-2.074130883998356290e-14
4.868639152268780057e-15
-6.904072734589319298e-16
6.569427131063349704e-17
-4.249040276119918232e-18
4.542554180565019713e-19
6.930241434211201529e-19
-9.372886380560192809e-19
2.026323255579210633e-19
3.242477499965760519e-19
-1.942444594175614249e-19
1.028144132998179305e+00
-2.136269381234541173e-02
8.047764650729111874e-03
-2.991364741090584128e-03
1.087414212466681707e-03
-3.818691452219708546e-04
1.273578409606643670e-04
-3.931382748552550270e-05
1.071237092326435623e-05
-2.275546311627597657e-06
1.690788977177283370e-07
1.806048384529138270e-07
-1.459522889519217995e-07
7.670072678630113995e-08
-3.378551936837152960e-08
1.334728602827896970e-08
-4.858560092349071767e-09
1.647815628336367916e-09
-5.212951161045728423e-10
1.523078823114569402e-10
-3.986204090373717996e-11
8.512071313783824346e-12
-8.542066167901255118e-13
-6.232236449222430917e-13
3.882151896066757256e-13
1.006320060691470175e+00
-6.320060691423008865e-03
-8.801210358596729594e-14
7.348657536635346908e-14
-5.695220757947565027e-14
4.086322354298506777e-14
-2.704536027311982467e-14
1.642840286106194834e-14
-9.094484939503932034e-15
4.542199025344579678e-15
-2.016117683018198522e-15
7.761791972380017107e-16
-2.478616216312522378e-16
5.917034510779343746e-17
-6.820717755756996377e-18
-1.981615458560627102e-18
1.321909200055574025e-18
-2.870705131111227112e-19
-3.015861235646318031e-20
3.742955761709473935e-20
-7.495799443601446294e-21
-2.045676863701418099e-21
1.339506276791622766e-21
-2.147725213198708164e-23
-1.459453273815705585e-22
8.621035225946960256e-01
