4.534895748696002316e-01
-1.297224337329746201e-03
2.065401941466023028e-06
-3.770810749833663451e-09
7.513949213100048304e-12
-1.583837019459059322e-14
3.726633316237737026e-17
1.629726317492807985e-19
-2.288462779265994517e-18
2.329404171056876481e-18
1.423680802712966950e-19
-8.055302242766297898e-19
1.389873641582242749e-19
2.582040068056354332e-01
-1.917313977941658143e-01
1.913603804996192800e-02
9.976258374984092389e-03
-5.633072762792869920e-03
1.403925021042064670e-03
-5.587157903557371486e-05
-1.186795594084080443e-04
6.030666230305353412e-05
-1.517255231870443352e-05
4.291904107216728639e-07
1.528162189041917536e-06
-7.884930128245823479e-07
2.039306109102057394e-07
-5.886498796068530408e-09
-2.169818974038812844e-08
1.146918694482608870e-08
-3.043996045805526983e-09
1.022318481148936286e-10
3.277206716963448475e-10
-1.776610389527674400e-10
4.844838254338397344e-11
-1.962508268772902862e-12
-6.093067315799171574e-12
2.958746534067965145e-12
4.361744963569538780e-02
-3.715738645617028268e-02
8.775077027255355142e-03
-1.465684950616019146e-03
1.910314803902765299e-04
-1.973501923787688255e-05
1.392885371044920292e-06
1.905181409709933180e-08
-3.304684881546976257e-08
8.683506606667724334e-09
-1.724583233165306465e-09
2.997478638908364383e-10
-4.761159320794294985e-11
7.001791871697367978e-12
-9.498645493682237979e-13
1.161894233490221213e-13
-1.198825836012468339e-14
8.027061603596077487e-16
4.550315797048598525e-17
-3.140251060313821790e-17
1.047940544789691384e-17
-4.577917456978432889e-18
8.038069186870559033e-19
1.317535073344973575e-19
2.960249199779011738e-20
2.127650590557959333e-03
-3.937345776056040692e-03
3.129705943593961634e-03
-2.156254892909789320e-03
1.303300834831171932e-03
-7.004231500835513121e-04
3.392889625453399094e-04
-1.501301017853341768e-04
6.146457443794419914e-05
-2.356803104863305071e-05
8.559918015008414222e-06
-2.974744215544336894e-06
9.975208926313306681e-07
-3.247663148661341080e-07
1.030020065769659616e-07
-3.181829690967754774e-08
9.529231190866456710e-09
-2.736104325884042482e-09
7.357509259763301205e-10
-1.754872910501931383e-10
3.109039545729406560e-11
4.137255902750375980e-13
-4.563351539566845275e-12
3.800604772190106346e-12
-1.608358648543937811e-12
3.501154507435487483e-09
-6.617237433271741397e-09
5.577769010103005697e-09
-4.177763751956925914e-09
2.761046072376022297e-09
-1.591420301590174453e-09
7.846864944093753676e-10
-3.198800226072490666e-10
1.004789611680546399e-10
-1.978308656640459572e-11
-3.485294590756915022e-13
1.791557888970714289e-12
-4.977456912363542374e-13
-4.806492600227279244e-14
6.375010316285795479e-14
-7.125572148464587114e-15
-6.382716264403538709e-15
1.776673172373495461e-15
6.333630490890422056e-16
-2.966908616916794618e-16
-7.102239893200132179e-17
4.604214709266489856e-17
1.036699294597407276e-17
-6.032382043716058928e-18
-1.826574462434383314e-18
5.211490457864069725e-01
8.448457713356661214e-04
-1.167813108134099898e-06
1.895542886256017285e-09
-3.383572083054625046e-12
6.436648695369573856e-15
-1.377102309659759372e-17
1.571277153760971955e-19
1.416142280100521938e-18
-1.399976725123022188e-18
-2.221978130042599484e-19
8.080778283853002404e-19
-2.394171096892058930e-19
6.628995363248370021e-01
1.439766452276012576e-01
-8.762741263419004598e-03
-7.551234797019266108e-03
3.631247119166094734e-03
-7.838322995612159337e-04
-1.365718318110791131e-05
8.145963815228498303e-05
-3.394186845290999432e-05
6.646009408153225523e-06
5.726536354179204313e-07
-9.685006423814618401e-07
3.822419033386250132e-07
-7.045346003860712979e-08
-9.729851054076248227e-09
1.253639418403891694e-08
-4.831872190219378865e-09
8.594744274192557525e-10
1.497002251922761217e-10
-1.728996805431532227e-10
6.604853728768046275e-11
-1.160214872013585434e-11
-2.209132889829445163e-12
2.688940553943936137e-12
-9.699761605282464627e-13
8.481155648738633035e-01
4.674337582363610050e-02
-6.864266678796730574e-03
9.331329495335633590e-04
-1.128926366662741062e-04
1.125426233794165589e-05
-6.893283834487494295e-07
-5.093446601331205020e-08
2.900463010703959507e-08
-6.991788810341203916e-09
1.328977654157096434e-09
-2.211371508277442274e-10
3.323423147381065513e-11
-4.524703615984434476e-12
5.457841424646716846e-13
-5.402510306837187713e-14
3.078038906647588083e-15
3.593699106366080156e-16
-1.769868068722323807e-16
4.385735788769253942e-17
-9.000070818507368453e-18
1.601291203178768871e-18
-1.700381450991196201e-19
-1.936891911168045294e-19
1.168454991899147302e-19
9.491128267787840578e-01
3.787262587146553866e-02
-1.408924391427229979e-02
5.238377685108131475e-03
-1.945498540594129506e-03
7.211711066306174733e-04
-2.665058461138787192e-04
9.802740590829981239e-05
-3.581797017510214017e-05
1.297063527660989635e-05
-4.643117368443480157e-06
1.638472101823017636e-06
-5.682605148556296362e-07
1.930529589388360273e-07
-6.398216599278911928e-08
2.057367013577089804e-08
-6.365320257591679795e-09
1.868091407385881979e-09
-5.056599462222636338e-10
1.179053772731807368e-10
-1.825105440319987346e-11
-2.495054004306430953e-12
4.440263217063657364e-12
-3.378752877360525032e-12
1.398669961603295943e-12
9.883236683434576397e-01
1.164214769045440398e-02
3.408388812081360479e-05
9.978497611208417287e-08
2.921333977238166595e-10
8.552451239335182465e-13
2.513163855517437232e-15
1.123311019653765380e-18
3.889643015130742251e-18
-2.236249060489192896e-18
1.193319639690610827e-18
-5.841641521689708774e-19
2.566297270235087321e-19
-1.000367425889297230e-19
3.473323428166223440e-20
-9.700890265052686653e-21
1.828473523750051704e-21
-2.520232045454527057e-22
1.551514936652377156e-23
7.724907973608392979e-23
-1.360655159409278141e-22
2.472782141196502596e-22
-9.055771983907381388e-23
-1.352221047917050706e-22
1.008046049704308744e-22
1.267336908636128356e+00
-4.679020597988959446e-04
6.370861963893519433e-07
-1.042176289471596642e-09
1.903877005619081569e-12
-3.736087027970939385e-15
7.738033409869370366e-18
-1.208305846980018847e-18
5.390574371822931680e-19
1.820263797697537699e-20
-4.689922014555605390e-20
-2.125568489568819496e-19
1.432087343291326145e-19
1.187475556506224050e+00
-8.153015730712041831e-02
4.516720181269060636e-03
4.326938738958515697e-03
-1.986411030624739716e-03
4.130166873024103966e-04
9.821514408130234354e-06
-4.323172339659241099e-05
1.789861044599429780e-05
-3.591419962012107306e-06
-2.392822528647806424e-07
4.949379234702957143e-07
-2.050401324754497750e-07
4.171386922172286486e-08
3.316871719488733884e-09
-6.381324014815646093e-09
2.703103260647300208e-09
-5.665600263468567947e-10
-4.341127475139004732e-11
8.923238826997905389e-11
-3.888201824785290990e-11
8.466997316212686112e-12
5.449544246773100425e-13
-1.473354788281293409e-12
6.027517370349022765e-13
1.081914587539983819e+00
-2.664016952291364468e-02
4.026128994440395827e-03
-5.461286882814652419e-04
6.368015079943520861e-05
-5.789111364654566217e-06
2.444999810959478519e-07
5.231561912790768363e-08
-1.905930660832683739e-08
4.098247710880805824e-09
-7.268645881616273662e-10
1.147271293099618602e-10
-1.648911994409801493e-11
2.154408010179503896e-12
-2.488382425243612497e-13
2.315543713349586743e-14
-1.057283860644318306e-15
-2.211465269637739575e-16
8.872293644716900782e-17
-2.089750348942350048e-17
4.237275204484412811e-18
-9.306113127306796522e-19
1.254463906074939994e-19
2.942730046187121659e-19
-2.238688916701990176e-19
1.026330669567725229e+00
-2.010453587794252053e-02
7.670431646095761218e-03
-2.922848629192305921e-03
1.111276151463014891e-03
-4.209396450150285334e-04
1.585300972584817740e-04
-5.920728392074667214e-05
2.186212652386905416e-05
-7.954422021505822419e-06
2.841733682089607019e-06
-9.931310095130540042e-07
3.381787142142699758e-07
-1.116827286108692834e-07
3.555250400622100851e-08
-1.080846083219695272e-08
3.087260799579970293e-09
-8.009531406836148746e-10
1.725414434691085934e-10
-2.007532097114457365e-11
-7.739751142186851662e-12
8.085339207268129789e-12
-4.895295050316351673e-12
2.804467414872254421e-12
-1.057219893834155481e-12
1.005889693004823782e+00
-5.889693004823600385e-03
-4.045038926907446982e-17
3.483560408869409455e-17
-2.822262541103124890e-17
2.147928334470272574e-17
-1.532625428959049548e-17
1.022635553919211576e-17
-6.359095613682496420e-18
3.668601577569436905e-18
-1.951704779644738171e-18
9.495996143484587125e-19
-4.175684735831923410e-19
1.629661962305265695e-19
-5.474747544595342165e-20
1.489429166045090260e-20
-2.767195258590711910e-21
5.424908641055778282e-23
1.962252973170334903e-22
-7.853494674738192814e-23
1.100489297054032114e-23
3.437636907610726582e-24
-2.124960387075860834e-24
2.226523330918633027e-25
1.309264237892452836e-25
7.947790174879034719e-01
