5.121587766800903552e-01
-2.090631034045073531e-03
5.088719920183280489e-06
-1.449961131879623117e-08
4.535857319275069502e-11
-1.503427103463985653e-13
5.206884203118197305e-16
-6.392760694901248067e-18
6.455832634116630152e-19
9.080434649340739345e-19
-1.025401764086234148e-18
1.352812770467764028e-18
-5.715762832174679971e-19
2.672497585476809046e-01
-2.257340236173070169e-01
3.575039100867280495e-02
7.936379696066897180e-03
-7.531639716298959945e-03
2.833889987395666558e-03
-5.702575945908022791e-04
-4.855672233030193670e-05
1.004428757498888105e-04
-4.948439628112418311e-05
1.420411857281969423e-05
-1.196147138026149146e-06
-1.331928401829882978e-06
9.472397789692754642e-07
-3.595579565481878338e-07
7.155554644198212591e-08
1.135077754566042647e-08
-1.751156145496353522e-08
8.718586255287935517e-09
-2.542208811265147028e-09
1.871383136162599622e-10
2.775798129756056179e-10
-1.924079193160147420e-10
7.186772597728459820e-11
-1.455125221992536073e-11
3.704160632255290575e-02
-3.292210508881852904e-02
8.246647006956125958e-03
-1.490710718759655001e-03
2.177975772802357010e-04
-2.719329314926104940e-05
2.921735895449310527e-06
-2.488373529889758431e-07
9.051411525422830269e-09
2.694165671359575518e-09
-9.692324643569585723e-10
2.219184637209803082e-10
-4.324471554069617680e-11
7.705324539861123568e-12
-1.290087609601539185e-12
2.052943238899944001e-13
-3.115202502982229959e-14
4.495695244781357864e-15
-6.114334032967362381e-16
7.811906995706924796e-17
-1.173459987930275842e-17
1.199542608500997127e-18
1.623292380513224189e-18
-5.076326122435814038e-19
-6.275554141707292241e-21
1.655436692989910828e-03
-3.072878824759663150e-03
2.464341140877912301e-03
-1.721784947021539822e-03
1.059996815688881572e-03
-5.824093873611235241e-04
2.893887459589780339e-04
-1.317510147519703357e-04
5.566634241111707089e-05
-2.209744592145712039e-05
8.338104088788063630e-06
-3.022978551847543198e-06
1.063047020718362842e-06
-3.654226089316872564e-07
1.235022501541348468e-07
-4.118911112022527383e-08
1.357756966501622509e-08
-4.422756374037545392e-09
1.420882598978345048e-09
-4.485532605447632760e-10
1.383051089129482611e-10
-4.123377127382333178e-11
1.168558974969165787e-11
-3.167623606973103327e-12
6.878934111855301977e-13
1.821831113616196534e-09
-3.448038006120674345e-09
2.918689499901142637e-09
-2.202195214188864199e-09
1.471489291975775480e-09
-8.615010040266491313e-10
4.342979940939713438e-10
-1.829330980524995510e-10
6.067048894837731247e-11
-1.354063548361212649e-11
6.323825815714959358e-13
9.021519307968669386e-13
-3.328969249654630054e-13
2.694393046038177072e-15
3.391777408381464003e-14
-7.334301308417799670e-15
-2.642651274050205381e-15
1.294311096139569060e-15
1.783367600080593692e-16
-1.903249937972111484e-16
-1.066049215637044654e-17
2.779377942217607753e-17
8.544783255028747595e-19
-3.570094311549598793e-18
-2.056477150486743549e-19
4.746491423400183707e-01
1.313098742575439246e-03
-2.703553963931644989e-06
6.691657733298998993e-09
-1.843325680715427293e-11
5.449882839100890814e-14
-1.684931164839885035e-16
-1.997502817088250601e-18
1.334572554061751168e-18
1.094160464137578929e-18
-9.526692399744834022e-19
-6.188903714339748042e-19
4.407712248560668430e-19
6.514405372448905940e-01
1.704351091690952114e-01
-1.874225321092274146e-02
-6.962565779905654367e-03
5.010847182237129598e-03
-1.638550341915465027e-03
2.446289550271372776e-04
6.723421334212966154e-05
-6.410115949782739574e-05
2.534606133758476881e-05
-5.391692853376171349e-06
-3.679368099339143506e-07
9.124056213929019494e-07
-4.546398578220717969e-07
1.292790780536301235e-07
-9.997014803215813395e-09
-1.235032441998932963e-08
8.432458299955775131e-09
-3.069944043372381086e-09
5.571947755499317861e-10
1.212934629584758089e-10
-1.507589102959032968e-10
6.840566449485973259e-11
-1.572596162655902331e-11
3.357642492544161351e-13
8.535783660398708061e-01
4.569985231998311553e-02
-6.919284804172189281e-03
9.965499345203280950e-04
-1.336323200179361794e-04
1.621155645662121348e-05
-1.677671769538269346e-06
1.211261734699908034e-07
2.466809185477833364e-09
-3.406506294181314733e-09
9.294308134191396414e-10
-1.930891746663538283e-10
3.521471120912767895e-11
-5.898318957429670077e-12
9.233172943375452183e-13
-1.357079728773818484e-13
1.863181460962874794e-14
-2.346668705504746502e-15
2.591048188965884308e-16
-2.144758497976115660e-17
2.396112848571019174e-19
3.526254538334946189e-19
-3.046214375195556353e-19
2.230851495583082277e-19
-3.639240025500258847e-20
9.511878161396295495e-01
3.637113847338293432e-02
-1.354843593822691213e-02
5.045282506306448915e-03
-1.877688638135048896e-03
6.980807400989387426e-04
-2.590819721214637121e-04
9.589884309854710808e-05
-3.536054439929882083e-05
1.297011759221321682e-05
-4.725112030205233220e-06
1.706927984210930677e-06
-6.104385235767653748e-07
2.157707487973630868e-07
-7.526101338522728453e-08
2.586074824105891782e-08
-8.736927061773962932e-09
2.894888335314737100e-09
-9.373625742711384383e-10
2.949737299748165750e-10
-8.937328484615813238e-11
2.561235488144458919e-11
-6.663121334197056051e-12
1.420162509121173100e-12
-1.863687697900370585e-13
9.888122842146122027e-01
1.115633677437487606e-02
3.129099998799005105e-05
8.776417384994520186e-08
2.461586506427047979e-10
6.904163089448646583e-13
1.938620948542126041e-15
3.979703912899750539e-18
9.346787396626974571e-19
-5.414052348104029614e-19
2.918302608675136278e-19
-1.460783065824507574e-19
6.855207147404041169e-20
-2.731651689879884022e-20
9.162379300867143603e-21
-3.130378147553863778e-21
7.272652247375680508e-22
-3.260181244644153009e-22
4.329922250464635525e-22
1.085003614068151974e-23
-3.582200413383103653e-22
3.617535035070698560e-22
1.233134509578436279e-22
-1.811769120967628777e-22
-3.067221036950917907e-23
1.297379573283051757e+00
-7.522401251834161988e-04
1.563852449682619360e-06
-3.993271448783598909e-09
1.147879679711425007e-11
-3.557077346927430607e-14
1.153076458448407668e-16
4.296481307313242815e-19
1.030130396524030522e-19
-6.298942888408625598e-19
4.559709644380687547e-19
-3.930947736668599495e-19
2.169749887628577845e-19
1.195569499447788342e+00
-9.839955559243088179e-02
1.054838337572228807e-02
4.079357156911175494e-03
-2.839478649801149401e-03
9.169328386265516344e-04
-1.393158265146781131e-04
-3.483644226380060410e-05
3.493551883661023436e-05
-1.432358492939229762e-05
3.312631307632146632e-06
5.330873948114609127e-08
-4.744111071124912328e-07
2.606769165008724046e-07
-8.265444135352274491e-08
1.073628169203616789e-08
5.590393807150640289e-09
-4.804027039304190612e-09
1.995644545291982585e-09
-4.662254637096721879e-10
-2.073663254354910327e-11
8.149674192554676179e-11
-4.436777092461080769e-11
1.336055030221755392e-11
-1.786207100530456489e-12
1.078872435682830977e+00
-2.607650581700906786e-02
4.091924653976736735e-03
-5.952271490778493880e-04
7.854664385345253073e-05
-9.129276416047830246e-06
8.696697182399083850e-07
-4.945316557177086616e-08
-4.485480357233687231e-09
2.301518412868234174e-09
-5.546553958656879234e-10
1.083146441065967793e-10
-1.896488865349270350e-11
3.084418689737132532e-12
-4.725150026680947256e-13
6.840896356274172646e-14
-9.311764431543159903e-15
1.172250444344163118e-15
-1.312086584427538000e-16
1.173832781261011213e-17
-4.539078529063789402e-19
-2.259383102564868700e-19
1.464903881731865519e-19
-7.376091344344754057e-20
3.873185400267057196e-20
1.025222971824268248e+00
-1.926278687750486440e-02
7.352697393913401082e-03
-2.804454456398447308e-03
1.068207832151278494e-03
-4.059365710653993660e-04
1.537022533215522656e-04
-5.788702587944733109e-05
2.164124031179111163e-05
-8.013387640176650693e-06
2.932181302582572109e-06
-1.057902357458158047e-06
3.755683907016178285e-07
-1.309495775256914562e-07
4.476228690442952691e-08
-1.497224716441370344e-08
4.888757856458348826e-09
-1.552922670693350392e-09
4.772060650216009905e-10
-1.404612068225659370e-10
3.883983084177173980e-11
-9.643387235873413332e-12
1.840442817694689995e-12
1.256990259047953328e-14
-1.582748734522942366e-13
1.005641147308372618e+00
-5.641147308372510688e-03
-1.050076870611930848e-17
9.077628852435783688e-18
-7.394622620340869486e-18
5.668496545425102779e-18
-4.081646087217441392e-18
2.754167059291996545e-18
-1.736167548944193981e-18
1.018287045684410472e-18
-5.526892896948255530e-19
2.755889773367527768e-19
-1.249601415380838841e-19
5.074623333962475863e-20
-1.800997473650953384e-20
5.339064634234313145e-21
-1.187609555057453225e-21
1.231509201723642089e-22
4.086320535138754869e-23
-2.575706350532613997e-23
5.993831819515263197e-24
2.081334855679308625e-25
-6.166180632125158620e-25
1.478428205271832909e-25
1.109684315207301344e-26
7.827558418825809605e-01
