2.218280478631345365e-01
-1.275016752513273446e-04
3.130968406689555757e-08
-7.893619543160100248e-12
2.085260118279896946e-15
-4.575874007314220507e-20
-1.028525715329807907e-18
4.716075831679212581e-20
8.489045950811648236e-19
-5.850497614704839404e-19
6.804231433902369732e-20
3.904180252851100859e-19
-2.974994154117297377e-19
1.787234787538427017e-01
-5.158926535173582323e-02
-6.320260772652765840e-03
2.263615819926610619e-03
-8.942713723463821378e-05
-5.253330791007010798e-05
9.251035042291437654e-06
3.051993732111808865e-07
-3.147612827331474476e-07
3.399154577654487853e-08
4.926650369228411648e-09
-1.753949471728519873e-09
9.395648558361203173e-11
4.260764241625346387e-11
-9.192151014223477601e-12
-5.411982921101728802e-14
3.101474890293238785e-13
-4.360721471350691073e-14
-3.881816517621071090e-15
2.033002660908156411e-15
-1.713093961188660022e-16
-5.945481319949729331e-17
3.935950278539922928e-17
3.849103541289312215e-18
-2.182184204706850141e-17
7.637335925977642437e-02
-4.159994313397034904e-02
4.885708625061847658e-03
-1.471015351345900286e-04
-4.931463293133135140e-05
1.066917219681644807e-05
-1.186724569410642928e-06
6.296979099626740070e-08
5.449552257574438646e-09
-1.947000433070030851e-09
2.909003599935144381e-10
-2.684035434985049409e-11
7.835372554018580965e-13
2.629278872637547773e-13
-6.460578271691953357e-14
8.721346460099620761e-15
-6.973676402906291377e-16
1.597665357117462644e-17
-2.482638629942185072e-17
8.162489382490001530e-18
2.005476040165477304e-17
-1.653144925208968247e-17
2.270803231109373464e-18
8.542117217618512309e-18
-6.590105823350648903e-18
7.289568420853233081e-03
-1.301866908024427658e-02
9.348208264890864663e-03
-5.492228391384686853e-03
2.687697038880889570e-03
-1.109976653714042681e-03
3.881532198304312787e-04
-1.129541346705287600e-04
2.527543297566949585e-05
-2.736392736033403253e-06
-1.196452941019985714e-06
1.080393427026720970e-06
-5.579380062051450253e-07
2.374094985637500425e-07
-9.050928608542995490e-08
3.185117998385353000e-08
-1.043963418243149314e-08
3.171714968883357885e-09
-8.738777495864352244e-10
2.054064349739724342e-10
-3.273961356453241923e-11
-2.899540473198447734e-12
6.199295726927800969e-12
-4.477179604837823857e-12
1.784125960564008297e-12
2.833517733998464346e-07
-5.281584993041502553e-07
4.265722952561559463e-07
-2.963553643750686302e-07
1.745383177527782272e-07
-8.483382668526363826e-08
3.226085573194807321e-08
-8.390829256204330879e-09
7.177991983155932962e-10
4.871958188459358323e-10
-2.071503791034547772e-10
-5.465682823790727382e-13
2.333762016301102572e-11
-3.789712112997964771e-12
-2.473884078411644929e-12
7.503662835585152188e-13
2.982467904405944931e-13
-1.217673277704309718e-13
-4.450674039467379203e-14
1.868035744094217224e-14
8.120557124335538600e-15
-2.666071506283871199e-15
-1.732033552062696747e-15
2.965296435363813218e-16
3.478658400455102534e-16
7.364563011564493333e-01
9.264359677799011692e-05
-2.119085326390750146e-08
5.180384459939249496e-12
-1.323641477341260950e-15
1.033389446746475444e-18
-3.651063924467708110e-19
2.924120105550579015e-19
1.776310291395357692e-19
-2.412744758501817818e-19
1.112554020949996956e-19
3.940071305751667600e-20
-1.213315030975011637e-19
7.685614250499525069e-01
3.867649109192268508e-02
5.081985065697324118e-03
-1.568396743594313407e-03
5.530757769450062554e-05
3.607091828727492026e-05
-6.098925006681451171e-06
-2.451515590997636850e-07
2.090366894212471444e-07
-2.048086761059802069e-08
-3.499023915152895183e-09
1.094336992031037975e-09
-4.272277465815436544e-11
-2.793429140321476284e-11
5.215949930981124664e-12
1.490364745831289147e-13
-1.862986148138742920e-13
2.157753517910742602e-14
2.950605718591316111e-15
-1.130597415387884034e-15
4.162010157170640642e-17
6.373945090959037393e-17
-2.601041779311401573e-17
-1.666388876457504192e-17
1.824154168606770971e-17
8.503568240928249811e-01
3.645170721734856262e-02
-3.058399049783374745e-03
5.311751300870440513e-05
3.505929896582399817e-05
-7.219871507743184363e-06
8.086784012966420379e-07
-4.254538875443864668e-08
-4.105058388815445053e-09
1.409585139475170187e-09
-2.054221216669814768e-10
1.781065888190314303e-11
-2.742711813457174559e-13
-2.227576493913155904e-13
4.772096476913734492e-14
-5.856481927882790916e-15
4.043624994644896344e-16
1.394254070892594716e-17
-1.386241687135571024e-17
1.199340537332033943e-18
2.519372286712920083e-18
-2.943346788470925446e-19
1.896992338284737588e-19
5.884999177014447167e-19
-1.009929381653552187e-18
9.461251256593264936e-01
3.976365692106879901e-02
-1.455340501061212766e-02
5.245888224527213428e-03
-1.842754904029731983e-03
6.212995744230784007e-04
-1.965711865695341399e-04
5.616747090866758946e-05
-1.329746476747404532e-05
1.839922219215101453e-06
4.722520571799026586e-07
-5.646713087396148428e-07
3.259037238030057949e-07
-1.502349809907287269e-07
6.094989283591678314e-08
-2.251741575740762911e-08
7.669049706150779387e-09
-2.404944066732559141e-09
6.823831157868298069e-10
-1.661638187875131840e-10
2.863849882395084350e-11
1.119847406798870118e-12
-4.505294306854774791e-12
3.421307730202610612e-12
-1.382369589170117501e-12
9.875653834248160345e-01
1.239584111311018387e-02
3.865454688948736324e-05
1.205379693215203500e-07
3.761553268276216288e-10
9.778348257625361681e-13
1.297894406162784301e-13
-7.475621348627706888e-14
4.012982434263507800e-14
-1.926573438191786993e-14
8.117861676918628278e-15
-2.906581228090797422e-15
8.282465710787965988e-16
-1.556193789546082738e-16
4.935527758492577582e-20
1.281993502937738706e-17
-4.600250207093036569e-18
3.503299375577511270e-19
3.379708062712227104e-19
-1.323984892401137400e-19
-8.210590233027177102e-22
1.482414965988499635e-20
-3.272861847894769013e-21
-1.092993945319446649e-21
5.873388507700429626e-22
1.139683510334320360e+00
-4.750633446358976754e-05
1.026192495571233518e-08
-2.386174970745055796e-12
5.871848950352610119e-16
-6.164258136844113476e-19
-1.757729243056633769e-19
1.883696288718950434e-19
-1.605449850467097670e-19
2.749505287362729715e-19
-7.150994916741767377e-20
-1.349607090341033972e-19
8.450127359680835572e-20
1.122967771519108204e+00
-2.020906454300484476e-02
-2.748153797492378266e-03
7.911092160529727309e-04
-2.198169368384518644e-05
-1.790184918330384477e-05
2.763621501080789221e-06
1.413748774018766720e-07
-9.490905252961024515e-08
8.379981005264918733e-09
1.630579186335270055e-09
-4.662303415313866789e-10
1.496138365254158826e-11
1.205180818318668960e-11
-2.138232346510885545e-12
-7.324719468312216994e-14
7.736534954828735976e-14
-8.700973864507705785e-15
-1.231897296711123370e-15
4.543336411780180832e-16
-1.871653184814951150e-17
-7.903261118589178631e-18
2.509415395583986334e-18
-2.619198794734701996e-18
-1.030196850625778735e-18
1.079445104261756105e+00
-1.973033008006708916e-02
1.601124432623007290e-03
-1.273396279896455571e-05
-2.051120246909160299e-05
3.792153079197053353e-06
-3.801797178258456748e-07
1.429642213917576183e-08
2.792707308007082618e-09
-7.122485039111922465e-10
9.132620781211173162e-11
-6.700622368632219792e-12
-7.905273489244654768e-14
1.148339778469024240e-13
-2.088058106578086539e-14
2.296098042238215261e-15
-1.270217502945307066e-16
-1.018956185920769879e-17
2.572583060439760300e-18
-4.751164912926830528e-19
2.369607532067342445e-18
-7.120303170242602708e-19
-9.717955281119716176e-19
5.918775446058272226e-19
-2.322618242221011238e-19
1.027884982167869943e+00
-2.109575950964617461e-02
7.891922774695154380e-03
-2.894659532639206126e-03
1.027857526128271668e-03
-3.470327778556920695e-04
1.084270589086635753e-04
-2.985206729274414255e-05
6.385024990912152925e-06
-4.728599069848542507e-07
-5.095717863537435075e-07
4.075601603072645659e-07
-2.105676391979694907e-07
9.036266630182349426e-08
-3.438486884967975065e-08
1.187641858644069760e-08
-3.740385186842365007e-09
1.060414151080316430e-09
-2.583972943263428198e-10
4.577179382873639237e-11
1.959931263876924052e-13
-5.590589929565346993e-12
3.803648467097282209e-12
-2.136171994114322082e-12
7.791558233953615963e-13
1.006275775093105285e+00
-6.275775092900230841e-03
-3.809027587700066938e-13
3.154481108363411767e-13
-2.416073392093699428e-13
1.706370652846645951e-13
-1.106569763727287949e-13
6.549971921232095838e-14
-3.508973399165237725e-14
1.680387790426172717e-14
-7.055725884916375935e-15
2.512895911167438228e-15
-7.093504258246028139e-16
1.300298153246814900e-16
1.757841857398186074e-18
-1.149954129046347981e-17
3.974150738761111564e-18
-2.580657426876426315e-19
-3.081407588304859222e-19
1.148559844609720928e-19
2.373047707562575965e-21
-1.331511400835396614e-20
2.794364006377468251e-21
9.854806941692305846e-22
-5.266960215491037205e-22
8.740513141772612293e-01
