1.696733923710787573e-01
-6.105934034136156503e-05
8.841347590464507920e-09
-1.270393904458959735e-12
1.846474340656135564e-16
1.121441504813874049e-18
-2.819649760433472775e-19
-2.853914168143436273e-19
6.628573571656456264e-19
-2.683834109832086832e-19
-3.426107982254743185e-20
1.554048138185039828e-19
-1.076628184697083339e-19
1.462869920605175122e-01
-2.881755625456301415e-02
-4.624394948339140277e-03
9.035249497197562389e-04
1.742492026745416102e-05
-1.748419801722225566e-05
1.070203639045861864e-06
2.290623799408978711e-07
-3.865109313733956949e-08
-9.919434803526779482e-10
8.147167935602154714e-10
-5.182183517549142171e-11
-1.122106165990629724e-11
2.006449478926427547e-12
4.287575569959198216e-14
-4.371982508808217855e-14
3.062755980913522256e-15
5.870384297595603793e-16
-6.560409123064290548e-17
-4.260802876744553672e-17
-3.144689138103424934e-17
6.028682252128526155e-17
-3.860601728649753472e-19
-2.831489811916762217e-17
8.936304157385696540e-18
7.817394685920163455e-02
-3.335505507575382833e-02
2.400983251439414625e-03
1.286780915109801530e-04
-4.663255731175234013e-05
4.814360600035019126e-06
-1.356472550194072674e-07
-3.522447886240428423e-08
6.595392624206352792e-09
-5.576633218361669615e-10
5.737151340548654129e-12
5.726511416017845270e-12
-9.366873055411714244e-13
7.410271763427432536e-14
-4.705644518084741622e-17
-9.198297273117149251e-16
1.746965544658339687e-16
-3.029596426538793119e-17
-2.222378240660469016e-17
3.265342696158352144e-18
2.577195427950618435e-17
-6.308088315039103661e-18
-5.353169166093755965e-18
4.880069177712868777e-18
-2.901750678937662459e-18
9.617921191282999618e-03
-1.677897042707860581e-02
1.128686128784313347e-02
-5.985997520855152257e-03
2.542510608358597001e-03
-8.619801337035394887e-04
2.210619199500357354e-04
-3.181258606015002814e-05
-6.543689933054716140e-06
7.671091344288883196e-06
-3.973743832511327886e-06
1.595100201059572433e-06
-5.479475288484727040e-07
1.646449444376267306e-07
-4.222207413050941666e-08
8.182537372527895202e-09
-4.276066143400757739e-10
-6.546073259493312546e-10
4.663743535056840332e-10
-2.237088214725738999e-10
9.007724983519779804e-11
-3.219222138785072369e-11
1.036152414678419283e-11
-3.110093183447285085e-12
7.289150296275858466e-13
1.292457195114533423e-06
-2.390906571212724346e-06
1.886104086695481846e-06
-1.256093932527672028e-06
6.916709977642723383e-07
-3.022230806790598732e-07
9.533920588176822665e-08
-1.536989678719615221e-08
-2.883089812702513625e-09
2.295674352296479134e-09
-2.523497501029747168e-10
-2.108405304502053023e-10
6.383957009884849030e-11
1.981365934189812278e-11
-1.043597543934533041e-11
-2.344347241513165921e-12
1.627204624573048806e-12
3.881282683576685923e-13
-2.527568600149410611e-13
-8.258496785993051572e-14
3.704558964678237619e-14
1.907648701443748994e-14
-4.099737558954152943e-15
-3.450864355267262362e-15
2.225600894837811901e-17
7.927724317193916015e-01
4.515286618211748396e-05
-6.125070525903310166e-09
8.660977248224970718e-13
-1.266808541386258303e-16
1.426876280838051256e-18
-6.894972483745993519e-19
3.143293745251573915e-19
-2.582181333386207958e-19
3.133207017054623559e-20
1.468905197042782202e-19
-1.977575197702646097e-19
1.161245114774886785e-19
8.103309627800844295e-01
2.171895462030181204e-02
3.600072225563446127e-03
-6.312609026772135999e-04
-1.315679964033208979e-05
1.206885108642185501e-05
-7.208259524387865288e-07
-1.589431128865907145e-07
2.605281855720784935e-08
7.740586604587334191e-10
-5.490292886841907265e-10
3.172791407058149378e-11
7.711144887826719168e-12
-1.266958329690419346e-12
-3.930886328238358556e-14
2.799535628169579582e-14
-1.669489597091332887e-15
-4.190892489223138549e-16
6.181897232750932548e-17
1.649072398279173452e-17
-1.155961560604062022e-18
-4.726057724918344751e-18
4.570481439359113826e-18
1.092358353557117164e-18
-3.268930853143452043e-18
8.640110739787204563e-01
2.773653649261585349e-02
-1.402187508375951847e-03
-1.091202277148604487e-04
3.197113244457888004e-05
-3.280274714324314230e-06
9.526519257006784575e-08
2.451460497752930577e-08
-4.652981729664620290e-09
3.909436016660765389e-10
-2.588129061587525740e-12
-4.264186816860706768e-12
6.680350345215183142e-13
-4.901817195461586336e-14
-6.964229484941050060e-16
7.142709325268251146e-16
-1.058215814968194144e-16
4.090159220907957925e-18
3.547240168492734117e-18
1.713537238640655731e-18
-6.730141172862604181e-19
-2.193885714638001020e-18
-2.193226815419557374e-18
1.357999733852778150e-18
1.285096669537688979e-18
9.482913389698217621e-01
3.778080168980280096e-02
-1.351952680874369053e-02
4.662230680851699519e-03
-1.511270185680529433e-03
4.419050029075442462e-04
-1.067959430981859682e-04
1.528233769328446885e-05
3.449368516110515876e-06
-4.230984421271327465e-06
2.354005021862557511e-06
-1.016068609553226707e-06
3.735081732731555299e-07
-1.194822892861758784e-07
3.267736879993945748e-08
-6.976895853799185225e-09
6.726068072485933549e-10
3.766656763695735071e-10
-3.194504235123598182e-10
1.617364482905907141e-10
-6.710991057376912847e-11
2.448242440349104097e-11
-7.998018470254491292e-12
2.423980961950534057e-12
-5.700261294426174639e-13
9.879913493703446070e-01
1.197249014080652672e-02
3.605160793233550562e-05
1.085487033618269807e-07
3.342891261275196264e-10
-4.025920812003131770e-12
3.079680495219886764e-12
-1.697621598901748004e-12
8.303941763483950184e-13
-3.524567814115190856e-13
1.249773758755271210e-13
-3.411846389922228996e-14
5.459914599174510673e-15
5.484138248932491461e-16
-6.732035864280565744e-16
1.810502689886226382e-16
7.785275475282339410e-18
-2.068073115119397158e-17
4.670923027234256280e-18
1.170644116718785493e-18
-7.986059014740945113e-19
1.624450735307466672e-20
9.776822773764177769e-20
-1.326187074434601503e-20
-1.045117858323289380e-20
1.108481515507405479e+00
-2.295362444143336743e-05
2.951780270012015294e-09
-3.964315599670362467e-13
5.604994428944742227e-17
-7.514462458070115579e-19
2.911287395029092743e-19
-3.940740179350119753e-20
-8.687730624779304872e-20
1.501859740355539571e-19
-9.831103436281542103e-20
1.952604935171080107e-20
7.697974428936418603e-21
1.099468536278403130e+00
-1.117331766386960197e-02
-1.884942951665456636e-03
3.122944317663735379e-04
7.949419697005062982e-06
-5.779908474035813780e-06
3.048067662756846694e-07
7.526415682173526431e-08
-1.125921918054892118e-08
-4.196914674807894000e-10
2.360516224524674794e-10
-1.200949176778117437e-11
-3.330863071790742751e-12
5.069107521086602242e-13
1.914734260133597811e-14
-1.129963264618971316e-14
6.284204847048526967e-16
1.746880915309463360e-16
-3.180963827015788522e-17
-1.035014658464784558e-17
-1.288447394659015996e-18
4.832482252249228193e-18
4.385614905597073622e-18
-1.315777675194234002e-18
-2.485324818664169610e-18
1.071435655176718571e+00
-1.467682119208295680e-02
6.958865223184936303e-04
6.490292916178040379e-05
-1.677689334354836356e-05
1.563613991379430085e-06
-2.718242146037152237e-08
-1.359530104405903117e-08
2.197653537897057702e-09
-1.584448329432459903e-10
-2.098372004679586925e-12
2.105834874594681209e-12
-2.838702755893168487e-13
1.747908106797343037e-14
7.198435620277726052e-16
-3.163889485649510714e-16
4.343667294343654248e-17
-3.242582943290088953e-18
-2.165310845522910573e-18
2.374794687683313154e-18
-8.892655752766522968e-19
-1.886842153189869231e-18
2.066372038313351602e-18
3.095950527914203499e-19
-7.949467749481854648e-19
1.026686210448620518e+00
-1.992580048265091275e-02
7.254768481827615981e-03
-2.528629742992579907e-03
8.203835745527762822e-04
-2.363175988032106237e-04
5.426368474105170016e-05
-5.945521500409529140e-06
-2.994406904880647585e-06
2.718470628867829371e-06
-1.396505703318684003e-06
5.687293235355730203e-07
-1.966236846623461675e-07
5.810023954822462247e-08
-1.400058907533783054e-08
2.196582877391723221e-09
1.972409352886455397e-10
-3.691508064171719721e-10
2.096722886331958382e-10
-9.070386344407042037e-11
3.376475675249203280e-11
-1.117221605390009355e-11
3.270459924045924851e-12
-8.299342109938358628e-13
1.537800101837956171e-13
1.006058839406056782e+00
-6.058839400966182023e-03
-9.380888371331583934e-12
7.601157381211485007e-12
-5.640655644235059871e-12
3.817339555795165284e-12
-2.341440114461404602e-12
1.289911436012139292e-12
-6.296087019956485918e-13
2.664148765233293434e-13
-9.401416647534105301e-14
2.543317872089306694e-14
-3.953827131941536098e-15
-4.705483794696798944e-16
5.175575175533136122e-16
-1.346742192122883238e-16
-7.655748213872281325e-18
1.600405052735418303e-17
-3.443202107787108805e-18
-9.544489310311641549e-19
6.108370259284092693e-19
-5.008551958947312923e-21
-7.656015306289485171e-20
9.489149147435081078e-21
8.410692989395169615e-21
8.989909070589590101e-01
