1.612581028497734326e-01
-5.338932125039196319e-05
7.043321474730471560e-09
-9.165833889371833546e-13
1.220884874299414149e-16
1.763379640230396058e-18
-1.413338874387283217e-18
3.067800305463886025e-19
3.116364196423316736e-20
-4.321957895348520828e-19
7.120308175948757062e-19
-2.071626529530611228e-19
-9.205142496799599486e-20
1.404450571405608250e-01
-2.575136512415385562e-02
-4.271944173718629501e-03
7.547064035722312507e-04
2.063496076248133449e-05
-1.385487132513661812e-05
6.624552645088062756e-07
1.802853608065195053e-07
-2.480000826804740729e-08
-1.150841398868282050e-09
5.180413934503450669e-10
-2.101247665151087147e-11
-7.471171344012314532e-12
9.791271569407926088e-13
5.507977857595920445e-14
-2.230669096185577735e-14
8.119708439380726284e-16
3.333527158666805421e-16
1.378270826829678520e-17
4.920444501929798240e-18
-7.422425645569042635e-17
-1.127681405483206451e-17
6.219300815942360377e-17
6.035678025621950415e-18
-2.873670334463381660e-17
7.778225823805014205e-02
-3.157649115391793215e-02
2.022244078764863420e-03
1.503738437704832029e-04
-4.274644449572052488e-05
3.824114714488009730e-06
-3.894072593797504275e-08
-3.586618840076155427e-08
5.298534566115213453e-09
-3.410589340157317617e-10
-1.076505481896459098e-11
5.352968480298509340e-12
-6.467202123552222048e-13
3.233947489535083327e-14
2.700824383406576282e-15
-7.523703654990901766e-16
1.165347177618780373e-16
-1.272462272194078319e-17
-9.757183960385553988e-18
-1.139621467305663623e-18
1.572150091082443479e-17
-1.042026516407264677e-17
-2.339414386745824800e-17
8.052572885101120222e-18
1.126067247594564580e-17
1.002050527026190213e-02
-1.738902956362604543e-02
1.152863794128705308e-02
-5.976006627342066169e-03
2.456634105451460572e-03
-7.925843050494532941e-04
1.847204689022286298e-04
-1.731051329688269860e-05
-1.109242952431853589e-05
8.712936769439163625e-06
-4.062442627476482291e-06
1.519209534267827225e-06
-4.863026143617607438e-07
1.332709738752887065e-07
-2.910425686486248717e-08
3.388522618918151867e-09
1.119234959315247109e-09
-1.083509912079697627e-09
5.579765253576953333e-10
-2.308516942405101480e-10
8.327570841487724386e-11
-2.670648318679853321e-11
7.488169508468808906e-12
-1.727674125263228628e-12
2.646968906249401176e-13
1.692324375073439124e-06
-3.125645578690156662e-06
2.453519739520761384e-06
-1.619353725415266443e-06
8.788092454391959336e-07
-3.749109011129501489e-07
1.129733408447291411e-07
-1.549668223071673762e-08
-4.658340097610143994e-09
2.808811192113964765e-09
-1.573327084920970105e-10
-2.946744395378222478e-10
6.301854133831872882e-11
3.199152092877205579e-11
-1.117066466975890312e-11
-4.244567290305412135e-12
1.758262955642275607e-12
7.164707920958296457e-13
-2.586631416999081056e-13
-1.431168016878251042e-13
3.176511521356187168e-14
3.014401462337863255e-14
-1.112659639536737770e-15
-5.051391003584209288e-15
-9.047001261845528111e-16
8.021608008063276785e-01
3.958379007328578325e-05
-4.894414098766454836e-09
6.280887257744929573e-13
-8.355078861280656497e-17
7.422610421948679513e-19
1.101862932764537490e-19
-2.446586285173600538e-19
3.126285157868548109e-19
-4.614801678905277369e-19
6.353892420930329401e-20
4.293129639910269871e-19
-2.590956439654141383e-19
8.178083487480652947e-01
1.942759333564965038e-02
3.316541424257880670e-03
-5.280888331402758609e-04
-1.511548017970283210e-05
9.583225783629493744e-06
-4.479226549231205362e-07
-1.250659042662116413e-07
1.679212987267575851e-08
8.397158172629449278e-10
-3.500105846108637214e-10
1.254850702494770962e-11
5.094776650237412055e-12
-6.185075772124180100e-13
-4.100868616005741338e-14
1.422139292056873085e-14
-3.940091110793001923e-16
-1.899334245157218268e-16
6.433703038618559251e-18
-1.676344285725900297e-17
1.252883530457726397e-17
-2.244723712016298537e-18
-1.225122411802109387e-18
2.175909294155083841e-18
4.850058640060655530e-19
8.670967500660540228e-01
2.607431983510571233e-02
-1.156872938390391846e-03
-1.208613228745361015e-04
2.927590571306185142e-05
-2.612305160340403949e-06
2.883909446330527512e-08
2.497007081538154657e-08
-3.738959442305125790e-09
2.386534935031664360e-10
8.617573371759667709e-12
-3.903681458523905383e-12
4.547787426684953660e-13
-2.014176943788793222e-14
-2.348113963094376602e-15
5.748131133446695581e-16
-6.484547484962643183e-17
4.200568127640066474e-19
9.230666260742937024e-18
-1.680929983474337053e-18
-2.248914979363285499e-18
-6.547717459967374577e-19
6.253976971577506119e-19
1.692188729285926879e-18
-1.081289154986175231e-18
9.488561436558280437e-01
3.726073449862735837e-02
-1.324958418423020576e-02
4.513449361652680999e-03
-1.430512640953366006e-03
4.009936759898830353e-04
-8.806119102298610773e-05
7.707274558996139675e-06
6.070187140466295307e-06
-4.952057283486417708e-06
2.470597018924205791e-06
-9.915328435712959578e-07
3.396042056134313758e-07
-9.950215660701550424e-08
2.362422412845974846e-08
-3.489307846117376287e-09
-4.982809456000354010e-10
7.139001800746321239e-10
-3.957799889078329665e-10
1.698633301250450404e-10
-6.279946776117307458e-11
2.052207102249173615e-11
-5.841005096871217976e-12
1.363909763526969626e-12
-2.109553775122331441e-13
9.881014701161083824e-01
1.186303052083202518e-02
3.539346066816511136e-05
1.055786011371101534e-07
3.283105520928726180e-10
-7.961602640689208413e-12
5.403778646590709523e-12
-2.933571232305250315e-12
1.405358883963816559e-12
-5.796161361920288352e-13
1.968779513868097147e-13
-4.972232735944826357e-14
6.157756480776758141e-15
1.654225954744875875e-15
-1.141500542276248885e-15
2.282879957675738132e-16
4.215757943383571960e-17
-3.554386214334247075e-17
4.565022422669271019e-18
2.962916241595809878e-18
-1.162839364003604199e-18
-1.449004535123081139e-19
1.747195867766601583e-19
-2.515566458055421830e-21
-2.217346644062737351e-20
1.103353841332048946e+00
-2.009845918527101370e-05
2.358510099320902074e-09
-2.875564176572304852e-13
3.677201596245248232e-17
1.908356531211721062e-19
-3.484306051512283710e-19
1.830655682647818817e-20
1.688266037440024327e-19
-5.645508235172062695e-20
-9.364435836757711435e-20
1.392364211783363553e-19
-7.648522921003216574e-20
1.095338315882427693e+00
-9.971933484925364286e-03
-1.729108992450659231e-03
2.606406436753894358e-04
8.553367959076501952e-06
-4.572099635607187387e-06
1.853349274110657095e-07
5.866825378837116853e-08
-7.202755813713637907e-09
-4.170148368156388738e-10
1.493034107594658061e-10
-4.418938598792988945e-12
-2.170686265609151573e-12
2.438418349683243221e-13
1.818886980511180063e-14
-5.660134776196125989e-15
1.439043815701268860e-16
8.142885649092466080e-17
-2.461153302014297122e-17
1.136614119833565526e-17
1.821033922488390348e-18
-8.539460046424301889e-18
2.732209457097586252e-18
1.157293844361566601e-18
2.951584761858955122e-19
1.069676099992540097e+00
-1.374468627644918894e-02
5.672235912400385360e-04
6.950320784193268547e-05
-1.516880443830041944e-05
1.222997190231560336e-06
2.023635570438674318e-09
-1.316804154581417993e-08
1.718935877248008887e-09
-9.023356803465018191e-11
-6.165035962996342945e-12
1.819720059277912078e-12
-1.849273784673319597e-13
5.833841980745485969e-15
1.231308004598210509e-15
-2.417359303444880658e-16
2.090199327366077891e-17
1.753162343104935073e-18
-7.597041485803447550e-19
-5.141567421951910995e-19
-4.904552679075675014e-19
-6.039792115902474909e-19
9.860080797574921008e-19
2.812813203936505316e-20
-1.484980429589457699e-19
1.026376752514723822e+00
-1.962491947927678948e-02
7.093392815060406767e-03
-2.438892076986578800e-03
7.720691526316891991e-04
-2.123128172474184571e-04
4.358975420115488336e-05
-1.810650292270942524e-06
-4.330373043117448547e-06
3.037442499383812683e-06
-1.420615682630275236e-06
5.389655289894863580e-07
-1.727787484348881298e-07
4.598788489595709781e-08
-9.030107873905846534e-09
4.531981775136183858e-10
7.209871723344826870e-10
-4.965814571955620536e-10
2.286483039400959517e-10
-8.745539533800043383e-11
2.927062034725754461e-11
-8.595192533040238464e-12
2.105189130106131940e-12
-3.305004058083920176e-13
-2.562110827136756752e-15
1.006002779857927631e+00
-6.002779848887824371e-03
-1.663005720984172619e-11
1.341295851667631554e-11
-9.886804939243273711e-12
6.630112260761877450e-12
-4.018037081761236639e-12
2.178937355835894616e-12
-1.041529290291419627e-12
4.281737891762263769e-13
-1.446781940355269681e-13
3.615245880232318429e-14
-4.280234855124713041e-15
-1.301754951831895750e-15
8.519464398798041423e-16
-1.637334075107058314e-16
-3.392085125873730534e-17
2.663410983021443536e-17
-3.160954064052845885e-18
-2.292190819302328692e-18
8.581275238454416374e-19
1.202016555427876228e-19
-1.320231718617036476e-19
6.970034209593358372e-22
1.723441611308578047e-20
9.032708588707842878e-01
