4.199097140718906496e-01
-9.753407884560901268e-04
1.212889178922575567e-06
-1.707271625190990151e-09
2.612515522390223863e-12
-4.212833174998523730e-15
5.261791365117962715e-19
-2.221154119796943515e-19
2.278040804036529307e-18
-4.396223379344259033e-19
9.203582304867837335e-20
-1.432102731790306257e-18
1.205686449609529158e-18
2.515542283291820613e-01
-1.710480979229070664e-01
1.123115113980532355e-02
9.946711781850834516e-03
-4.372592163424588764e-03
7.889699362826700342e-04
7.427147344213942280e-05
-1.004953848591374577e-04
3.398422274684641118e-05
-4.456142290198360167e-06
-1.461443436632148430e-06
1.067832168276536329e-06
-3.098213973187269469e-07
2.385721988523838834e-08
2.198255350400446471e-08
-1.215207417338883113e-08
3.007899955170284466e-09
-2.425268550172998318e-11
-3.148515175867581575e-10
1.428852971887658758e-10
-2.932955110436171024e-11
-2.582005487534515041e-12
4.337959990724342979e-12
-1.608387678838753419e-12
2.632411350339836997e-13
4.798780684912755390e-02
-3.959346600457120530e-02
8.939760066637499059e-03
-1.402396436308754298e-03
1.655145905270071914e-04
-1.394327695645669373e-05
3.623750318675953807e-07
1.750566529691556020e-07
-5.329063905545674718e-08
1.078164133515418011e-08
-1.838839589227533316e-09
2.800209726090603730e-10
-3.853018074898540900e-11
4.710585824871580652e-12
-4.786269182326880805e-13
3.028616745913063910e-14
2.270816675792905686e-15
-1.364461984172871774e-15
3.458208117274717877e-16
-6.864909800282684949e-17
1.215062831349337852e-17
-4.253622683334191804e-18
1.978605898087906841e-18
-5.538654017587469535e-19
3.718048445081343415e-19
2.491382236012447751e-03
-4.599653457534979943e-03
3.631428843103182234e-03
-2.475328882959906308e-03
1.475330725368587635e-03
-7.795858716351118092e-04
3.703369889180332638e-04
-1.602953607849247450e-04
6.402579942283113934e-05
-2.387963195856014471e-05
8.405344497650250006e-06
-2.817327365149060183e-06
9.051797132891273123e-07
-2.796479989635934520e-07
8.291404730041725045e-08
-2.335690333162942381e-08
6.092216799017557269e-09
-1.375478662782688434e-09
2.076712556186459496e-10
2.612379189395542371e-11
-4.477191155462152038e-11
2.861157979574033270e-11
-1.503879707196406138e-11
8.036886334604526971e-12
-2.950658179736132081e-12
5.474972366432961635e-09
-1.033706710971699991e-08
8.685650805030636552e-09
-6.469707624269205836e-09
4.240386400660137449e-09
-2.415215428953653304e-09
1.170809800112171844e-09
-4.652542464717093646e-10
1.398577998946908790e-10
-2.457075564832301785e-11
-1.968437046073999223e-12
2.759590958383171880e-12
-6.108910463246398764e-13
-1.238807000198803534e-13
9.307424485816438757e-14
-3.398021458042573085e-15
-1.068073216352454288e-14
1.827344153539026320e-15
1.223370480764449910e-15
-3.479714178032503626e-16
-1.565613840787684035e-16
5.624504147746435145e-17
2.439299430937106268e-17
-7.370175926096876160e-18
-4.177602359462309240e-18
5.491330507210513412e-01
6.474926368783421107e-04
-7.086992246601496634e-07
8.988530380766020550e-10
-1.245021597773841891e-12
1.831375481602400748e-15
-3.050868732644825045e-18
1.056072397608199948e-18
3.775667015639626390e-20
-1.710276870056683627e-18
1.076976733693674933e-18
4.751876255788055578e-19
-5.151460805585868995e-19
6.717182601054285662e-01
1.281291362345867990e-01
-4.106742371157694887e-03
-7.232756467499234544e-03
2.791814414315454441e-03
-4.273405658350885937e-04
-7.263433467124755238e-05
6.394113466977686597e-05
-1.828458498574951434e-05
1.413562714554848890e-06
1.121447010645736659e-06
-5.853430905787905944e-07
1.318502849220435685e-07
2.343315068383332868e-09
-1.390196464939550186e-08
5.586788500649631501e-09
-9.609961596322770103e-10
-1.577961622876524538e-10
1.653173330599760059e-10
-5.458416723941292228e-11
6.359507910081114910e-12
2.939516220906398483e-12
-1.915843305466534079e-12
4.787686346406808888e-13
-2.228752778987251130e-14
8.455468456660767407e-01
4.699860266894300559e-02
-6.727396810981865934e-03
8.702139264415860963e-04
-9.571475986881814845e-05
7.605838791360529290e-06
-4.258509278252361617e-08
-1.483114342911268880e-07
4.111127414428607840e-08
-8.059569794057427827e-09
1.330810741660953303e-09
-1.932176170046627334e-10
2.462778015413862329e-11
-2.623305333303054594e-12
1.891782233648284088e-13
5.462043224120266376e-15
-5.835561376875797889e-15
1.539623972414334275e-15
-3.070026634721746993e-16
5.316263688922669086e-17
-8.214846879972983418e-18
9.338732545160611812e-19
-2.321320335356174997e-19
1.196694279225091031e-19
3.262348714232010071e-20
9.480577941340421200e-01
3.863235370906850652e-02
-1.436034336652382629e-02
5.333371068795822283e-03
-1.977600704566579923e-03
7.312571341166684228e-04
-2.691980956140236497e-04
9.844292783179922862e-05
-3.566331073721236287e-05
1.275839430792379477e-05
-4.490948750789041348e-06
1.549089935038671645e-06
-5.211172793360480133e-07
1.699320300124118572e-07
-5.325123590063755668e-08
1.581041804777697432e-08
-4.328587701848886324e-09
1.024660370143416419e-09
-1.659954707721593282e-10
-1.555448762979933315e-11
3.304602347690401888e-11
-2.184289762184869753e-11
1.169039834979332218e-11
-6.318017711102885952e-12
2.328581546629285700e-12
9.880743637697393389e-01
1.188997470878431009e-02
3.555488195707186012e-05
1.063206324026740151e-07
3.179332323054237870e-10
9.506880593551572091e-13
2.868025535736758022e-15
-8.099980583670126242e-18
1.026235781434212895e-17
-5.845588042017045631e-18
3.070844574875725928e-18
-1.470811837375095088e-18
6.336807463239369796e-19
-2.410739620939553538e-19
7.887393080885612235e-20
-2.089067866942192616e-20
3.428891366063364277e-21
4.215690763321786196e-22
-7.257525423522977408e-22
3.822743324728928905e-23
2.748553260908334178e-22
8.665988605222182361e-23
1.826286314893178941e-22
-4.669008089854129155e-23
-2.416536593973753968e-22
1.249802612677696434e+00
-3.528240105080594378e-04
3.759454415069599201e-07
-4.746898369084642135e-10
6.656057002336457770e-13
-9.986697676918219394e-16
1.209290674294146442e-18
-7.787787481452971287e-19
3.378568005703453654e-19
1.457039517243028752e-19
-2.335691774817565238e-19
8.071087870690031185e-20
2.314452959063028713e-20
1.181578127555005242e+00
-7.172849465293275328e-02
1.838082474625291974e-03
4.072028401262075756e-03
-1.491364911953465882e-03
2.141691602768254509e-04
4.072177585444863797e-05
-3.315989828619804209e-05
9.321206784767214332e-06
-7.339398283129018366e-07
-5.578278521718607646e-07
2.970977670469136408e-07
-6.977041980043940517e-08
2.947364372902540965e-10
6.781148450349002203e-09
-2.922419406253111277e-09
5.665966305244711467e-10
5.529099647833878344e-11
-8.284601536929093006e-11
3.041316323647748105e-11
-4.602455897501677681e-12
-1.202639393380929486e-12
1.010011892094609179e-12
-2.995238915588588855e-13
3.135788970394583460e-14
1.083305155994929159e+00
-2.672200069635712050e-02
3.915145142613041251e-03
-5.007529122569673741e-04
5.209300361021595798e-05
-3.490353920061780673e-06
-1.327777823490347254e-07
1.040395181871599591e-07
-2.466283602349183796e-08
4.442041677420925849e-09
-6.868690391339497476e-10
9.399314287640741786e-11
-1.126402582318267776e-11
1.103735011229290282e-12
-6.367188243793041109e-14
-6.280052072271238995e-15
3.174269249467889597e-15
-7.591392750895135044e-16
1.442452425611088100e-16
-2.360974277060900844e-17
3.358719584194999809e-18
-4.285528566777300567e-19
1.740177174497819356e-19
-2.338894967295564893e-19
1.117416454780331592e-19
1.026894250189901436e+00
-2.053058736840109380e-02
7.829384648458764112e-03
-2.980624886003370791e-03
1.131242192508459879e-03
-4.271774127250627779e-04
1.600646197669730575e-04
-5.931338585039521333e-05
2.165032478335795089e-05
-7.750108079635058617e-06
2.707444881962986014e-06
-9.179287860367601230e-07
2.999800459963937290e-07
-9.360085029423889460e-08
2.745685333404978498e-08
-7.347311555640679854e-09
1.664450553581709574e-09
-2.355485465453215631e-10
-4.559180706835342093e-11
6.190637654288879273e-11
-3.783433716164592562e-11
1.890367107713400742e-11
-8.741890389099482804e-12
4.270576789290912192e-12
-1.501926073067385596e-12
1.006016578119752980e+00
-6.016578119752920978e-03
-1.019858109473938038e-16
8.757725701260036533e-17
-7.066051130565605236e-17
5.348543039763916097e-17
-3.790189988980459344e-17
2.507556332163656886e-17
-1.543177377645869666e-17
8.791073983193829699e-18
-4.605480450624418018e-18
2.198636405395569258e-18
-9.438617732021714938e-19
3.568686432154958348e-19
-1.145838430461991788e-19
2.889934022092199551e-20
-4.426935479820481868e-21
-3.635572523913643136e-22
4.974754222373733144e-22
-1.534802093633122905e-22
9.703169394033295535e-24
1.101350043168574840e-23
-4.355568076146322635e-24
2.646889037483441257e-26
4.013749458265779790e-25
8.031393482248838644e-01
