3.619782398968939691e-02
-1.643443629967293825e-06
2.559873693351689824e-11
-3.526494036497475923e-16
4.809669924021831735e-21
3.620517315850211604e-22
-6.821985374641191931e-22
4.363901553512845178e-22
6.112393229256870664e-23
-1.272742941328047987e-22
3.139669278939331809e-23
-5.845590695803320841e-23
4.592693170543043093e-23
3.542905497641754553e-02
-9.912223027651377669e-04
-2.202337218911732124e-04
4.329444944053821303e-06
4.548985304698108922e-07
-1.238612535375732595e-08
-7.969314597378763358e-10
2.974031985541716802e-11
1.263252239632064464e-12
-6.500998673827694290e-14
-1.819435541900105846e-15
1.339049554417571389e-16
2.330552527058845625e-18
-2.557466936104622087e-19
-4.189740340393305592e-20
-2.868478634980592316e-20
1.493789246290794462e-20
1.527184711503877466e-20
-4.980977581963984766e-21
3.626289752895434326e-21
-7.356180021067992581e-21
-6.405877418312656840e-21
2.057948049618574510e-20
1.938681871231935517e-21
-1.205111831890000326e-20
3.180838365422378883e-02
-2.568270241364733423e-03
-1.443022352188547987e-04
1.011012644231277621e-05
1.048105580894267832e-07
-2.353986717888490962e-08
2.994246773871724487e-10
3.927968710118976618e-11
-1.428249696645432969e-12
-4.283863818127159901e-14
3.625346922470668370e-15
-3.974113834119977838e-19
-6.802369357547142180e-18
7.769794193903483358e-20
4.650848238427086841e-20
3.262005902394764255e-20
-1.987783687081798659e-20
-1.767732593343831453e-20
-1.216586093109959112e-21
1.751909558892603356e-20
6.772913970086734683e-21
-2.010104695578663402e-20
-6.272630398132992102e-21
1.118906612468107429e-20
4.914557137792131811e-21
1.158405731969008173e-02
-1.383573651916510799e-02
3.822855443055682423e-03
-2.065379007966485815e-04
-2.342417596703580277e-04
9.527184572683389111e-05
-1.609109599710976252e-05
-7.783117012922747689e-07
1.249544540061924946e-06
-3.619127941115904102e-07
4.386701157641885625e-08
7.053589978429272684e-09
-4.899597588742692224e-09
1.198525795452759562e-09
-1.088690356471728504e-10
-3.383434448208555396e-11
1.750966266693145681e-11
-3.837904927622230043e-12
2.592521899839162273e-13
1.361430272511115211e-13
-6.043559473618668455e-14
1.231049382849062617e-14
-6.154659929923107872e-16
-5.545369111507223463e-16
2.101153520922101871e-16
2.834975756751490568e-04
-4.872428611714335698e-04
3.024845168664723103e-04
-1.236380699889766074e-04
2.221505031809023665e-05
6.377806057041352575e-06
-3.830435380421042935e-06
-4.216270372508782378e-07
5.818081898109749019e-07
7.690916033781214681e-08
-9.447423478551314739e-08
-2.531933393854985794e-08
1.410426444119712988e-08
8.011484625644678879e-09
-1.054177319039734947e-09
-2.055720409850870892e-09
-3.922988269859433126e-10
3.523516972700848815e-10
2.243782154904133246e-10
2.175906510407396296e-13
-5.736235328695985400e-11
-2.597600694679067893e-11
2.166482098374703464e-12
8.090480981682008844e-12
3.461287207175104872e-12
9.524254994407125308e-01
1.256998338037415456e-06
-1.813189495749476993e-11
2.491537150484862384e-16
-3.534931037443087045e-21
8.027976801554133368e-23
-9.447356705321738100e-25
-4.575805659589028974e-23
3.439338138697875456e-23
8.771989899543701599e-24
-6.454120111105588533e-24
-1.791201153762983891e-23
1.191783507904639194e-23
9.530147246533887673e-01
7.600793107240698312e-04
1.693744537416703977e-04
-3.067162339752605620e-06
-3.223772578607255075e-07
8.742174185752908215e-09
5.613533635342884057e-10
-2.119370142694543517e-11
-8.967744882473937213e-13
4.679204767800544958e-14
1.302134826541507808e-15
-9.715467974170909799e-17
-1.637481661199402395e-18
1.945985505796616605e-19
-3.338466141634942720e-21
-3.075219562116047182e-22
2.605916079707760824e-21
-1.176925779590421788e-21
7.745044819520936576e-22
1.397241909991872122e-21
-1.179240450673267269e-21
-1.483385226811052373e-21
1.332782372940201248e-21
8.579721645547587414e-22
-9.750376818055426578e-22
9.558102431870361126e-01
1.993189427397059395e-03
1.166605610628002754e-04
-7.176918175593424742e-06
-7.638205668726303176e-08
1.650870669405874872e-08
-2.169684360060347770e-10
-2.759882824518444613e-11
1.030102951698897217e-12
2.996812227746641337e-14
-2.620413096626589525e-15
1.806866348185198843e-18
4.896142153025661982e-18
-1.131183492557353279e-19
-7.004246381950978874e-21
3.999396473971984186e-21
-3.694833267795394815e-21
-2.522552430618917680e-21
1.897450982784542245e-21
-4.741221034358714626e-22
9.175201159481326582e-22
-1.425045788847276679e-22
7.802066794476649532e-22
7.368215164695091275e-22
-1.358975049914063022e-21
9.739950006864893650e-01
1.387025799419864397e-02
-2.443394272057049406e-03
1.022490582457240632e-05
1.693891824362830543e-04
-6.298642273642715876e-05
1.086728303247458957e-05
3.970989930522853079e-07
-8.335969973671890595e-07
2.547864679789063050e-07
-3.348486028022864814e-08
-4.342314322676079707e-09
3.436878387529385104e-09
-8.769315625796023531e-10
8.717963996566192523e-11
2.260645662545216634e-11
-1.259671519532913496e-11
2.865035921344563007e-12
-2.186642835624852569e-13
-9.433301628930461450e-14
4.434832870223023874e-14
-9.358447309063146558e-15
5.477038911190369560e-16
3.989051863319437020e-16
-1.569938027427387806e-16
9.927578432538546327e-01
7.227461218225198457e-03
1.575628286418768293e-05
-1.676955222315985834e-06
8.874807375438813146e-07
-3.532084140825048091e-07
9.131443668889012216e-08
-4.456460593506238370e-09
-7.410886736080602148e-09
2.489150823396645302e-09
3.122507115553779403e-10
-3.716220673198615303e-10
1.012979299288028028e-11
5.210355709753035022e-11
-5.066451657102479931e-12
-8.036238819967665620e-12
8.642591026644687915e-13
1.394786889385451353e-12
-7.877413322362342015e-14
-2.614094539730733159e-13
-1.282570961664456907e-14
4.912412218109831762e-14
1.124409481470154550e-14
-7.226683385442626206e-15
-3.743695055109324855e-15
1.024043164512145276e+00
-6.300692661657451977e-07
8.931171801906418293e-12
-1.201029936037771099e-16
1.539964366521228380e-21
-2.237718790370480425e-23
2.634572875796436962e-23
-1.195227587021327289e-23
-2.551643339324323094e-24
9.638917904591875782e-24
-7.944034700683986925e-24
-6.357503049888664844e-25
2.882927310516917448e-24
1.023747686726138362e+00
-3.811923914494082938e-04
-8.499522163985883218e-05
1.512707574075415670e-06
1.593214001117353416e-07
-4.224101793237069413e-09
-2.725014272080774049e-10
1.001265472860543760e-11
4.275214126699031073e-13
-2.159665478521243662e-14
-6.112151988462169473e-16
4.381057450396243087e-17
7.654322509603844543e-19
-8.548556832968889473e-20
-1.272007341432267417e-21
1.222809052168027627e-22
-6.464475630677166461e-22
-1.611664975638039115e-21
5.624700593548334967e-22
7.821662656580094695e-22
5.997066104033723443e-22
9.216205307888218353e-22
-1.098226087218189316e-21
-7.221037571441950402e-22
4.313322946793100272e-22
1.022343917971873184e+00
-1.001775473070532505e-03
-5.901161204279271649e-05
3.563470553556904330e-06
4.011217187809343404e-08
-8.096967004495818326e-09
9.825328550504724597e-11
1.344191243869200464e-11
-4.756618813760627396e-13
-1.485352570506646604e-14
1.203182479563868690e-15
1.215426805382059333e-18
-2.236225551686844017e-18
4.534000811645714094e-20
3.447206435370637038e-21
1.490595261757814632e-21
-1.094155049510858620e-21
-3.781622369611726826e-22
3.788665383194413088e-23
-9.889547244868023857e-22
7.525106129895966232e-22
2.198357397928317319e-22
-4.087598073225157577e-22
3.099895276068995969e-22
2.804447091052686536e-23
1.013141048593855453e+00
-7.035764636105750446e-03
1.233144872171249538e-03
-1.430116695696126907e-07
-8.716050010949693172e-05
3.176633524409413649e-05
-5.284929771004510132e-06
-2.732383658542760602e-07
4.287044718407707134e-07
-1.250248061951288696e-07
1.493297593045274627e-08
2.611010080145508522e-09
-1.731858533528981127e-09
4.102497259776606066e-10
-3.284181945697838806e-11
-1.300838453933903469e-11
6.135366440117228035e-12
-1.259027435342308332e-12
6.067423443941406866e-14
5.226666611987680049e-14
-2.069838610604661862e-14
3.837367936706384088e-15
-8.200985850959668644e-17
-2.068722802350604641e-16
6.985753430617246819e-17
1.003640776659418643e+00
-3.639937002856995663e-03
-1.425856257813629791e-06
9.189366004778045059e-07
-4.790091126553734331e-07
1.902969153686624175e-07
-4.897627067180971770e-08
2.256248505341880570e-09
4.033087503552332317e-09
-1.336866509093762138e-09
-1.752478388680618897e-10
2.013867932807349852e-10
-4.632562482357348687e-12
-2.838123865924899963e-11
2.629876427450192232e-12
4.388900154525071038e-12
-4.504251674377868772e-13
-7.621460018922635513e-13
3.933319913763003741e-14
1.426988399937747082e-13
7.666697895057748664e-15
-2.675115779010544962e-14
-6.266586240514319776e-15
3.917838211921281881e-15
2.071832488857877250e-15
9.757322641812747888e-01
