7.259695166138755429e-01
-1.075903671365573480e-02
1.242582805695217733e-04
-1.778056320687233743e-06
2.829098470106691585e-08
-4.787342150452363566e-10
8.431479080166781957e-12
-1.527115319370977858e-13
2.823762758874987568e-15
-5.310683487974508669e-17
1.036358696563172262e-18
-2.266050392709971985e-20
-4.482495203109713593e-21
2.805395004027316785e-01
-3.156346733145528050e-01
1.089880554083295094e-01
-2.365289967937740309e-02
-1.082802724534658728e-03
5.106174217941439851e-03
-3.868116748593325785e-03
2.131551519354680981e-03
-9.597543265781755808e-04
3.451789918794317459e-04
-7.864232768268840769e-05
-1.246353914915531260e-05
3.009170771698378203e-05
-2.394147234603357350e-05
1.414233437043349797e-05
-6.826060115173464738e-06
2.640289444042235374e-06
-6.729335710474029959e-07
-6.125596832378037477e-08
2.303539360152809561e-07
-1.960099931735876969e-07
1.200177842335777993e-07
-5.905132998926108119e-08
2.468918300089321513e-08
-6.961944573007674140e-09
2.289300095804343987e-02
-2.160387088681012258e-02
5.900495245005066974e-03
-1.197373926990964515e-03
2.045959711773967374e-04
-3.176804639997526361e-05
4.697244442130768929e-06
-6.785217287799314060e-07
9.682255924326707619e-08
-1.368594285786237000e-08
1.913418168254792539e-09
-2.635659647194857525e-10
3.554866357517948946e-11
-4.649032434069502494e-12
5.796827289778838662e-13
-6.664899580625946264e-14
6.495360311558198926e-15
-3.714750289388115219e-16
-4.771622572276001022e-17
2.483700128370515858e-17
-6.738528800840571011e-18
1.520880624625076285e-18
-3.133732545203016059e-19
6.411332144006228242e-20
-1.169918056253948780e-20
8.985748865795660208e-04
-1.674232878425518413e-03
1.357457930293845929e-03
-9.651342944182390079e-04
6.081347805356086692e-04
-3.437536316718523303e-04
1.765567554101690371e-04
-8.346627986552085756e-05
3.678397202037626753e-05
-1.530067379806131410e-05
6.078689432901306288e-06
-2.332006184646721365e-06
8.723945229215628840e-07
-3.208629985682164871e-07
1.167692744972310176e-07
-4.224073627344786746e-08
1.523429401970082537e-08
-5.487192197931267434e-09
1.975555042429735496e-09
-7.112035426234790371e-10
2.560786748792321995e-10
-9.236049426874239161e-11
3.377092352097743933e-11
-1.365027416935390116e-11
4.351805743686232351e-12
6.035724033402804816e-10
-1.144066246749485633e-09
9.729246731842494556e-10
-7.400118644597152437e-10
5.004437763684393647e-10
-2.980123546295680322e-10
1.538628958478145261e-10
-6.709650060327229646e-11
2.352285079353102527e-11
-5.888856935630503012e-12
6.058893984081611015e-13
2.578278109762939039e-13
-1.346496162820278006e-13
1.366057757085913465e-14
1.020517206131467905e-14
-3.705122136000788539e-15
-4.560098995737940396e-16
5.168608094743663331e-16
-1.312202291376715187e-17
-6.605483492106963528e-17
7.506283162269876592e-18
8.791578261804308618e-18
-1.491383903351248390e-18
-1.076860310284358043e-18
2.190889211920421253e-19
3.288163834743275671e-01
5.735239376010667529e-03
-5.025446658493005873e-05
5.787685044481128943e-07
-7.718445908837129370e-09
1.127001296929960838e-10
-1.749594475015964200e-12
2.838598221006471047e-14
-4.761109212446094092e-16
8.219947087718544538e-18
-1.574054885248687751e-19
8.766607978722655661e-21
-5.885140724897371448e-22
6.425829798577559204e-01
2.449103229860997988e-01
-6.565009934252673263e-02
9.211972137983770806e-03
3.644372067584642633e-03
-4.123944889712607455e-03
2.423469754581126026e-03
-1.091234878108933177e-03
3.868404154306946761e-04
-9.035930645864095510e-05
-6.749259949937940964e-06
2.494447882184282905e-05
-1.948866771854846597e-05
1.098949392052834565e-05
-4.999567887776490812e-06
1.790103244488647521e-06
-3.914307357802660760e-07
-7.990874382601289677e-08
1.638721917958113078e-07
-1.257966741714098026e-07
7.183250555535451460e-08
-3.287183241284693314e-08
1.108108123578385101e-08
-1.203160063445102890e-09
-7.221421522078552902e-10
8.784621320887574525e-01
3.893730810133062825e-02
-6.176724927488060936e-03
9.644279992675520736e-04
-1.474878395928863638e-04
2.202680138577340038e-05
-3.208346817292839355e-06
4.553568432872969580e-07
-6.285554747458623574e-08
8.401467905689548942e-09
-1.077642841716203986e-09
1.302721292279478037e-10
-1.426434959949278609e-11
1.265305308031015889e-12
-4.650867913322559386e-14
-1.629470787877793500e-14
6.194020643946725837e-15
-1.528966169222441275e-15
3.246332984860122924e-16
-6.372303175961166318e-17
1.190795433550455466e-17
-2.151027064086053320e-18
3.813632234351514637e-19
-6.766716391047372800e-20
1.046283778690718935e-20
9.599582508339119524e-01
2.997379235923220558e-02
-1.121819879560474915e-02
4.198257548661880195e-03
-1.570894232230222011e-03
5.876288521439866457e-04
-2.197131869141475053e-04
8.209027750595476107e-05
-3.063810121916939227e-05
1.141797943159846289e-05
-4.246960229972130181e-06
1.575903884337787558e-06
-5.831214878483539917e-07
2.150856053016597406e-07
-7.906299193909639423e-08
2.895862219894910685e-08
-1.056825860526216120e-08
3.842959796363024646e-09
-1.392543709051733810e-09
5.029198264586782120e-10
-1.810813146428781860e-10
6.510666970355026759e-11
-2.365207875726955727e-11
9.456953498466125637e-12
-2.988345025059007139e-12
9.908635797444289572e-01
9.115503929778293046e-03
2.086844131808226482e-05
4.777485111052472831e-08
1.093726345328535702e-10
2.503903340850290166e-13
5.734136198910072521e-16
1.185255058005344279e-18
8.436632242384990574e-20
-4.869442550989050791e-20
2.707305323618967774e-20
-1.389651234267263750e-20
6.557462537448377747e-21
-2.768786536899820936e-21
1.031896740599516841e-21
-3.640385662022104613e-22
9.569950387390130568e-23
-1.135696328605076080e-23
3.294741832116359270e-24
1.283263777235750820e-23
-6.458871003107675767e-24
-1.037370660160760309e-23
1.381629745311055070e-23
3.174735842689255461e-24
-8.673569933681875929e-24
1.404461465819674792e+00
-4.013016441165995554e-03
4.029361053315926158e-05
-5.247020307025338764e-07
7.785525829342631225e-09
-1.247461711379992156e-10
2.101624134183106769e-12
-3.667480351223092195e-14
6.568700548495439639e-16
-1.201865643839520750e-17
2.276921696829332051e-19
1.275559521480232655e-21
-5.242805588885689001e-21
1.206254869185760192e+00
-1.507693084049254173e-01
4.293442364779919557e-02
-7.248941845990899795e-03
-1.597268474296671160e-03
2.411187782636822503e-03
-1.561506990732722906e-03
7.715788204249709927e-04
-3.101975335440057546e-04
9.429719132531408029e-05
-1.176289417987808244e-05
-1.115921177966822036e-05
1.240716075327679239e-05
-8.263574492622209407e-06
4.348366154172199672e-06
-1.874058558066766946e-06
6.148503950754711453e-07
-9.029497979666150474e-08
-7.173730226741646678e-08
8.777106093982672170e-08
-6.157845224576360108e-08
3.354214203745785739e-08
-1.458999161801836535e-08
4.799245289904118450e-09
-9.463973597197178993e-10
1.064758507812270549e+00
-2.189420029778064991e-02
3.622891028581771110e-03
-5.816510990399324831e-04
9.024054347329538226e-05
-1.354161048983292933e-05
1.973134939696842581e-06
-2.803883608673754673e-07
3.896772595138154689e-08
-5.296282157549989813e-09
7.012836626985269773e-10
-8.965481390240955003e-11
1.087245250350735971e-11
-1.204883784204986591e-12
1.104065749729970999e-13
-4.975135081483674522e-15
-1.157499855469352518e-15
4.855020579142008105e-16
-1.237414403495997607e-16
2.684277200404464854e-17
-5.368407908378502639e-18
1.021077440721852035e-18
-1.880944115077740586e-19
3.472348837247486261e-20
-5.722537058752973247e-21
1.020569192448051776e+00
-1.571191967161940720e-02
6.000081124269898182e-03
-2.290745968033855613e-03
8.741714130864256102e-04
-3.333280524424196874e-04
1.269390939008860212e-04
-4.824963825405785968e-05
1.829104596120915789e-05
-6.909817643355977504e-06
2.599066626551972920e-06
-9.726824968517554208e-07
3.619806002472372396e-07
-1.339128170840698074e-07
4.924485374605712196e-08
-1.800505175330827962e-08
6.548048369261307368e-09
-2.370122676158699821e-09
8.544063914372480242e-10
-3.069700080057267061e-10
1.100043973434697210e-10
-3.939730607471071057e-11
1.427376421294172007e-11
-5.702970375229991044e-12
1.803508178651478563e-12
1.004599706237667700e+00
-4.599706237667661873e-03
-1.091460436303188696e-18
9.475288835809619216e-19
-7.764555559841980469e-19
5.998748150129768399e-19
-4.362306035810053873e-19
2.979540417754384290e-19
-1.906102880828005186e-19
1.137972874383540431e-19
-6.310197529830275503e-20
3.229432266848207145e-20
-1.512143489134952633e-20
6.397118147531489077e-21
-2.398111881710868886e-21
7.704336240273791739e-22
-1.979298374403198773e-22
3.294481760170964692e-23
9.436063241114179327e-25
-2.958179450444530271e-24
1.038266140732821652e-24
-1.168298775087471591e-25
-5.252863825824729612e-26
2.605576453730789989e-26
-3.370621457123598236e-27
7.687968470730569548e-01
