1.364626174699340722e-01
-3.472838471973493447e-05
3.421231697047570613e-09
-3.264153771842593076e-13
3.105708323654139534e-17
-1.500486899536456771e-18
6.131838735099603049e-19
-1.068241865840120410e-19
1.187499517872306609e-20
2.654828187200933829e-19
-2.517354668519218393e-19
8.859040715417188549e-20
-1.082421722697021295e-20
1.222591693337670843e-01
-1.776801316291082289e-02
-3.209934650274518051e-03
4.159855804134125453e-04
2.032015233687901073e-05
-6.300849112849260801e-06
8.776698781982182871e-08
7.396724060858699218e-08
-5.301688130973237821e-09
-6.384184104476973448e-10
1.058339955935071789e-10
2.067461293431581808e-12
-1.520041414532673430e-12
6.413806388368523635e-14
1.650633923740621909e-14
-1.821997816178349562e-15
-7.295225457356005716e-17
4.815749590893345811e-17
-5.389406526936112344e-18
-3.891565189089036369e-17
-4.887183393149797002e-17
1.883679741725431992e-17
2.391675645840225452e-17
-6.835423983516794987e-18
2.542962794492126713e-18
7.513488602764420432e-02
-2.575287184962473525e-02
1.028551633811524042e-03
1.748195137855872573e-04
-2.879212939302609731e-05
1.446885273432138964e-06
1.048043300802840022e-07
-2.471291377268333633e-08
1.840610018893213731e-09
1.482254880668667745e-11
-1.874870662206836090e-11
2.071909945931343909e-12
-6.970822550007031071e-14
-1.133133072003054562e-14
2.007158411837529550e-15
-1.020499309371976831e-16
2.820335803809280292e-18
-2.717996645337641344e-17
-4.293476989760508390e-18
-7.999507977793153004e-19
-3.089854028550772953e-18
1.082767164149854817e-17
3.470566321728047323e-18
-3.731061345633774876e-18
-1.134226393652122035e-19
1.119444940409384213e-02
-1.904943920943307986e-02
1.197771380231388294e-02
-5.708672400227115043e-03
2.071964106067960328e-03
-5.420565542143402889e-04
7.090474684636190552e-05
2.173235423790794603e-05
-2.077935677339780082e-05
9.789498496207395682e-06
-3.507457944668869938e-06
1.023709118280605792e-06
-2.341962262712205196e-07
3.085094951182975302e-08
6.425382482723523061e-09
-7.137675553187634721e-09
3.608632970451990070e-09
-1.412897012753671510e-09
4.670049100954760753e-10
-1.309159928990719250e-10
2.906675891335760920e-11
-3.474114839671579725e-12
-1.118863969326201786e-12
1.257040390172517449e-12
-5.266260291809355106e-13
3.917799011776333551e-06
-7.195824215392776861e-06
5.550895403132520027e-06
-3.548809688886108065e-06
1.827520851445527272e-06
-7.130941427457426613e-07
1.781060821614596468e-07
-6.600660065628479849e-09
-1.448187385761988745e-08
4.325268289542094659e-09
7.552501551636845887e-10
-6.471827689811342046e-10
-2.312806637932990393e-11
9.171763585171214570e-11
-4.921804705836767527e-13
-1.413119457953656171e-11
-2.438992049347140091e-13
2.359731079776676725e-12
2.331451802180492377e-13
-4.010220316753320432e-13
-9.693624906043599861e-14
6.240742667114882789e-14
3.192439823973134687e-14
-7.055076433246000221e-15
-7.733635404864707215e-15
8.303289693087292367e-01
2.593660936255678257e-05
-2.396109674508343914e-09
2.266483853904640401e-13
-2.199379015973512225e-17
1.090727814991106703e-19
1.298798193523427170e-19
-7.027527236856068115e-20
6.408639844272263362e-20
-2.614480805619597228e-19
4.381001038348435586e-20
2.360039575435050295e-19
-1.345418299388396241e-19
8.410503197701697520e-01
1.344687400192440957e-02
2.477961356339069676e-03
-2.923666011637711740e-04
-1.447749735777972721e-05
4.387409365165737775e-06
-5.998229686208573099e-08
-5.155888278761649181e-08
3.645214083592586896e-09
4.488467301741528151e-10
-7.244699795285669390e-11
-1.612094846312778425e-12
1.037543855429585107e-12
-3.975452575838804824e-14
-1.133781479553987614e-14
1.194756328025726867e-15
5.762360866054226479e-17
-3.548970334873994951e-17
9.051020970647819597e-18
2.283207385412593143e-17
4.559301894500293107e-19
-9.086426280022437072e-18
-3.293490445104375486e-18
-1.443511899180301057e-18
2.010122758229756595e-18
8.779237057483991746e-01
2.087948810282330009e-02
-5.226715976519024113e-04
-1.304140536711682874e-04
1.972146886994953201e-05
-9.991352526003442038e-07
-7.119401847390685531e-08
1.730931994026497582e-08
-1.309151502013519154e-09
-1.084652631574087680e-11
1.350278383533938015e-11
-1.473997292130465414e-12
4.543133429869017990e-14
8.661780045399187382e-15
-1.464787812347223955e-15
1.080381296476406017e-16
-6.338924706587344342e-18
-8.803089879936850158e-18
8.610064817168413804e-18
8.236517126367616302e-19
-3.294208515757153242e-18
2.199768459041334545e-19
-2.077922328620565502e-18
5.351821634994340673e-19
1.424609847233032625e-18
9.509986734117809037e-01
3.526797440561707520e-02
-1.221477840018499704e-02
3.953463675066882545e-03
-1.138099582271266197e-03
2.612977727181752148e-04
-2.910817886410421536e-05
-1.349718633575755345e-05
1.212070526742952405e-05
-5.991089179158732215e-06
2.295230115192659060e-06
-7.211749735354404745e-07
1.803819902347076121e-07
-2.908019075370875701e-08
-2.299610703940907123e-09
4.578212727265311131e-09
-2.520783959698595977e-09
1.029574985762549651e-09
-3.507225452993694532e-10
1.010882049631474762e-10
-2.324822219028984809e-11
3.073383884571168929e-12
7.446672532813170683e-13
-9.483384177150295093e-13
4.054370722267653340e-13
9.885139078625335696e-01
1.145301449776448509e-02
3.298244790515345438e-05
9.486883020081571538e-08
3.551784762525385842e-10
-5.226268648539275186e-11
3.082942916942275023e-11
-1.581149048651850617e-11
7.008676729910147860e-12
-2.586254464269483080e-12
7.333579704263079222e-13
-1.230198152507532890e-13
-1.079523774283693421e-14
1.475067884753522256e-14
-3.941049628060689280e-15
-2.569427614442824741e-16
4.846872137063994624e-16
-9.409697926008749936e-17
-3.441355306102386356e-17
1.827565041586046797e-17
1.001568009742527852e-18
-2.511685997453631133e-18
2.255847179599721492e-19
2.761003140449387849e-19
-6.255538534946760966e-20
1.088092875062136589e+00
-1.312651280704776419e-05
1.155650589846643793e-09
-1.040575349896254907e-13
1.024888790281179482e-17
-1.605713415761333595e-20
-9.535004705606764066e-20
-3.020291238978128704e-20
7.233306210228288144e-20
5.807285837318761232e-21
5.341285932688737789e-21
7.145486344401920266e-20
-8.985232130086744283e-20
1.082631694849323090e+00
-6.859469133575027758e-03
-1.277513791819244807e-03
1.435156097720474548e-04
7.544392524220561997e-06
-2.076275771685999933e-06
1.948784775360515997e-08
2.374303693746034950e-08
-1.523901221119376929e-09
-2.053450940870054859e-10
3.029748785246597116e-11
8.401197003897091893e-13
-4.301350415091852289e-13
1.427004079074296745e-14
4.692818588709584346e-15
-4.668257357075296550e-16
-2.407261176323018127e-17
1.169497273946295878e-17
-8.684261463791360335e-18
2.329467813187913890e-20
-2.020353485925771607e-18
-5.939599678347415858e-19
1.065438829475999170e-17
-5.925810667704930505e-19
-6.030062103282107100e-18
1.063599373164925366e+00
-1.088329716325439449e-02
2.417904991353169548e-04
7.045473675058865103e-05
-9.886405071126795946e-06
4.328754107004895985e-07
4.149113724714424728e-08
-8.352598586355951774e-09
5.493211734271550292e-10
1.329062331504569121e-11
-6.414482289206317755e-12
6.099416420534355635e-13
-1.176792693944439823e-14
-4.231051556835935419e-15
6.120514800646060176e-16
-3.986791481194559421e-17
1.360320699418108445e-18
4.397251240030508392e-18
-4.478496693610852139e-18
-1.492125793771231618e-18
2.099202484398816419e-18
-8.620037861099228698e-20
-4.897483296402613085e-19
7.481817922770323442e-19
-2.385894345150563382e-19
1.025210404060848068e+00
-1.848696854642436008e-02
6.487087827809452818e-03
-2.109582754084616835e-03
6.020872277607111807e-04
-1.329155960911190077e-04
1.121454148628403882e-05
9.216055583906681932e-06
-7.153462928780575146e-06
3.340652276382159816e-06
-1.214598823814757659e-06
3.563025570525097350e-07
-7.883844989935097796e-08
8.104023444995498734e-09
3.677673678918338960e-09
-3.044944928811665996e-09
1.415963415446953966e-09
-5.192191184137888420e-10
1.595492907518883049e-10
-4.032099289247014650e-11
7.205469777772322343e-12
-1.877070257298207076e-14
-7.863893665075344464e-13
5.470427416234988115e-13
-2.045201158323734445e-13
1.005792901499006131e+00
-5.792901444461283356e-03
-9.973612492008250268e-11
7.914321080660295918e-11
-5.696565024624910373e-11
3.697866395121700617e-11
-2.146095892229756182e-11
1.098822733446746742e-11
-4.858366276210393334e-12
1.785647777115238048e-12
-5.025609027391686589e-13
8.237388135013874830e-14
8.441622682531119780e-15
-1.037337297903224697e-14
2.691314967524509353e-15
2.098055578314379002e-16
-3.420194818977051215e-16
6.328524309371724746e-17
2.512705018935685502e-17
-1.273001740359754812e-17
-8.480143368444602331e-19
1.778241177509900665e-18
-1.402040059280961279e-19
-1.971896090398726773e-19
4.105569526745564301e-20
9.163044946460049411e-01
