2.961974229383955159e-01
-3.018577555487049198e-04
1.430263998096547245e-07
-7.253234586097285056e-11
3.920095992397093361e-14
-2.053893837792037127e-17
-6.311968909499331372e-19
1.109400759974265289e-18
-4.898961516793749551e-19
-5.260427886358884650e-19
9.919136051082958321e-19
-4.358201200482623405e-19
-7.264517955720230334e-20
2.143132415519258538e-01
-9.298211197836199482e-02
-5.347046430210953064e-03
5.382368574548881783e-03
-8.138169001908662683e-04
-8.088962142603715183e-05
5.589794744935199579e-05
-8.416067439516418123e-06
-8.947620645642014688e-07
6.384639928151309762e-07
-1.026479848697471832e-07
-9.721873603920894381e-09
7.883262329537899447e-09
-1.368003265269981410e-09
-1.051932758502761264e-10
1.023487607646056616e-10
-1.917529022992731105e-11
-1.103912081387589538e-12
1.373381161093951907e-12
-2.773627260190816673e-13
-1.065121028828042731e-14
1.885749172147704892e-14
-4.103107121291199892e-15
-1.527737783229894200e-16
2.728484466543919613e-16
6.676027066672245158e-02
-4.533037446473345972e-02
7.677765554454901720e-03
-7.445511883703686542e-04
1.763432991229644370e-05
9.075294705848165343e-06
-2.265741441659905208e-06
3.478430515243616485e-07
-3.954882805165808809e-08
2.970359738889006841e-09
1.953355615266421508e-11
-5.966183412175815842e-11
1.401198458732201971e-11
-2.267573638610862647e-12
2.844440310078718576e-13
-2.576321069722106536e-14
7.544904848506387235e-16
3.341758073295545756e-16
-9.797911805841950122e-17
1.366088070974254291e-17
2.149031260072395250e-18
4.182270447444653060e-19
-4.128703452516575531e-18
4.101287890144149752e-19
1.617251410046976413e-18
4.790931173187008146e-03
-8.714958664884094042e-03
6.593143142809981816e-03
-4.203167277818117310e-03
2.293939376585884052e-03
-1.088548855548534741e-03
4.552471511474796102e-04
-1.695240080916110656e-04
5.649414790231532536e-05
-1.677375406608699055e-05
4.321660695323188697e-06
-8.767487695698913842e-07
7.555376469991444856e-08
5.181511744907934432e-08
-4.340420993207225585e-08
2.307692345552345059e-08
-1.046007340017081703e-08
4.353014644196637182e-09
-1.712664465207044232e-09
6.458899905566033065e-10
-2.350668203316720207e-10
8.284645137284537004e-11
-2.848909938957589608e-11
1.028294289667473541e-11
-2.980120915949088447e-12
4.790197777825696593e-08
-8.989011572180772852e-08
7.412344438322724957e-08
-5.342484965309544832e-08
3.330883504740140073e-08
-1.764141465547309638e-08
7.682433117372129243e-09
-2.572309113867455810e-09
5.472812811777519683e-10
-1.940942725238513940e-12
-4.682024155641329135e-11
1.349641242034769191e-11
1.495899093445711837e-12
-1.801105811508999450e-12
1.406923337539813454e-13
2.033110701600951588e-13
-4.139014138833425615e-14
-2.430768655820200870e-14
7.299879425415557637e-15
3.378197484231348536e-15
-1.146258072675969787e-15
-5.527015577677805140e-16
1.677063742446609299e-16
8.265321073247912886e-17
-1.966524142943588330e-17
6.614251772295793863e-01
2.129634363763234636e-04
-9.253670005260101109e-08
4.435927620702511389e-11
-2.261652495695186359e-14
1.227284313825249327e-17
9.104483581192119628e-19
-9.904990406730580941e-19
4.598175054048800871e-19
1.005228556760545680e-19
-2.427948576906706982e-19
4.232041312565296971e-19
-2.754687980992198647e-19
7.218163716866354829e-01
6.943684638502463369e-02
5.124866637341536808e-03
-3.718261292437722958e-03
5.165553654787775895e-04
6.086460169622235229e-05
-3.652624044376428001e-05
4.909800470890430041e-06
7.022458378999245083e-07
-3.975662332585888615e-07
5.366505523385929058e-08
8.137305513743025309e-09
-4.635677272747223462e-09
6.434637274272042578e-10
9.562596105287051383e-11
-5.675448155988458376e-11
8.216795090260734961e-12
1.136083512451919672e-12
-7.201155088793771441e-13
1.097282067907960861e-13
1.356644198143795070e-14
-9.418770700660017516e-15
1.518443659532317906e-15
1.924000083510051281e-16
-1.262755598654752674e-16
8.425894888423243190e-01
4.385601582736556314e-02
-5.112050162458818027e-03
4.190250712432122375e-04
-4.694062927399688130e-06
-6.462327367575124157e-06
1.555932931385122933e-06
-2.390336406798669842e-07
2.676410905122632156e-08
-1.833148682681746363e-09
-6.611364815789711194e-11
4.988126011754667245e-11
-1.061327830498628837e-11
1.590107837305439022e-12
-1.790007371837026898e-13
1.256588862703033372e-14
4.298624308039224331e-16
-3.524929451698366222e-16
7.746840715610905071e-17
-1.099294436493553459e-17
1.246950715753938179e-18
-1.261841850240918586e-18
8.035088897863915711e-19
1.059277832894759529e-18
-1.076767601441990383e-18
9.456045911768409251e-01
4.033862656335009123e-02
-1.492048495067188098e-02
5.492763994640377338e-03
-2.005297263632940200e-03
7.222221391575266592e-04
-2.547854597569043080e-04
8.722018428083369752e-05
-2.860963821587649263e-05
8.825867598319541538e-06
-2.478141050566205610e-06
5.872880580587470914e-07
-8.777875175614644909e-08
-1.539511317786340561e-08
2.235161752521269609e-08
-1.371270820598310464e-08
6.732373202935482193e-09
-2.954054917126257243e-09
1.206108186579614668e-09
-4.669972156083695668e-10
1.731638798011175696e-10
-6.181160627877929297e-11
2.141397043770573385e-11
-7.738725450863925408e-12
2.236348118064949234e-12
9.874823731899297075e-01
1.247833109256453465e-02
3.917235918979346536e-05
1.229710625948766748e-07
3.860402281159738186e-10
1.207687047608682837e-12
6.638599564358537277e-15
-1.771385733793163269e-15
1.031727523925248759e-15
-5.446863987750287218e-16
2.596479844792506870e-16
-1.099748635880632025e-16
4.031544673116140257e-17
-1.217567028819558050e-17
2.683008030814205265e-18
-2.328111232545085886e-19
-1.187056655541130330e-19
6.392308690338226170e-20
-1.202803710979848476e-20
-2.003578658329945352e-21
1.762936134842356706e-21
-2.573703976565087991e-22
-1.277292881561851654e-22
-1.068790392307897078e-23
2.707580473575247796e-23
1.182507729113566608e+00
-1.110629346578138334e-04
4.572598410054738696e-08
-2.107330805156589782e-11
1.049832434099285065e-14
-5.843168285120801189e-18
-3.497789364893914085e-19
3.956183207854939622e-19
2.567178017699534673e-19
-3.922153897877416725e-19
2.585886697015387858e-22
1.897092237376775705e-19
-9.982958991594705488e-20
1.150318051384668028e+00
-3.720913055362768534e-02
-2.988383960906253276e-03
1.948195998411942969e-03
-2.472632112057407839e-04
-3.398444698894653309e-05
1.777120791368780897e-05
-2.180150249376759567e-06
-3.616315803753552956e-07
1.838857758530543861e-07
-2.336903130980247811e-08
-3.898167799844859085e-09
2.086839789652864451e-09
-2.834291093650229071e-10
-4.301879929762486601e-11
2.525529923274401803e-11
-3.710713211841045916e-12
-4.813029712680266178e-13
3.197604835243602742e-13
-5.100664435487937140e-14
-5.381862461031570333e-15
4.174173685681279083e-15
-7.222521253267350086e-16
-6.791161979012164051e-17
5.600057921549599024e-17
1.084407116815269356e+00
-2.436715920581654024e-02
2.821740162947929988e-03
-2.137522478170536847e-04
-1.813697527289939084e-06
4.085722219499792568e-06
-8.633148549839397807e-07
1.202487447724243842e-07
-1.191971976505774378e-08
5.983396014542006812e-10
7.294364768707968882e-11
-2.748267161030906411e-11
5.090893804546524023e-12
-6.955970958031058236e-13
7.087265269471994325e-14
-3.934418407282241685e-15
-3.915802760933260064e-16
1.703564235909636933e-16
-3.368342929287392054e-17
4.438149309377895190e-18
-9.945585142645083003e-19
6.553448068163901370e-19
4.057254749926963452e-19
-4.918102405246796264e-19
4.571364407131728757e-20
1.028194569234346378e+00
-2.146876512665319217e-02
8.142290629589847215e-03
-3.066113090614437913e-03
1.140701613642656695e-03
-4.163819104141183443e-04
1.477707971423322620e-04
-5.038451683658054265e-05
1.623603660538229792e-05
-4.817206727585488403e-06
1.248830678531920721e-06
-2.424335356994532251e-07
6.141537225589366823e-09
2.716913688034050319e-08
-1.963706889108734682e-08
1.012128887694194127e-08
-4.504369454946772974e-09
1.834777775480966504e-09
-7.018835133371119940e-10
2.555141257454090541e-10
-8.911027690609193123e-11
2.984036449617804193e-11
-9.618634749546254373e-12
3.161825490245332773e-12
-8.447501093763633261e-13
1.006318066734811723e+00
-6.318066734806721332e-03
-9.229278979937090853e-15
7.790668980540201126e-15
-6.133280895235714772e-15
4.493710638504005844e-15
-3.055125092080234986e-15
1.919610580575636083e-15
-1.108585601494477596e-15
5.839700159299886126e-16
-2.775553839740626880e-16
1.170886797120964233e-16
-4.267314615433058478e-17
1.276314568182918733e-17
-2.754199630075624606e-18
2.105580652091573323e-19
1.355994254613701983e-19
-6.856285210342394052e-20
1.206584915547357959e-20
2.408469729851978764e-21
-1.914530801325029936e-21
3.049585631222922714e-22
1.180825572563411621e-22
-5.518966058255094766e-23
9.541215282857671966e-25
8.430789767094934994e-01
