8.903190303520913673e-01
-4.114863700787736028e-02
1.885483228745472948e-03
-1.098124829902027489e-04
7.133320690628116694e-06
-4.929441019551977502e-07
3.544767874287554650e-08
-2.620784248322435771e-09
1.977701739897552287e-10
-1.516044697823067299e-11
1.176739205571281181e-12
-9.311349170053874113e-14
7.454333550091342137e-15
2.745299701712042850e-01
-3.389412434614524350e-01
1.519547105986252533e-01
-6.036921107744844250e-02
2.193865409063442198e-02
-6.664075633087884407e-03
9.907135895355283044e-04
7.987133130884846574e-04
-1.108059906045806738e-03
9.318271955567771327e-04
-6.589874601882960911e-04
4.222874394155773066e-04
-2.516776457643972605e-04
1.406455649959557073e-04
-7.349143026091691996e-05
3.537022444693556031e-05
-1.507674720506511230e-05
5.062194627512332634e-06
-6.160554805189705097e-07
-1.023667353064803831e-06
1.384495997624624145e-06
-1.260264959064737325e-06
1.033677522409173387e-06
-8.712787940734326445e-07
4.006476150651895168e-07
1.974328820996170547e-02
-1.801017937804551619e-02
4.769969101094182276e-03
-9.496781320993583856e-04
1.618812850058971690e-04
-2.556122419158435229e-05
3.917102748686994078e-06
-5.964931611276112258e-07
9.110494998814950430e-08
-1.398884914790363923e-08
2.158881790907645233e-09
-3.345917172724632713e-10
5.203100240597689419e-11
-8.112057595941262526e-12
1.267130108403732478e-12
-1.981808872621086084e-13
3.101725754668162810e-14
-4.855253457540649142e-15
7.597331154355375533e-16
-1.187743754826243932e-16
1.854246762780540850e-17
-2.889080000975116857e-18
4.480755908535375953e-19
-7.225602534825705863e-20
1.255481915046031751e-20
8.519687350930752086e-04
-1.580608881314017047e-03
1.265966856614174438e-03
-8.834218911914517008e-04
5.438202976956497958e-04
-2.994791267317527608e-04
1.496952400134427777e-04
-6.890951025653331541e-05
2.963165175081348290e-05
-1.206686005272114010e-05
4.714113397007954167e-06
-1.787507798318537489e-06
6.644805678030768842e-07
-2.440951164007517620e-07
8.912354947729981300e-08
-3.246598238426255999e-08
1.182546659984475129e-08
-4.311501224463107079e-09
1.574108729658211436e-09
-5.755363890982396532e-10
2.107680267546963497e-10
-7.743724249552360948e-11
2.891263386904281282e-11
-1.198026048237366040e-11
3.882380019555876343e-12
1.213302691353359224e-09
-2.293350543531646459e-09
1.933598061583895016e-09
-1.448946055097285694e-09
9.583074766626652851e-10
-5.529874156108230791e-10
2.731579024635957079e-10
-1.116952353850753825e-10
3.529690286245416460e-11
-7.071577015378956821e-12
-4.819698952670228052e-14
6.069672312420653515e-13
-1.739524244357878411e-13
-1.465017483372602779e-14
2.161111118322976460e-14
-2.573644019555746091e-15
-2.125398871563921863e-15
6.111228344330424537e-16
2.083466900730251032e-16
-1.004826024356183080e-16
-2.322999268491288987e-17
1.546689683953479461e-17
3.399387914540591821e-18
-2.017229348625776129e-18
-6.024826202419483561e-19
2.389429776495382851e-01
1.862261366909492843e-02
-5.951396071324831314e-04
2.674269142233197529e-05
-1.422734018003122056e-06
8.363065156132031096e-08
-5.249746618749196032e-09
3.452293834854862269e-10
-2.350303083400161888e-11
1.643551751008507852e-12
-1.174181656697475174e-13
8.604804012235402035e-15
-6.418740271221846146e-16
6.625343682570197235e-01
2.711410258163425291e-01
-9.903740142854558504e-02
3.193859491363170572e-02
-7.973060054165833840e-03
4.151932682108320236e-04
1.373043898695284429e-03
-1.373979132299056691e-03
9.748219521058212227e-04
-5.991210353128216624e-04
3.364026721256150069e-04
-1.754185266893380779e-04
8.483231647083810511e-05
-3.732617427175832119e-05
1.413393587805929593e-05
-3.770977339145762556e-06
-2.685372442470965600e-07
1.439798375805933741e-06
-1.462529442125029523e-06
1.128724533481435360e-06
-7.644705574868213582e-07
4.786790605025700854e-07
-2.895503028196201345e-07
1.856724836907453910e-07
-7.506224028095835151e-08
8.986801082139714847e-01
3.281121533861622308e-02
-5.266927407697937283e-03
8.349808246410507897e-04
-1.305203923557312555e-04
2.013309450028371575e-05
-3.071724485479443038e-06
4.647965840026377956e-07
-6.990820322854690784e-08
1.046691727650237014e-08
-1.561175568665120220e-09
2.320018093510159581e-10
-3.434148353667643348e-11
5.060289429939819736e-12
-7.416046239826842038e-13
1.079644094670117992e-13
-1.558799365348797022e-14
2.227106335108310487e-15
-3.139049729332074772e-16
4.345712731823622394e-17
-5.871819709043549565e-18
7.660069871612406757e-19
-9.333106922434330036e-20
1.042685973384005375e-20
-1.736896446711321642e-21
9.668383277660207442e-01
2.491102439323588519e-02
-9.356072877922474301e-03
3.513573279954152612e-03
-1.319221502483725614e-03
4.951501006068406490e-04
-1.857447338682803562e-04
6.962081155157007369e-05
-2.606541982337494924e-05
9.744123733539846312e-06
-3.636035555999820660e-06
1.353938380786534637e-06
-5.030048160525159278e-07
1.864289957935761319e-07
-6.893490649203972317e-08
2.543378684991436731e-08
-9.365369270712954154e-09
3.442683352122831428e-09
-1.263721249624538626e-09
4.633582325062360894e-10
-1.697835594720268945e-10
6.229016086787956680e-11
-2.317905564759566414e-11
9.548821470599593963e-12
-3.079431490083267268e-12
9.924596296558745312e-01
7.526129696170962349e-03
1.421375324712745188e-05
2.684391440329119404e-08
5.069707879051140838e-11
9.574437519230512142e-14
1.818831013220732836e-16
-3.658450363166461537e-19
4.412674884049250860e-19
-2.547818272787120735e-19
1.359150887313300752e-19
-6.636501213752774186e-20
2.933588582013154905e-20
-1.152380922290858554e-20
3.906982610267019943e-21
-1.075477678796606672e-21
2.139417947898066873e-22
-1.230540892740454147e-23
-1.821794011675340891e-23
3.537817696590952957e-24
4.502220967650153049e-24
2.528004046909935490e-24
-7.879327595580313295e-24
-1.028512078888001109e-24
4.396669355590151502e-24
1.496835127930392639e+00
-1.727649223320976493e-02
7.103313748798042006e-04
-3.827652492306578660e-05
2.342517983438879246e-06
-1.543080390424279236e-07
1.066324562041060200e-08
-7.620690786820014025e-10
5.583603057536017077e-11
-4.170255512039414968e-12
3.162552914940060582e-13
-2.449721877974054871e-14
1.921510734127320064e-15
1.198877980645695285e+00
-1.749729551142023276e-01
7.089347283734849514e-02
-2.668297690176449355e-02
8.952596865661356998e-03
-2.244838945688359087e-03
-3.334279154553765209e-05
6.161905249206610499e-04
-6.139130312386642183e-04
4.577494700123179361e-04
-2.992853510908775536e-04
1.797337163732973611e-04
-1.007408082401546010e-04
5.278822853502176151e-05
-2.558587578966585880e-05
1.112290844433456825e-05
-3.974763567166570849e-06
7.711816786666183703e-07
4.473785680423327678e-07
-7.532828578054348617e-07
6.969958503604520533e-07
-5.400252280768683986e-07
3.942233345581178073e-07
-3.013967966895859965e-07
1.327486604876571210e-07
1.053396931443184803e+00
-1.807962378707736115e-02
3.007205688503710415e-03
-4.889916527069439753e-04
7.775351918847056229e-05
-1.214630281623112407e-05
1.876356217919529270e-06
-2.883682744763000396e-07
4.427429408688924623e-08
-6.805575870509704549e-09
1.048038190583576371e-09
-1.616654169949959255e-10
2.496680789890474937e-11
-3.857919404791750903e-12
5.961115688172038489e-13
-9.205229799891217905e-14
1.419793324650168445e-14
-2.185962611858098013e-15
3.357478205510553151e-16
-5.140828635100604029e-17
7.841912342690209224e-18
-1.189974728240012281e-18
1.783171372720639461e-19
-2.806966377364843520e-20
4.907440048241352614e-21
1.016954773845469395e+00
-1.295083503968841136e-02
4.945525637235245568e-03
-1.888023322954934021e-03
7.204194026555297160e-04
-2.746632143552115552e-04
1.045810011194936516e-04
-3.974610433610266646e-05
1.506777885899102107e-05
-5.694323911184338799e-06
2.144064470054793726e-06
-8.040358767009252308e-07
3.002581396206179061e-07
-1.116727659942309463e-07
4.137989836524421125e-08
-1.528486116173861483e-08
5.631911646697406495e-09
-2.071484048227240706e-09
7.610857720959159034e-10
-2.794975269887473887e-10
1.026633583812250656e-10
-3.779699991196044171e-11
1.413406778903587256e-11
-5.864775488064327612e-12
1.901758629910830519e-12
1.003791482243075128e+00
-3.791482243075090103e-03
-4.753444104925408092e-18
4.094310457026706782e-18
-3.317742050233690218e-18
2.525695098912907818e-18
-1.802830013341075172e-18
1.203499503813073050e-18
-7.488309848833084574e-19
4.323448091627213259e-19
-2.302475184069693778e-19
1.121824996865667845e-19
-4.942464662494960043e-20
1.934309309860752007e-20
-6.526985329705961852e-21
1.790121172221041716e-21
-3.396930093745661857e-22
1.062820342846503737e-23
2.223325270185443703e-23
-9.228112241268536648e-24
1.365647891518399727e-24
3.727347767318227561e-25
-2.449898882147957126e-25
2.832075855510389291e-26
1.449466062932236753e-26
7.969393769279258244e-01
