5.836278090659043766e-02
-4.669885024808132805e-06
1.317462358854737511e-10
-3.363143126537414456e-15
8.354655446620902630e-20
1.948498038622330521e-22
-1.403490795334910018e-23
-4.288424452850579315e-23
2.048883044189420023e-23
-2.138496380989523356e-23
-1.271913823001940801e-23
3.731776985660965567e-23
-1.671112435759011624e-23
5.622582453498879002e-02
-2.741897739185243047e-03
-5.905744813043694750e-04
2.118160151603061154e-05
2.042918563987600243e-06
-1.082604551007853145e-07
-5.766144644115577679e-09
4.659212800174037711e-10
1.320780587600230186e-11
-1.818844184310505403e-12
-1.832112246592782994e-14
6.618369636153489344e-15
-3.825961497376463078e-17
-2.263087134011552634e-17
5.062976913205207972e-19
9.359355622749711054e-20
-1.908070312569388012e-20
-1.319475590674231824e-20
3.966935456630313743e-21
1.271423179820664976e-20
1.808789749943956164e-21
-6.115899862899758683e-21
-2.811289497629960953e-21
-6.992358738072039054e-22
7.565383455745746945e-22
4.682080940429719784e-02
-6.367487335410259262e-03
-2.336378954348567957e-04
3.775602324393477412e-05
-5.607064519005807686e-07
-1.149494456788469641e-07
6.389674856375815741e-09
1.408911988084227906e-10
-2.699316864001797595e-11
6.052773785711535988e-13
6.563053971199364652e-14
-4.684860568430120316e-15
-2.776459495469484798e-17
1.684708835905032140e-17
-5.828027933509338198e-19
-2.603810756686017290e-20
-1.398466389062237538e-20
-9.973811408166164235e-22
1.176488575018909561e-20
-6.844844286894042637e-23
-1.232603213796596401e-21
-1.714719890332379842e-21
-3.883431549329769372e-21
1.804826430158383090e-21
2.007688000624372812e-22
1.289321061633220966e-02
-1.841848176901579592e-02
7.552885008868226967e-03
-1.665504676862730304e-03
-1.745067589889173350e-05
1.675841359972381835e-04
-7.154821271305257567e-05
1.668878240982018055e-05
-1.344762985559809271e-06
-7.435574360488580638e-07
4.220087864381886147e-07
-1.231231458521024725e-07
2.035901697566607617e-08
6.939200034869276755e-10
-1.861422534041302624e-09
7.524094475047897478e-10
-1.838429196531236850e-10
2.232452113712931618e-11
4.354850967813767783e-12
-3.616761707636774360e-12
1.251079706193492607e-12
-2.715824415164442110e-13
2.276617809819705903e-14
1.311103824898934264e-14
-6.684194636053912852e-15
9.492754772200930264e-05
-1.679398869123969649e-04
1.148822931467453380e-04
-5.815856930636893475e-05
1.921271998012583345e-05
-2.155703269430078716e-06
-1.295838181126027763e-06
5.154179562023752186e-07
8.868519073250194718e-08
-7.871724221079316893e-08
-1.055885408723805098e-08
1.240235438851138736e-08
2.501309466537007369e-09
-1.966920009197983783e-09
-7.330939313072097867e-10
2.593594667684037030e-10
2.009595078057373540e-10
-7.855466067550122219e-12
-4.565095330916459549e-11
-1.137525963983294774e-11
6.917867622300114518e-12
5.074542298080380389e-12
3.173627756619348862e-13
-1.107596782037612264e-12
-5.195813273380851227e-13
9.242459800946766224e-01
3.555758877247817403e-06
-9.337271384413063423e-11
2.381218893677397255e-15
-5.962511475430209624e-20
-9.048215401682020781e-24
-3.738133906290078823e-23
3.997250073926478632e-23
-1.339273635474802700e-23
-6.142206186461551970e-24
1.009974881573611970e-23
-4.729092176449428818e-24
1.624329727606314682e-25
9.258788593084620322e-01
2.096803094581262041e-03
4.539854725377437546e-04
-1.501506006392164141e-05
-1.448849875172363135e-06
7.651578831119701330e-08
4.057776695738230452e-09
-3.322062858768983841e-10
-9.328807283184277403e-12
1.307453042617275295e-12
1.288280632513915019e-14
-4.783778878117335337e-15
2.827232568326350556e-17
1.640477573670528233e-17
-3.549488011347635421e-19
-5.397771844667884836e-20
3.435556523210362533e-21
-4.472524379508035130e-22
-9.818598067334585838e-22
-6.115922655373922688e-22
2.004640020335267035e-22
8.138830526828697083e-22
1.345471501236804798e-22
1.098984681484525519e-23
2.777525315698061484e-23
9.331555101139397124e-01
4.972953901094210975e-03
2.035337765907324127e-04
-2.687852102490091298e-05
3.803197673372605762e-07
8.020787293651669561e-08
-4.537912759803994579e-09
-9.490284399708896102e-11
1.924142687955373282e-11
-4.506324958991993024e-13
-4.674143075553103926e-14
3.416278029861958342e-15
1.816300911354687127e-17
-1.229037629515757074e-17
4.426901013696619237e-19
2.738941851725215482e-20
-1.004638687101755744e-21
-8.312731155086457060e-22
-2.043209987284443290e-21
-7.879724718302249566e-22
2.260912538573271519e-21
-7.389442789245067821e-22
-1.368902775534617357e-21
8.119594513622744896e-22
4.482010571253608573e-22
9.656714732293989467e-01
2.135614721195566723e-02
-5.403000776734750987e-03
8.503170982567709486e-04
7.306800015762247641e-05
-1.127816703832821470e-04
4.620781740397015988e-05
-1.124361012678539850e-05
1.101994926495703598e-06
4.481631177726960539e-07
-2.858278109605451651e-07
8.840093861106032682e-08
-1.572962186975601643e-08
-1.076389033237733255e-10
1.269866966640086470e-09
-5.428820303462939282e-10
1.380201628949476768e-10
-1.824743973272232504e-11
-2.696780500498678062e-12
2.598292521485883587e-12
-9.341178635818797822e-13
2.099160436093954430e-13
-1.963170120004815569e-14
-9.366221627163993646e-15
5.009619812740197077e-15
9.912161818093352394e-01
8.764377193151795184e-03
1.948079146689355630e-05
-9.316267408535107026e-08
8.235209820825897825e-08
-4.175788930292910798e-08
1.697789878482354432e-08
-4.991975760276226724e-09
7.084566015484589495e-10
1.866869416921822700e-10
-1.295381677942461396e-10
1.647265239241060684e-11
1.079389626023927716e-11
-4.224011145236873252e-12
-6.582192211665272285e-13
6.623876735114687357e-13
2.004735789558356499e-14
-9.918053683125876282e-14
2.323350855563516102e-15
1.565458701673616293e-14
-4.324063169099254184e-16
-2.633063953056480540e-15
-6.003831769794959919e-17
3.784797305239156477e-16
4.722005596596875961e-17
1.038525657494294041e+00
-1.785419139680782994e-06
4.566462875132613729e-11
-1.128848126981125491e-15
2.733549570193320487e-20
2.921812367704927171e-23
8.225750574679611535e-24
-2.286627927801648087e-23
6.515396512215319283e-24
4.078961399267217851e-24
-2.113586995817833357e-24
-1.845098058988558427e-24
1.251570216729916729e-24
1.037704801542910671e+00
-1.054343520557773440e-03
-2.286547344486078979e-04
7.367680412587228759e-06
7.150923128244115580e-07
-3.649198391359030611e-08
-1.963287137446537526e-09
1.538496621297012117e-10
4.470876864295641327e-12
-5.885146080311675656e-13
-6.509951319323199710e-15
2.097326375216726483e-15
-9.283595812977649374e-18
-7.027190856843586153e-18
1.416169030761013101e-19
2.176848326147025812e-20
-2.295275682348211214e-21
6.449244201391685147e-22
1.049888760283684551e-21
4.828805474345515824e-22
-3.691294318346887133e-22
-3.490824384689487774e-22
-3.174485393589604638e-23
-7.399645980467256421e-23
-7.957108268739960911e-23
1.034034627436779319e+00
-2.513882731681839518e-03
-1.051194315547887385e-04
1.341588854147260669e-05
-1.690622892940637383e-07
-3.991554290342338930e-08
2.122040170382495323e-09
5.141211901235484261e-11
-9.002462311385520047e-12
1.816661666632637665e-13
2.232565249029251885e-14
-1.475732558527166667e-15
-1.427331303693594744e-17
5.411483008514887454e-18
-1.707463875987123143e-19
-1.173741492998636755e-20
8.536392300564125710e-22
-5.694744661202553534e-22
4.656586023585466026e-22
6.954999693280301657e-22
-6.516681777942115215e-22
-9.291148440502135310e-23
5.791601370528281835e-22
-7.411550269115236736e-23
-2.596311512397625874e-22
1.017437989973375423e+00
-1.093233501960513832e-02
2.764470199243666913e-03
-4.258459194811808099e-04
-4.327945627010585495e-05
5.939142899087096478e-05
-2.363581446209916308e-05
5.513746490477444642e-06
-4.432557751276692394e-07
-2.607492613734150786e-07
1.481101602047083473e-07
-4.281154022719948738e-08
6.726024365816498618e-09
4.325677243084930707e-10
-6.980862289737530721e-10
2.648777650167846220e-10
-6.033751186320344897e-11
5.820014688670899034e-12
2.063952217483925931e-12
-1.331193935570456178e-12
4.194284224705211280e-13
-8.085737499208534725e-14
3.132071759138226761e-15
5.499883675739347136e-15
-2.367268727921819841e-15
1.004421004692952701e+00
-4.420942393255900688e-03
-1.092858696694233247e-07
7.736503664271301280e-08
-4.688709071965974293e-08
2.377035099495430396e-08
-9.642890348936579593e-09
2.822312554171096634e-09
-3.932217025403457836e-10
-1.093517227945572696e-10
7.391261475296090466e-11
-9.063262499544333469e-12
-6.267335246403032889e-12
2.396040639914757829e-12
3.937308633108597217e-13
-3.794399030238327833e-13
-1.390434544015670530e-14
5.712511487705671675e-14
-9.815578384381862731e-16
-9.042019029051135548e-15
1.925002169538257501e-16
1.521554059105662970e-15
4.490334212355285408e-17
-2.181383758108758461e-16
-2.945430476714989088e-17
9.616321940284510150e-01
