6.546551349044900103e-01
-6.260363055758713310e-03
4.251374667297201177e-05
-3.520719475283013551e-07
3.232386384977935544e-09
-3.153807792897602099e-11
3.201978171866791716e-13
-3.343003915403658719e-15
3.564647925193855201e-17
-3.908780538451662652e-19
-3.886024181452078082e-21
9.129674385961927969e-21
-3.786069088321202772e-21
2.789527542254694459e-01
-2.923555497110711388e-01
8.440291843972584640e-02
-9.408852377574080175e-03
-6.396905538497296706e-03
5.836570675408827950e-03
-3.057654560176369628e-03
1.192788125619257582e-03
-3.210067023104529399e-04
1.329476209636466960e-05
5.396324572333714985e-05
-4.509550689121035572e-05
2.448960435881762825e-05
-1.001419615973403104e-05
2.800167207871685464e-06
-9.331072612358607043e-08
-5.365863573508652230e-07
4.580174959513486943e-07
-2.556026134167565038e-07
1.074969290198913844e-07
-3.110271823706230726e-08
1.324730689058244541e-09
6.414520020159111064e-09
-6.852165796839404744e-09
3.167981697867723366e-09
2.616537608803146467e-02
-2.452319275002350085e-02
6.618554310916206426e-03
-1.319127501551245647e-03
2.196330088309022394e-04
-3.290492662341974078e-05
4.639732204682739211e-06
-6.302270043218227937e-07
8.306415701440175274e-08
-1.057483226070563191e-08
1.279968509128223865e-09
-1.421846490348649994e-10
1.320835167205440309e-11
-6.566844273607424839e-13
-1.173687230496962859e-13
5.269009931219450073e-14
-1.358069642861409112e-14
2.950313737677329354e-15
-5.883625931509215611e-16
1.113315656900677528e-16
-2.031224380969873175e-17
3.606083658237651332e-18
-6.261054954205076929e-19
1.095784936209343597e-19
-1.826974288914146802e-20
1.040585713546676293e-03
-1.938481610949129973e-03
1.570843333032843426e-03
-1.115772311353017054e-03
7.020384191197667680e-04
-3.960356556137271922e-04
2.028623423109456720e-04
-9.556655269438251549e-05
4.192931392718210573e-05
-1.734443249121392889e-05
6.844222015339152385e-06
-2.604638198814130253e-06
9.652965270260963400e-07
-3.512649454986027430e-07
1.263209871038796864e-07
-4.510307310733643567e-08
1.603777521280081409e-08
-5.689119717222714923e-09
2.014973907869810952e-09
-7.127500379936588627e-10
2.518218381969809691e-10
-8.897015104078916203e-11
3.177738826213607281e-11
-1.248618159606200609e-11
3.905035541887064599e-12
6.995399213610277815e-10
-1.326037112799513014e-09
1.127843466793777072e-09
-8.580651354360259833e-10
5.804993162465248493e-10
-3.458669343943752797e-10
1.786980086740834409e-10
-7.800410942128750859e-11
2.738744444971121867e-11
-6.874902819828499257e-12
7.153962972381958461e-13
2.980372324222026518e-13
-1.571961574528193424e-13
1.633003354743958171e-14
1.180905142865158685e-14
-4.351959578586210483e-15
-5.122521562132212314e-16
6.035971612820578329e-16
-1.830604689836343335e-17
-7.677836691053309112e-17
9.194760689350013266e-18
1.017944251159366376e-17
-1.809763145014605147e-18
-1.243917290090012736e-18
2.671869991466338770e-19
3.735645060814680729e-01
3.545405780967268890e-03
-1.896984912802730534e-05
1.294325692202421618e-07
-1.010143441871197326e-09
8.582070081940392333e-12
-7.728615957887903974e-14
7.261174197934747602e-16
-7.068295477968701360e-18
7.979525697010586677e-20
5.572181727584949123e-21
-6.132883187012487380e-21
1.687889986732682648e-21
6.406443149370093515e-01
2.245563796385406929e-01
-4.925485259819012418e-02
1.510522933961008177e-03
5.706137700073749854e-03
-3.876981102041581612e-03
1.690894093788917248e-03
-5.246622857611858313e-04
8.022315200542663174e-05
3.510133103884029631e-05
-4.018200649904303941e-05
2.319466741450371079e-05
-9.730599888066162668e-06
2.872551945096200382e-06
-2.791559671128745529e-07
-3.583579175632487479e-07
3.342393678186119087e-07
-1.875169345861984119e-07
7.811514021459334871e-08
-2.254468371017706890e-08
1.479304036390457454e-09
3.572444353808389442e-09
-3.213220663689108319e-09
2.043994345404664935e-09
-7.666856999825175799e-10
8.697066464987788237e-01
4.147158640437238059e-02
-6.515469154783209114e-03
1.002012474999251996e-03
-1.497178864160145944e-04
2.160951117142873200e-05
-2.997853605196647032e-06
3.970602894106211640e-07
-4.958022232547390145e-08
5.678563778865741994e-09
-5.557052937704302094e-10
3.500289978625361744e-11
2.471380949635704953e-12
-1.581687658602764355e-12
4.241087131806990745e-13
-9.199634635537137515e-14
1.803940187027638224e-14
-3.327910316627688276e-15
5.885139920023150928e-16
-1.007736281934351342e-16
1.680399143596171194e-17
-2.738833279733706299e-18
4.395422668751000854e-19
-6.979336761928685525e-20
8.962866114869144115e-21
9.569281333734156458e-01
3.219154119802974945e-02
-1.202921767873822538e-02
4.494553937864829291e-03
-1.678984163109697092e-03
6.269699499852942129e-04
-2.339802657771802451e-04
8.723529950276196106e-05
-3.247788878909320013e-05
1.206776197974194934e-05
-4.472410146548484231e-06
1.652172193256372803e-06
-6.079980617635648371e-07
2.227654227573348237e-07
-8.122743565289459027e-08
2.946654400190219312e-08
-1.063257914858674770e-08
3.815771660962755411e-09
-1.361875598979594028e-09
4.833855999944870129e-10
-1.706406829000283002e-10
5.997589721623564836e-11
-2.120504528211334341e-11
8.191828933039707271e-12
-2.526602019511233469e-12
9.901570674083063350e-01
9.818652016302154700e-03
2.422067999594531968e-05
5.974764544935744646e-08
1.473856699383490811e-10
3.635710645507088164e-13
8.971090853498859073e-16
2.041113781247411482e-18
1.152827697542219069e-19
-6.570030059491279313e-20
3.656943946156662349e-20
-1.880554656595810262e-20
8.861570132317204878e-21
-3.791007119556218298e-21
1.440506858559784585e-21
-4.709096612646258494e-22
1.200801556835301831e-22
-1.642335309991010945e-23
-1.575634856867686338e-23
2.826820700378250243e-24
1.182226931136013515e-23
8.842747266251175413e-24
-3.886012527301933695e-24
-7.774715794123095061e-24
1.556700602917397544e-24
1.368566350076829696e+00
-2.284271050360935085e-03
1.335986437646833906e-05
-1.000138553550325246e-07
8.518930072963761013e-10
-7.839814526559932662e-12
7.591693975146231799e-14
-7.619632702074551962e-16
7.863664019781213985e-18
-8.350410546258663035e-20
-6.945508541258630428e-21
1.299202196176733077e-21
2.073609608267986339e-21
1.205516241781209530e+00
-1.354257464493439644e-01
3.088526056134802480e-02
-1.511195644454551255e-03
-3.245080119442915207e-03
2.338874642557553507e-03
-1.077476051898880764e-03
3.658549073828216416e-04
-7.495769543572516804e-05
-1.151248447400107542e-05
2.279488063843535241e-05
-1.514866912821459595e-05
7.173261132583360520e-06
-2.533093956782013041e-06
5.198497480705367997e-07
1.151609323920293865e-07
-2.011400252074138292e-07
1.366083128820490461e-07
-6.675984740941153320e-08
2.439122231925328344e-08
-5.238236233011964638e-09
-1.103105554908541409e-09
2.144107404048702045e-09
-1.767857553230394835e-09
7.459078571095321643e-10
1.069724295906609335e+00
-2.348456478419318205e-02
3.850114756746765912e-03
-6.072997116278545720e-04
9.155293071181206982e-05
-1.316744507277977296e-05
1.807526844933448969e-06
-2.365912241146655725e-07
2.932605601011167286e-08
-3.373293851608665729e-09
3.410761237033558538e-10
-2.509230360201420022e-11
-3.176995584541269431e-13
6.821476298598291980e-13
-2.002709038154963422e-13
4.504476746582988379e-14
-9.034739519862552668e-15
1.697504765093199580e-15
-3.054287874244472772e-16
5.324143680133743551e-17
-9.053228188757457873e-18
1.509013303224542443e-18
-2.464475016560750574e-19
3.990719403118063426e-20
-6.109265462945144009e-21
1.022171215524865229e+00
-1.693519454430740187e-02
6.466844232478374463e-03
-2.468641061720839528e-03
9.418254738549084121e-04
-3.589611564665867922e-04
1.365924530224330935e-04
-5.185157632962817493e-05
1.961706522964668482e-05
-7.388869795118651858e-06
2.767729201067062704e-06
-1.030009325175680916e-06
3.805262398503733762e-07
-1.394836015925194142e-07
5.071738435630382042e-08
-1.829424398960307747e-08
6.548398732433099844e-09
-2.327219690680960535e-09
8.216396292333505765e-10
-2.883584842084108991e-10
1.006627805820846901e-10
-3.500680342962191953e-11
1.225577441158960182e-11
-4.693277847937490515e-12
1.441035273957937600e-12
1.004958036777802821e+00
-4.958036777802668493e-03
-1.468799640401479212e-18
1.275299343431422633e-18
-1.045270741180013311e-18
8.077820496342409516e-19
-5.876273602423616767e-19
4.015329978086941093e-19
-2.570052791222705214e-19
1.535304157930249578e-19
-8.519674570901445540e-20
4.364010296024189175e-20
-2.045557076560212668e-20
8.665041386130131480e-21
-3.253765577337393313e-21
1.047764991932350836e-21
-2.701920215494795485e-22
4.538553898381245376e-23
1.092654535191268290e-24
-3.994047620721425133e-24
1.419209158902247003e-24
-1.648632373342326323e-25
-6.995045581031220845e-26
3.561052304690540218e-26
-4.794943103475421908e-27
7.679079186221873243e-01
