3.664121379458848971e-01
-6.040553559902174909e-04
5.014516896217335845e-07
-4.607136821547657485e-10
4.567447782708389115e-13
-4.765251401623560171e-16
9.414163215090458415e-19
-2.228345582018657997e-19
3.615042406979299765e-19
-5.518072202592231395e-20
8.155255597511436429e-20
-3.642101469773603516e-19
1.616723422098538967e-19
2.382275851580630821e-01
-1.370824180735064901e-01
1.547032521698454236e-03
8.542621679075958901e-03
-2.503116300802462474e-03
1.755773328690581666e-04
1.176452043515359940e-04
-4.998796730064191649e-05
7.678330428014653331e-06
1.218443453147798808e-06
-1.003805748310172369e-06
2.468385949370425201e-07
-4.826111023506368148e-09
-1.832966784638231916e-08
6.805819531891796545e-09
-8.746525962100477289e-10
-2.600232394243983124e-10
1.660500750770915359e-10
-3.709572903807855160e-11
-9.259693117171256008e-13
3.521243928926476010e-12
-1.187760837882374193e-12
1.233820890835897428e-13
6.676348412656543844e-14
-3.292054027842469904e-14
5.577079073094028810e-02
-4.305774814397086286e-02
8.840396881536559393e-03
-1.203588684383138062e-03
1.089756337549957271e-04
-3.232623874888716890e-06
-1.228886576776366056e-06
3.622227779827995558e-07
-6.776171657552718714e-08
1.032663354876114507e-08
-1.340262223856269741e-09
1.435358603079906366e-10
-1.048276691557869799e-11
-2.095328892230428054e-13
2.825277163043254635e-13
-7.294763812540239417e-14
1.391284603362277388e-14
-2.239270981048499109e-15
3.142047251169906310e-16
-3.856308702613225579e-17
5.867630460670972121e-18
-3.183000860000516403e-18
1.248697956756388876e-18
2.766765225199706314e-18
-2.449633896063099887e-18
3.265419619083242009e-03
-5.998963159670606983e-03
4.669054537144353909e-03
-3.111997447008947246e-03
1.800961809070405085e-03
-9.183130701662083756e-04
4.184872433114323557e-04
-1.727093858408231615e-04
6.531596335594772864e-05
-2.286171024039179158e-05
7.459592354865525071e-06
-2.275314714394220844e-06
6.453520587356964412e-07
-1.664607981209474434e-07
3.643387718473552109e-08
-5.011883207700292618e-09
-9.422070248973469677e-10
1.260328823998164510e-09
-7.600442055608265011e-10
3.744837444547410152e-10
-1.676359159484225716e-10
7.100056396759107937e-11
-2.939262161693598923e-11
1.314526625534460664e-11
-4.416558594640997224e-12
1.257117361936158792e-08
-2.368480870055060142e-08
1.977192586073149086e-08
-1.456122319131912544e-08
9.381476940263158174e-09
-5.213082140746557772e-09
2.438311868699985461e-09
-9.170346550673976852e-10
2.493532294108061132e-10
-3.170702687435800754e-11
-9.121291096849442350e-12
5.668293528325175881e-12
-6.640453147317917597e-13
-4.328854019021816452e-13
1.621759543570360784e-13
2.299025843804969846e-14
-2.340651844085147777e-14
-3.169666391268294029e-16
3.211435436249685846e-15
-1.532607243008630417e-16
-4.669460517727580511e-16
2.998786538014237341e-17
7.601571995528173801e-17
-3.137713741885596943e-18
-1.244607539707534785e-17
5.958673159027269017e-01
4.124628064746847182e-04
-3.073815596030010951e-07
2.599095466861521280e-10
-2.373206860506837782e-13
2.284145900295890483e-16
-8.543457289572344979e-19
9.044127323766000059e-19
-1.793068396882207978e-18
1.289173763012081281e-18
-1.620257112357762217e-19
-8.415703229288329993e-20
-6.923677639106401398e-22
6.896855059664758203e-01
1.024154555014141627e-01
1.459237028617815964e-03
-5.998081425196060378e-03
1.587668017658553634e-03
-7.823532852621472189e-05
-8.161053813618051385e-05
3.020692173476541609e-05
-3.673959858216553891e-06
-1.003542925129107483e-06
5.904519564482823386e-07
-1.170645939082446193e-07
-6.171821340684788984e-09
1.100287679473098830e-08
-3.196059021315574104e-09
2.136437299539256195e-10
1.803233079525420898e-10
-7.844997767743462396e-11
1.236179933612134207e-11
2.101144945408292653e-12
-1.734320658629113412e-12
4.298437394756228985e-13
-7.208467962885596134e-15
-3.508681278477768379e-14
1.241409155199786228e-14
8.426987714547393704e-01
4.662293789719920006e-02
-6.281193027279265671e-03
7.188596909118837724e-04
-6.008074222067777545e-05
1.014770082489226861e-06
9.410949701004486258e-07
-2.611503388587317306e-07
4.824311396167747054e-08
-7.198548731352880415e-09
8.903549753953985007e-10
-8.507764429361435210e-11
3.903869644742583213e-12
7.563733153039225879e-13
-2.858531096133569770e-13
6.075568661390340052e-14
-1.025900683040334380e-14
1.465143832637711724e-15
-1.752131832725590553e-16
1.604880537932667783e-17
-5.439361012485284109e-19
-6.077558096902192570e-19
6.438287186745651616e-19
2.117101666474038788e-20
-2.689757538155027298e-19
9.466595559852051256e-01
3.962953907549196519e-02
-1.470862555575155883e-02
5.449710489749255010e-03
-2.012816202735700361e-03
7.394783372984567536e-04
-2.694191439712154460e-04
9.696471526890493872e-05
-3.430728150762380005e-05
1.186368273173260023e-05
-3.981116602885521878e-06
1.284211077339535247e-06
-3.926310575756258682e-07
1.109781324500067461e-07
-2.744929828824202856e-08
4.974059416477639118e-09
5.865015182457101507e-11
-6.936542720363247716e-10
4.867291726523843688e-10
-2.564017076798593297e-10
1.193995351969863088e-10
-5.190187596066577209e-11
2.187825630205268868e-11
-9.907024906537138435e-12
3.344801206123977070e-12
9.877419061569382430e-01
1.222041315352537239e-02
3.756486121409304257e-05
1.154722656046424373e-07
3.549555341951816425e-10
1.090889648595600204e-12
3.509808137579486090e-15
-9.109877416966224520e-17
6.121364490478287123e-17
-3.402399971724541504e-17
1.730522639363444478e-17
-7.962582580625419018e-18
3.260858993583927038e-18
-1.157157348283053480e-18
3.381347989089698861e-19
-7.108741654613437659e-20
5.431047989792309653e-21
3.004136806979980388e-21
-1.935323042542141331e-21
6.479677987821914551e-22
-3.752978186889772699e-24
-2.328714175168418177e-22
4.163455459435458041e-22
6.715254515854889243e-23
-2.500914241989247838e-22
1.221259618481902454e+00
-2.199084356530680597e-04
1.571804611367853522e-07
-1.300411403358348212e-10
1.182323104579928433e-13
-1.163733207464065308e-16
1.043820073252751641e-18
-2.709211634467082846e-19
-5.517806704972854332e-19
3.556684142029759704e-19
4.717625734775814587e-19
-6.552341448805619650e-19
2.999720400694205965e-19
1.170031997248466071e+00
-5.626817342226032165e-02
-1.200953380802182802e-03
3.274298482091783299e-03
-8.130209578973702752e-04
3.042095020954229241e-05
4.264329038436254991e-05
-1.487876002102334030e-05
1.705229343307975068e-06
5.044606321830852402e-07
-2.856735636614336263e-07
5.645491939662203499e-08
2.719915684728674380e-09
-5.228340498197776016e-09
1.561146640834677408e-09
-1.223444634921956631e-10
-8.217028859268123927e-11
3.832472774993575812e-11
-6.679802579740756817e-12
-8.024716169295684719e-13
8.347020157670561735e-13
-2.284128269298772432e-13
1.129014395255272171e-14
1.646288223417213090e-14
-6.499693523876550713e-15
1.084742125506206190e+00
-2.632474964387676586e-02
3.590546730465137611e-03
-3.984718770669305981e-04
2.960113074062988031e-05
3.498525833741356958e-07
-6.488606185663971873e-07
1.535216643779609129e-07
-2.586132666230367120e-08
3.556399971029343051e-09
-4.016258870408111761e-10
3.310906856645805356e-11
-5.590969094967645240e-13
-5.258628265459128768e-13
1.505450835071170823e-13
-2.915075279561254271e-14
4.648449177664706053e-15
-6.352582298876983685e-16
7.297954061300097055e-17
-5.737825662413043085e-18
-1.887000989649636811e-19
1.064851920120551738e-19
-7.656851126196549310e-20
-2.503711760760283128e-19
2.654306813253951163e-19
1.027640063075007548e+00
-2.108735069642988375e-02
8.031195707370056280e-03
-3.049400951707878157e-03
1.151679318855543602e-03
-4.312228714108198445e-04
1.593789368143553968e-04
-5.783181427200547023e-05
2.046898519275999490e-05
-7.012044795147448026e-06
2.302108397361115365e-06
-7.142011321937246470e-07
2.044389164088105074e-07
-5.131978727621661086e-08
9.664880841053492518e-09
-1.880397496257772373e-10
-1.102229995603738766e-09
7.946051164013597249e-10
-4.159346838910449794e-10
1.905327505738407668e-10
-8.092706690253138779e-11
3.275908733008066044e-11
-1.297883002986309414e-11
5.539807878505137440e-12
-1.808197979463643444e-12
1.006185858778710251e+00
-6.185858778709985191e-03
-5.711133973203346657e-16
4.875341714247726210e-16
-3.900425636723870869e-16
2.919460174559002281e-16
-2.039638272128731600e-16
1.325836216070805172e-16
-7.985057938929688369e-17
4.430439149697083890e-17
-2.246983174780577871e-17
1.030142346073068577e-17
-4.197851950347708104e-18
1.478731148605141006e-18
-4.267630199151166958e-19
8.788123754725899353e-20
-5.445776276833740445e-21
-4.756816978000361668e-21
2.248542988259594937e-21
-3.839651910076134094e-22
-7.716875849368270269e-23
6.106945115005098293e-23
-1.055728738299594984e-23
-3.570656167636954174e-24
1.991950717662692421e-24
8.186501020855587729e-01
