6.587547382008826502e-02
-6.130555243832686507e-06
2.030112836281753062e-10
-6.127737028104858898e-15
1.806632044796488650e-19
-1.572524680667819081e-23
2.021834952684569101e-22
-1.721702002483846851e-22
1.306537216422136972e-23
3.593360150716592890e-23
1.230866631449387465e-24
-1.720191934525268591e-23
1.295561562315645606e-23
6.309352353107176847e-02
-3.562818349806691140e-03
-7.581568257013045946e-04
3.200049642528173303e-05
2.978606200240632102e-06
-1.905357854786828500e-07
-9.304280480683259993e-09
9.544098789949924080e-10
2.151206811333853633e-11
-4.319041760629455394e-12
-1.046715816013704783e-14
1.807673570800931221e-14
-2.905973238741976864e-16
-7.007670650547908585e-17
2.532854953681383521e-18
2.401960085782723439e-19
-9.188083559473162746e-21
1.913869600656875551e-21
-1.069026681866473320e-20
-2.928256766348756283e-21
1.140633919393126784e-20
-1.715791341388448670e-22
-2.664862342762213075e-21
4.238692930968206578e-22
-1.670346547872716510e-21
5.114679866303004779e-02
-7.949216988273881401e-03
-2.361656136545102220e-04
5.142908405347437057e-05
-1.261727101023252830e-06
-1.573706106679377318e-07
1.211113647478315308e-08
6.651145261297139721e-11
-5.003731270357288278e-11
2.068848896207597607e-12
9.628195281825649712e-14
-1.258544567747609575e-14
2.276834412182353872e-16
3.819115561446838578e-17
-2.744994050507874360e-18
-2.639983279312121334e-20
9.217622563770247511e-21
2.208367801448786865e-21
6.362008232013421260e-21
-7.517099722586710273e-22
-5.831344430358306737e-21
6.504613674390408456e-22
5.372290606216096005e-21
-1.048458546902915812e-21
-2.685294742819639104e-21
1.304173515166985771e-02
-1.929078602646741580e-02
8.568514942119565686e-03
-2.230400078700148399e-03
1.506649768510143368e-04
1.558264484070922141e-04
-8.630105728088736223e-05
2.541516574897160189e-05
-4.096748531975166227e-06
-2.756335185344176936e-07
4.623331784411092672e-07
-1.870418419757992074e-07
4.736935086771609348e-08
-6.383257097047234094e-09
-9.341380223284814866e-10
9.484334849127120925e-10
-3.605659567100111964e-10
8.918992331950840405e-11
-1.189018661550927450e-11
-1.760999269155010378e-12
1.791549612878736996e-12
-6.913669117499465543e-13
1.749699315535406722e-13
-2.212434417032974399e-14
-2.563388641883811552e-15
6.689751408955064006e-05
-1.191064778366226134e-04
8.318914322486514713e-05
-4.394025767926004630e-05
1.590325710303640779e-05
-2.656661524322019153e-06
-6.933987118531127227e-07
4.493538988090063449e-07
7.795596901178928920e-09
-6.043083137566575868e-08
2.470216835846155971e-09
9.260925538520803963e-09
-1.122094914009994053e-10
-1.604125622088310154e-09
-1.538244097005833573e-10
2.809589861681960634e-10
7.945415101656747734e-11
-4.090147714059818467e-11
-2.628536235604857439e-11
2.023784431025206014e-12
6.419640877775384823e-12
1.516394538935392177e-12
-9.163036780526306286e-13
-5.480742925630843359e-13
-3.431966687919306706e-14
9.148531453680962544e-01
4.660375758946943696e-06
-1.438481784137541086e-10
4.337960322549245756e-15
-1.291501539359583607e-19
4.618337705130107066e-24
-2.713085579090933956e-23
4.256499597244042323e-24
-5.957905776665157573e-24
8.470872878459859266e-24
-6.676650506175497033e-25
-1.368598819714269607e-23
1.223687766537830140e-23
9.169765524760687958e-01
2.721951001692303213e-03
5.827638306764181984e-04
-2.268002375868655293e-05
-2.112308613439805226e-06
1.346212810103327813e-07
6.539481336513195921e-09
-6.798214625818012209e-10
-1.513000920527376675e-11
3.098741917910147811e-12
6.867023593995885235e-15
-1.302848942571102294e-14
2.102472745616186425e-16
5.063749210825532005e-17
-1.815037036246242307e-18
-1.734988847791506614e-19
6.242330052281350016e-21
-1.829410938447845673e-21
1.771959928119407782e-21
-4.232464003909300618e-22
-4.449544683090278843e-22
-1.657655338949312464e-22
-6.590126361067820585e-22
7.458416591960396102e-22
5.810852890632663308e-22
9.262269802882231451e-01
6.223651008673595011e-03
2.158858291982032075e-04
-3.665390398058535006e-05
8.644196424822692521e-07
1.094917911321157206e-07
-8.570045761549766228e-09
-3.749611396075151318e-11
3.550329959294620295e-11
-1.512798485142789822e-12
-6.776331789502915907e-14
9.129801258430289011e-15
-1.694634059944576798e-16
-2.774394381965664651e-17
2.005441971562366750e-18
1.107711695572773659e-20
-8.816251850276012268e-21
1.129399527407368804e-21
-4.148883671277383344e-22
5.410950597379360031e-22
6.881575314529049100e-22
-1.119702863452333059e-21
-7.766196532464356553e-22
6.442535228280346170e-22
3.376107223963997125e-22
9.634456427399875622e-01
2.344261031509405416e-02
-6.341172365171813749e-03
1.198654491068321592e-03
-1.503161128785304960e-05
-1.082667535372431927e-04
5.522837649887561495e-05
-1.674555361812200781e-05
2.969520071381766826e-06
8.822223881997540344e-08
-2.984870463000459097e-07
1.303260479505020553e-07
-3.487884341026587774e-08
5.182381428843326060e-09
5.010327312450484118e-10
-6.576821503504399369e-10
2.624934049053100608e-10
-6.746814628547101857e-11
9.722742131385165722e-12
1.037275826506246228e-12
-1.288749591317905937e-12
5.173955222993973084e-13
-1.347522979483940919e-13
1.804991432396092019e-14
1.624962165984654097e-15
9.908106455763823206e-01
9.168146399224879131e-03
2.119619574842845791e-05
-1.280368108646497859e-08
3.852896562190300417e-08
-2.042270046557293725e-08
8.922394077285971416e-09
-2.986372973780345776e-09
6.226694321603247815e-10
1.199285554036263592e-11
-6.235059815997796413e-11
1.775302674578770963e-11
2.071569678589694905e-12
-2.541649804291896144e-12
2.469171190258719285e-13
2.881534968626709378e-13
-7.267457133011218555e-14
-3.296849996982789657e-14
1.336035189975428788e-14
4.294142091871024650e-15
-2.242470788464422085e-15
-6.737260296254738186e-16
3.759597894760176698e-16
9.937258433455356423e-17
-5.776900545680440905e-17
1.043392850188168630e+00
-2.341548150234461167e-06
7.020305447890283886e-11
-2.046605376752709682e-15
5.886457033228889856e-20
-4.233565467303453284e-23
1.692859025303366471e-23
3.701796055469326402e-24
-9.741601588968687261e-25
-8.193067530487221831e-25
4.272424062195971533e-24
2.612550412543310685e-24
-5.356361032365788538e-24
1.042324379490138453e+00
-1.370101965431435188e-03
-2.939608801462701673e-04
1.111565427593208732e-05
1.043267643478313017e-06
-6.399736610487823462e-08
-3.171314085874548057e-09
3.133646860471909333e-10
7.364382131638322915e-12
-1.387308977517114730e-12
-5.227707375663462372e-15
5.682089586424421757e-15
-8.058259009048890025e-17
-2.160221095516293316e-17
7.170322204820130024e-19
7.371543511273849217e-20
-1.602300503772745850e-21
5.008704290917336946e-22
-9.246349623177650132e-22
1.568435174020082489e-22
-7.733464648269524932e-23
-9.273199363024639447e-23
9.080033204978155618e-22
-1.144186720125518935e-22
-6.496697878789769782e-22
1.037650418322384249e+00
-3.153500707781308442e-03
-1.128160645247443245e-04
1.835644908087009794e-05
-3.969253750624552856e-07
-5.514373273732018545e-08
4.031161707389776913e-09
3.153520256762007132e-11
-1.679880936392238555e-11
6.418239585130003031e-13
3.428444708957892432e-14
-4.011152795877444461e-15
5.626186793421538045e-17
1.263355531420491243e-17
-8.100946532647303807e-19
-8.681877339746796914e-21
2.438687813803677243e-21
-4.403557355954407155e-22
7.128842476715590379e-22
-7.704022786880432976e-23
-2.903251943266927256e-22
7.874723441532545044e-23
3.755258228825942091e-22
-8.507429135612798942e-23
-2.306943526145252010e-22
1.018598379636558526e+00
-1.203489864691522498e-02
3.258576432902528935e-03
-6.061524200623133766e-04
3.952174857988561984e-07
5.828285788467614818e-05
-2.870235287954787584e-05
8.391017799422055006e-06
-1.366175678197036606e-06
-1.026739808845973136e-07
1.640910409989475615e-07
-6.597364974715880570e-08
1.628001278688815329e-08
-1.956951233499790262e-09
-4.370499256206102791e-10
3.557033224508710927e-10
-1.261250617573992105e-10
2.876129897247529336e-11
-2.978460342285925263e-12
-9.526560529967308083e-13
6.777379539906566560e-13
-2.350422107951553030e-13
5.318220164688015605e-14
-4.334401335030308176e-15
-1.755341268342419443e-15
1.004626534812488092e+00
-4.626506830419999106e-03
-4.943584384370092446e-08
3.570189565572947147e-08
-2.231458038637839356e-08
1.184798545690259137e-08
-5.165843657838300148e-09
1.722705849802691016e-09
-3.556447853266322097e-10
-9.010641097140211947e-12
3.651256119284662967e-11
-1.019616274324018716e-11
-1.279642130703900051e-12
1.484733530445680243e-12
-1.354855125742744433e-13
-1.702777475420543386e-13
4.160638039971852236e-14
1.967260069675045010e-14
-7.728835649108660119e-15
-2.580062026107957104e-15
1.302438052698051689e-15
4.058511355523359715e-16
-2.184886241580705013e-16
-5.996181362573384617e-17
3.363052286115459449e-17
9.569804086171570523e-01
