7.345177172740544047e-02
-7.854998733382765431e-06
3.016691606143420619e-10
-1.063661108866290492e-14
3.688761038344034659e-19
4.001562558729159200e-22
-4.405359810232226684e-22
3.026778020269001247e-22
1.862074978226160361e-23
-1.460540401663432206e-22
6.678403255218541556e-23
-8.744205162642947926e-23
6.662416336733987961e-23
6.991904721795789979e-02
-4.515293034377348275e-03
-9.483416167194211972e-04
4.654761810767071904e-05
4.163329056345859608e-06
-3.184842723261902859e-07
-1.400989570588915627e-08
1.829493520297474851e-09
2.942941154369081558e-11
-9.439812843941154419e-12
5.937898126692328836e-14
4.456053066341146745e-14
-1.260748914863282737e-15
-1.910378322367143842e-16
1.046779698665784046e-17
7.365620384417893912e-19
-7.932326808609750037e-20
-4.070079038766548367e-21
2.052253011755361078e-21
-8.186518753964052259e-21
1.070566089338844901e-21
3.720843085572668218e-21
-2.646314080469833976e-22
8.610929619085087552e-22
-1.721063565271122573e-21
5.513002748025118416e-02
-9.662391580780140335e-03
-2.175458565388525725e-04
6.695765977431039704e-05
-2.339357224866946526e-06
-1.958759247363186360e-07
2.068758944876535222e-08
-2.042235129700520283e-10
-8.068144946292714729e-11
5.210277579899971675e-12
7.514782986390707957e-14
-2.720842892425071747e-14
1.163037969937233919e-15
5.729469620767626409e-17
-8.433561146253526957e-18
2.229869758726657929e-19
3.234253309232773450e-20
-5.466103158499451306e-21
-4.369264587122571755e-21
-5.160783591747378930e-21
2.372675999814921854e-21
5.032069882838873308e-21
2.484337846693916336e-21
-1.321453322614561930e-21
-2.951674895680119589e-21
1.308520396699145751e-02
-1.990583997899667001e-02
9.443467232087743649e-03
-2.788955090078658588e-03
3.512491817686084496e-04
1.237981512863923995e-04
-9.511162845793398623e-05
3.387499218315682243e-05
-7.509627699762895322e-06
5.832595234601853900e-07
3.729792948853079064e-07
-2.275713803810619602e-07
7.675360116076907235e-08
-1.732172123885668850e-08
1.763607221122566288e-09
6.319863171414675498e-10
-4.568447412804257171e-10
1.674685615754969081e-10
-4.226288921894004355e-11
6.221041917723037915e-12
5.970635267408768226e-13
-8.293613518212863979e-13
3.550917798210914582e-13
-1.050416972317752134e-13
2.048474363009680051e-14
4.750352193563855079e-05
-8.503581971736112928e-05
6.044432346448687067e-05
-3.306605019172254825e-05
1.284930154172422284e-05
-2.699560313847425003e-06
-2.863037697064403836e-07
3.534665307433415167e-07
-3.412393297382946475e-08
-4.062800253640196953e-08
8.065291534519628388e-09
5.759429684043843294e-09
-1.228480606544910948e-09
-1.021236158999167849e-09
1.287292540428607771e-10
2.026556827140597894e-10
6.143477607090494689e-12
-3.902031617381955237e-11
-9.453051068649743938e-12
6.010910942500066906e-12
3.618838444494897212e-12
-3.331564852117550931e-13
-9.154269746395075184e-13
-1.199054106998385169e-13
1.347941291291842978e-13
9.054605068761457654e-01
5.961207931650863359e-06
-2.136611642915316274e-10
7.525550096078582068e-15
-2.629514782384158099e-19
-5.276529007122490396e-23
7.895226903964591178e-23
1.330022433982850534e-24
-5.951052862599485160e-23
2.010273491690418714e-23
2.010539490181212773e-23
-1.801088495513891920e-23
4.580037119754655909e-24
9.081539278731532994e-01
3.446209165227395559e-03
7.289368675763199367e-04
-3.297803992856834728e-05
-2.951979379986653323e-06
2.248700928472128267e-07
9.830573618771694585e-09
-1.301217278064658406e-09
-2.055813253386802726e-11
6.756195596189168936e-12
-4.364046966563607490e-14
-3.201087779361439226e-14
9.039034486714285915e-16
1.375132665768230946e-16
-7.458224197904413353e-18
-5.219757314809770758e-19
5.001000270606432049e-20
2.524334312537474002e-21
-4.602730403735774349e-22
2.654721112986907307e-21
8.287389052432270498e-22
-2.183161269391424506e-21
-3.668142956605617059e-22
4.638841005184110694e-22
-8.881596970365263456e-24
9.196148435230210305e-01
7.585373872013481678e-03
2.146621733595228758e-04
-4.778751647781318278e-05
1.608406131771511313e-06
1.357875521651867383e-07
-1.458681166965903801e-08
1.610281976739618167e-10
5.693165483783846876e-11
-3.775911228080068114e-12
-5.061782793012162454e-14
1.965950347575786521e-14
-8.493370662511134257e-16
-4.169627124336386587e-17
6.141079141186945827e-18
-1.528896154400404680e-19
-1.818449030407468127e-20
3.209207852286019463e-21
-5.194592461096489263e-22
-1.238988166141820179e-21
-5.518283691240110798e-22
7.195471563727696058e-22
3.164591676593135372e-22
-3.439951256253888677e-22
1.835408284157541314e-22
9.614384271060458786e-01
2.534220332322705688e-02
-7.228560242764826664e-03
1.556187088591123695e-03
-1.226216490424866974e-04
-9.225345384592210593e-05
6.051531440800843683e-05
-2.190322182928960404e-05
5.205162101014974062e-06
-5.287661066525413701e-07
-2.171992673662541618e-07
1.530494148041566713e-07
-5.483680670960596859e-08
1.308040544328058163e-08
-1.547494335593196007e-09
-3.854895229423454539e-10
3.211831660707779691e-10
-1.229691003125673717e-10
3.218296908086761982e-11
-5.070327576464504774e-12
-3.152951432853803676e-13
5.980288003115915670e-13
-2.666926575786985581e-13
8.099441796458209262e-14
-1.617107975910433691e-14
9.904453967676938309e-01
9.531704085847301708e-03
2.286130108660195995e-05
2.620738057387753690e-08
1.838168684268252772e-08
-1.007447319101451572e-08
4.657765767377837987e-09
-1.712517701509452300e-09
4.403799329391458367e-10
-4.060800581050414199e-11
-2.456923675671858971e-11
1.193799742309467463e-11
-8.641291910351582052e-13
-1.114664826429335359e-12
3.470489918369516650e-13
7.358460053535886834e-14
-5.705361055239222591e-14
-2.590562790315195216e-15
8.377711618738791187e-15
-2.761982709693533624e-16
-1.265769672545071485e-15
8.358560352850869720e-17
2.128728328605488311e-16
-1.128035190864332591e-17
-3.585285090636826158e-17
1.048279891996453772e+00
-2.997115292128337834e-06
1.040719273022375301e-10
-3.534748087374164900e-15
1.189976024361136488e-19
2.018988022971382162e-23
-2.565424465704815084e-23
-6.253745326237532357e-24
2.976348205733823000e-23
-1.189100113430771104e-23
-8.618921775725067761e-24
1.167154632192261195e-23
-4.681720700332709371e-24
1.046923197448748066e+00
-1.736595789976078759e-03
-3.683114104137461919e-04
1.614802568676018541e-05
1.459940880874676977e-06
-1.066160866449182741e-07
-4.790189126320079041e-09
5.975517744546577270e-10
1.036763995991697144e-11
-3.012655686259680783e-12
1.354887899856510734e-14
1.391541459091362814e-14
-3.573450344950269472e-16
-5.860071525825523715e-17
2.965039437852583387e-18
2.193390652136711687e-19
-2.058072486370479007e-20
-3.771094548651307958e-23
1.312878902837538048e-21
-2.141604404881006670e-21
-1.224497627293617432e-22
7.400894183843638263e-22
-7.275181310472952167e-22
2.588425200733320377e-22
3.628869167984536008e-22
1.041121290688725720e+00
-3.853237788306766460e-03
-1.140347500802277059e-04
2.403240999738456336e-05
-7.504820747633115095e-07
-6.964908998797090072e-08
6.908713182779311886e-09
-4.992111527766630577e-11
-2.742007526033688889e-11
1.641795153290197279e-12
3.233855559348776296e-14
-8.815670968663384604e-15
3.304450474551798122e-16
2.061573666395024875e-17
-2.563899531719087178e-18
4.903045784927213738e-20
9.031775800396186971e-21
-2.107313926491161398e-21
2.875898436426011076e-22
1.595144564971033213e-21
-3.846466911970001855e-22
-9.954306754877026664e-22
3.619982791358331305e-22
4.089682977790505319e-22
-2.579316330828808395e-22
1.019649639318090273e+00
-1.304621520093358911e-02
3.730294620131865448e-03
-7.932608856106529048e-04
5.475253946090123636e-05
5.128537099859585243e-05
-3.200689339532679123e-05
1.118601867557303665e-05
-2.507555141578020516e-06
1.890854556757751787e-07
1.353807513771106187e-07
-8.151327446899028251e-08
2.699945883407178096e-08
-5.801719153158967436e-09
4.489942841451702846e-10
2.792810110725332314e-10
-1.711000242779222137e-10
5.814534592087694580e-11
-1.339793441417711976e-11
1.516793411000377886e-12
4.060399212080235925e-13
-3.255416161519604659e-13
1.228643233738449735e-13
-3.198541441636678436e-14
5.170741768367396111e-15
1.004811752787192924e+00
-4.811739877312053507e-03
-2.294566869674572033e-08
1.685159359424433546e-08
-1.080636033807311685e-08
5.958305445940493758e-09
-2.749629031293528257e-09
1.007811122524661607e-09
-2.573863098125975067e-10
2.274136367216595971e-11
1.483676156841781971e-11
-7.048795103182845608e-12
4.706622923852679553e-13
6.709838273875044895e-13
-2.033783576328192699e-13
-4.554603899152319005e-14
3.390069332764895394e-14
1.796861050331973556e-15
-5.015848009143035952e-15
1.295698494831662956e-16
7.610057463579844982e-16
-4.454454769719704520e-17
-1.282386188727150954e-16
5.840611281171147499e-18
2.174393416272736986e-17
9.523535716178928023e-01
