8.460574870965171801e-01
-2.794596466958793740e-02
8.527523774324723442e-04
-3.289699515669007021e-05
1.415010067372441228e-06
-6.475610185052237565e-08
3.084245173171227419e-09
-1.510506545453398997e-10
7.551332514663848473e-12
-3.835128035194442368e-13
1.972272662349172706e-14
-1.028675329588745546e-15
5.439653685207514867e-17
2.775368009419059701e-01
-3.374412563988917757e-01
1.433706803973334443e-01
-5.095588853082715086e-02
1.477521030815064258e-02
-2.130035679566048574e-03
-1.518055046045384661e-03
2.005268138463973514e-03
-1.576090320777558422e-03
1.030003085566660566e-03
-6.013862494026705856e-04
3.199400410972833486e-04
-1.543781694940697582e-04
6.541800540298670888e-05
-2.190127699986720245e-05
3.058763090055975312e-06
3.545946480135471327e-06
-4.738899035638698050e-06
3.952466067223929784e-06
-2.735561415803598385e-06
1.677733321069220914e-06
-9.287521063695112589e-07
4.679420102556670273e-07
-2.314227575293514527e-07
7.912002319721683886e-08
1.996398155068438568e-02
-1.853347150547728084e-02
4.996006427182512338e-03
-1.008987820374782247e-03
1.735747244910706402e-04
-2.749944351049059656e-05
4.205362772364165360e-06
-6.362839102377458690e-07
9.624463061603747427e-08
-1.459831258414777159e-08
2.220701198088991476e-09
-3.385522225496299160e-10
5.168006307196845533e-11
-7.892106162757418151e-12
1.204610220669768444e-12
-1.836053652772949907e-13
2.791821513001109176e-14
-4.230501938026625850e-15
6.380786544612157448e-16
-9.565733287216477704e-17
1.422877076551419246e-17
-2.095435088531583612e-18
3.036367596226260821e-19
-4.440673510411970578e-20
7.274819649387085460e-21
8.226749545359615754e-04
-1.529332119769926833e-03
1.231948531181407524e-03
-8.672690800546269292e-04
5.397858115617651473e-04
-3.009708199211681917e-04
1.524197790678724076e-04
-7.108393644058899597e-05
3.094691610932042070e-05
-1.274370024461196446e-05
5.025985041968301893e-06
-1.920210281535888285e-06
7.177744818930802028e-07
-2.646340571538137791e-07
9.681696392570817066e-08
-3.529366951098350645e-08
1.285210590895445070e-08
-4.681295074217257223e-09
1.706589960672859755e-09
-6.228035270643285286e-10
2.275732402991701653e-10
-8.339928487050893194e-11
3.104598341862571642e-11
-1.281769624234193165e-11
4.143841333575239036e-12
8.416812760629254597e-10
-1.592920398409649360e-09
1.348210488191103395e-09
-1.017044378233801377e-09
6.793987618444432029e-10
-3.976329020644352332e-10
2.003836947204070634e-10
-8.437991016656275227e-11
2.798520686122902110e-11
-6.255020868347032618e-12
3.021053854871094706e-13
4.100154811517618720e-13
-1.516215210362135237e-13
1.211691289550421601e-15
1.538720013533330440e-14
-3.295219387456249420e-15
-1.205586481172182594e-15
5.808445298080674403e-16
8.333914580984132211e-17
-8.542483665464452017e-17
-5.390725933462985146e-18
1.247825114813781522e-17
5.014982727003903266e-19
-1.602406197725831163e-18
-1.139273583732432419e-19
2.614395110891198359e-01
1.326335065829636374e-02
-2.883889046618674898e-04
8.664454612126398393e-06
-3.066976538907508287e-07
1.197352968154797539e-08
-4.987891669097087718e-10
2.175857710645858776e-11
-9.824042677917447583e-13
4.555468349073146958e-14
-2.157843372272409841e-15
1.043598445405224802e-16
-5.133259072829826870e-18
6.550660666997792925e-01
2.672995847385155610e-01
-9.117427574438409510e-02
2.549393795503664475e-02
-3.986239775429770670e-03
-1.628278329603373388e-03
2.230882690961076553e-03
-1.623226679369170911e-03
9.629978207100271153e-04
-5.049487273987309476e-04
2.380302300701523787e-04
-9.911948759700300025e-05
3.379488230874074596e-05
-6.562246857560272136e-06
-2.774682317180500605e-06
4.633547080994187430e-06
-3.909744611714963742e-06
2.655901881381170544e-06
-1.586963512149939018e-06
8.544565287409944753e-07
-4.117287741270228023e-07
1.687365144376529718e-07
-4.732524124510929486e-08
-5.747015047397272838e-09
9.853430655327014774e-09
8.933270174367548000e-01
3.446683820429076450e-02
-5.522864502320963195e-03
8.740973342802458483e-04
-1.363126576280416819e-04
2.094189415390249883e-05
-3.174151322497703281e-06
4.756212669261520249e-07
-7.058342957934659259e-08
1.038579821188815012e-08
-1.515688977686425427e-09
2.192879543403676786e-10
-3.141476478121526675e-11
4.447318300385060153e-12
-6.202831094317608631e-13
8.484434925282098470e-14
-1.130050779406098800e-14
1.448263325057643035e-15
-1.747080743111951892e-16
1.890622887058469230e-17
-1.586178647277634109e-18
2.359101624605414129e-20
3.180707720284532243e-20
-1.022389288318609645e-20
2.645729788754472248e-21
9.650315603716058677e-01
2.624421728520712205e-02
-9.847876384294728183e-03
3.694997461492880147e-03
-1.386165862883521546e-03
5.198676873262164785e-04
-1.948809153105019300e-04
7.300287683733131612e-05
-2.731967891427734642e-05
1.021010982222620706e-05
-3.809388030091345192e-06
1.418447042032003462e-06
-5.269811744836373849e-07
1.953132383212401435e-07
-7.221024603039456144e-08
2.663281075815071289e-08
-9.800412995523603958e-09
3.598869821883707830e-09
-1.319117187652726103e-09
4.827374712120479300e-10
-1.764579396165649802e-10
6.454877077153884838e-11
-2.393247026159547382e-11
9.813808504648880358e-12
-3.154925903326345096e-12
9.920415847935436515e-01
7.942549635262873692e-03
1.583394223938648900e-05
3.156589991194497021e-08
6.292848836775902253e-11
1.254510444904412613e-13
2.505387205404712941e-16
1.991579578973195472e-19
1.899170524124581434e-19
-1.109142137804775749e-19
6.028220070986112492e-20
-3.008017448382057706e-20
1.366616319770315068e-20
-5.588438385683416190e-21
1.991064509657712154e-21
-5.929853282896245376e-22
1.358370278267101279e-22
-8.964634263887619423e-24
-4.017055630705550460e-24
-6.884886496065479953e-24
-4.339373009877216170e-24
4.245835743216498484e-24
6.975217906473630017e-25
-1.874066560879913539e-26
1.695984359724049790e-24
1.469421631948346629e+00
-1.121228982077162629e-02
3.039568523040085939e-04
-1.079899450908271166e-05
4.364829327138198604e-07
-1.901050147828250756e-08
8.692005020742049250e-10
-4.111950247163467429e-11
1.994915637262986957e-12
-9.867882504789943760e-14
4.956817646452908613e-15
-2.530661752309243243e-16
1.310832264011294920e-17
1.202110231059241086e+00
-1.702733610391205521e-01
6.369419891665595301e-02
-2.077996374120935977e-02
5.134166589503402593e-03
-1.265804906312996642e-04
-1.051128370942085340e-03
1.016692903072530848e-03
-7.101963901594005165e-04
4.274072164317234911e-04
-2.318819614094108476e-04
1.143007608480848256e-04
-5.027230562515962945e-05
1.848057578414439875e-05
-4.325823879802950026e-06
-1.002340975218528575e-06
2.350877779681646146e-06
-2.165846743921279116e-06
1.564141064683340095e-06
-9.859950055991209626e-07
5.588534055440597655e-07
-2.845059026089416822e-07
1.270567935139180644e-07
-4.975827783644541283e-08
1.338362488328734725e-08
1.056389850113157447e+00
-1.910406273925564433e-02
3.179838791737814134e-03
-5.170400354449354759e-04
8.204818522073763025e-05
-1.275219872767348500e-05
1.952675857500976305e-06
-2.963212017078171116e-07
4.476084895185469469e-08
-6.747250782915077124e-09
1.015895847680680996e-09
-1.527642636990475792e-10
2.292781177482462442e-11
-3.431386359518822395e-12
5.115214347181420694e-13
-7.585513990526380914e-14
1.117271256612264334e-14
-1.631318399000610403e-15
2.355132348847754897e-16
-3.350191458726548691e-17
4.673156635528361526e-18
-6.343634469883772778e-19
8.265845405017012705e-20
-1.007335331176652888e-20
9.635916147718252402e-22
1.017901111094264621e+00
-1.367390969506462710e-02
5.221828930992445002e-03
-1.993646762697077763e-03
7.608216874862001964e-04
-2.901308999079656257e-04
1.105085557087540576e-04
-4.201962077209068542e-05
1.594003523148697477e-05
-6.028691213370008317e-06
2.271915698429696627e-06
-8.526956332036012498e-07
3.186495688303371660e-07
-1.185602990746267759e-07
4.393056826739299467e-08
-1.621746354975033399e-08
5.968171709722015249e-09
-2.190941482387401096e-09
8.028684277383809567e-10
-2.938744208154123990e-10
1.075238539922423989e-10
-3.940875833177216891e-11
1.465968322393910354e-11
-6.044759464195826760e-12
1.952060642088224273e-12
1.004003063010687313e+00
-4.003063010687211813e-03
-2.210282953610043305e-18
1.910488551012660135e-18
-1.555892025907866333e-18
1.192292824270942110e-18
-8.581738732026600938e-19
5.787939142753937902e-19
-3.646517626203265057e-19
2.137325654349687789e-19
-1.159206313449835823e-19
5.775357249885495545e-20
-2.616223734605581538e-20
1.061328601786958553e-20
-3.762388873070314964e-21
1.113947077513703176e-21
-2.474736816792026650e-22
2.568568609402289661e-23
8.444022560102587973e-24
-5.318850291998944443e-24
1.228624183975884771e-24
4.527373766849964415e-26
-1.265124606002143843e-25
3.023870810009773458e-26
2.471324284190812902e-27
7.851414878450557744e-01
