9.913579494822875038e-01
-1.440790091018968044e-01
2.680414407396305293e-02
-6.383703776572502604e-03
1.691950638791763417e-03
-4.761588602578608947e-04
1.392575809784176084e-04
-4.183108468783961300e-05
1.281569478892708869e-05
-3.992294770296482034e-06
1.279846996367590724e-06
-4.696247418425406402e-07
1.430141828698525553e-07
2.615869384846456480e-01
-3.132380752462907147e-01
1.488535318134551477e-01
-7.089561852056577851e-02
3.547430869500657613e-02
-1.841475088469743393e-02
9.746345322289488508e-03
-5.195633132730825311e-03
2.765145791605330867e-03
-1.457886369344641494e-03
7.550892515635570070e-04
-3.799011704746415989e-04
1.823798676071360200e-04
-8.072103750473941469e-05
3.022363310288801472e-05
-6.544237245642662810e-06
-3.463922149681891352e-06
6.802617418321894722e-06
-7.123405371311993107e-06
6.272637364304865261e-06
-5.141567520914652387e-06
4.129826608490643623e-06
-3.394659595347355875e-06
2.985894034351285984e-06
-1.403339005589728593e-06
2.420898267077463764e-02
-1.982839220084390078e-02
4.688243085357128408e-03
-8.431402294439133398e-04
1.325190245028157882e-04
-1.977193519419603046e-05
2.929192138681662377e-06
-4.389654893728993868e-07
6.681240724794121820e-08
-1.031355678762063324e-08
1.610609697994650936e-09
-2.538813605777822617e-10
4.032446824137814979e-11
-6.444928184920814749e-12
1.035439639710961357e-12
-1.670828367894450412e-13
2.706170988781248883e-14
-4.397095384092349700e-15
7.164360768725078685e-16
-1.170169065178202655e-16
1.915272764884204394e-17
-3.138012235728466579e-18
5.152066837681362076e-19
-8.789703971255455416e-20
1.412926535453479623e-20
1.338912155238701062e-03
-2.454070618956599118e-03
1.899236050100021247e-03
-1.258160485064465945e-03
7.260206922057251032e-04
-3.718398116122593349e-04
1.722274779053804199e-04
-7.347516865008875083e-05
2.938525313443911049e-05
-1.120199943371983530e-05
4.132333276844074497e-06
-1.494208451611493284e-06
5.349201614547556078e-07
-1.909153413466774352e-07
6.821304572130516803e-08
-2.444812890197176830e-08
8.795566851816382627e-09
-3.176171781470134322e-09
1.150875472579179904e-09
-4.182997070324139622e-10
1.524888372526115521e-10
-5.583862555411949616e-11
2.080292585606321059e-11
-8.610677308490550036e-12
2.789692556879485317e-12
9.627849678914858793e-09
-1.807197736029410045e-08
1.491489097388518664e-08
-1.076686022895915137e-08
6.730060917592340058e-09
-3.579230476618066609e-09
1.569650046232675454e-09
-5.327701287239493852e-10
1.176690867625971113e-10
-3.132032728561984608e-12
-8.852034600743248060e-12
2.764340055486018475e-12
2.212602221297674485e-13
-3.437304630945074945e-13
3.334844151494052474e-14
3.732562435157179359e-14
-8.357851904210248835e-15
-4.368305166524365883e-15
1.410803320176062870e-15
6.030978055775560109e-16
-2.165921846855351311e-16
-9.893581904223995633e-17
3.119071966038222335e-17
1.485422519374989055e-17
-3.604473533365073243e-18
1.924619613751777092e-01
5.773119674894745118e-02
-7.263955057870091422e-03
1.327790357865768402e-03
-2.881883894325536276e-04
6.905359736562650572e-05
-1.764822259450685041e-05
4.719918778374343295e-06
-1.305699225982633492e-06
3.712996847237598631e-07
-1.094328891078271807e-07
3.655000586824132677e-08
-1.034294193957770219e-08
6.891214900216027228e-01
2.604859950276263159e-01
-1.073712277588501768e-01
4.483295387324474218e-02
-1.905301308617106740e-02
8.147280251728224870e-03
-3.434875281234125392e-03
1.383996031123826574e-03
-5.015963357161972325e-04
1.358631901105066388e-04
3.527572038357651519e-06
-4.677919555028059944e-05
5.185219047150687081e-05
-4.389648778708721944e-05
3.324656329364490974e-05
-2.368708260130247511e-05
1.623315673874649209e-05
-1.082940864292392981e-05
7.086299856003299756e-06
-4.577416899726740713e-06
2.942492291280155173e-06
-1.909369434344129332e-06
1.286730987077515971e-06
-9.536169995440164444e-07
4.159334818826831022e-07
9.087090397084562898e-01
2.945345117900089599e-02
-4.668854889109846570e-03
7.253951560487730682e-04
-1.107996077084107958e-04
1.674535069943588125e-05
-2.521199526716120907e-06
3.801214873941823852e-07
-5.755980970388270090e-08
8.764042097180836237e-09
-1.341930033659039299e-09
2.065588123353341812e-10
-3.194689930726715682e-11
4.962049563433214015e-12
-7.736249228259650844e-13
1.210164875975967001e-13
-1.898583765156307711e-14
2.986277399644438851e-15
-4.707646639841542595e-16
7.435854841401386490e-17
-1.176718921663829994e-17
1.864865998667140179e-18
-2.947895027898141854e-19
4.761742436249282260e-20
-7.843875174790974719e-21
9.701309658545544945e-01
2.247182090337097871e-02
-8.451263918713088769e-03
3.176924023413186995e-03
-1.193290572117594898e-03
4.476453060495492434e-04
-1.676158363958574671e-04
6.260518583124627975e-05
-2.331079888846583663e-05
8.648772863352830327e-06
-3.196697525286414079e-06
1.177117408883900654e-06
-4.319688734270652349e-07
1.580675146402152885e-07
-5.771596835297308346e-08
2.104446225867962832e-08
-7.667853617704273267e-09
2.793584147503687057e-09
-1.018119546322034937e-09
3.713046944697218863e-10
-1.355612685390368765e-10
4.963734850682800141e-11
-1.846487394189070994e-11
7.617468025046351119e-12
-2.460313791771077835e-12
9.932188981021836671e-01
6.769583896002898636e-03
1.149843797755634978e-05
1.953060573248082471e-08
3.317381680132870397e-11
5.618703559052467178e-14
2.045644970387627600e-16
-6.841602815473015659e-17
3.974187077849370944e-17
-2.103048430325742596e-17
1.005752602191131600e-17
-4.279955333892037965e-18
1.580479033667488190e-18
-4.834563529155543874e-19
1.097022159154251498e-19
-1.123519400694847831e-20
-3.992439832299664742e-21
2.396624211496857704e-21
-4.945117552330711136e-22
-5.471278667197501004e-23
6.579983085379597037e-23
-1.527830275342084385e-23
-4.974208147180293180e-24
2.599191195026594045e-24
9.074518733247219344e-25
1.595947071210890078e+00
-7.930697161074391766e-02
1.388116826425078026e-02
-3.124903746491582580e-03
7.897217412617635150e-04
-2.134275197740907130e-04
6.027285917245849461e-05
-1.755829880371788000e-05
5.235194421129602247e-06
-1.592100246499927754e-06
4.994653831650947077e-07
-1.779367980714930174e-07
5.260850040433836810e-08
1.185789557023462448e+00
-1.746633786592363125e-01
8.292488836272646213e-02
-4.097722045704429994e-02
2.096684760485514887e-02
-1.094138357283368918e-02
5.748812740222499461e-03
-3.012379502194233172e-03
1.561388543228932899e-03
-7.934238928338425804e-04
3.904955031018746484e-04
-1.824577794554751715e-04
7.775457483640642233e-05
-2.713021613263997612e-05
4.227260470751340379e-06
4.910176194997056726e-06
-7.548514148400094205e-06
7.376929062884892157e-06
-6.198288547448988105e-06
4.841741077455703288e-06
-3.649938194544650065e-06
2.735251454222314562e-06
-2.112336618316878984e-06
1.767747149768441278e-06
-8.146391652595965230e-07
1.047794049518337545e+00
-1.598637428498896063e-02
2.601043897730469755e-03
-4.112483722345186164e-04
6.365786758445262066e-05
-9.759373524472903780e-06
1.497735766990063153e-06
-2.316303563755933723e-07
3.618886831330212639e-08
-5.710008534446458180e-09
9.085310499799187311e-10
-1.455397434380820475e-10
2.344076009871539298e-11
-3.791894124272690410e-12
6.155912683411704560e-13
-1.002347355340837280e-13
1.636171087793657378e-14
-2.676457933869119068e-15
4.386118677676670140e-16
-7.199090376214892366e-17
1.183275476029721485e-17
-1.947491608450173802e-18
3.211335662376904291e-19
-5.445520982609838085e-20
8.466415187124385183e-21
1.015240226555218950e+00
-1.163814884284354589e-02
4.441730371773497041e-03
-1.693781121811142876e-03
6.449760130084560873e-04
-2.450569137936193923e-04
9.281498809935683468e-05
-3.500841449949936772e-05
1.313890257589029708e-05
-4.903796856786424340e-06
1.819817590956370070e-06
-6.717175039194951638e-07
2.467998993522231570e-07
-9.036247640973759507e-08
3.301275481700776030e-08
-1.205022138097155519e-08
4.399791978412105108e-09
-1.608369586934442938e-09
5.890058289047641173e-10
-2.161647448824587971e-10
7.952921954450022394e-11
-2.938421029455953964e-11
1.104782478627050589e-11
-4.618339482354163527e-12
1.505239407713069263e-12
1.003408658231629946e+00
-3.408658231629627545e-03
-3.603652358181759098e-16
3.043684336405959770e-16
-2.398192101761168103e-16
1.759135666364325189e-16
-1.197825083590117052e-16
7.541525845699864878e-17
-4.366930243477593756e-17
2.308582589069108238e-17
-1.102604860264160431e-17
4.683802719375899925e-18
-1.725204025534431649e-18
5.255450674555092971e-19
-1.182211079498551487e-19
1.160424706284735471e-20
4.549267799937217312e-21
-2.638149237576448116e-21
5.241033072478658901e-22
6.911023657614555589e-23
-7.084401796488359597e-23
1.318612800386434523e-23
3.759444265662392345e-24
-2.077648752459425786e-24
1.077191281285711034e-25
8.472288249199723120e-01
