9.432764005288166720e-01
-6.966789094285086303e-02
5.631143302093854185e-03
-5.813387293352690818e-04
6.692196470187107213e-05
-8.191902494683050989e-06
1.043130065575932768e-06
-1.365330151149053634e-07
1.823647349768532931e-08
-2.473982796861152566e-09
3.399610560356319135e-10
-4.854953296877848616e-11
6.864715114211629206e-12
2.692428903126837247e-01
-3.339850046234337788e-01
1.571164069266680063e-01
-6.942764133421695794e-02
3.034072488817239621e-02
-1.292746450259770440e-02
5.140256841281333824e-03
-1.727832680842270475e-03
3.166569773563131349e-04
1.951397208039910283e-04
-3.220370083496034591e-04
3.005282817015242965e-04
-2.349185104634120215e-04
1.675014165499701569e-04
-1.124816049858296988e-04
7.218331740629618917e-05
-4.456902708168514714e-05
2.653563764468663399e-05
-1.521006761054968827e-05
8.340512359331951007e-06
-4.313033473219050999e-06
2.039603522473964264e-06
-8.243879680151274522e-07
2.488083978720477602e-07
-4.127018491719423878e-08
2.045606227342213618e-02
-1.801072731556186898e-02
4.598406954052511666e-03
-8.870791603034014483e-04
1.477090624051425412e-04
-2.299556103591338094e-05
3.503867552965964058e-06
-5.339682521394951247e-07
8.198560268407224140e-08
-1.269527316339536027e-08
1.980626788333490371e-09
-3.109382408076227861e-10
4.906606382732127240e-11
-7.775636515768341437e-12
1.236577690657778998e-12
-1.972310931963589980e-13
3.153393230282125177e-14
-5.051760857064822628e-15
8.106012325725731056e-16
-1.302364646576615016e-16
2.094854659533598387e-17
-3.375266719245562463e-18
5.441964284967969978e-19
-8.907326419401599579e-20
1.388987229512664211e-20
9.635313052989728441e-04
-1.780450187925631264e-03
1.409889876845068666e-03
-9.669368592160704169e-04
5.824798042330600351e-04
-3.130464496336980967e-04
1.525174725828687156e-04
-6.843599594486957560e-05
2.872068049835878995e-05
-1.144066073295816099e-05
4.385318325052940037e-06
-1.637259893558649642e-06
6.014137582446655828e-07
-2.190251410663680749e-07
7.949774190434683776e-08
-2.884865474737607134e-08
1.048346645105681184e-08
-3.817376644400207771e-09
1.392995911575262727e-09
-5.093488103184118827e-10
1.866290816383816384e-10
-6.863465079343413376e-11
2.566314654824466840e-11
-1.065559580082972108e-11
3.458032007919156071e-12
2.496244847819281780e-09
-4.706989320018054837e-09
3.939462594415097323e-09
-2.914391947688433133e-09
1.890699555373816441e-09
-1.061335546741363135e-09
5.039728339734871425e-10
-1.941812011487175975e-10
5.533510792391008503e-11
-8.358792307002744544e-12
-1.389803070694001616e-12
1.158302169671861755e-12
-1.875134176876234294e-13
-7.282222030911506076e-14
3.541147704767271028e-14
2.205603476359177709e-15
-4.632141614287243734e-15
2.595066699408315947e-16
5.963191999577985455e-16
-7.460252078205240374e-17
-8.349242181880420868e-17
1.258278000749983575e-17
1.345966609712743637e-17
-1.537601741525782983e-18
-2.237683612197508331e-18
2.135782523837030933e-01
2.967812643877678139e-02
-1.636068471560096381e-03
1.292799525386327075e-04
-1.214472226460929730e-05
1.262036915518445067e-06
-1.401041940548883015e-07
1.629595976167872356e-08
-1.962308559265951875e-09
2.427115030696600100e-10
-3.068238355769459440e-11
4.046532186045919250e-12
-5.325491020366824211e-13
6.739637937296439896e-01
2.712858534876825822e-01
-1.063789701735613213e-01
3.943732715851358539e-02
-1.342082960166531697e-02
3.754719371330113038e-03
-4.377297522479431185e-04
-5.038558130910858815e-04
6.210657836345161815e-04
-4.998669735749201870e-04
3.462925792282278248e-04
-2.212342209964769538e-04
1.338209934818733091e-04
-7.751283769348167835e-05
4.316568222444266685e-05
-2.308859394032089244e-05
1.178988421977871721e-05
-5.667501222031639155e-06
2.485681454067709314e-06
-9.136188235990476571e-07
1.872047735157559114e-07
1.173445946149012975e-07
-2.265987131388899454e-07
2.571000133529235171e-07
-1.284465707980829800e-07
9.047862301496151227e-01
3.087432780820035735e-02
-4.953059228637956765e-03
7.835622150896609430e-04
-1.221996737496599855e-04
1.883351710529192300e-05
-2.879211268509879217e-06
4.381636369413431391e-07
-6.655015796927605145e-08
1.010370896858660084e-08
-1.534421525711332966e-09
2.331478687121154477e-10
-3.544134916614757464e-11
5.388730772876109011e-12
-8.192745168322203069e-13
1.245039892219286679e-13
-1.890471158211905157e-14
2.866742503719223242e-15
-4.339217278655265329e-16
6.552033323044033619e-17
-9.863123533853080985e-18
1.478541225031453759e-18
-2.200988616546086256e-19
3.408893851470256092e-20
-5.053489171462209638e-21
9.688799500439869705e-01
2.340108746726124803e-02
-8.797589438605906559e-03
3.306861826126919392e-03
-1.242600239163458090e-03
4.666776283117328602e-04
-1.751241388747661238e-04
6.563906823025351858e-05
-2.456368386895784297e-05
9.174243366262025567e-06
-3.418620094004620160e-06
1.270697175389573944e-06
-4.711004975624797786e-07
1.742214047609223522e-07
-6.428380037059288650e-08
2.367299512110683984e-08
-8.704022241936581547e-09
3.196461374759520777e-09
-1.172892374823622968e-09
4.301610444146961426e-10
-1.577587718118271594e-10
5.796713577528921565e-11
-2.161951385369101321e-11
8.935064335134793135e-12
-2.888121813681666938e-12
9.929310178481753901e-01
7.056467384141997153e-03
1.249261181825431479e-05
2.211664016188114162e-08
3.915481491227890090e-11
6.931091033619067937e-14
1.282573285675423154e-16
-3.408829106295679370e-18
2.204440025351553690e-18
-1.236872040753570616e-18
6.362744994455850156e-19
-2.970498541448015338e-19
1.239994723569648185e-19
-4.517137103244110494e-20
1.374568652471897755e-20
-3.165367339141169632e-21
3.644362244242679547e-22
9.369120798112349695e-23
-6.289545633778677524e-23
1.801867441630422209e-23
1.944921945627469194e-24
-4.010331891859324587e-24
-1.969352665815787180e-24
1.580906488441526846e-24
-7.535706957702996614e-25
1.535926158602319180e+00
-3.177786553441352274e-02
2.340327050333428950e-03
-2.250451477981676367e-04
2.449680550833423909e-05
-2.864702012730560797e-06
3.510352912696901187e-07
-4.445409837342153597e-08
5.768668879564968417e-09
-7.628062600840877300e-10
1.024482477994189659e-10
-1.431315684020344492e-11
1.979195082831706733e-12
1.193510942182903545e+00
-1.780154208268683591e-01
7.859011403014036501e-02
-3.412332730359594890e-02
1.449763089302264808e-02
-5.853862441783088885e-03
2.105983064883627624e-03
-5.516884693160307475e-04
-3.255549661477785412e-05
2.044862277046393306e-04
-2.153002430813324628e-04
1.741975428264330131e-04
-1.253435507393257898e-04
8.404319348224690179e-05
-5.356549701859716992e-05
3.275242605287638357e-05
-1.928028128800966101e-05
1.092047494336009757e-05
-5.921412749298754604e-06
3.036068024232470820e-06
-1.430924898605544950e-06
5.748609110017820214e-07
-1.437510848015676480e-07
-5.035262436817290941e-08
5.113738785415950282e-08
1.049997249266763744e+00
-1.688595985730982976e-02
2.796307320285183404e-03
-4.523989661691440534e-04
7.167509296102621340e-05
-1.119484289034899906e-05
1.737070230927483994e-06
-2.694314211913613303e-07
4.192610187966475601e-08
-6.554280684555955267e-09
1.029366841214174497e-09
-1.623164439215350467e-10
2.567964457887634085e-11
-4.073466770818457980e-12
6.475137813427601432e-13
-1.030969345945412847e-13
1.643568811847604122e-14
-2.622597895916119199e-15
4.187452778766245433e-16
-6.688482334225481615e-17
1.068544002462303658e-17
-1.707689071004497968e-18
2.726771795147277210e-19
-4.452071917658523047e-20
7.047610545869970649e-21
1.015889250000898025e+00
-1.213632219885703301e-02
4.633971930454647108e-03
-1.768687130074729323e-03
6.746048015154799439e-04
-2.570154581998665357e-04
9.775361530388158729e-05
-3.709197660230051499e-05
1.403134689899607549e-05
-5.288359037939284585e-06
1.984952571627194074e-06
-7.418282983501839472e-07
2.760745853429324777e-07
-1.023508096392300596e-07
3.782450922580434119e-08
-1.394483949419047258e-08
5.133041888850698539e-09
-1.887994594321089970e-09
6.943612641004315909e-10
-2.554857331890399283e-10
9.410260248646014222e-11
-3.476699718168417751e-11
1.305742362385232687e-11
-5.447095702368298899e-12
1.772574576801822532e-12
1.003553325526329809e+00
-3.553325526329649976e-03
-2.148100667590182767e-17
1.837790527749521915e-17
-1.474937190064421783e-17
1.108626175162310970e-17
-7.786854226348231498e-18
5.095719733561549824e-18
-3.094491493582613734e-18
1.734623169784914598e-18
-8.910625555647317587e-19
4.152109345542008532e-19
-1.728672749428587140e-19
6.275606068875898137e-20
-1.899472155401696723e-20
4.315095946972740894e-21
-4.681382306184772478e-22
-1.418751253861745749e-22
9.171785735277488160e-23
-2.076367159203923070e-23
-1.180292801151108830e-24
2.312421859649174829e-24
-5.798999164594367696e-25
-8.608655555400462477e-26
7.938852607931718654e-26
8.169201538229846626e-01
