4.421667346835087553e-01
-1.179625464646920450e-03
1.728763349009980591e-06
-2.892761090704482372e-09
5.276357109733621563e-12
-1.017901143744976598e-14
2.155328838964175609e-17
9.155033979543231056e-19
-1.138330601246470824e-18
4.806427930527963960e-20
-1.855472232353222318e-19
7.805988627418563828e-19
-2.555078832199981515e-19
2.560936448106970187e-01
-1.848381996120564974e-01
1.632515434000942831e-02
1.005414117817473273e-02
-5.210912269558697248e-03
1.177077529536443455e-03
-3.780759237232971455e-07
-1.153410092164160070e-04
5.089480811054165654e-05
-1.077855965237801999e-05
-5.491314425020531410e-07
1.432654125137243043e-06
-6.052893460289619084e-07
1.220158919301957543e-07
1.159952307202291517e-08
-1.959963336385758630e-08
7.995072166667909830e-09
-1.525381033573847068e-09
-2.133618660915905346e-10
2.847525323107309271e-10
-1.122444664863171093e-10
2.023426343822027743e-11
3.680014676692154716e-12
-4.608971611914975322e-12
1.667337068812245711e-12
4.504242784529743221e-02
-3.798671855032031280e-02
8.845415301589602819e-03
-1.449006147434148736e-03
1.833101422479523274e-04
-1.789607515044677803e-05
1.052799635717432833e-06
7.284432917485071107e-08
-4.047912819401785549e-08
9.550577254995973069e-09
-1.796592691624045765e-09
2.991962732876612849e-10
-4.553550949597058455e-11
6.368920492302285668e-12
-8.072178132936096379e-13
8.837909710387417760e-14
-7.078026190834933000e-15
7.906197705138997473e-19
1.701206888988716268e-16
-4.960002382665908985e-17
1.042780206543122488e-17
-1.530098424570450684e-18
2.269036424792162111e-19
-3.028672344732663656e-19
-1.037909303772018158e-19
2.241461038472654030e-03
-4.144907824657323089e-03
3.287679822861968616e-03
-2.257503289886955700e-03
1.358503765589322027e-03
-7.262272923667704126e-04
3.496437846485562660e-04
-1.536498794731327262e-04
6.242427349882181324e-05
-2.373205737551342418e-05
8.537147153508035347e-06
-2.934614332558533243e-06
9.716630972451868335e-07
-3.115892383798099853e-07
9.698284319847313570e-08
-2.923561649932246600e-08
8.464379667613947544e-09
-2.309003229121377753e-09
5.679431682954836737e-10
-1.106438390608794509e-10
6.387083870178016958e-12
9.718452730056454122e-12
-8.072976421932440437e-12
5.246846332426353124e-12
-2.072585694729905997e-12
4.045856706964298387e-09
-7.644231882324410897e-09
6.436984464994016767e-09
-4.812916784788502336e-09
3.172493060552997593e-09
-1.821746547194532970e-09
8.934761720157857988e-10
-3.613368666422795375e-10
1.119715070822689406e-10
-2.131266784888460740e-11
-7.612096743318534016e-13
2.067067203493504012e-12
-5.358868249042422689e-13
-6.785065460339255447e-14
7.241909291987640898e-14
-6.381811320323048024e-15
-7.593735487966509300e-15
1.836051814689674736e-15
7.940000453041199561e-16
-3.176906092879792546e-16
-9.376854981829879128e-17
4.994253839126296092e-17
1.406277448486892035e-17
-6.554457088277599258e-18
-2.450080694252527877e-18
5.304712925231684917e-01
7.733327529226124422e-04
-9.885934932925691556e-07
1.477356355832849437e-09
-2.422258886483361892e-12
4.228798369915273877e-15
-5.386266045906406090e-18
-2.086924134387328459e-18
2.687205989709536749e-19
3.863361302293800328e-19
-3.637006077781253982e-19
4.240237063790909327e-19
-2.621424019889008821e-19
6.656767328670444295e-01
1.386767766293786619e-01
-7.098922968508999259e-03
-7.491508032033631845e-03
3.346379467765105750e-03
-6.516514210079946872e-04
-3.967526182920691128e-05
7.665563127273978758e-05
-2.819817531571464677e-05
4.455928480049267622e-06
9.080278825056727984e-07
-8.524708745739268704e-07
2.820701216265317417e-07
-3.579593288574356713e-08
-1.407410071128343988e-08
1.025304776936841789e-08
-3.138383018142244454e-09
3.081041258977914098e-10
2.074989062779534002e-10
-1.308544971241009223e-10
3.749998275861235684e-11
-2.669769828229629507e-12
-2.995167162082447494e-12
1.761730541384088074e-12
-4.718468604299992580e-13
8.471951712633617460e-01
4.686312886844479914e-02
-6.828321447886748566e-03
9.143895531377023520e-04
-1.075591229198604386e-04
1.008484958654692205e-05
-4.747841250658397139e-07
-8.472775129019432097e-08
3.352255403218969904e-08
-7.463834086525461009e-09
1.352440029355833165e-09
-2.156947076153094819e-10
3.092552697813351896e-11
-3.956175277034624301e-12
4.313249542102674316e-13
-3.368722548880192120e-14
-1.864770474439638218e-16
8.323508487856044985e-16
-2.375928143143310422e-16
4.985145670494875076e-17
-9.130319948882359652e-18
1.612284773142263500e-18
-3.114078586903249963e-19
1.259129474793866412e-20
4.938706638703099213e-20
9.487444146322082661e-01
3.813831674525292731e-02
-1.418434401092339564e-02
5.271915985118838348e-03
-1.956987021082540537e-03
7.248886362421034114e-04
-2.675740893536323185e-04
9.825116905994164243e-05
-3.580935273828252785e-05
1.292120487274361440e-05
-4.602671223997192728e-06
1.613448493109057528e-06
-5.546694986490178814e-07
1.862506931670068816e-07
-6.077389563967638504e-08
1.912954290454499825e-08
-5.739790459822114467e-09
1.605800894435313712e-09
-3.987095949505807835e-10
7.534559373364501845e-11
-1.673625812736892344e-12
-8.838247987230716236e-12
6.857087760974452503e-12
-4.379094216370250941e-12
1.719736339671787949e-12
9.882367012753091595e-01
1.172860289108599609e-02
3.459349829077486532e-05
1.020334761745884102e-07
3.009476230599582995e-10
8.876265621579857170e-13
2.630915133362117143e-15
-8.212671385482999755e-19
5.328943677148553684e-18
-3.055142507564297160e-18
1.621422987089355127e-18
-7.850584767428388118e-19
3.451013630782242066e-19
-1.359023181970469658e-19
4.473434446019281062e-20
-1.150922746284709771e-20
2.395305148455010510e-21
-3.959955090385956243e-22
-1.885006624876290226e-22
6.887656639595112482e-22
-2.142451596645476711e-22
-4.536464950221437861e-22
2.315239304755669038e-22
6.715936854510918243e-23
-3.118604614328001523e-23
1.261454851792938925e+00
-4.258556601442157075e-04
5.340120371340744426e-07
-8.008667859665420325e-10
1.338878793562081323e-12
-2.402925212669576551e-15
3.451540246200979620e-18
-2.796894452334039406e-19
7.196660272341121073e-20
5.976726155595744199e-19
-7.539239908210865666e-19
4.445177358616585542e-19
-1.104890959869743601e-19
1.185596047251041840e+00
-7.822815824492555803e-02
3.548062704734303296e-03
4.268297495580932951e-03
-1.816430378083841316e-03
3.383120812811453437e-04
2.381866560503172135e-05
-4.041261540350875683e-05
1.471738922239773023e-05
-2.380845287620716958e-06
-4.329381579861714454e-07
4.362045259511463244e-07
-1.506947466670851044e-07
2.195934748772578938e-08
6.252520830653715472e-09
-5.303219889268709825e-09
1.774038110369113699e-09
-2.347874450416243128e-10
-9.092252187775063127e-11
6.997166252968009843e-11
-2.277760230783620174e-11
2.747545106422214059e-12
1.332589073972907999e-12
-1.011999005639687889e-12
3.114051572282265124e-13
1.082417582264783240e+00
-2.669111446598686904e-02
3.995605837811420230e-03
-5.323678442538659888e-04
6.002224827956504098e-05
-5.038570592495921243e-06
1.164953515155023472e-07
7.083538914959393983e-08
-2.127129608314974440e-08
4.284426579898103266e-09
-7.261703742782375609e-10
1.097483197882575138e-10
-1.499643979090743658e-11
1.827779384156549053e-12
-1.874775160233589593e-13
1.278051472270286684e-14
5.437759800026076456e-16
-4.451155113869658195e-16
1.159535120621746782e-16
-2.346043260762469919e-17
4.432474867236808127e-18
-9.264316220087720517e-19
1.517837943814863894e-19
-1.245336496363621364e-20
1.683192243233135705e-20
1.026527472632576155e+00
-2.025357942336343531e-02
7.726261695206275253e-03
-2.943317303056608870e-03
1.118478990295801966e-03
-4.232821918783849025e-04
1.591736275546176758e-04
-5.930978774373991226e-05
2.182527602584273830e-05
-7.902785796337995471e-06
2.804683257081715546e-06
-9.715082530631114829e-07
3.269078553319129920e-07
-1.062436941015529738e-07
3.307770628590990221e-08
-9.734810946680455653e-09
2.639681806711541537e-09
-6.205990585274693665e-10
1.019630241753832312e-10
6.849347990076929879e-12
-1.778341082156554541e-11
1.176088857599142440e-11
-6.230358776832185892e-12
3.327787758133117072e-12
-1.219290678777130167e-12
1.005933950014815892e+00
-5.933950014815822516e-03
-5.454464814393088293e-17
4.693082742107381736e-17
-3.797240546619685365e-17
2.884997434201597659e-17
-2.054088898822760589e-17
1.366911376313094391e-17
-8.472197542762087329e-18
4.868324951229959378e-18
-2.577491416065828565e-18
1.246642917923468798e-18
-5.440965859346367929e-19
2.102697251118640088e-19
-6.966488696378664252e-20
1.852704636628049895e-20
-3.261837348246568935e-21
-2.399457844543069209e-23
2.678445866070886376e-22
-9.845556131184129196e-23
1.153745358432155201e-23
5.147260244994793703e-24
-2.714525821003706555e-24
2.026515167993719913e-25
1.931065283178557599e-25
7.974788123484065627e-01
