2.308101333846848402e-01
-1.428565412618781883e-04
3.816469044363760074e-08
-1.052474244057715958e-11
3.047638866964145093e-15
-2.519635785415302456e-18
6.684877712668519906e-19
1.871767699857758580e-20
-2.476214058219329244e-19
3.021278978970392399e-19
3.215088954502701432e-20
1.121729597225904224e-20
-1.113266541227800172e-19
1.836635293688634596e-01
-5.610713715881379682e-02
-6.467440189312513230e-03
2.575630224862210209e-03
-1.318945438398344073e-04
-5.995839810833134616e-05
1.224622987164241117e-05
1.344184144782946495e-07
-4.087927987645451548e-07
5.592955080205658371e-08
5.128611544162790123e-09
-2.653210844620499588e-09
2.313392810371164385e-10
5.568484419808539358e-11
-1.669618218865150620e-11
6.511816703839252718e-13
4.892295474216107508e-13
-1.004239343236001100e-13
-1.619011134313431523e-15
3.941682982442651037e-15
-6.087880316886693162e-16
-1.013829168385968796e-16
7.312145312535136615e-17
1.715172496357866440e-17
-2.285414639432980338e-17
7.551498060160706516e-02
-4.251889118295185815e-02
5.295306069203047430e-03
-2.135998113631396510e-04
-4.525621449382120481e-05
1.127267662144786897e-05
-1.397579611223406015e-06
9.606033889149840151e-08
2.401930917621000600e-09
-1.917239475902039349e-09
3.417026716289957026e-10
-3.839629366144618508e-11
2.343541815291888214e-12
1.390489006388343986e-13
-6.666323151334934924e-14
1.149385310361170088e-14
-1.312647037226239906e-15
1.030736758908121502e-16
1.688240667195967756e-17
-2.405192408947437390e-17
4.954445040683331806e-19
1.475658435431191654e-17
-7.555601125056533462e-18
-7.355291438702795934e-18
6.108621590884612014e-18
6.932940724783436676e-03
-1.241780108826817837e-02
8.990171368881683805e-03
-5.350074144441299868e-03
2.663859549635696090e-03
-1.125319355270307155e-03
4.057921045265612688e-04
-1.237306505480188117e-04
3.033490391276984081e-05
-4.738039429891855371e-06
-5.054717979739965616e-07
8.714595608775780024e-07
-5.047396485726972387e-07
2.279374892607956858e-07
-9.090135031283027141e-08
3.337883872664906324e-08
-1.146371609407611108e-08
3.691431358758190349e-09
-1.104770044899389810e-09
2.994128903653907546e-10
-6.845874440716196328e-11
9.843195799165797946e-12
1.925694235535835876e-12
-3.060832607513812104e-12
1.411429532212034788e-12
2.235386862431557893e-07
-4.170904347540894751e-07
3.379229756023907637e-07
-2.360792631153242839e-07
1.402560331527024075e-07
-6.908899900892158674e-08
2.685414374093758005e-08
-7.301770307883841251e-09
7.898281956124426382e-10
3.558346306572371808e-10
-1.777661892687991781e-10
7.576341417698563996e-12
1.810866935588042238e-11
-4.005734886993362105e-12
-1.728240604939206568e-12
7.120423186873672097e-13
1.883944073732179334e-13
-1.121592450204189030e-13
-2.669663883445877129e-14
1.744034521617040251e-14
4.967112195815053420e-15
-2.655652821266879017e-15
-1.134702540351846572e-15
3.314708026488285136e-16
2.453350434370514970e-16
7.270731831111735266e-01
1.034604261301761780e-04
-2.570848943287022672e-08
6.854979997902311910e-12
-1.913289139095003517e-15
1.984877864813551552e-19
-8.700688454113112542e-19
9.339174323283260848e-19
-1.260474888574613005e-19
-3.072431562697338118e-19
1.711803557708895573e-19
-1.060481309109522470e-19
8.818732890215557471e-20
7.621434569849466767e-01
4.203353936298207666e-02
5.250313271117267033e-03
-1.782676286925792769e-03
8.253789501607232241e-05
4.122752551866615755e-05
-8.050722812904394877e-06
-1.508856552847746055e-07
2.718086929453932354e-07
-3.388893080526180608e-08
-3.842549582847032338e-09
1.661135099559820597e-09
-1.177599672436672486e-10
-3.774701903462935116e-11
9.584001939301167471e-12
-1.630802773120298968e-13
-3.020307053435919337e-13
5.150709509455044356e-14
2.531752224102676010e-15
-2.176402986842515476e-15
2.448858261559455772e-16
3.507094663644325876e-17
-1.674135132982158602e-18
3.052181400412229100e-18
-3.977295472216290699e-18
8.488049295899842139e-01
3.765133962600759887e-02
-3.341391053922662755e-03
9.316191350286043044e-05
3.274890031019514160e-05
-7.634190352810118666e-06
9.512826660358552373e-07
-6.511347739616172192e-08
-2.066678736111795668e-09
1.409164386367678947e-09
-2.441317154477789242e-10
2.608998401020066949e-11
-1.320207626824445925e-12
-1.529456644898282906e-13
5.211408949654687541e-14
-8.071282139730709793e-15
7.918962151648763672e-16
-3.202567549412456338e-17
-6.104997476514356621e-18
2.316937854485460473e-18
-1.380678220183622471e-18
3.676335805711429537e-19
1.517646488841177256e-18
-3.087158266426426743e-19
-6.748167314967123877e-19
9.459332030233916777e-01
3.994235713302272950e-02
-1.464951088376367956e-02
5.302655102558257762e-03
-1.876915378614850893e-03
6.411219364694456394e-04
-2.073450627306401279e-04
6.158039796050919490e-05
-1.579592947247106637e-05
2.894757590898415985e-06
6.759474239060808682e-08
-4.255959453384837961e-07
2.845158117211909108e-07
-1.405959531523428844e-07
5.997137308208876004e-08
-2.318623708764040404e-08
8.285351851036164387e-09
-2.752229767630830779e-09
8.451762885381994810e-10
-2.346375638017303321e-10
5.522856165727625673e-11
-8.512155884293641959e-12
-1.241887212327097319e-12
2.335302524358431971e-12
-1.097023555098568765e-12
9.875281502356326735e-01
1.243284137841876684e-02
3.888637897187007322e-05
1.216252787281499754e-07
3.805739461168294393e-10
1.073151569401486949e-12
8.000741212098868585e-14
-4.562510585101618490e-14
2.478203773996367955e-14
-1.207756875630189558e-14
5.191697617696258701e-15
-1.912257543850507865e-15
5.704681155629417155e-16
-1.189055780950597959e-16
6.199762278785795079e-18
7.243862985634012442e-18
-3.173638001409166485e-18
4.178666635373131748e-19
1.718466395641932631e-19
-9.226322950923534730e-20
6.945597787759227904e-21
8.278676936636609934e-21
-2.675289483725875650e-21
-3.926960713759377452e-22
3.830211813695983698e-22
1.144958100356275210e+00
-5.314518709577496921e-05
1.246955589709296559e-08
-3.165072586723918229e-12
8.504682503253207274e-16
4.251030248994879709e-19
-2.453812856811992603e-19
8.752847421839981278e-20
1.033709777455398227e-19
-1.115602469546009339e-19
-3.941821977464564431e-20
-6.608352478203254248e-20
1.074558275100228591e-19
1.126649804228554874e+00
-2.202697032496102672e-02
-2.858454560194089323e-03
9.028512944120811734e-04
-3.457349548360309007e-05
-2.063609803502515291e-05
3.680371686152142730e-06
1.077938215898314373e-07
-1.246336021985730987e-07
1.419812294415257535e-08
1.846144983392371763e-09
-7.164373360795225819e-10
4.582123127020344838e-11
1.654521179412358833e-11
-3.990420844628642472e-12
5.040869660728492642e-14
1.269354708429323170e-13
-2.114679918742638916e-14
-1.096400262779837145e-15
8.960019549423058768e-16
-1.001082776671019189e-16
-1.353770210229600992e-17
1.350900053503453467e-18
-8.369416103676244205e-19
1.986746778613969789e-18
1.080390959731040601e+00
-2.045336596731200940e-02
1.762273548299914550e-03
-3.338143208523413312e-05
-1.972173595775499381e-05
4.079081829054809476e-06
-4.577541687787778789e-07
2.502241297255118262e-08
2.009237776863611549e-09
-7.457223621339391958e-10
1.124854274973745718e-10
-1.052387601522461410e-11
3.443559975134861142e-13
9.398031314695561804e-14
-2.402183263894784218e-14
3.331567554819837841e-15
-2.942199439555446968e-16
8.843482683237425392e-18
4.175161197676122631e-18
-1.756002383859048879e-18
-1.777413456609916770e-19
-2.404702513045285258e-19
4.482548300582156222e-19
3.263653163043419371e-20
-9.338827076606207646e-20
1.027993024052221038e+00
-2.120443396223063715e-02
7.953722959208587434e-03
-2.932121981247868322e-03
1.050473539609060461e-03
-3.600201767026472641e-04
1.153527821575388805e-04
-3.324189443024686317e-05
7.897659850278194887e-06
-1.083997599415560496e-06
-2.887202865892656665e-07
3.380965350389981585e-07
-1.929182971862261221e-07
8.774839957371617157e-08
-3.502039315856288834e-08
1.268654648042401550e-08
-4.222599650209522957e-09
1.289119284850021412e-09
-3.541126074745481326e-10
8.243821037609797259e-11
-1.284246356380893519e-11
-1.285012516092804698e-12
2.501511363068816615e-12
-1.776522222863022164e-12
7.031266896277670901e-13
1.006294743818218151e+00
-6.294743818093525428e-03
-2.314895323126873624e-13
1.922646266265109008e-13
-1.478737926981619232e-13
1.050222945740143038e-13
-6.860026201375577407e-14
4.098089727418341485e-14
-2.221271388216772161e-14
1.079887154355656678e-14
-4.626296355605446920e-15
1.695432409849335634e-15
-5.014578747965291614e-16
1.024345409917752236e-16
-4.250802418920202159e-18
-6.740032649435761579e-18
2.829130531826422554e-18
-3.437116513150129893e-19
-1.639497923298893548e-19
8.275336701083331058e-20
-5.214241212921686401e-21
-7.764947867816090622e-21
2.430869865037375065e-21
4.267384972899123900e-22
-3.699385669777910988e-22
8.700274196724478992e-01
