5.366389681185732563e-01
-2.535981085981995915e-03
7.357766818940726444e-06
-2.518882134600329809e-08
9.487128721391781559e-11
-3.788561973325224008e-13
1.575001606885941856e-15
-7.741550833812093401e-18
-5.703614844157978072e-19
9.691770383764158314e-19
-3.704446312347058752e-19
-6.299995259242003161e-19
5.641418558543551882e-19
2.701981782998286730e-01
-2.389148275655909315e-01
4.351652564842849180e-02
6.207231390939518291e-03
-8.053733961260450130e-03
3.502144157813605069e-03
-9.036964966700687359e-04
4.536643478056571577e-05
9.961100106952266347e-05
-6.575349180033917380e-05
2.492990359877615374e-05
-5.282046139834104018e-06
-5.764828598049557180e-07
1.180492866976434725e-06
-6.459884307424164360e-07
2.172436810369897871e-07
-3.302653851696392125e-08
-1.434980475709584075e-08
1.452673564057731690e-08
-6.906573428385782100e-09
2.016885723251187087e-09
-1.487029634165771767e-10
-2.422354016298231343e-10
2.036244191149929058e-10
-7.836751367532723724e-11
3.468856339573690023e-02
-3.125156743253610508e-02
7.976563036221883882e-03
-1.477776361493876155e-03
2.232835110267901489e-04
-2.929061305532061553e-05
3.415625720780226273e-06
-3.452773148559875442e-07
2.598126590220472740e-08
-5.878345072001494789e-11
-5.509674772398859149e-10
1.628696857571351598e-10
-3.567985383341549187e-11
6.882832961054920882e-12
-1.231910361189812710e-12
2.090866571634738006e-13
-3.398406877353822601e-14
5.306095110940122687e-15
-7.960434347696494470e-16
1.167519476068218426e-16
-1.732107328261071845e-17
9.382659727002930607e-19
1.477781803090576965e-18
6.249624880092510293e-19
-1.172576843144176312e-18
1.505647720559154809e-03
-2.797521428907500090e-03
2.249782718463524869e-03
-1.578824097069785959e-03
9.776331771143645117e-04
-5.409157777090939498e-04
2.709321566392952716e-04
-1.244558776945134360e-04
5.310304406775950175e-05
-2.130656968141398638e-05
8.133512493417646146e-06
-2.986178448026418591e-06
1.064620912165742523e-06
-3.715240445488497017e-07
1.276859138439875972e-07
-4.339666188256197175e-08
1.461897420518318333e-08
-4.884634779085580070e-09
1.617935662425643040e-09
-5.304101830244319581e-10
1.716568876544236552e-10
-5.465024403137456509e-11
1.710958182166931498e-11
-5.585785395519567671e-12
1.504096495455486296e-12
1.452260497757083083e-09
-2.749777483419893388e-09
2.330729628806123274e-09
-1.762641730497459677e-09
1.181861385883069027e-09
-6.953325925416950066e-10
3.529561488825157009e-10
-1.501758154380144550e-10
5.062532624824814029e-11
-1.170016980059654919e-11
7.484732533264586672e-13
7.002055390769508230e-13
-2.833242413779459718e-13
1.028896013107431716e-14
2.672043621166397968e-14
-6.763064170585289757e-15
-1.862401301355310182e-15
1.108613499200589306e-15
9.592791815955079412e-17
-1.568944848954581092e-16
-1.035115471040328305e-18
2.239412984734814032e-17
-5.596441182379655195e-19
-2.846581001582482677e-18
3.900215477881592889e-20
4.561164938467084928e-01
1.567225867706233036e-03
-3.802196634043792092e-06
1.119988565123419498e-08
-3.689671211252302516e-11
1.308037418343822788e-13
-4.889255181645216920e-16
1.338922297528923637e-18
-3.336258223885641503e-19
3.059759672589728496e-19
-1.638591112567631279e-20
3.707418116430393503e-19
-2.648952241927255992e-19
6.479905694565295526e-01
1.808583332970097879e-01
-2.348207966741884881e-02
-6.229254644435853680e-03
5.472351616968497423e-03
-2.055383068217220971e-03
4.199885145897911255e-04
3.058010126916167818e-05
-7.099459179992538094e-05
3.567335790354131923e-05
-1.061146230925154034e-05
1.149180364384469599e-06
8.352083037312292605e-07
-6.575609377963714079e-07
2.684726880615735028e-07
-6.329389562629539403e-08
-2.093479547841021744e-09
1.086027987833413552e-08
-6.305313510926834925e-09
2.190695854122052558e-09
-3.696704394990064526e-10
-1.127604985585424997e-10
1.266514170027291344e-10
-6.393968451579159825e-11
1.848131307861964532e-11
8.561255510212819608e-01
4.510435266474871474e-02
-6.891799660601982506e-03
1.009447177082455592e-03
-1.392972246132119594e-04
1.774113141492233511e-05
-2.012622523104353267e-06
1.852830257678699265e-07
-8.623504327155425450e-09
-1.655922425159086429e-09
6.780364570175523416e-10
-1.610903772082535896e-10
3.189714179543546124e-11
-5.714011023244271174e-12
9.549330090955836718e-13
-1.508237515132221461e-13
2.260315415321494397e-14
-3.204830359759378479e-15
4.253964606805773376e-16
-5.190235627767628264e-17
5.002193565666993048e-18
1.782878816252779658e-19
3.748548152824580447e-20
-2.278806689012855209e-19
6.451322763208169086e-20
9.521190036981229676e-01
3.569533150344755823e-02
-1.330384226067469339e-02
4.957181231092594453e-03
-1.846233626253164202e-03
6.870263170341889183e-04
-2.553030778777671877e-04
9.466814943940005903e-05
-3.499394210719092719e-05
1.288006767635478885e-05
-4.714316519729279495e-06
1.713598516537154528e-06
-6.177451438677505191e-07
2.205801178290021914e-07
-7.792173242653608832e-08
2.720074491218818498e-08
-9.371424338968033234e-09
3.182133982741361334e-09
-1.062961508276642320e-09
3.483830734340322138e-10
-1.115779761884185462e-10
3.469269255708267940e-11
-1.038202548178586759e-11
3.093842691390234872e-12
-7.532836009648951332e-13
9.890310517771877530e-01
1.093878605464062084e-02
3.007922891707970041e-05
8.271119004388856842e-08
2.274373803866435585e-10
6.254004083477307131e-13
1.721008987193618178e-15
3.855816213317018893e-18
5.703608716958240309e-19
-3.249226842193038612e-19
1.791598567862328122e-19
-9.376732010994591645e-20
4.070773239103806168e-20
-1.568915901977239507e-20
6.628214543807203816e-21
-2.293764624583733461e-21
1.169569306216848440e-21
-1.533582179612961736e-22
-4.134783074706204283e-22
-8.953348393209830591e-23
-3.050903564333444065e-23
-3.124089129467404013e-23
1.914824826946428855e-22
1.225298085089702075e-22
-1.813089947986535538e-22
1.309733741218256808e+00
-9.126393738017440352e-04
2.262244242142287449e-06
-6.945821242942748849e-09
2.407183477072127980e-11
-9.000821110599600856e-14
3.556900213630300252e-16
-2.146824621976104063e-18
1.391504395116775699e-19
-8.678472757229450573e-19
9.476310190300842675e-19
7.755736927983083669e-19
-9.078759158673502171e-19
1.198192979257624247e+00
-1.052365863299543486e-01
1.352966729740062886e-02
3.657111016823089145e-03
-3.136947712341295932e-03
1.173207563267985535e-03
-2.460118383892326310e-04
-1.198776748415991984e-05
3.854528349250738704e-05
-2.037638036780970409e-05
6.502943506718060410e-06
-9.430315890901211704e-07
-3.796177707763356246e-07
3.681386875915325672e-07
-1.670249302888178128e-07
4.637873313006497178e-08
-2.883721527936076049e-09
-5.439970383442936868e-09
3.850864869822834930e-09
-1.551598600255834418e-09
3.612580451025190888e-10
2.089976391517084749e-11
-7.155728368156984921e-11
4.567891935886623458e-11
-1.543934293903429039e-11
1.077435869694866266e+00
-2.572603852946778527e-02
4.082557683240025000e-03
-6.063048280521653568e-04
8.284623885427054937e-05
-1.021960092020231753e-05
1.095265611383708255e-06
-9.030285787340569735e-08
2.189760013325866531e-09
1.306471925805887672e-09
-4.203443138743440935e-10
9.250508825091139045e-11
-1.754332278132162888e-11
3.054253259330099804e-12
-5.005663187320765270e-13
7.807393282194747436e-14
-1.162889625587241939e-14
1.650704599211697354e-15
-2.214224348877065989e-16
2.750998002014424088e-17
-3.011014072924988852e-18
2.408756555117298042e-19
1.253232418251409746e-20
-5.038845302354992261e-20
2.862093889459444522e-20
1.024726530130579460e+00
-1.888465459070468380e-02
7.209216295194176456e-03
-2.750403082421100983e-03
1.048114793871434466e-03
-3.986383346677346471e-04
1.511534212843676419e-04
-5.705477219174834861e-05
2.140154656951728709e-05
-7.962413246893091393e-06
2.932512392854454584e-06
-1.067138573370451524e-06
3.830578194935691356e-07
-1.354426609655569852e-07
4.711724975161732704e-08
-1.610954703876450040e-08
5.407470418371931487e-09
-1.779516654003671045e-09
5.728899787648245315e-10
-1.797781521285654689e-10
5.464368177384042998e-11
-1.589440877638363651e-11
4.315380923317457548e-12
-1.062941699900142260e-12
1.987377506834480685e-13
1.005529925527109292e+00
-5.529925527104467484e-03
-6.581383448360278306e-18
5.696034456396749302e-18
-4.647947455676708014e-18
3.571103122933767241e-18
-2.578766212982841857e-18
1.746193328755903263e-18
-1.105477618772354873e-18
6.517348284055339748e-19
-3.559474032792412029e-19
1.788378201044504576e-19
-8.185763717009587754e-20
3.364539063791253873e-20
-1.213660052003484745e-20
3.686677064392707629e-21
-8.584966638360293801e-22
1.063661616699622880e-22
2.160468597379913802e-23
-1.693683873024019635e-23
4.457422966900842114e-24
-7.056518313947705026e-26
-3.831027288698588822e-25
1.119910710591809641e-25
5.968913918975300609e-28
7.787291019461165531e-01
