1.938998217969327142e-01
-8.753270314251423989e-05
1.635041078792510139e-08
-3.080754255803184748e-12
6.028599488014529672e-16
-1.208114420766821462e-19
-1.298994638660789332e-21
4.727667389303863424e-22
7.422557495711122759e-22
-7.989678733514527237e-22
1.621592999233985033e-01
-3.861777489060909396e-02
-5.551139889936752836e-03
1.438978097045042837e-03
-8.783843341725694698e-06
-3.128621465341678435e-05
3.333583565367177068e-06
3.698310981627313176e-07
-1.164274312789761933e-07
3.787021357190971027e-09
2.380299601157641353e-09
-3.550822802649647696e-10
-1.908067847673981787e-11
1.100011149524395596e-11
-7.649725626724920841e-13
-1.924530636833929416e-13
4.166775340297328111e-14
3.248252248898411623e-16
-1.121737703841547091e-15
7.812883870408514342e-02
-3.780186817929168802e-02
3.552003142513575785e-03
2.833724577982282779e-05
-5.314820868753232920e-05
7.811377809283939576e-06
-5.490089820177798870e-07
-1.140709874214309118e-08
8.932531257536971907e-09
-1.340621352035126818e-09
1.085653242775410885e-10
-5.815857482966784260e-13
-1.379258127691936771e-12
2.491321544593117484e-13
-2.463940140865873306e-14
8.589090984484660564e-16
1.968114915386925377e-16
-4.792233228267072797e-17
5.724301985044776718e-18
8.489109529988729877e-03
-1.499674475594986629e-02
1.044484530854416018e-02
-5.850145773775824835e-03
2.681958000384614127e-03
-1.014377669639093642e-03
3.123338926864698082e-04
-7.266213824657925379e-05
8.183738674653007761e-06
3.378641669114490899e-06
-3.059469383311373227e-06
1.542147134733067319e-06
-6.302095868762935517e-07
2.269395596768281427e-07
-7.384927979360365213e-08
2.163858064175535078e-08
-5.470028907882798429e-09
1.006662161689142952e-09
-7.113704084396005850e-11
6.189487953090589132e-07
-1.149508266674258222e-06
9.179907426882791949e-07
-6.250144964305534249e-07
3.565604773831906588e-07
-1.649048634582064293e-07
5.765125055714509101e-08
-1.240961329557883619e-08
-1.800381105256409293e-10
1.180947082910114205e-09
-2.931290713558308562e-10
-6.378644485269492995e-11
4.576259749005190820e-11
1.439456644538937735e-12
-6.213003669191481983e-12
2.615454452270897419e-13
9.243500961127865382e-13
-5.061157143046608533e-14
-1.438696881339734996e-13
7.662180807941662009e-01
6.422342292013704659e-05
-1.121533331508258650e-08
2.066199895063108389e-12
-3.948181075107784725e-16
7.723887574983227495e-20
6.313953103916140427e-22
-2.383118003862394466e-22
-2.885821881449248741e-22
2.803909684487533519e-22
7.899583597424399972e-01
2.902726258215706026e-02
4.369901185296823712e-03
-1.001144202729221683e-03
3.532057599481670430e-06
2.149839046670139813e-05
-2.221295538664618399e-06
-2.601552149388011565e-07
7.766961357132997547e-08
-2.065364838511215975e-09
-1.607720484184055495e-09
2.206297259761761144e-10
1.486476322903705822e-11
-6.961354290466130403e-12
3.971009008779537288e-13
1.278641062022891068e-13
-2.400785568002974437e-14
-6.000921801838191422e-16
6.711075490924017436e-16
8.565886004324305691e-01
3.214680475811767385e-02
-2.158536573610282932e-03
-5.134662306788988407e-05
3.674093353278403838e-05
-5.294490035540358149e-06
3.769434189820441725e-07
8.194042666166548569e-09
-6.346471999069565866e-09
9.477368017443614642e-10
-7.401372557137391906e-11
-2.926619336487556098e-13
1.060096336309784440e-12
-1.780691172188558077e-13
1.608125117420927633e-14
-3.103448997452278406e-16
-1.712583925540198041e-16
3.452876138181673904e-17
-3.621633231017370788e-18
9.470324258621772850e-01
3.893287580169756124e-02
-1.411767016158804559e-02
4.996283592655371628e-03
-1.697643400757510058e-03
5.402891235451440623e-04
-1.544424341339322500e-04
3.606424545226356144e-05
-4.573648427123811806e-06
-1.570154203794568588e-06
1.652260275075877891e-06
-9.114745417203900371e-07
4.018501260875530268e-07
-1.543071871473167610e-07
5.300421200188878167e-08
-1.628720488254837140e-08
4.330214227331097313e-09
-8.841811825643618746e-10
9.661865231683667874e-11
9.877439812079690240e-01
1.221835088148912930e-02
3.755214230107281013e-05
1.154115603099489101e-07
3.562139288869393415e-10
5.159455060882716941e-14
6.600594072763934893e-13
-3.763353736689560253e-13
1.934302315507197567e-13
-8.775083268320160143e-14
3.422811336411722455e-14
-1.092765524914499136e-14
2.533044688814712214e-15
-2.366497087668276977e-16
-1.137035388026086481e-16
6.210718744680093486e-17
-1.071683644097026853e-17
-2.969398866277057429e-18
1.873319324587520544e-18
1.123098150940319062e+00
-3.277092155955221370e-05
5.412012098960551251e-09
-9.469721208519551615e-13
1.735858429769355516e-16
-3.289496242951058659e-20
-1.375211044528215058e-22
2.932642784372083684e-24
9.186267319567214628e-23
-7.668111630997944386e-23
1.110834883688061492e+00
-1.503682124004042386e-02
-2.319471831785978669e-03
4.992818736220315610e-04
1.180822185536896380e-06
-1.043978259887243648e-05
9.763275547505466593e-07
1.285675530098210128e-07
-3.430313418501493428e-08
6.453290777844609600e-10
7.107993191756333902e-10
-8.995965685595650760e-11
-6.982267552675594142e-12
2.883850621255963688e-12
-1.476113748854948077e-13
-5.354479394247277264e-14
9.552181331656892973e-15
2.828906570277985390e-16
-2.694617822409267575e-16
1.075734614864601424e+00
-1.719542213206289374e-02
1.101435883931474241e-03
3.888439155179270710e-05
-2.011303920894229143e-05
2.642324921136079836e-06
-1.595447960116511944e-07
-8.055803416930672894e-09
3.291893989708835819e-09
-4.290198704269935512e-10
2.798409752617108990e-11
9.217578536297548337e-13
-5.201267907642599671e-13
7.559089947289485467e-14
-5.917160234857746339e-15
-4.657813218420164682e-18
8.124388951799189045e-17
-1.407886115857306479e-17
1.329610108099779178e-18
1.027379858893600950e+00
-2.059992821210407735e-02
7.618746338305445315e-03
-2.734752478865137663e-03
9.348471819086113729e-04
-2.957536488214223148e-04
8.232015339051350496e-05
-1.775202429057714057e-05
1.333999076173155230e-06
1.398779037238058117e-06
-1.107007682891032994e-06
5.589249735599239483e-07
-2.313260132566471817e-07
8.345123374374112617e-08
-2.664542355827389051e-08
7.418118905085037066e-09
-1.662228767423337002e-09
1.749585392156710588e-10
4.377141675284704565e-11
1.006184801180388222e+00
-6.184801179321343552e-03
-1.974839781777055181e-12
1.618492845063519120e-12
-1.221055810250968672e-12
8.450362404642397429e-13
-5.337230693324563467e-13
3.054117982044512897e-13
-1.566611603216089269e-13
7.087592469642471997e-14
-2.753498618218156532e-14
8.732632536023841666e-15
-1.995495695152510646e-15
1.717487887025030807e-16
9.663178439049718831e-17
-5.039240645940010327e-17
8.264762271989907245e-18
2.556778221277424190e-18
-1.530451803029225817e-18
8.870692418553759451e-01
