3.981531377363913271e-01
-8.059671966249004876e-04
8.519014293224517257e-07
-1.010254622181073449e-09
1.298697982518697509e-12
-1.756933391696203310e-15
4.259868994837988203e-20
5.637443940470165473e-19
-2.366897985259940152e-20
-1.593329506528735410e-19
6.941020754555153042e-19
-7.801285749072549820e-19
2.214839124186316476e-19
2.465732237760146495e-01
-1.573286453381352590e-01
6.840749589901033538e-03
9.545857010878530322e-03
-3.572654090635707033e-03
4.861626897878926559e-04
1.105515972720565258e-04
-8.031264516772433854e-05
2.064366416478614170e-05
-8.464515913961049127e-07
-1.519307642553700554e-06
6.712429411917169560e-07
-1.240812258794964181e-07
-1.375009801424183216e-08
1.731467765991260872e-08
-5.651387241425146139e-09
6.069268532954682466e-10
3.062644895623994627e-10
-1.847958506803892893e-10
4.528203238863222611e-11
-1.538619461420707978e-13
-4.480116089319869101e-12
1.845650334709034967e-12
-2.488781054914659504e-13
-6.477677831042113549e-14
5.104286521866694543e-02
-4.109693486704296683e-02
8.962920838783222655e-03
-1.337209466457055500e-03
1.447590440376695623e-04
-9.722731217955098414e-06
-3.152920835448597123e-07
2.647911351728358207e-07
-6.250123159706278025e-08
1.123378283923975928e-08
-1.738357909150792579e-09
2.380614677966639068e-10
-2.841149875386138850e-11
2.721670960832243340e-12
-1.353004212142616979e-13
-2.278818950654600656e-14
9.557847791950633809e-15
-2.211001702573749742e-15
4.128478210499596568e-16
-7.092501464017042737e-17
1.536855797697720745e-17
-2.659571479113809115e-18
-1.677869064364077095e-18
1.413644359899320675e-18
-4.387139942115142514e-19
2.773719881926845800e-03
-5.111659713593115321e-03
4.014621178670368766e-03
-2.714124261982388958e-03
1.600302129231141908e-03
-8.346726226735708609e-04
3.905561087484937365e-04
-1.661618573172303200e-04
6.508594556771998005e-05
-2.373960448985226526e-05
8.142062389347093967e-06
-2.645622859548245613e-06
8.177139543251769322e-07
-2.400368111933644366e-07
6.616159021280799067e-08
-1.657715076319745596e-08
3.431334824929051754e-09
-3.551525582993524239e-10
-1.760966156762230803e-10
1.679672909709256963e-10
-9.631840178747767283e-11
4.703751553324015307e-11
-2.156919299131360091e-11
1.051885804289740838e-11
-3.702025273694674488e-12
7.538348340120654815e-09
-1.422166007419265880e-08
1.192089780843948906e-08
-8.842325549266217421e-09
5.758876362919369144e-09
-3.250425568263935486e-09
1.555192846004722772e-09
-6.058021152669851870e-10
1.757735917170508095e-10
-2.787869708426411577e-11
-3.912822162817904249e-12
3.688629871118655847e-12
-6.709431084295947037e-13
-2.108398873512098765e-13
1.182733326887058785e-13
2.770315337470987738e-15
-1.483874064986622268e-14
1.495303759416293786e-15
1.837887663150317997e-15
-3.409652691066000960e-16
-2.498253897765329625e-16
5.704394302530044657e-17
3.989783896867782004e-17
-7.361248168738287710e-18
-6.728419116561346570e-18
5.678146368765257801e-01
5.414011473763391622e-04
-5.079083471135516875e-07
5.474328106392782098e-10
-6.414511741983394339e-13
7.993207813474018365e-16
-2.581280862114825500e-18
6.263062248269030166e-19
-8.831865638309017162e-20
-4.286251939327170504e-19
4.841562658682339638e-19
-1.688863061395837737e-19
-1.921088942737593482e-20
6.784121605069348693e-01
1.177012157850090279e-01
-1.557826641629208751e-03
-6.820646467099385733e-03
2.272439065988204714e-03
-2.539994444622222674e-04
-8.575764454795798775e-05
4.973077565216847077e-05
-1.075500373545707088e-05
-2.180516346952402443e-07
9.862810898377756127e-07
-3.474921510187749262e-07
4.444561312712872541e-08
1.387978064013717113e-08
-9.281596602917569039e-09
2.316117372804161022e-09
-4.867767879553730683e-11
-1.947732965319310099e-10
8.086047940465009078e-11
-1.357801327856538845e-11
-2.267281790589314641e-12
2.192740066977515166e-12
-6.519044595627403414e-13
2.525100771397332484e-14
4.505596363330084203e-14
8.441753841917114531e-01
4.698063776169146555e-02
-6.584208825560598430e-03
8.167603578730414562e-04
-8.238843498026930385e-05
4.993295141196659201e-06
3.782747214954826009e-07
-2.032994751012519383e-07
4.624124188135788311e-08
-8.129986486215751105e-09
1.216027199013509700e-09
-1.568274905358220372e-10
1.667432963849106041e-11
-1.175206979439397637e-12
-4.083867937867217721e-14
3.734718389795082854e-14
-9.520109541330334319e-15
1.832091849073782850e-15
-3.007799679576666614e-16
4.373828925927450862e-17
-5.946012328273467204e-18
6.106426404771025988e-19
3.268397775874957604e-19
-1.537072011997880153e-19
-5.521408206943894721e-20
9.474415740891500848e-01
3.907389980075090530e-02
-1.451623396355661115e-02
5.386744673155754830e-03
-1.994737371522938615e-03
7.360137845683975425e-04
-2.700293497961879182e-04
9.823317457956343124e-05
-3.531403337635883379e-05
1.249500881906204064e-05
-4.331213766338722010e-06
1.462779813575749400e-06
-4.779870202820538687e-07
1.496323711681503555e-07
-4.415478965799135610e-08
1.190104221405937087e-08
-2.708467388426853446e-09
3.745127575616123539e-10
8.746596601118757302e-11
-1.117784526546303609e-10
6.867475321287487015e-11
-3.472658896303075346e-11
1.627752365340569118e-11
-8.055113384441712470e-12
2.850979413504704658e-12
9.879282755960513418e-01
1.203518249043467048e-02
3.643129870889462565e-05
1.102799666923657911e-07
3.338248973599091991e-10
1.010437993683020117e-12
3.109621754099578692e-15
-2.414290407177683212e-17
2.045924940275090646e-17
-1.155458830071990598e-17
5.998954513546515214e-18
-2.830819603835517731e-18
1.197501295081558918e-18
-4.448827355716982046e-19
1.398359544561620369e-19
-3.400993596488751459e-20
4.407068187264646218e-21
7.063234611547972279e-22
-4.270808523826324166e-22
6.568896941861692074e-22
3.972045198884243087e-24
-2.908486709742975745e-22
6.725290959189294216e-23
4.850626315345296660e-23
-1.330402506541013647e-22
1.238289692444919821e+00
-2.922427791328452754e-04
2.651341314434792360e-07
-2.823942500348937912e-10
3.326724865434094012e-13
-4.180776597691589945e-16
6.845791390145351667e-19
-5.025059679231364019e-19
2.835660319777542757e-19
3.041768491268042628e-19
-6.719753955590250639e-19
1.416659180446776283e-19
1.372153047821144944e-19
1.177216258861616183e+00
-6.539403231830245855e-02
4.192448647922934800e-04
3.793090739427829126e-03
-1.194014418387619007e-03
1.210691101636636078e-04
4.651687816750614053e-05
-2.530077647346678013e-05
5.328618355262602965e-06
1.196182786128630744e-07
-4.890004430274744833e-07
1.735476286815550162e-07
-2.345146930435580578e-08
-6.366747528376388511e-09
4.586896677645536728e-09
-1.215789797808821031e-09
5.571471940435145911e-11
9.153763641510336847e-11
-4.182839641580677942e-11
8.072432933675750405e-12
7.629455941385553461e-13
-1.090489817219386315e-12
3.652272718750604231e-13
-2.908598746825337083e-14
-1.975172819867612013e-14
1.084022372455532235e+00
-2.664977166842185524e-02
3.807237598900179657e-03
-4.637057774508834764e-04
4.345743545065241153e-05
-1.919883496675355766e-06
-3.635366518349157300e-07
1.304510019844924565e-07
-2.646125783328654919e-08
4.299955967772652569e-09
-5.999989888484775728e-10
7.196482174485837063e-11
-6.926213232358634749e-12
3.686830428951089281e-13
4.628711671678366819e-14
-2.063910526905209476e-14
4.706821107801331089e-15
-8.582364732851854670e-16
1.364335661787181628e-16
-1.961076742187288933e-17
2.738958570355971215e-18
-4.194516607895321656e-19
-2.433665726557117496e-20
2.822353872838964550e-19
-1.862199708387679429e-19
1.027223263197453607e+00
-2.077776178343693908e-02
7.920297829322379621e-03
-3.012654750383412551e-03
1.141567622375189378e-03
-4.298772374815038131e-04
1.603481027119443272e-04
-5.900644059981011939e-05
2.131968095931215901e-05
-7.522171901028632451e-06
2.575492398165409764e-06
-8.491610592299428084e-07
2.667740683743319031e-07
-7.851569945002247027e-08
2.094706734327538858e-08
-4.660468449179528296e-09
5.982040186468162508e-10
1.729687478578048861e-10
-1.971839991643998972e-10
1.165050953479951284e-10
-5.693745806312222895e-11
2.539347354713339516e-11
-1.088822366879231033e-11
5.006857464591916831e-12
-1.706518919549517585e-12
1.006090952788344817e+00
-6.090952788344552137e-03
-1.977761702566059562e-16
1.694634952040048618e-16
-1.363017789130157062e-16
1.027451320600008561e-16
-7.242815584088884565e-17
4.760758072993440979e-17
-2.906636130298885213e-17
1.639875071629466511e-17
-8.489712147386117611e-18
3.993668938898953746e-18
-1.682500429873662721e-18
6.202956842666903292e-19
-1.919212619263116642e-19
4.530940636164960079e-20
-5.629240200532088563e-21
-1.191378941106219523e-21
9.180949907585644620e-22
-2.330465565865251985e-22
-2.009226260769052766e-24
2.251105520901811117e-23
-6.700750768146674646e-24
-5.595195610135493039e-25
7.936785090451623517e-25
8.091235114538981588e-01
