9.310635890456470110e-01
-6.109283507700327687e-02
4.278214910805840272e-03
-3.822877205026370255e-04
3.809642297288827066e-05
-4.037536005874499627e-06
4.451749654180126319e-07
-5.045713002419852844e-08
5.836369558295899043e-09
-6.857035356785944174e-10
8.158559940357834344e-11
-1.001785138018722312e-11
1.228779352024679614e-12
2.706579028434437095e-01
-3.359897853152986613e-01
1.566008076538628613e-01
-6.767044368672230081e-02
2.848981027797793317e-02
-1.143786814815772254e-02
4.084199273892511264e-03
-1.036866547177625912e-03
-1.076647335639540243e-04
4.404545584446504483e-04
-4.545332191134955429e-04
3.658500854047724762e-04
-2.625721016736172584e-04
1.755368023634747685e-04
-1.113513230030803219e-04
6.757157702748889481e-05
-3.931827197868786097e-05
2.188603729201576533e-05
-1.155741232124781452e-05
5.676090817346240598e-06
-2.463827268613589658e-06
7.890430775096889154e-07
3.471665362634887346e-08
-4.005129788763118925e-07
2.460943959603271609e-07
2.015417712401284742e-02
-1.792652493607044262e-02
4.625674647004475795e-03
-9.006468323178081631e-04
1.510363209187212121e-04
-2.362220204677166626e-05
3.607831297425109664e-06
-5.501665377280435525e-07
8.442817878724382025e-08
-1.305609663417742764e-08
2.033005836845334015e-09
-3.183984518424561291e-10
5.010335632639991734e-11
-7.915127084990555715e-12
1.254407800746363134e-12
-1.993208957347180108e-13
3.173816492940655541e-14
-5.062177392800005209e-15
8.084498090549507364e-16
-1.292349070603696521e-16
2.067239658774942701e-17
-3.308003676820554438e-18
5.312472316927743546e-19
-8.758006767791468215e-20
1.284550162551046322e-20
9.263279622772144098e-04
-1.713671219476820560e-03
1.361443068703281070e-03
-9.383537496842384680e-04
5.687656147001861990e-04
-3.078058519079873755e-04
1.510621611417181989e-04
-6.827777789589668811e-05
2.885318275593859674e-05
-1.156578938074390869e-05
4.457354825150319350e-06
-1.671553025695176216e-06
6.161315154481805795e-07
-2.249591208119012580e-07
8.180045951587553204e-08
-2.972195737963992468e-08
1.081026344979517283e-08
-3.938731976118494510e-09
1.437858165235387923e-09
-5.258857969247838495e-10
1.927133741265384149e-10
-7.087357951449173735e-11
2.649779546707795905e-11
-1.099970564153950834e-11
3.569078181866899361e-12
2.035660990034210995e-09
-3.841113113077744448e-09
3.221491306382958024e-09
-2.391925153915529880e-09
1.560275603423495783e-09
-8.827673410977544749e-10
4.239540396071652834e-10
-1.661945372870218743e-10
4.884483518047252328e-11
-8.096862698381015122e-12
-8.943251858240371993e-13
9.783919742502924081e-13
-1.906990818339230311e-13
-5.182253336567597903e-14
3.151945186920852036e-14
2.361352281952985000e-16
-3.840566554605275140e-15
4.409632439436978713e-16
4.672973504740214933e-16
-9.379276278275728108e-17
-6.292659486335240783e-17
1.534439715742082951e-17
1.002414744346831970e-17
-1.962458855154257204e-18
-1.692964028963637322e-18
2.192776099506519583e-01
2.640110667045949405e-02
-1.266823709351307115e-03
8.676505240624516940e-05
-7.059719698640792732e-06
6.353311429013677538e-07
-6.108081332822287098e-08
6.152754044809666572e-09
-6.416614712691787497e-10
6.873715817970457526e-11
-7.524277277333943379e-12
8.540333288779376687e-13
-9.752970721408748222e-14
6.710316809856664566e-01
2.718182330901058874e-01
-1.049644200007842365e-01
3.775961468705499313e-02
-1.210333463428913195e-02
2.889521267578718661e-03
6.941507440986581371e-05
-7.743447787832441085e-04
7.512566698117046412e-04
-5.537855482918049681e-04
3.622899999678177107e-04
-2.205142441668718305e-04
1.272146367085261588e-04
-7.002808841687280976e-05
3.676632700307624869e-05
-1.827632904033130013e-05
8.448437386911439810e-06
-3.480963748153338375e-06
1.125450506768370366e-06
-1.075334142342293927e-07
-2.663642776928964174e-07
3.577654121464566421e-07
-3.459061525418657395e-07
3.153372631765628940e-07
-1.479465448633314839e-07
9.034284781236618933e-01
3.131219048692483048e-02
-5.026154555054071840e-03
7.960113429112690474e-04
-1.243002931359874202e-04
1.917598072552531812e-05
-2.932401069198494588e-06
4.459780262155242644e-07
-6.762794119947490865e-08
1.024088320530309594e-08
-1.549810988658073487e-09
2.344524552441590863e-10
-3.545173582643531403e-11
5.357011825533644035e-12
-8.086430631790019156e-13
1.218844402527884601e-13
-1.833441076699148204e-14
2.750681066744738816e-15
-4.112844100536734986e-16
6.123660876019050946e-17
-9.071328969559239835e-18
1.333865314854191254e-18
-1.934936060921588920e-19
2.828917544574406677e-20
-4.298937313884473119e-21
9.684286586043947542e-01
2.373521014238142227e-02
-8.921340894415314207e-03
3.352753812316227721e-03
-1.259659693923344346e-03
4.730444602418403454e-04
-1.775142523313561491e-04
6.654315542152648190e-05
-2.490864945272995020e-05
9.307009520180490667e-06
-3.470085013567816776e-06
1.290736599689333280e-06
-4.789121954204511274e-07
1.772595248493698657e-07
-6.545919602511262138e-08
2.412437425814459486e-08
-8.875854706061349118e-09
3.261269977932511445e-09
-1.197110101413167814e-09
4.391309517253093389e-10
-1.610543236591506294e-10
5.917069628405320399e-11
-2.206184177042255722e-11
9.113316894323445596e-12
-2.944625093924003117e-12
9.928269195140433379e-01
7.160194458549511663e-03
1.286287839849883200e-05
2.310742279331906286e-08
4.151116540221755620e-11
7.456747268629104450e-14
1.374542297182354484e-16
-2.057345937118670527e-18
1.406992482242742475e-18
-7.961098361859849702e-19
4.138134686753632690e-19
-1.957008823017263936e-19
8.304654471628002754e-20
-3.093689032921440368e-20
9.732871006051556308e-21
-2.376234449945322482e-21
3.411416339732781445e-22
4.251243242141207461e-23
-5.228695006503955173e-23
1.183697417935173046e-23
7.128806600023204856e-24
-8.563912817782286398e-25
-4.236058562627211591e-24
-1.618163624559760108e-25
1.674410410641528951e-24
1.525929556915973206e+00
-2.721994537939524325e-02
1.729659352008775354e-03
-1.437042942030044928e-04
1.352821231427657565e-05
-1.368902821184877539e-06
1.451922730271745425e-07
-1.591810662198117820e-08
1.788551963279150987e-09
-2.047996822117730650e-10
2.381336721652850483e-11
-2.861379260089231026e-12
3.434586747627783683e-13
1.194926378349553620e+00
-1.776405891424324424e-01
7.694600785661716291e-02
-3.238301563277616590e-02
1.311809813136397516e-02
-4.901530629011144682e-03
1.503406117520532468e-03
-1.955073050178469821e-04
-2.298269936401722358e-04
3.058009490489015927e-04
-2.620422287622390604e-04
1.918665085799441995e-04
-1.287900280487833126e-04
8.142606333931005013e-05
-4.906057313198084727e-05
2.828786438122824414e-05
-1.559096524898507521e-05
8.157340570452986672e-06
-3.984904288289138136e-06
1.746551216349191446e-06
-6.073310380492125409e-07
6.447214966270569482e-08
1.723878456463050002e-07
-2.636590511616933139e-07
1.403453455086108440e-07
1.050751777737742421e+00
-1.715562177495805543e-02
2.845385660153537059e-03
-4.612212025572365488e-04
7.319494583865185703e-05
-1.144193208403879285e-05
1.774865820031173183e-06
-2.748797531702814564e-07
4.266516612224022668e-08
-6.647423438557104402e-09
1.039839484286839287e-09
-1.632341770640206150e-10
2.569843068378735166e-11
-4.054927714834177533e-12
6.409254928597281856e-13
-1.014335971299279461e-13
1.606699387181728751e-14
-2.546324137856334361e-15
4.036267822001936603e-16
-6.397367636907190840e-17
1.013546300413352567e-17
-1.604600676455106340e-18
2.543696511718104818e-19
-4.161190932413005029e-20
6.432499759404736910e-21
1.016124210388261062e+00
-1.231599857381485835e-02
4.702754318033922076e-03
-1.795075529768964083e-03
6.847650355394113058e-04
-2.609478999827631531e-04
9.928589128632230281e-05
-3.769350849750552942e-05
1.426914153834082997e-05
-5.382826698569705486e-06
2.022541692689316419e-06
-7.567498746844677002e-07
2.819610608627233313e-07
-1.046511908300185331e-07
3.871311623910684740e-08
-1.428377945675528866e-08
5.260686019084216361e-09
-1.935487991107310955e-09
7.118405482004526171e-10
-2.618578778337439774e-10
9.640724215483050769e-11
-3.559614475691557014e-11
1.335788759683534912e-11
-5.566638704771606564e-12
1.810217165197731542e-12
1.003605828906257047e+00
-3.605828906257045260e-03
-1.402516687449244014e-17
1.202207884722172256e-17
-9.674821116677982969e-18
7.298308015988951615e-18
-5.149749751921024611e-18
3.389138393646402170e-18
-2.072437311192040720e-18
1.171561319621746989e-18
-6.080833248108342725e-19
2.870219021467293977e-19
-1.214829258868608731e-19
4.509207665822763332e-20
-1.410574591706182063e-20
3.404531968223673937e-21
-4.597823507995711900e-22
-7.059686813636645730e-23
6.394079959712996196e-23
-1.726520948021449489e-23
2.622333450295064325e-25
1.511244494898731593e-24
-4.855980267044872358e-25
-2.711088307796211977e-26
5.383398359301378869e-26
8.115883735528386378e-01
