6.685953287062721406e-01
-6.956806062983326294e-03
5.232854654918492240e-05
-4.816025998521639313e-07
4.917220011525390478e-09
-5.336400867460509090e-11
6.026609233168716381e-13
-6.999060613244472558e-15
8.300055505386527535e-17
-1.011030484738931112e-18
-9.968667344213022514e-21
1.087321135473196516e-20
4.118195517799778939e-21
2.794655918374582826e-01
-2.974665165018595125e-01
8.931821568086555085e-02
-1.196479510148467512e-02
-5.630285777479969792e-03
5.869543501699004025e-03
-3.287839367445759449e-03
1.384288508250845068e-03
-4.286877807901912064e-04
5.827374748205293450e-05
4.213892397497088420e-05
-4.621328295366805707e-05
2.847760099489555851e-05
-1.322264692882822058e-05
4.597615135047957509e-06
-8.534430252627395211e-07
-3.268177651857820159e-07
4.671909400581494058e-07
-3.169848011111717197e-07
1.590516256249026100e-07
-6.070438291326802015e-08
1.400920308881991135e-08
3.212484271647230361e-09
-7.846340758168113916e-09
4.200049908162803322e-09
2.542724392396036176e-02
-2.388554846476529867e-02
6.468941812192991435e-03
-1.295542872421350444e-03
2.171274495913621692e-04
-3.281726997314328859e-05
4.681497187411555573e-06
-6.456867841983110998e-07
8.685000512031494716e-08
-1.137221091682567447e-08
1.435069406134416197e-09
-1.708758242798487999e-10
1.832948349835837805e-11
-1.545638161277474932e-12
3.335224712558169309e-14
2.767491591288303142e-14
-9.513827400044856892e-15
2.303067232589532434e-15
-4.877121053461649906e-16
9.609589290615653576e-17
-1.808981826461294548e-17
3.298781292570358392e-18
-5.852027742169128281e-19
1.025064281129097146e-19
-1.606184842644674529e-20
1.006319389973896151e-03
-1.874862513599711081e-03
1.519803046147063293e-03
-1.080110228046672269e-03
6.801074302455777706e-04
-3.840238634672364518e-04
1.969318106601059264e-04
-9.289599646902064415e-05
4.082033478547392570e-05
-1.691545321680187655e-05
6.688287290693012116e-06
-2.551008748922980233e-06
9.477785059133864483e-07
-3.458354429324318824e-07
1.247394667411057986e-07
-4.468196434304942008e-08
1.594313556062762173e-08
-5.676615607393610008e-09
2.018597742535072316e-09
-7.171153595117355612e-10
2.545501458310744511e-10
-9.039672542701837730e-11
3.247757145190758769e-11
-1.285348954483706429e-11
4.039867887364624929e-12
6.675930334422509301e-10
-1.265522132582734529e-09
1.076485243992668431e-09
-8.191395838156634147e-10
5.543147703899163685e-10
-3.303918601840684144e-10
1.707938024119922675e-10
-7.461142741407878668e-11
2.622822870059921932e-11
-6.599802243010903714e-12
6.944866223566573864e-13
2.827710794062889678e-13
-1.505311345873235805e-13
1.593900580879135169e-14
1.121856233959089061e-14
-4.181562904993113561e-15
-4.758450576911734726e-16
5.771139973486814843e-16
-1.942202116373221095e-17
-7.314950247476313787e-17
9.046461519758679106e-18
9.672552776648983257e-18
-1.767982356642940655e-18
-1.180175260212066185e-18
2.614371389085576037e-19
3.645244772384259035e-01
3.895325082796208954e-03
-2.291709031483232819e-05
1.729483583984373066e-07
-1.496637289311790112e-09
1.411589250342968891e-11
-1.412151461646212164e-13
1.474362663342839574e-15
-1.590396119339968796e-17
1.882237930265998507e-19
-2.125863712800264809e-21
-3.609420878410720097e-21
1.761358921369664220e-22
6.406777867863141518e-01
2.289168057324245942e-01
-5.246459288667358611e-02
2.857926447013673255e-03
5.448196572599771186e-03
-4.001262134970741402e-03
1.854497114171133791e-03
-6.290830783733539298e-04
1.275022926778874189e-04
2.058885423811114231e-05
-3.923064877573334048e-05
2.579328586372399049e-05
-1.211143108337551679e-05
4.247490293635709910e-06
-8.689548227318010804e-07
-1.878938447527535660e-07
3.302558509539040748e-07
-2.244817721251981447e-07
1.102358061000486792e-07
-4.090450832485830779e-08
9.361862129955664720e-09
1.314857017387066631e-09
-3.290621239088356077e-09
2.850944074523037461e-09
-1.228535396492809170e-09
8.713999270355772264e-01
4.098908247756151424e-02
-6.453680673252872556e-03
9.960225693360972004e-04
-1.496443543932885790e-04
2.177641380828489922e-05
-3.057072088369527753e-06
4.119609340829684564e-07
-5.280608136479424615e-08
6.316977619461983928e-09
-6.744401242477434821e-10
5.606379494835163562e-11
-1.121000961766594648e-12
-9.898920752292224530e-13
3.298156175148261792e-13
-7.748147735326194205e-14
1.588987623160097195e-14
-3.024376365990239260e-15
5.483642144859384270e-16
-9.598857970044364662e-17
1.634441502862464480e-17
-2.721196126713681271e-18
4.450275487307242616e-19
-7.177061918663920842e-20
1.008556463948593276e-20
9.575171499909697070e-01
3.176102238011423856e-02
-1.187201165847142845e-02
4.437218330543063992e-03
-1.658112254000216040e-03
6.193949691892011158e-04
-2.312444638674644021e-04
8.625475134153303444e-05
-3.213051585238434671e-05
1.194681278495261847e-05
-4.431355617536222551e-06
1.638752655714410222e-06
-6.038601691379550780e-07
2.216103408153815227e-07
-8.096606279350161488e-08
2.944113556443364797e-08
-1.065301719676177983e-08
3.835531249880384591e-09
-1.374070163019040575e-09
4.898187119940830747e-10
-1.737674896024235969e-10
6.142487183499380554e-11
-2.186773757093938460e-11
8.523237311492884182e-12
-2.645613595313802646e-12
9.902945782689549503e-01
9.681815655799546477e-03
2.354865921527843616e-05
5.727637981832289905e-08
1.393108484266361658e-10
3.388394074470043692e-13
8.243712105221545290e-16
1.849792143706991041e-18
1.041765394640198957e-19
-5.945340567728598147e-20
3.309962150237190400e-20
-1.705368169783639152e-20
8.017998794055070648e-21
-3.414048062347243510e-21
1.296438048087472720e-21
-4.159981158432896708e-22
1.060371020570132575e-22
-2.813140723498023711e-23
1.616614406094790151e-23
2.144054112371283148e-24
-7.043041399645423517e-24
2.230736961837049117e-24
-9.088424467206509126e-25
6.706622495581253199e-26
5.798421265780463126e-25
1.375521183337387043e+00
-2.546917702779942418e-03
1.652585868958489997e-05
-1.376606128625943451e-07
1.305331106520867861e-09
-1.337237754998717286e-11
1.441298195344861065e-13
-1.609909752488831513e-15
1.846670834633001297e-17
-2.278156276383737357e-19
6.248092201113038742e-21
-6.224634935868278365e-22
9.758782368336755365e-22
1.205861159586220754e+00
-1.386177193761179982e-01
3.317960450783173643e-02
-2.480585285634192075e-03
-3.045016379665970753e-03
2.414002063751645184e-03
-1.188134916810816262e-03
4.400780923837525004e-04
-1.107196370644447035e-04
8.635092760002034487e-07
2.089302770668958819e-05
-1.650652329834520899e-05
8.787696308766397425e-06
-3.583537102328360146e-06
1.027657509420167354e-06
-6.504318936331522770e-08
-1.700912774033841514e-07
1.539527378980209172e-07
-8.934499413254317467e-08
3.964318739337300931e-08
-1.285364253949031780e-08
1.677459365461017410e-09
1.718251316350249826e-09
-2.244803527946460593e-09
1.083062030325918598e-09
1.068762435558669344e+00
-2.318205076594737069e-02
3.809104445291182188e-03
-6.033860746825103110e-04
9.158828182877295652e-05
-1.330701292527884665e-05
1.853316851080804548e-06
-2.476186122008866590e-07
3.162991642987397109e-08
-3.815557881648667815e-09
4.212487367724046736e-10
-3.902093118821628802e-11
2.020651661907411150e-12
3.011576931966024202e-13
-1.399265449283410621e-13
3.575882778506216787e-14
-7.650568206303704978e-15
1.498891987648142776e-15
-2.783239407022608249e-16
4.981065931397087990e-17
-8.672545764606014927e-18
1.476860746565430499e-18
-2.461737881883037275e-19
4.055058978081498985e-20
-6.150694439632820331e-21
1.021859302972499828e+00
-1.669706043714284244e-02
6.376011107249447175e-03
-2.434047299534802724e-03
9.286879414438383405e-04
-3.539964286999479131e-04
1.347311183271873171e-04
-5.116217604674056266e-05
1.936623046189201933e-05
-7.299886151064332611e-06
2.737270128850362727e-06
-1.020107079316059689e-06
3.775532454515497781e-07
-1.387093027149841753e-07
5.057624066707902360e-08
-1.830399073256372671e-08
6.577431522781541893e-09
-2.348063024890149576e-09
8.332586074352586681e-10
-2.941367082648073113e-10
1.033528934319203249e-10
-3.620975685165353121e-11
1.278844403830301213e-11
-4.951719457802992944e-12
1.532390669693524978e-12
1.004888263133326021e+00
-4.888263133325900130e-03
-1.335486291185963820e-18
1.159655161962378188e-18
-9.506098701923588240e-19
7.347549778779279375e-19
-5.346193838585574536e-19
3.654095903411948380e-19
-2.339598472645698274e-19
1.398179576578513528e-19
-7.762386808820669912e-20
3.978368285841064598e-20
-1.866098622561910134e-20
7.911835196434610881e-21
-2.974400618094736443e-21
9.594048296154161053e-22
-2.481007562895914469e-22
4.197264354556463894e-23
8.544259369916460142e-25
-3.629116593940892577e-24
1.301745875670536593e-24
-1.547115939674595730e-25
-6.286984217208388405e-26
3.261796487280273391e-26
-4.512502901787884260e-27
7.676178448128121445e-01
