2.172395677188027757e-02
-5.582520960289322028e-07
4.833438721230164468e-12
-3.642304509867302914e-17
2.282242120429123172e-22
-6.847787265313098586e-22
1.737820941028823847e-23
2.254906487966835295e-22
6.220338938828291253e-23
-2.474451992523497336e-23
-9.365725684860476662e-23
1.353276504915164528e-23
5.089878558899952696e-23
2.145959184075765108e-02
-3.417873849718868059e-04
-7.723400822124674872e-05
8.401121706400541007e-07
9.217551543900497919e-08
-1.339376113293531094e-09
-9.392170565650049374e-11
1.780246525394589412e-12
8.830691174170672454e-14
-2.146248050993596415e-15
-7.857927332829674693e-17
2.383619268224215727e-18
3.759280626711746622e-19
-8.153221800127097379e-20
-2.033544045968491207e-19
1.868403152092797074e-20
3.042156967823539338e-21
-1.068484440178066760e-19
7.215659470048903347e-20
1.328199315638998526e-19
-6.502498068013330138e-20
-2.254323615738829825e-20
5.431584475621951921e-20
-1.637123727848231785e-20
-2.557014332900693732e-20
2.016364449390788821e-02
-9.441048729140653299e-04
-6.402990527060461957e-05
2.276879202581548159e-06
5.534971792633089636e-08
-3.397891984890834690e-09
-2.213614919936949519e-11
3.983628636584255406e-12
-2.379939603882382897e-14
-3.907998240334708871e-15
7.188245490344505050e-17
3.594057205573231674e-18
-1.569644297594117039e-19
-2.261516137827217946e-19
-2.040784412506279723e-20
-3.000506206781917087e-19
-2.491162827723541013e-19
5.597302236200303191e-20
2.647201517279943529e-19
4.985230897462773840e-19
-1.268943767415398000e-19
-2.620921249478625034e-19
-1.533758748837180497e-20
-3.982148093896028388e-20
5.583881098531286270e-20
9.540781331067884827e-03
-8.695138048721615109e-03
1.286784878490317835e-03
2.188808521468728861e-04
-1.285777710288213817e-04
2.014784462606499318e-05
1.308095778725362757e-06
-1.217699839720959243e-06
2.264125093345516730e-07
-3.052999548186860696e-10
-9.518327609832229215e-09
2.221930391038462681e-09
-1.201234270570497053e-10
-6.383616382318200633e-11
1.975572221901290210e-11
-1.981100445653186447e-12
-3.441496163171077165e-13
1.606708536293658799e-13
-2.350703450658251381e-14
-1.004294708205183999e-15
1.174958911624392266e-15
-2.420805910649433618e-16
1.338330744972276726e-17
1.339166190879066284e-17
-6.314306289060163467e-18
5.978531697599897806e-04
-9.885574108735089779e-04
5.348849258388543772e-04
-1.506264566101137372e-04
-1.093099408729164559e-05
2.028629020362228058e-05
-1.176853981033018080e-07
-3.179359629657029892e-06
-1.948703159829398618e-07
5.617987626447277276e-07
1.422024516897251249e-07
-8.406993083595003259e-08
-5.470401227515242776e-08
1.878014392930361068e-09
1.377638942040312826e-08
4.910864936618108689e-09
-1.466069040887187550e-09
-1.961193848555760346e-09
-5.407887761090341068e-10
2.731059006822558156e-10
2.993219100968211652e-10
8.996444174787274885e-11
-3.099099545381584770e-11
-4.614784866814570028e-11
-1.862952619310922917e-11
9.712125493545710198e-01
4.281390311111064761e-07
-3.418629158080061639e-12
2.563973074972843542e-17
-1.495268457338324456e-21
-1.465765749550691036e-22
4.822407166497344249e-22
-1.553764818053283125e-22
1.590821080965857390e-22
1.114131619047566334e-23
-1.428509098359774264e-22
8.474028859116678656e-23
-5.158063917123076962e-24
9.714155457014256312e-01
2.625172086665845885e-04
5.942079469392154607e-05
-5.943012949165560386e-07
-6.522346585279167986e-08
9.423187446166505918e-10
6.602066246711490458e-11
-1.263484492986107341e-12
-6.257043126160246674e-14
1.538364899600322557e-15
5.613915996182466850e-17
-1.676322013733818120e-18
4.436265009926395642e-20
-5.393773093360845958e-20
-3.499882891371032225e-20
-3.391221042709165011e-21
2.080737667071955385e-20
3.455705055065438529e-20
-1.946300875549951947e-20
-2.827539988920362591e-20
3.890341815355299493e-21
-8.031611696896639988e-21
7.629296077000157080e-21
1.335238212248048186e-20
-4.334971450337198247e-21
9.724149260932433148e-01
7.301508069002714740e-04
5.047900607475870653e-05
-1.612694244165594637e-06
-3.943405466797681118e-08
2.383467074705247567e-09
1.507457787500445554e-11
-2.810616565689401271e-12
1.769621148313934159e-14
2.776032770523946585e-15
-5.204279462887658408e-17
-2.274968209736310910e-18
1.046472652199501324e-19
2.052976106086192435e-20
-1.877036494243547934e-20
-1.026763980135062273e-20
1.917447568751797293e-20
1.552883735184594654e-20
-1.687881911374889675e-20
-3.083866218425114388e-20
6.323778937256184960e-21
2.568109239482490357e-20
-3.867818166776200141e-21
-6.842090470667126286e-21
2.200500546220331594e-21
9.814817031389015956e-01
7.864934939310230799e-03
-7.132801862412011190e-04
-1.906438772705961978e-04
8.812229811510704375e-05
-1.347552969065615651e-05
-8.401994012644842019e-07
8.293623500454408405e-07
-1.606976326022729462e-07
1.503738926797688556e-09
6.581984225211508588e-09
-1.600012085793603720e-09
9.604096009121326789e-11
4.426229160874847110e-11
-1.427089946088324298e-11
1.503347535653520467e-12
2.341967714626034674e-13
-1.161577048003692536e-13
1.762951211486329987e-14
5.995831679336023210e-16
-8.584717884385734898e-16
1.776834991052414414e-16
-7.034811051043421811e-18
-5.669681776660313119e-18
1.534661434652908411e-18
9.942273685600809818e-01
5.752816226881209138e-03
2.695822861644960522e-05
-1.046946157953222972e-05
4.312251610353172718e-06
-1.049293173232306373e-06
-2.294928559444129759e-08
1.147031150995732080e-07
-2.186910136462439163e-08
-1.131152787691509048e-08
4.334147607524291309e-09
1.407137494633806388e-09
-7.262386364756607297e-10
-2.458679070644587860e-10
1.156422525316609379e-10
5.473019911290954596e-11
-1.578674810779991702e-11
-1.309296037739551727e-11
9.689805098646319216e-13
2.950799948141437729e-12
4.506552671971912655e-13
-5.558927551046324730e-13
-2.678283736451520715e-13
6.826156134220010523e-14
7.718799072204754770e-14
1.014487459983266726e+00
-2.143805429284832371e-07
1.693161867217064987e-12
-1.252319442954521335e-17
1.534368968466127921e-22
-2.310293612032609856e-23
-3.131233097944980793e-23
6.761561616246235441e-23
-1.065161658757824843e-23
-2.518730854920797972e-23
7.837375038054566351e-24
2.251942694569274727e-23
-1.627426545251032779e-23
1.014385798627398749e+00
-1.314740962948930886e-04
-2.976541116779263398e-05
2.944769087998387406e-07
3.234106570264014973e-08
-4.606372024146576784e-10
-3.232327535490926212e-11
6.081261009593108258e-13
3.020248514115191749e-14
-7.280993064550883193e-16
-2.673806692080950489e-17
8.330756174937361686e-19
1.746203898997579601e-20
-6.144868502011514718e-21
8.561705420653543726e-22
-6.641184808491570048e-22
-7.092626686123628275e-21
2.115929545269528659e-21
1.194475544818312366e-20
-2.705345555152984370e-21
-9.171412326805540149e-21
7.873655494434550203e-21
6.479181802754844446e-21
-5.224704588320301242e-21
-3.305624290326364233e-21
1.013885052406121368e+00
-3.659667398597798451e-04
-2.535357385045356796e-05
8.010580251580138211e-07
1.976934243189126013e-08
-1.171320143319550293e-09
-7.808075371287193098e-12
1.366183520628595382e-12
-7.897393836548271686e-15
-1.336630953282071588e-15
2.396647965500162097e-17
1.095651475840981533e-18
-5.917926081245281841e-20
-1.687295517292221765e-20
1.509596603035947994e-20
1.541428410651400683e-20
-7.623724270642736357e-21
-6.744662322499429066e-21
-3.314132362304064250e-22
-2.046659923201446069e-21
5.494304670250711244e-21
1.281256541564779038e-21
-5.488389887613906041e-21
9.686729215238423023e-22
1.984494433399485255e-21
1.009321697126959627e+00
-3.964128775794910874e-03
3.560200868187364683e-04
9.728484973386393269e-05
-4.432007791060727598e-05
6.639789242501544391e-06
4.596324246486995462e-07
-4.166934674683639940e-07
7.815959953662714341e-08
-8.615807493244847289e-11
-3.323828286973304491e-09
7.698529394299560809e-10
-3.873514266039340726e-11
-2.281369984503044583e-11
6.821030792116168364e-12
-6.397584801071352003e-13
-1.289022730697708212e-13
5.549963927145304435e-14
-7.617718867143785979e-15
-4.689398051508386056e-16
4.140847875109059936e-16
-7.708447487061635433e-17
1.303511602763830646e-18
2.616136577707856833e-18
-5.155650080076815187e-19
1.002898595982192109e+00
-2.892620855934048291e-03
-9.713380037832278842e-06
5.474414218854825820e-06
-2.249409450281926221e-06
5.454753486134124170e-07
1.313565924959186979e-08
-6.006038811079895153e-08
1.130223518417470122e-08
5.964257597733695416e-09
-2.255690321456845666e-09
-7.455153051455817185e-10
3.788332155526226427e-10
1.303454964623643184e-10
-6.030061082714020134e-11
-2.895462718421380386e-11
8.195656712284152265e-12
6.908765556139163366e-12
-4.853277611761224043e-13
-1.552870662750048263e-12
-2.422784351077163832e-13
2.913940582220378111e-13
1.418563027904830660e-13
-3.550746082666062199e-14
-4.077253477117785358e-14
9.852482258509859259e-01
