9.647212813393671871e-01
-9.015123646665829105e-02
9.701608069739004955e-03
-1.335313497019435672e-03
2.048519415962002962e-04
-3.340545170063233835e-05
5.665315646607652117e-06
-9.874138108994966616e-07
1.755967949973783320e-07
-3.171348372484468517e-08
5.808655401060751044e-09
-1.128997214638342399e-09
2.107988542939808775e-10
2.663797159534765369e-01
-3.285266889221326037e-01
1.564807576347765905e-01
-7.170512059920128300e-02
3.329660160056772261e-02
-1.553192336293697171e-02
7.113987161803375821e-03
-3.103070660931708542e-03
1.220608821610643432e-03
-3.712360442481352067e-04
1.709838776654534220e-05
1.071122223946538947e-04
-1.309554196426996947e-04
1.160708311512825423e-04
-9.038325335122536649e-05
6.543460712183927683e-05
-4.511375589456091310e-05
2.997815272769062208e-05
-1.932626762923189066e-05
1.213852748292942243e-05
-7.463857054893762995e-06
4.546425012535958290e-06
-2.840076139601243548e-06
1.983581695067747534e-06
-8.495612256882467104e-07
2.133650044670709275e-02
-1.836406674539849820e-02
4.578416937116759275e-03
-8.647678653246892999e-04
1.416205592622487241e-04
-2.179781585526825315e-05
3.299401235764304984e-06
-5.012907701656914481e-07
7.692609279007201936e-08
-1.192541583147231097e-08
1.864916198796390828e-09
-2.937408807916195000e-10
4.654109910749545144e-11
-7.410329323781138466e-12
1.184723217338757845e-12
-1.900604252278673752e-13
3.057948259700408850e-14
-4.932188461176503667e-15
7.971839994319769958e-16
-1.290824106090341741e-16
2.093178041684800787e-17
-3.395216362157854204e-18
5.519281212193236067e-19
-9.477372483269838373e-20
1.664573640534121408e-20
1.059636102902461376e-03
-1.953020060870677612e-03
1.535344091001932670e-03
-1.041436441447634274e-03
6.188244126423818759e-04
-3.275101434970571052e-04
1.570134903598759232e-04
-6.933135414243623282e-05
2.865570640769397323e-05
-1.125778520144788055e-05
4.263869017763323757e-06
-1.576313095177597837e-06
5.745644344546548028e-07
-2.080269609279691169e-07
7.518026706896154932e-08
-2.719523689781854017e-08
9.859173642523320317e-09
-3.583550392064504646e-09
1.305834194963062251e-09
-4.769582131146440236e-10
1.746168621856956869e-10
-6.417917208505258971e-11
2.398837756267769785e-11
-9.958718575722079989e-12
3.231823474980700037e-12
3.889988542127023224e-09
-7.324145228080406862e-09
6.101895967501668287e-09
-4.478245519405300791e-09
2.870411607635971321e-09
-1.583503626454881739e-09
7.331582214353925693e-10
-2.716308876859470951e-10
7.195410623612825676e-11
-8.355168779983412134e-12
-2.909045665811357805e-12
1.616424925182990596e-12
-1.462134775628073110e-13
-1.343110446168756964e-13
4.234327225573194721e-14
8.890963492440288139e-15
-6.435497757458141225e-15
-4.844974588742702918e-16
9.140361325550339585e-16
2.123890650354560872e-17
-1.354134351355379769e-16
-2.556474485844247701e-18
2.192847640560538016e-17
7.416832221747952534e-19
-3.482677395441870536e-18
2.038119701877455781e-01
3.742197502908116424e-02
-2.727892775341984183e-03
2.870015562214420050e-04
-3.592298273729345134e-05
4.973303658327167137e-06
-7.354058566587105716e-07
1.139150636090603393e-07
-1.826529118160630760e-08
3.007878930243482008e-09
-5.068042653942610830e-10
9.072032680280585399e-11
-1.575706311725143014e-11
6.797216485532251440e-01
2.690681860289669824e-01
-1.082067657156465801e-01
4.222678209074016975e-02
-1.582602321801327566e-02
5.446551496474392844e-03
-1.499711621448623824e-03
1.107258274511076267e-04
2.902318407538869273e-04
-3.355776393725032813e-04
2.735010964803811888e-04
-1.953212036691274437e-04
1.298321030482286413e-04
-8.232711992093333137e-05
5.038665029497567968e-05
-2.993460907976529012e-05
1.730129241840486828e-05
-9.724205389292947156e-06
5.298362354293499015e-06
-2.779048698315271839e-06
1.383612147276487111e-06
-6.349468026277300797e-07
2.506783684481878183e-07
-7.098372116683292215e-08
9.191577241278937782e-09
9.070131870527200491e-01
3.013628381602915726e-02
-4.823908633050925064e-03
7.603164588988513490e-04
-1.180694973903313256e-04
1.812902860942215222e-05
-2.765033755411884534e-06
4.205908572204030763e-07
-6.397830694274562268e-08
9.746564947649097095e-09
-1.487873987361389325e-09
2.276206896472226770e-10
-3.489167594857943514e-11
5.357807420879346359e-12
-8.239125019721322696e-13
1.268440622336485145e-13
-1.954415406141879270e-14
3.012874248617606077e-15
-4.645345503386861353e-16
7.161109572070557286e-17
-1.103462959241379785e-17
1.699196053876053056e-18
-2.606323962118975197e-19
4.094959116825678946e-20
-6.577561938763425780e-21
9.696131751202700100e-01
2.285762855473414887e-02
-8.595963963452187689e-03
3.231882138577498158e-03
-1.214597982666331538e-03
4.561483834356580861e-04
-1.711267956355740137e-04
6.410329831557754171e-05
-2.396598734055107200e-05
8.938854543117982416e-06
-3.325097228690740379e-06
1.233375408714182463e-06
-4.562122591521754203e-07
1.683097039780042100e-07
-6.195473091330177544e-08
2.276434275047302204e-08
-8.353280644837792162e-09
3.062506893649975818e-09
-1.122243604399603645e-09
4.111837944400184440e-10
-1.507038996787018112e-10
5.535813156707504894e-11
-2.064691291844704792e-11
8.536231904928004185e-12
-2.760182905300221285e-12
9.930999946030366621e-01
6.888081081438243193e-03
1.190370839621845956e-05
2.057151645828416360e-08
3.555090727539120197e-11
6.141614990687530213e-14
1.211093705300960392e-16
-9.475343880141673576e-18
5.781613138596812786e-18
-3.183830598077180169e-18
1.600265352742229685e-18
-7.257002787552692044e-19
2.917139700424427388e-19
-1.009173578484871288e-19
2.836976496320928087e-20
-5.557901424250368690e-21
2.214660637844862508e-22
3.490763469834235882e-22
-1.378944218046614942e-22
1.816372626738274719e-23
2.885631601308940196e-24
-3.482069339099247985e-24
3.089119637057110706e-24
2.815354669685679793e-25
-1.959886650477447896e-24
1.556159994594848772e+00
-4.336894325583566523e-02
4.291057423071722651e-03
-5.523248542224572883e-04
8.029762442784902081e-05
-1.252591085369604942e-05
2.045981248124895149e-06
-3.452085832266723699e-07
5.966554169163415423e-08
-1.050636713407309753e-08
1.881320011204776688e-09
-3.573670678395015931e-10
6.513650175823086632e-11
1.190661778326384646e+00
-1.779449367815971184e-01
8.116451300178487149e-02
-3.719592355468902961e-02
1.709974869057683672e-02
-7.753560189866652401e-03
3.378990385127486444e-03
-1.354979228057050971e-03
4.495913594874544517e-04
-7.114664997760780066e-05
-6.613538333874529826e-05
9.904530129321433376e-05
-9.146120710894874910e-05
7.185821668556941909e-05
-5.188062843834884304e-05
3.547676545879911247e-05
-2.331181346969197826e-05
1.483087307324632714e-05
-9.170520252981271468e-06
5.521590274093374239e-06
-3.242479424219977616e-06
1.868245983752198719e-06
-1.083724952551378833e-06
6.918324135310679924e-07
-2.824430154834504717e-07
1.048760134828191415e+00
-1.642995564989874549e-02
2.709342393576608370e-03
-4.359846319581718197e-04
6.872301350587087286e-05
-1.069634720018274364e-05
1.657892815901789735e-06
-2.575084736869324977e-07
4.021234893964665764e-08
-6.318895961936337129e-09
9.987335099780830696e-10
-1.586352616193629403e-10
2.529893344600162449e-11
-4.047890884381702098e-12
6.494075257228408878e-13
-1.044139981612470374e-13
1.681834662884536702e-14
-2.713001964812918627e-15
4.381679035305398933e-16
-7.083515562961049052e-17
1.146009121929265058e-17
-1.854922733360189182e-18
3.002050765836895320e-19
-5.061880859893405244e-20
8.319036842977535945e-21
1.015508549813551209e+00
-1.184497991980100126e-02
4.522262431959719713e-03
-1.725693868424820485e-03
6.579577616955321982e-04
-2.505136431337560542e-04
9.518652524027399657e-05
-3.606656056814390888e-05
1.361751039338287368e-05
-5.120211966085449649e-06
1.916515150577924116e-06
-7.140766524660106117e-07
2.649161152878579084e-07
-9.791747312825829581e-08
3.608749295161919111e-08
-1.327408816990491469e-08
4.877641608918628086e-09
-1.791980301369409024e-09
6.586627868410772687e-10
-2.423340564798266844e-10
8.929214056290147699e-11
-3.301469754190735933e-11
1.241320148776853735e-11
-5.186177445765305968e-12
1.689406157361970224e-12
1.003468297828337574e+00
-3.468297828337513992e-03
-5.428600134148046638e-17
4.624956589633758694e-17
-3.689615147836685859e-17
2.751352810383649698e-17
-1.913145859177696488e-17
1.236415418547038181e-17
-7.394209048976570035e-18
4.067809484663752078e-18
-2.041853798002351077e-18
9.242666996754374772e-19
-3.706188883666035334e-19
1.277656248706143005e-19
-3.569497338318938491e-20
6.883620946601192112e-21
-2.274165416250608754e-22
-4.497664038802765439e-22
1.847865759060210799e-22
-2.503405834995029619e-23
-8.673674154532263807e-24
5.039096360958762818e-24
-6.039637586791345819e-25
-3.580811318564521670e-25
1.535276130521624062e-25
8.278110328871227663e-01
