2.582819371307844558e-01
-1.986532459681393536e-04
6.804504452026289501e-08
-2.444424494097962903e-11
9.285717217365488816e-15
-5.481777316610244174e-18
-9.879688549452360607e-20
6.286018813135276147e-19
-2.740769602937691028e-19
3.469714879399351288e-20
-9.760644874958907338e-20
-8.343833931399899764e-21
6.456416378400167762e-20
1.976448574241886635e-01
-7.083532843165267490e-02
-6.516778016287652631e-03
3.657331745747802697e-03
-3.290669705332350875e-04
-8.018354204458020174e-05
2.570575652578994903e-05
-1.397222494486102687e-06
-7.554475144759018482e-07
1.922784838207105792e-07
-4.548169005512649770e-09
-7.106092321613383741e-09
1.522555990930378515e-09
1.421806395145629101e-11
-6.809976161538295581e-11
1.241315515598369007e-11
5.917796923219857167e-13
-6.614504565647187310e-13
1.020004659173012743e-13
9.725557423829908533e-15
-6.506687285642821969e-15
7.946367512483081141e-16
1.599891914849074048e-16
-5.304635279629675768e-17
4.530099436805455791e-19
7.225485326287023335e-02
-4.447376254784091154e-02
6.440861005357338687e-03
-4.340308204143894901e-04
-2.496584051450214750e-05
1.180167940553236334e-05
-1.951384260772633109e-06
2.102404552748311338e-07
-1.237222611072705105e-08
-8.198503632973818742e-10
3.828311282068859261e-10
-6.953395823952211621e-11
8.716788913240545396e-12
-7.214719631465783439e-13
7.233074695824562140e-15
1.128292020409579885e-14
-2.687232301440850168e-15
4.092931566715570267e-16
-5.433409809513509583e-17
5.495417857523819317e-18
6.775126564834755665e-18
1.250286079394746436e-18
-5.166265196984805108e-18
-2.026337840841577425e-18
2.880433843996603092e-18
5.936757358935292918e-03
-1.071403679928578830e-02
7.924339656568763629e-03
-4.876203679191282170e-03
2.539177517797986880e-03
-1.136105648776155079e-03
4.416008290761558731e-04
-1.496536760475583193e-04
4.372861310192969071e-05
-1.047954903938863048e-05
1.651785764304884463e-06
1.446488428521873773e-07
-2.851443855074307530e-07
1.704218758945730806e-07
-7.951564219159496871e-08
3.297369156545439217e-08
-1.269644501874400159e-08
4.623419421345505680e-09
-1.603850336412530363e-09
5.303240351443200304e-10
-1.662239954767021527e-10
4.865473537752635065e-11
-1.280733370101588869e-11
2.757376860172233296e-12
-3.703242654089254393e-13
1.126352119681969871e-07
-2.107315900873855890e-07
1.721696571192233671e-07
-1.220827600303044284e-07
7.422579002400373412e-08
-3.786692409843537281e-08
1.556457336100923420e-08
-4.708181089958027890e-09
7.618866274113823447e-10
1.167159513156093998e-10
-1.049058161279368761e-10
1.624367761405282636e-11
7.557438568281679194e-12
-3.292355896583249675e-12
-4.102509780179140410e-13
4.739695894461900939e-13
1.183397714334028358e-14
-6.783229146023870357e-14
6.787297263556503036e-16
1.039459285330079463e-14
5.409528349839711492e-17
-1.697410507341144331e-15
-1.315800475891276514e-16
2.396202143857566583e-16
5.242063797038305211e-17
6.989302899203519992e-01
1.423659949430136477e-04
-4.512199435444621425e-08
1.553027293602640995e-11
-5.632855882084796610e-15
1.963927286919370015e-18
-5.519721923487476419e-19
5.830844269143330901e-19
-2.712244020850130091e-19
-4.989699230350779569e-20
1.427092314185713994e-19
-2.908242581184981916e-19
2.123268078756358651e-19
7.438652589646452817e-01
5.297313936904968212e-02
5.518991648480382241e-03
-2.525743032342701866e-03
2.085387737400899580e-04
5.587027847036848076e-05
-1.679489580176016150e-05
7.413592626207102292e-07
5.115562637472801595e-07
-1.175133988565977386e-07
5.695524551759158181e-10
4.581014142574575172e-09
-8.457826855505341068e-10
-3.364814773775180750e-11
4.098580080055547577e-11
-6.132051377512483456e-12
-5.842842798214504569e-13
3.675516994715235315e-13
-4.384075434641820299e-14
-7.505434662043827486e-15
3.320186648854537511e-15
-3.003928824578140950e-16
-9.632241256106879406e-17
2.342896732781242782e-17
6.909758213225308313e-18
8.452108927276944517e-01
4.077616311961176909e-02
-4.157604277077784835e-03
2.270590465283442699e-04
2.079785097177675937e-05
-8.058762651570391955e-06
1.327813938736817623e-06
-1.432201991033594752e-07
7.950088161409552851e-09
7.224989418770676835e-10
-2.894364478703227943e-10
5.003804505468870851e-11
-5.866420873280512093e-12
4.104102221479359696e-13
1.278346394574911074e-14
-1.008183466191973160e-14
2.010010958140489108e-15
-2.641627261247047681e-16
1.802263352716837856e-17
2.415607173422185435e-18
1.881548549588171457e-18
-2.941176800210453874e-18
-2.802269516979236791e-19
6.184577164510002918e-19
3.945128043254963779e-19
9.455909465464069630e-01
4.027879004445374805e-02
-1.484220514114620998e-02
5.422966256047637504e-03
-1.952630099574094533e-03
6.867934189613633189e-04
-2.331221447315647813e-04
7.506175746383108389e-05
-2.230752108199571010e-05
5.795594787748872713e-06
-1.122124316994208235e-06
2.148133022155283767e-08
1.323658726179439873e-07
-9.501798913127600905e-08
4.888061269069670632e-08
-2.167642655582109942e-08
8.763619741842690871e-09
-3.307905498725496881e-09
1.178349926307456097e-09
-3.973661716639390906e-10
1.263556388269669603e-10
-3.734082779958196691e-11
9.856384896898370833e-12
-2.085714602991361194e-12
2.606186404575764297e-13
9.874652494844861073e-01
1.249534704471222564e-02
3.927960450072716570e-05
1.234769012728463582e-07
3.881914020125607901e-10
1.193585509839814010e-12
2.156154341978869087e-14
-1.085240440862623521e-14
6.082979987298781003e-15
-3.082304905354020971e-15
1.394190643332658032e-15
-5.508216040832672583e-16
1.828931255091404220e-16
-4.692731599857633080e-17
6.964073607985851611e-18
8.308770692138740938e-19
-8.921172165240021538e-19
2.443659567275742201e-19
8.433642145166180023e-22
-2.366306188514358451e-20
6.756564319895577748e-21
6.393504547152391864e-22
-9.396536285390189603e-22
9.428493134676888957e-23
1.170292807740133851e-22
1.160913753425214301e+00
-7.355536334587477328e-05
2.202424583682617830e-08
-7.239863504899669670e-12
2.545725723021783007e-15
-7.799747251105109999e-19
-3.014834698779617255e-19
-6.301563457159203466e-20
6.447573147712591695e-20
4.377486015640363746e-20
1.427554256544525279e-19
6.705296157627708265e-21
-1.048432069809316277e-19
1.137256065931451454e+00
-2.801532945206241382e-02
-3.076900848118394993e-03
1.296495598884217114e-03
-9.451878455258869919e-05
-2.888429895588419765e-05
7.881262700047905688e-06
-2.663893781549584428e-07
-2.429162064464355530e-07
5.170646076675858363e-08
2.246607131121564054e-10
-2.050581085110644444e-09
3.600284373200214890e-10
1.681448371269326237e-11
-1.773498646349579835e-11
2.592867741304685025e-12
2.543627926718665380e-13
-1.567940658350369354e-13
1.884000161541954045e-14
3.127512394289370208e-15
-1.402384702443650150e-15
1.239475966692561138e-16
4.085216231382238564e-17
-4.610649954605168112e-18
-7.288825063875921976e-18
1.082639813176082599e+00
-2.238061328662199756e-02
2.238799571237586397e-03
-1.049957269735049607e-04
-1.456364250996116358e-05
4.561593160503336035e-06
-6.797454862224622641e-07
6.473839580793960792e-08
-2.407434040028317737e-09
-5.363256487028286052e-10
1.504272968934060955e-10
-2.293101597105436894e-11
2.394864607109606445e-12
-1.309152716734042944e-13
-1.216204032029123074e-14
4.894715857003068456e-15
-8.682822993547858933e-16
1.068455735119469818e-16
-6.231066103553406209e-18
-2.235919349519061061e-18
8.819545854653971945e-19
7.945044287962083004e-20
-3.068590241976698852e-19
5.980344716079580213e-19
-3.975102269996767870e-19
1.028189604085477882e+00
-2.141486288563175522e-02
8.081501000812573582e-03
-3.013986933552425217e-03
1.102159991628652363e-03
-3.909000763140619639e-04
1.324792167081214895e-04
-4.198870319356210720e-05
1.199689614469456517e-05
-2.842122762789625768e-06
3.980620414215054034e-07
9.633949569543647845e-08
-1.181386724994561781e-07
6.876853595928447244e-08
-3.204288761023529636e-08
1.321207631132280288e-08
-5.002455922851687101e-09
1.768193333765769743e-09
-5.870979284228920168e-10
1.827501799032344631e-10
-5.264058876006572586e-11
1.352195816503699971e-11
-2.727832644740885039e-12
1.033012957887526351e-13
1.686676635977600705e-13
1.006326791494976280e+00
-6.326791494946866490e-03
-5.504308613274352207e-14
4.607046429914025640e-14
-3.582963758021382805e-14
2.582806781670864790e-14
-1.719730504977813710e-14
1.052587618197427712e-14
-5.882830622257807544e-15
2.973945723405602180e-15
-1.340954368748739824e-15
5.274304802532736404e-16
-1.739095591421175671e-16
4.403283278927099751e-17
-6.250840046761152662e-18
-9.260398555431882628e-19
8.749785682409948771e-19
-2.300078470345625891e-19
-4.665342171477191824e-21
2.380491416280439160e-20
-6.391457234964340158e-21
-8.125993914368981819e-22
9.067961637464581820e-22
-8.051241341022850918e-23
-8.261313550414065808e-23
8.582060614859329251e-01
