1.756668612881167046e-01
2.415686520168349727e-01
2.906076037091823161e-01
3.304467931254503332e-01
3.641776877004780921e-01
3.934281317461025829e-01
4.191860779655743330e-01
4.421076261650482842e-01
4.626566706505294002e-01
4.811767404626250411e-01
4.979314545012973325e-01
5.131289124651468025e-01
5.269372092016577636e-01
5.394947384669253054e-01
5.509172842607821252e-01
5.613030496111930390e-01
5.707363144550362533e-01
5.792901558980408927e-01
5.870285100330431272e-01
5.940077613898167019e-01
6.002779866648352280e-01
6.058839410140083315e-01
6.108658496303719376e-01
6.152600499813825063e-01
6.190995180311590351e-01
6.224143033036849681e-01
6.252318915538265243e-01
6.275775093947608685e-01
6.294743819715575839e-01
6.309439523458536536e-01
6.320060694168277982e-01
6.326791498102658506e-01
6.329803180953627040e-01
6.329255288458662809e-01
6.325296734184560066e-01
6.318066737956926637e-01
6.307695654411143993e-01
6.294305707769232150e-01
6.278011646422697600e-01
6.258921328655459027e-01
6.237136249247257069e-01
6.212752015195532884e-01
6.185858777728558966e-01
6.156541626802637390e-01
6.124880953585140064e-01
6.090952785770650246e-01
6.054829100166856382e-01
6.016578116553182864e-01
5.976264576600536227e-01
5.933950011491082588e-01
5.889693001664414451e-01
5.843549432274860456e-01
5.795572747888422249e-01
5.745814210087646368e-01
5.694323161999358396e-01
5.641147303880161834e-01
5.586332984412244462e-01
5.529925512857297720e-01
5.471969497873173660e-01
5.412509219757251078e-01
5.351589044060680589e-01
5.289253886256948256e-01
5.225549738982151471e-01
5.160524276094038409e-01
5.094227550277875549e-01
5.026712804015399660e-01
4.958037416193687430e-01
4.888264008776678771e-01
4.817461739523036801e-01
4.745707807508345866e-01
4.673089199955982598e-01
4.599704712476615498e-01
4.525667283439236965e-01
4.451106699594537530e-01
4.376172756541080733e-01
4.301038993741644889e-01
4.225907163958771973e-01
4.151012628153252226e-01
4.076630868051523415e-01
4.003085253660376708e-01
3.930756068307277307e-01
3.860090569022525120e-01
3.791613558971259068e-01
3.725937612179826552e-01
3.663771774463316921e-01
3.605927302498189713e-01
3.553318754695407033e-01
3.506958357970242912e-01
3.467940814512635583e-01
3.437414457318520022e-01
3.416533181498811467e-01
3.406382788767375325e-01
3.407876977777982708e-01
3.421625035217616961e-01
3.447791362346945832e-01
3.486011307644757973e-01
3.535526785669066419e-01
3.595847514883021012e-01
3.668048088573958587e-01
3.755012451159410736e-01
