9.103823934382687666e-02
-1.464346152063141121e-05
9.069777109375802098e-10
-5.355932056169822530e-14
3.151862836572444039e-18
8.995454445017978291e-22
-7.610373100853580318e-22
-1.908234861331848618e-22
4.909054441542968893e-23
1.098687706574960137e-22
8.470100015647025193e-02
-8.030233232832134985e-03
-1.591243933603628214e-03
1.269402744756796260e-04
9.241747352704062041e-06
-1.346200779493934866e-06
-2.849077433431748626e-08
1.176215762634748788e-08
-1.792299085922933812e-10
-8.812759207480931275e-11
4.514212122520089120e-12
5.521670622637049119e-13
-5.570283736083401433e-14
-2.515064418974912214e-15
5.381652251463939454e-16
1.535653038667471799e-18
-4.444327570789950936e-18
1.325032078811849828e-19
6.575902604007512547e-20
6.070292830535313489e-02
-1.456573024483194707e-02
6.583482006095705468e-05
1.111297727595442469e-04
-9.140374861538429145e-06
-4.795342172275067275e-08
6.574594898319824009e-08
-4.977421038199275000e-09
-3.953274729564612597e-11
3.703459357160287915e-11
-2.778185396592330178e-12
-2.413711587921734939e-14
2.106495356394130863e-14
-1.576976246219988501e-15
-1.476739156156635122e-17
1.198048268484082018e-17
-8.121546102226078222e-19
4.891352787639548592e-20
-4.356245669449078995e-20
1.200669855690538607e-02
-1.917406691242459424e-02
1.031408064106080491e-02
-3.871758571143283593e-03
9.636090048359794184e-04
-9.022739508149833461e-05
-5.503965953685550818e-05
3.907694590294219885e-05
-1.563169297132970567e-05
4.649568766663482510e-06
-1.012065792107462664e-06
9.975526491068748682e-08
4.563028094250901435e-08
-3.579447220626698278e-08
1.559883603158197441e-08
-5.173733770269731730e-09
1.318252108516553897e-09
-1.911120127702565999e-10
-1.159842507163879224e-11
2.292249559731803158e-05
-4.131869953329280951e-05
3.003373263046228359e-05
-1.716965315516388703e-05
7.267650786360254003e-06
-1.915965435091321197e-06
6.217860763706186484e-08
1.666078707193301146e-07
-4.230174001600931351e-08
-1.331596743052086302e-08
6.945145327292223262e-09
1.457738188326145618e-09
-1.067979754792961151e-09
-2.556622154135539796e-10
1.634221512494682350e-10
5.933799244461074532e-11
-2.181234897305675227e-11
-1.131354945077403878e-11
1.462706904058646254e-12
8.962807171653407456e-01
9.530201418492512914e-06
-5.232148192232953563e-10
2.930453725535248514e-14
-1.667552103883876021e-18
8.410110650014387229e-23
-2.138191503895025585e-22
2.278418632887695876e-22
1.154262426378524401e-22
-1.535512317636397666e-22
9.004549524687881501e-01
5.304086532184204214e-03
1.071486322841444299e-03
-7.419302420364821309e-05
-5.574710067410125259e-06
7.474549627076471506e-07
1.735857386848621029e-08
-6.331241172606130321e-09
8.358244633140841363e-11
4.647313491199729100e-11
-2.283628708438613166e-12
-2.872382066125169223e-13
2.833631792186509052e-14
1.293498568729363869e-15
-2.739182307897450162e-16
-6.992602285979636317e-19
2.359419909155970112e-18
-8.529013603701941473e-20
-7.141089998278512868e-20
9.168531048896912949e-01
1.025728063582015577e-02
7.964553551526558231e-05
-7.108363065482374327e-05
5.066341005557112709e-06
6.336007678312463297e-08
-3.768642039836777986e-08
2.575211563944294701e-09
3.871133090008349083e-11
-1.996157468094204547e-11
1.372708982176504417e-12
1.969480297472369035e-14
-1.080567556440222024e-14
7.650543413973071370e-16
9.385398586693644998e-18
-5.978831834265603068e-18
4.333957505505845595e-19
-2.035124406585221334e-21
4.382428871062085942e-21
9.630721901387145900e-01
2.544046133108465724e-02
-8.014006082226157041e-03
2.151301179558447532e-03
-4.128668370314410264e-04
6.796018187970634362e-06
4.101411294148115652e-05
-2.403727803899561902e-05
9.166310616838133370e-06
-2.609679561701302677e-06
5.105291770426008721e-07
-2.020457156937737042e-08
-3.912559629436913452e-08
2.336624602943029335e-08
-8.996644752891061929e-09
2.668171538850674037e-09
-5.852075126056316070e-10
4.558125603462829481e-11
2.229117523003907484e-11
9.911141861040855261e-01
8.866026151078957446e-03
1.974714275374919617e-05
3.809818250532202880e-08
3.972662847922908422e-09
-2.239276139140079491e-09
1.107325545199833857e-09
-4.522731653259531739e-10
1.417861408531068088e-10
-2.729854199945891449e-11
-1.088517531694605418e-12
2.830600565994622808e-12
-7.745641077705536851e-13
-8.034800361442903527e-14
1.052830215039749841e-13
-1.287453069540488331e-14
-1.067732509612817482e-14
2.662774817263772839e-15
9.964687393964729208e-16
1.052746733750759445e+00
-4.680099361844680734e-06
2.415640498991998118e-10
-1.253131164035672309e-14
6.532212161768198050e-19
3.692856416304878068e-22
-5.874067838921005357e-23
-9.315083057413670746e-23
1.872554469835073157e-22
-1.119828453974556014e-22
1.050686218328708454e+00
-2.621240094327891793e-03
-5.336159832583859319e-04
3.481903162205289001e-05
2.711745374779400193e-06
-3.304682522039349140e-07
-9.095712239526580822e-09
2.634712060190702736e-09
-1.733517816135394429e-11
-1.834005247962882537e-11
7.039217693114848933e-13
1.101847818113092434e-13
-8.603116625269698008e-15
-5.276664441357197545e-16
7.953453164664954814e-17
1.318710852839718935e-18
-6.335116276055348141e-19
1.558195680714878321e-20
3.864829411140918717e-21
1.042493749643598866e+00
-5.167470368056935152e-03
-5.450939448550628900e-05
3.589136433363478688e-05
-2.332937002764638143e-06
-5.064440120808162960e-08
1.811773978633308066e-08
-1.030076631768638610e-09
-3.466113556492791942e-11
8.957349342578516585e-12
-4.621546632526632416e-13
-2.065836816568623326e-14
4.468979154674404416e-15
-2.123322799780274378e-16
-1.192095669553570178e-17
2.257819943378636367e-18
-9.463611606382040001e-20
-5.361482841817233179e-21
-2.377274428164170261e-21
1.018813574126932631e+00
-1.309659491894129765e-02
4.138346240412883389e-03
-1.100606130862942294e-03
2.020344976350447140e-04
2.973660936280119904e-06
-2.370229082717126236e-05
1.302582790825447992e-05
-4.742036243233173718e-06
1.264121353042612908e-06
-2.104149113032161858e-07
-1.127754230801284382e-08
2.664830653157249622e-08
-1.327563213009102189e-08
4.594026807052138982e-09
-1.203569659854988979e-09
2.041866111434520495e-10
1.733372258063363397e-11
-2.306889014328175372e-11
1.004472692052546190e+00
-4.472689398990346149e-03
-4.752258499221700617e-09
3.564109089315558387e-09
-2.359437139585666834e-09
1.362393713453337269e-09
-6.727061003715560315e-10
2.741548979405456712e-10
-8.559855272446141270e-11
1.629372380655078289e-11
7.631188744204162346e-13
-1.735939119501443977e-12
4.658175955742320865e-13
5.238814101542359222e-14
-6.449553148924214878e-14
7.514601318286052197e-15
6.633982272508689063e-15
-1.606562909761443420e-15
-6.258737029156615351e-16
9.469951763826299773e-01
