2.364170148566889784e-01
-1.707669168774490569e-04
5.287332003833952606e-08
-1.610156379535102451e-11
4.868584984861341732e-15
-1.452903897519329942e-18
-1.710557186202612677e-21
3.417972248860963336e-22
1.543245597256457147e-21
-1.012676874636121283e-21
1.828970781207929774e-01
-6.287028792481684503e-02
-6.191667830409058881e-03
3.186989675620490858e-03
-2.376923907740782305e-04
-7.648700431939277236e-05
1.938433684757634790e-05
-1.544697787897787295e-07
-6.546566922869401183e-07
9.997958682734012571e-08
8.535730380966886340e-09
-4.709635765425015260e-09
3.679713441530365015e-10
1.124690730274359799e-10
-2.839656052314038269e-11
-9.400688590052429644e-16
9.830392860804815429e-13
-1.236474061696091671e-13
-1.748501159625514970e-14
6.962776156927577564e-02
-4.099954818302128934e-02
5.759365718172818754e-03
-3.783997390476521441e-04
-2.495388220240358715e-05
1.139741773227265131e-05
-1.906194398379746116e-06
1.994409576468711426e-07
-8.503659909104995737e-09
-1.737086905899091778e-09
5.205133466647777098e-10
-7.937847167599717803e-11
7.475382991646912187e-12
-1.492534253980619676e-13
-1.046807904203524708e-13
2.507041329563226853e-14
-3.425412557194124424e-15
2.624098913879457676e-16
5.920630997321457649e-18
6.208378687059749011e-03
-1.109648582746970355e-02
7.997973182906981462e-03
-4.745840378069443241e-03
2.371393909709372354e-03
-1.018390268333168713e-03
3.819854221630340188e-04
-1.263371072017491529e-04
3.674545154753638325e-05
-9.099965738302165586e-06
1.666634215742942318e-06
-3.111809541003089016e-08
-1.797716297513818650e-07
1.269324459108460149e-07
-6.540871103282277564e-08
2.957544609918695431e-08
-1.252680647313963048e-08
5.553443306006562942e-09
-1.828927416383169827e-09
2.919163662507892329e-07
-5.429757841304431417e-07
4.356905213269031972e-07
-2.992094300279883384e-07
1.730750767264911764e-07
-8.184330762022509454e-08
2.976025274511178623e-08
-7.052164676454932960e-09
2.791978801767979590e-10
5.252326031780195966e-10
-1.672799297060387653e-10
-1.771558141791403396e-11
2.226452112569710078e-11
-1.123192582520805349e-12
-2.749179698888714384e-12
3.695504013319457752e-13
3.869478898341274628e-13
-5.456533846769302634e-14
-5.964821179775970155e-14
7.728095860283736851e-01
9.769377608607097919e-05
-2.783706185177073602e-08
8.443494279111126869e-12
-2.628251368589193476e-15
8.245395577780119604e-19
-3.645087890059637705e-22
6.244689778109017236e-22
-5.529380957892976907e-22
2.730673250374335685e-22
8.046258194907517369e-01
3.777841918706463520e-02
4.272587446419824284e-03
-1.721676165455879575e-03
1.149584918075372198e-04
3.976586181007218165e-05
-9.860733973364857517e-06
1.190308726517449099e-07
3.272889042341112866e-07
-5.401490769405359343e-08
-3.465673650281517285e-09
2.463769786251793345e-09
-2.476207582398099008e-10
-5.166802511438900216e-11
1.668965700387247358e-11
-6.182930931862414276e-13
-5.113907472503608012e-13
9.251520560490728123e-14
4.811481653798127356e-15
8.792346658934321324e-01
3.105523592281778794e-02
-2.975532590271398516e-03
1.309693781033100131e-04
2.027905607323492941e-05
-6.177057062831655066e-06
9.287362208306051565e-07
-8.970301180527470552e-08
3.174178434777340816e-09
8.553271764674735294e-10
-2.365239031409879324e-10
3.564056035448125213e-11
-3.475412482769864858e-12
1.121107048475971036e-13
3.858877440665519908e-14
-1.043264579282283895e-14
1.562410578015417828e-15
-1.458086939773442256e-16
3.297186059901932864e-18
9.573746666835438734e-01
3.167676239278324063e-02
-1.168872818251130014e-02
4.259131359657299803e-03
-1.519930698009353508e-03
5.253014170774915120e-04
-1.731908546387311365e-04
5.329218432839511480e-05
-1.473180321203494554e-05
3.341401815507821043e-06
-4.151412311093574218e-07
-1.413468067330404041e-07
1.499405287521123846e-07
-8.505354447729503422e-08
3.949753920240277379e-08
-1.646989389175669736e-08
6.453685631168956386e-09
-2.630550650527417782e-09
8.207608989768005824e-10
9.902238316191007694e-01
9.752216475611526908e-03
2.389322263401753437e-05
5.853869770487860888e-08
1.437349858022233387e-10
1.332250557616280300e-13
1.402905270161291771e-13
-8.101640279157161672e-14
4.239912120925592742e-14
-1.970305799880248301e-14
7.949087040724367284e-15
-2.673983220211424512e-15
6.858564035374365212e-16
-9.715628500808045103e-17
-1.518732972675332741e-17
1.374996681531619043e-17
-3.381161505908938423e-18
-3.215214875056539333e-19
3.986626504288850505e-19
1.115428886870611924e+00
-4.390359826307419525e-05
1.047838994052588419e-08
-2.614833618339536608e-12
6.692329182955423573e-16
-1.750287573807005518e-19
-5.605988880203151563e-22
1.643739280590432455e-22
1.115916828823620411e-22
-8.524230928066479551e-23
1.100416093518137739e+00
-1.802571816235851512e-02
-2.289600950536993008e-03
7.572369607822960601e-04
-3.062427972477942844e-05
-1.774068610276283958e-05
3.138906185853742738e-06
1.193084682717058842e-07
-1.081026731716084552e-07
1.035901018170108758e-08
1.885436483767352007e-09
-5.519713835842924528e-10
1.551005031522387457e-11
1.425495024934482984e-11
-2.316728026966943444e-12
-1.035633809999581900e-13
7.903352483999720580e-14
-7.584271086029888953e-15
-9.901312790709111255e-16
1.063088891240644429e+00
-1.625017425986364714e-02
1.454202207596952574e-03
-3.822231570180204961e-05
-1.485046947605116436e-05
3.392521861928724320e-06
-4.145790640472471703e-07
2.646107920721862317e-08
1.418612599563780231e-09
-6.966069447961246648e-10
1.134136729058817677e-10
-1.096441087246312857e-11
3.007583566037752960e-13
1.222270936037769836e-13
-2.927936532095323741e-14
3.761664540966570404e-15
-2.521934441083266881e-16
-1.521661859296812108e-17
7.120419571212356689e-18
1.021898600974016080e+00
-1.658899891469160781e-02
6.223976724192002360e-03
-2.296224043764887469e-03
8.243785486720830958e-04
-2.839515505405461543e-04
9.199708186321818343e-05
-2.716847662327925365e-05
6.856325916751875884e-06
-1.197972527242267921e-06
-6.572755201574711752e-08
2.000248747939038502e-07
-1.286506852964359358e-07
6.252121578905451496e-08
-2.644166929198098517e-08
1.019788022076550695e-08
-3.680182095859542326e-09
1.348839095928301859e-09
-3.879801455180107051e-10
1.004924158951467472e+00
-4.924158951241240818e-03
-4.192393456576399641e-13
3.450564772343412347e-13
-2.619400917941294183e-13
1.828025213711470479e-13
-1.167337432081760129e-13
6.775741749635809517e-14
-3.540853797740451396e-14
1.642249749265115106e-14
-6.607098409826752643e-15
2.212770257956005991e-15
-5.627200566207970582e-16
7.733706012245446147e-17
1.367479772860088277e-17
-1.157718594819685656e-17
2.767609042903864766e-18
2.980626276980005679e-19
-3.381690476459452562e-19
8.849487501386426036e-01
