4.973651698206579264e-01
-1.402455151792695101e-03
1.738792301088595309e-06
-2.058892333220200424e-09
2.378139774129805666e-12
-2.871221358498513603e-15
9.972638158188424130e-18
-3.317411738110540163e-19
2.711637240105534329e-18
-2.107885950883367685e-18
2.734609420595819351e-01
-2.200844178708891430e-01
2.357681228519620947e-02
1.307904417785387373e-02
-7.113107538011569780e-03
1.383349832580020849e-03
1.725732194526123891e-04
-1.965034130879396673e-04
5.470598756057944758e-05
-7.295561038305386495e-07
-4.975247355537591661e-06
1.794305062324417072e-06
-1.383382151424968723e-07
-1.233635931125530743e-07
5.294014790230131778e-08
-4.994592598746136692e-09
-3.452568699199543318e-09
1.335391160193792365e-09
-5.851326048417672485e-11
3.844335762461578709e-02
-3.488484253432205806e-02
9.015097074291640242e-03
-1.693317980379998059e-03
2.568064461829821024e-04
-3.250750655941062105e-05
3.237161816249084101e-06
-1.579288256157074665e-07
-3.365301601512989652e-08
1.410843171531578006e-08
-3.393216804996892829e-09
6.614283681217736512e-10
-1.120373344850136370e-10
1.666188833930569857e-11
-2.108537906432773819e-12
1.993868531301586934e-13
-4.309378411050758896e-15
-4.411346585769241942e-15
1.375780504526467458e-15
1.650298830630948484e-03
-3.065851034902577436e-03
2.464788027040000322e-03
-1.729326180470922491e-03
1.071094842237431139e-03
-5.933104670737990131e-04
2.979253102769732135e-04
-1.374563632505386912e-04
5.904639129890970720e-05
-2.391809971055817668e-05
9.246572300563294286e-06
-3.448976104240367264e-06
1.252860521476900878e-06
-4.464582599494797026e-07
1.568535819613223865e-07
-5.451870425660097991e-08
1.892843482386897366e-08
-7.121991619737714584e-09
2.146363455021581354e-09
1.567602128553507010e-09
-2.966853407532179060e-09
2.511316090785571074e-09
-1.894757028368722061e-09
1.266010492569176212e-09
-7.411797913472714710e-10
3.736477984725802576e-10
-1.574076607494247260e-10
5.222963040026535382e-11
-1.167756329698094511e-11
5.609643499181772281e-13
7.691980812752488977e-13
-2.848810031858420697e-13
2.518484853465673593e-15
2.890208871062585037e-14
-6.218188850244824939e-15
-2.261557676076718652e-15
9.279456310101677655e-16
1.603128019623469927e-16
5.676161482517914081e-01
8.353870843579898212e-04
-1.098639120927911445e-06
1.509259512451447463e-09
-2.100920686689626231e-12
2.972842435773474134e-15
-4.799331538378281393e-18
4.468595182559875092e-18
-3.492097573855919494e-18
1.622319244860325905e-18
7.046334058148830959e-01
1.374106304108916876e-01
-1.063830352008652246e-02
-7.342484390746180888e-03
3.867584336171413922e-03
-8.395794038175559111e-04
-4.487228504705833800e-05
1.021202082246085402e-04
-3.620527964060481739e-05
3.998088542610237304e-06
2.096579765957145687e-06
-1.221418294326915483e-06
2.614184079741083366e-07
2.152227462048607807e-08
-3.379419844809970735e-08
1.050800397946975784e-08
-6.583378332471626085e-10
-7.941347124889501901e-10
3.232181082543737188e-10
8.739222356955123061e-01
3.973499599764533652e-02
-6.062076549966394917e-03
8.759169226336632839e-04
-1.167392004953645139e-04
1.376032496215561426e-05
-1.289517647655400911e-06
5.262650859895097373e-08
1.547749225863017961e-08
-5.910362951111942872e-09
1.393504279127116868e-09
-2.729215491637891625e-10
4.748282549151207978e-11
-7.462861949019846191e-12
1.049317396871235710e-12
-1.260109128446463693e-13
1.090518859522758348e-14
1.150156054889694376e-16
-3.019949180965335149e-16
9.582367233617219426e-01
3.123195142971242969e-02
-1.167628035557763573e-02
4.363842639605162825e-03
-1.629922469254238993e-03
6.081281925341104969e-04
-2.264915915417608301e-04
8.412476918957201787e-05
-3.112317082553483604e-05
1.145268041714026025e-05
-4.185020312476077141e-06
1.516065148167675014e-06
-5.435167609495058140e-07
1.924932569453226281e-07
-6.722693126803014099e-08
2.312162790911127436e-08
-7.877601663716016798e-09
2.871226641212512510e-09
-8.423792497682570893e-10
9.904619240464672680e-01
9.515277860870613447e-03
2.274360022241898695e-05
5.436219084796176026e-08
1.299375573605946258e-10
3.105770743094374777e-13
7.439149764512498398e-16
7.189758548737721938e-19
6.707550211696788895e-19
-3.914628884205276561e-19
2.130751086155453393e-19
-1.064577243066829708e-19
4.853352607780545053e-20
-1.985186878088785445e-20
7.075672270119180362e-21
-2.098176075174808739e-21
5.126870784357801419e-22
-3.401687025681069754e-23
-3.449508743009904658e-23
1.218255812323956633e+00
-3.461780374127237350e-04
3.989797413943689086e-07
-5.743429094468422397e-10
9.956882727652344372e-13
-1.925879941770416133e-15
-5.308039729270470325e-19
4.665173769414080018e-18
-3.160398333196577732e-18
1.699618266919308949e-18
1.154182339936831170e+00
-6.649761365129176760e-02
2.730260324636217626e-03
3.842235416790653474e-03
-1.513225790478792436e-03
2.248190107307722991e-04
3.945774009761394990e-05
-3.167062664203813209e-05
8.609293232859504559e-06
-9.103214412400102275e-07
-2.649167277488578100e-07
1.886109574377965460e-07
-7.477889937977345721e-08
2.227371457132533390e-08
-2.619392993338128174e-09
-2.125395773789887723e-09
1.610530551790037033e-09
-4.622348103853979625e-10
1.829321583442646937e-11
1.067035588904586163e+00
-2.202017698859983982e-02
3.393373595685230618e-03
-4.730633774880324441e-04
5.672376914783777208e-05
-5.181583160669430866e-06
1.629374927212290296e-07
7.213270208958017204e-08
-2.396035239818789938e-08
5.088537128569647683e-09
-8.823285708520382496e-10
1.310110651965306780e-10
-1.638002020800833741e-11
1.536330907556086780e-12
-4.235929288887897969e-14
-2.573546086568123990e-14
8.540752014861129147e-15
-1.890492772988343922e-15
3.209429849765466719e-16
1.021476595189040548e+00
-1.640111238779287314e-02
6.259888151290173876e-03
-2.387234933015201354e-03
9.089843003000045319e-04
-3.452103999340820910e-04
1.305620445239326648e-04
-4.907847275922321462e-05
1.829167783813273515e-05
-6.740604301698147986e-06
2.448533999683945776e-06
-8.738896075235667373e-07
3.053518354039039590e-07
-1.040243027231737175e-07
3.436438228062227206e-08
-1.091948280056277407e-08
3.299498579302468278e-09
-9.757940454183392796e-10
2.326236790950990725e-10
1.004803373269171241e+00
-4.803373269171116490e-03
-7.718270520644261608e-18
6.670419927075526838e-18
-5.433210194803307426e-18
4.164745833295245474e-18
-2.998472181271443828e-18
2.022904696879861001e-18
-1.274992236101574785e-18
7.476812463237109491e-19
-4.057238349158481288e-19
2.022587601228259361e-19
-9.169378519110672549e-20
3.723064490265058844e-20
-1.321148998960902550e-20
3.916914958362941548e-21
-8.658072200724063294e-22
6.989335543634099640e-23
2.911667022196713674e-23
7.838651955296480622e-01
