4.491551203776013024e-01
-1.035296518150548512e-03
1.046132179447427553e-06
-1.005274620150829651e-09
9.172563566461595227e-13
-8.051822674459166690e-16
4.526160562059251251e-19
3.735118698606332135e-18
4.193706675712828784e-18
-4.022399279367059204e-18
2.620286576499973319e-01
-1.904228465797551395e-01
1.335646747653017330e-02
1.222495894618261941e-02
-5.152918949907290234e-03
6.679877042536475724e-04
2.159763821516737703e-04
-1.270713891285753130e-04
2.274407579236315343e-05
3.504993479361283336e-06
-3.026289970188725690e-06
6.418415994526744833e-07
5.956110920817101732e-08
-7.194679460487405887e-08
1.612141804818459761e-08
1.451327331693500608e-09
-1.776344664857214448e-09
3.068894016557102813e-10
6.452900792383405411e-11
4.383921517642438287e-02
-3.790750806695953462e-02
9.216089895960155251e-03
-1.606972789147402937e-03
2.204235148031724492e-04
-2.359747678614858152e-05
1.499752182755105514e-06
1.305872775922373657e-07
-7.394638563386417511e-08
1.831761903022764785e-08
-3.517696977563560755e-09
5.717930093401133735e-10
-7.903684766489626941e-11
8.696767097586974659e-12
-5.355567481489211837e-13
-6.704619314870015402e-14
3.401212092186920434e-14
-8.676506660658567966e-15
1.620061928130065363e-15
2.096932626476468928e-03
-3.879184645379908300e-03
3.081061492037840115e-03
-2.121385915418175228e-03
1.282600792123747731e-03
-6.907691713852258213e-04
3.362817898076601517e-04
-1.501339077298594526e-04
6.233689315117997554e-05
-2.439544105445013309e-05
9.110813174043283185e-06
-3.282825999960730723e-06
1.151438245397923193e-06
-3.955779597009035185e-07
1.335230611772760088e-07
-4.428249055951742344e-08
1.446126378214824393e-08
-4.965102262977354191e-09
1.386307464431929704e-09
3.949536902726208045e-09
-7.458254070377278836e-09
6.270112693295452572e-09
-4.674866691378077470e-09
3.068471467344081030e-09
-1.751477145562835438e-09
8.517751347610244909e-10
-3.402045348749308207e-10
1.032433461353781526e-10
-1.865236320402585465e-11
-1.176477061240295381e-12
1.974285745420617897e-12
-4.590035809780450981e-13
-8.167940499873433759e-14
6.706890299785951145e-14
-3.296984128475282373e-15
-7.625135456684504309e-15
1.131985370504484561e-15
8.566680172274682165e-16
6.085679307253037962e-01
6.012009771787248493e-04
-6.273695972408114201e-07
6.828660846363727194e-10
-7.456244333836783021e-13
8.228362535180112519e-16
7.830678336568301210e-19
8.864769146251182339e-19
-4.137875501532610919e-19
-1.522040207239522753e-18
7.210049061620588118e-01
1.165967519692096277e-01
-5.013972287276079014e-03
-6.779700081663820287e-03
2.762257836777269604e-03
-4.076761400848478469e-04
-9.312453184585485727e-05
6.870904826539532453e-05
-1.603871417642217481e-05
-4.744747973583258237e-07
1.593531876428839313e-06
-5.088353160630941059e-07
3.309272427984671091e-08
3.363820731528633884e-08
-1.418495540901661938e-08
1.786996311052610526e-09
6.223196500266383897e-10
-3.404510522469593320e-10
5.786925944955544881e-11
8.740649451111606183e-01
3.922355187803674287e-02
-5.816502141257604876e-03
7.960153770788367571e-04
-9.633445690271484369e-05
9.400147950262070814e-06
-4.837013396607560127e-07
-7.756406686949006058e-08
3.352967057083587545e-08
-7.874861756985957976e-09
1.491935419325805395e-09
-2.460283864090074814e-10
3.573483957952860886e-11
-4.433127989813823863e-12
4.133273565012303176e-13
-9.631231022937285643e-15
-7.901051795830054179e-15
2.758769783281725361e-15
-5.918783071499194795e-16
9.581389718759634189e-01
3.129947124896926419e-02
-1.169755056388472117e-02
4.368914346397030635e-03
-1.629797994617184073e-03
6.067402394912286417e-04
-2.251369594600260982e-04
8.313071672271970570e-05
-3.048491538379615224e-05
1.107716463922066877e-05
-3.978450727891718796e-06
1.408628708160534032e-06
-4.902908883991731406e-07
1.672288662789258701e-07
-5.567533212868816772e-08
1.799645154792842739e-08
-5.623185297393676776e-09
1.786313366975609022e-09
-4.628496485024572277e-10
9.904383438210639934e-01
9.538745084876428318e-03
2.285619580030283696e-05
5.476671003747644024e-08
1.312288838748619690e-10
3.144254178411160513e-13
7.660045623193889051e-16
-6.521518942736980061e-18
5.143837337270705348e-18
-2.939342697672322555e-18
1.546967960398260186e-18
-7.426613625602752824e-19
3.213191867196870452e-19
-1.229793578135528074e-19
4.031362561318487681e-20
-1.049005962886753803e-20
1.660727206977121223e-21
1.121517422381058995e-22
-1.547656061187922988e-22
1.196826972964181834e+00
-2.458547539805671029e-04
2.126387182659204999e-07
-2.189919621381122981e-10
2.695107935055852779e-13
-3.888177271842993352e-16
3.088034362998147727e-19
3.586343697522993264e-18
-1.955438012396682140e-19
-3.921004253807781534e-19
1.144838839741818992e+00
-5.567922914546736407e-02
4.441381886903441743e-04
3.348240514255977802e-03
-1.022050337136284860e-03
7.915380944183920465e-05
4.638429553117197129e-05
-1.982002935250577410e-05
3.082776870935045708e-06
3.198457137362106061e-07
-3.011241201037319979e-07
8.557479587439516323e-08
-1.457608769578940827e-08
3.745276556660089630e-10
1.408298069418126903e-09
-9.255127929275896381e-10
3.087702505466894435e-10
-1.455222212631611784e-12
-3.549162997098220917e-11
1.066819841884369735e+00
-2.156654983238375650e-02
3.194270783335479737e-03
-4.132124108094943193e-04
4.281210786346849209e-05
-2.548179194321347074e-06
-2.482159379142256494e-07
1.228734245629989448e-07
-2.782277583303919018e-08
4.838031046600862588e-09
-6.967000061685477165e-10
8.111717050283663988e-11
-6.290283486210644464e-12
-1.571649482474463562e-13
1.936806382308774104e-13
-5.057676710392402348e-14
9.533574038516856382e-15
-1.465541541692139444e-15
1.742998109669568815e-16
1.021526532770104190e+00
-1.643513813760238626e-02
6.269403188514494595e-03
-2.388158220713381633e-03
9.073896859924193183e-04
-3.433091430001371518e-04
1.290420963591164889e-04
-4.804560599527832933e-05
1.765754143499622010e-05
-6.380125567522286666e-06
2.256375262457399437e-06
-7.770528986229870852e-07
2.589381405981737051e-07
-8.275831898739650518e-08
2.500505458536724323e-08
-6.937555413049363488e-09
1.630223541359241208e-09
-2.158457780580383155e-10
-2.453991858379841553e-11
1.004815334504524538e+00
-4.815334504524515155e-03
-5.223289137564797505e-17
4.487100128437834338e-17
-3.622585108160694112e-17
2.744344333019009066e-17
-1.946794625519199166e-17
1.289670848005613549e-17
-7.949756777798106865e-18
4.537952369330666975e-18
-2.383347647600745833e-18
1.141450574626397969e-18
-4.920834335674292612e-19
1.871346390223829581e-19
-6.061712198648512122e-20
1.554069437697355923e-20
-2.482121081219505736e-21
-2.305198459609494994e-22
2.512300415429631977e-22
8.035141302696127141e-01
