2.543501979923687983e-01
-2.085297840382507677e-04
7.373214584808932768e-08
-2.561904703116441435e-11
8.810514800999569976e-15
-2.985905200868983405e-18
6.530554447545279209e-22
1.236389047404258599e-21
-1.343581646890963532e-21
5.981951109011627177e-22
1.919484428739437754e-01
-7.247693857910707249e-02
-6.104963156572286963e-03
3.916077819500167825e-03
-3.824581350382623272e-04
-9.038950586822543326e-05
2.938021082476360510e-05
-1.221076314086728440e-06
-9.473498788561892711e-07
1.987403295683469254e-07
5.395074268542144483e-09
-8.577469211503012144e-09
1.125932234462501954e-09
1.588969018680206162e-10
-6.778166377398067998e-11
4.084370601927509184e-12
2.001510650369551817e-12
-4.277119352907228735e-13
-1.458002569185602205e-14
6.782389772270222550e-02
-4.209090140116374806e-02
6.425274484940177340e-03
-5.193618410280978351e-04
-8.714090458872709096e-06
1.102675045152287341e-05
-2.211437498513226141e-06
2.827396439956251625e-07
-2.164925012505598515e-08
-4.670189922764762725e-10
5.120504188789639033e-10
-1.056123072731948714e-10
1.387450316171522947e-11
-1.084600026801774723e-12
-2.388406106357456151e-14
2.632797053045330870e-14
-5.448414019825547930e-15
7.104426929249006701e-16
-5.393999412571182710e-17
5.652144344867565499e-03
-1.015172460795140362e-02
7.416879468040361162e-03
-4.492838598240223719e-03
2.305771643516815652e-03
-1.023137372894093993e-03
3.993910602452485940e-04
-1.389431365865652606e-04
4.333217796252278136e-05
-1.201457599748844005e-05
2.829816832916355884e-06
-4.634527860545793940e-07
-2.791153748402043745e-08
7.653964104393066618e-08
-4.989766717392472698e-08
2.538120567415370132e-08
-1.171719757982604268e-08
5.632642200285208544e-09
-1.945484862800283815e-09
1.922607593119384145e-07
-3.582811593013286076e-07
2.891577428333561095e-07
-2.006399735587043713e-07
1.179574126069801846e-07
-5.719837786264366335e-08
2.168752215639227088e-08
-5.621779619981830524e-09
4.815681238220662127e-10
3.200743955866262510e-10
-1.344112529423699621e-10
-1.209519312708628124e-12
1.517199754055554800e-11
-2.269537293516655796e-12
-1.637197845023383866e-12
4.508324377986584999e-13
2.084201820541019131e-13
-6.153772402026563635e-14
-3.129045999836944742e-14
7.591015969584683498e-01
1.185072235918968511e-04
-3.887383896644224160e-08
1.357498311233060747e-11
-4.854806127193675847e-15
1.751453955823405279e-18
-1.150142778390594066e-21
-6.338367388880246107e-22
9.768651121691211956e-22
-4.917853822180248675e-22
7.960239548568440737e-01
4.338779319891247765e-02
4.344180437077920301e-03
-2.112872002507887575e-03
1.887585926102425054e-04
4.679087524723709728e-05
-1.497301610793091941e-05
7.117540371123707100e-07
4.667930426333251945e-07
-1.070580204821362602e-07
-5.712644589614878364e-10
4.390175791977356947e-09
-7.120849428075007010e-10
-5.835115929546391392e-11
3.839729163605916648e-11
-3.969811908223171208e-12
-8.957131754914267118e-13
2.928023030512151169e-13
-1.168006738051116389e-14
8.779014760622901870e-01
3.248787658593517425e-02
-3.370301781112351909e-03
1.992453761375671318e-04
1.327767412324881020e-05
-6.149677561586563527e-06
1.089637459771921827e-06
-1.295472123208763463e-07
9.217231702831927428e-09
2.765967937076086663e-10
-2.293914313505202672e-10
4.651474049172599916e-11
-6.237421498303561162e-12
5.381824452402032663e-13
-3.656620550313604301e-15
-9.521018161276160579e-15
2.250697549894485630e-15
-3.316184158642754576e-16
3.190538675620916697e-17
9.573701169612212070e-01
3.172695127854253949e-02
-1.174405929980496151e-02
4.305265731191361758e-03
-1.552926046283033008e-03
5.462988838369136702e-04
-1.852691106910188011e-04
5.962920540216296473e-05
-1.778326520930072037e-05
4.696003607349579469e-06
-9.710105088694925559e-07
6.955406124586346082e-08
7.626708852892515014e-08
-6.166766257161107703e-08
3.298828582674327109e-08
-1.505568791913398862e-08
6.362017604097893264e-09
-2.803143177087764657e-09
9.193330754444211027e-10
9.902321753471289290e-01
9.743913662908849221e-03
2.385245752962359444e-05
5.838907592960954244e-08
1.430591526215219247e-10
2.608807771016577158e-13
5.851461132317371149e-14
-3.408284797549576832e-14
1.823408920030593031e-14
-8.718934853433337796e-15
3.655794755673808028e-15
-1.300784036600068337e-15
3.674689581279031301e-16
-6.796240783734152255e-17
-3.598573235583738385e-19
5.682155586355608600e-18
-1.973668061187330478e-18
6.495303931655100632e-20
1.508805904754569103e-19
1.122236185248042029e+00
-5.259340441194801738e-05
1.427829442470797431e-08
-4.066775009598540523e-12
1.193684088562794586e-15
-3.627862111094249594e-19
-4.479959222513312245e-22
2.044124533464173847e-22
-7.659732523964900664e-23
1.306081227315195173e-22
1.104896689542615107e+00
-2.064218488557559295e-02
-2.397820522949147253e-03
9.295287356854695700e-04
-5.438392558669343516e-05
-2.184677021695671201e-05
4.827274142193739242e-06
2.772663581041061107e-08
-1.624333108208502016e-07
2.227778139544245899e-08
2.170932507113834786e-09
-1.044770951614605885e-09
7.957535449452007219e-11
2.224700964761360164e-11
-5.783931103684628583e-12
1.664994612825875581e-13
1.487714698409996765e-13
-2.749456230850165535e-14
5.812563662813627094e-16
1.063906457007658624e+00
-1.708649518549565025e-02
1.667916726173167578e-03
-7.059317328596338465e-05
-1.255695920016568603e-05
3.638216935148151438e-06
-5.231594825153395115e-07
4.570691606649898169e-08
-6.118296075773801661e-10
-6.411983890485333106e-10
1.424612653104686639e-10
-1.849812634437732054e-11
1.376538825056884255e-12
3.654786615234906399e-14
-3.192666796429547044e-14
6.036203606413111676e-15
-6.937622872338541459e-16
3.494965427291658587e-17
4.888947509879666398e-18
1.021906968752863687e+00
-1.662616660155316617e-02
6.262144736485497458e-03
-2.327277049077429612e-03
8.462258344616280887e-04
-2.976261476259524775e-04
9.971082226902417030e-05
-3.111911579854470132e-05
8.701837874442072652e-06
-1.986037349976399846e-06
2.415549601876837955e-07
9.136360273822117141e-08
-9.446811201836468535e-08
5.345100029126824018e-08
-2.477523312388550692e-08
1.028669060080869515e-08
-3.995715553682402284e-09
1.603428592031110602e-09
-4.939964197538358333e-10
1.004919925779941492e+00
-4.919925779847603500e-03
-1.741352706952398614e-13
1.440929617284734749e-13
-1.102344633058724592e-13
7.773489486686428222e-14
-5.031405019724592126e-14
2.971224030578513762e-14
-1.587296185682853257e-14
7.575900202810962919e-15
-3.168309186906503409e-15
1.122907199485456451e-15
-3.150097091616997697e-16
5.719420052826930285e-17
8.936673481836791026e-19
-5.037907732923656299e-18
1.702766789575850995e-18
-4.151502842501952212e-20
-1.353626297781432291e-19
8.780982737029605634e-01
