4.816049405931127070e-01
-1.272617755458493698e-03
1.475976526184193359e-06
-1.629131701026846360e-09
1.729987889641598449e-12
-1.851203446628359932e-15
6.319216647555934551e-18
3.994636849075215539e-18
-6.350602544242607768e-18
2.044147039898131665e-18
2.699420909387764134e-01
-2.104551139420136885e-01
2.000283245323221729e-02
1.290296177557425338e-02
-6.452777635574425373e-03
1.117108761658371476e-03
1.979814937868249196e-04
-1.733187174300380084e-04
4.230558472208962429e-05
1.397905037898081451e-06
-4.371895569124622197e-06
1.334739537168854814e-06
-3.841841336809748647e-08
-1.094883561882899070e-07
3.793999636324299841e-08
-1.614837688604830057e-09
-2.979389101534882129e-09
8.920020442992017608e-10
1.639958875443071185e-11
4.016160026025511476e-02
-3.590382848236527147e-02
9.105812591333325642e-03
-1.672340038647493433e-03
2.462855739985732859e-04
-2.977812035429944849e-05
2.680542178876408374e-06
-6.066802576337202820e-08
-4.828883941805403900e-08
1.588955060221221285e-08
-3.521917417865691480e-09
6.480921837551935732e-10
-1.036364462918882895e-10
1.431838526507102278e-11
-1.600628601187813604e-12
1.054980756944802151e-13
1.073171459034558356e-14
-6.441336403927795757e-15
1.578583554582430340e-15
1.784603265477075927e-03
-3.311035038969235757e-03
2.651927586906777622e-03
-1.849796353809047937e-03
1.137163312865358683e-03
-6.244323265377737771e-04
3.105529316888265296e-04
-1.418300540317521787e-04
6.028878748632780435e-05
-2.416392997323130203e-05
9.243636276115585888e-06
-3.412098563691402809e-06
1.226644936392000485e-06
-4.325044871739970970e-07
1.502470666916399983e-07
-5.155976715829970612e-08
1.761691605174703066e-08
-6.480130014580367761e-09
1.918562943512175284e-09
2.132981978287937903e-09
-4.034070712720845982e-09
3.407366856028842429e-09
-2.561275304763437245e-09
1.701863192918653953e-09
-9.885168600679550447e-10
4.928171825625499209e-10
-2.042458060682128432e-10
6.598179059204994860e-11
-1.390078836716388102e-11
2.538022419008986500e-13
1.071784737238778959e-12
-3.440477681447513880e-13
-1.381478332244655134e-14
3.920607918619222995e-14
-6.297925030899202303e-15
-3.547328023570723233e-15
1.073164770582940005e-15
3.131790062707839450e-16
5.812607173503355762e-01
7.513249673363242608e-04
-9.166387168051106219e-07
1.166510860636325067e-09
-1.497120479369111912e-12
1.943216154177916959e-15
-4.336199961071322948e-18
4.027025719619755105e-18
-1.202667945498164727e-18
-3.262761709484728558e-19
7.099492817807676603e-01
1.304964247740679206e-01
-8.639401698254689857e-03
-7.213901654526282126e-03
3.492721624387430061e-03
-6.783689719937013949e-04
-6.839362994560508637e-05
9.152468242959345272e-05
-2.850712179898186351e-05
1.969895224428816799e-06
2.028941857299358247e-06
-9.528919970079250481e-07
1.584133885281707907e-07
3.300338097072467537e-08
-2.702182732662117507e-08
6.614123264124511908e-09
1.345853641192279877e-10
-6.631354645964982047e-10
2.083639600909078762e-10
8.739626882787796536e-01
3.959041084994336518e-02
-5.991345819847984991e-03
8.523646299048710882e-04
-1.105635429073078196e-04
1.240017475511076596e-05
-1.028896107173652946e-06
8.499121941076202373e-09
2.203868738758612927e-08
-6.727441795060340259e-09
1.463346691154973530e-09
-2.711133420343006322e-10
4.475799564708103516e-11
-6.617688333796638986e-12
8.532846819486347577e-13
-8.709654682473137570e-14
4.053982852625915942e-15
1.201251307498343694e-15
-4.457477672419970289e-16
9.582097232047723789e-01
3.125069038868572013e-02
-1.168226060271626045e-02
4.365335149472834853e-03
-1.629956592890540812e-03
6.077903563775502796e-04
-2.261445638350600030e-04
8.386464101616855334e-05
-3.095361348640561738e-05
1.135157868797467590e-05
-4.128677087883781852e-06
1.486376188843693191e-06
-5.286125392645522837e-07
1.853232851618607164e-07
-6.390375182772133495e-08
2.162653984405480024e-08
-7.210149337405673245e-09
2.544860519537764938e-09
-7.271618706551711504e-10
9.904554286243109074e-01
9.521742183130630158e-03
2.277458853158598632e-05
5.447342227292185363e-08
1.302923151060796534e-10
3.116354117655158200e-13
7.485366082874248337e-16
-3.269554736719135945e-19
1.326536215688666001e-18
-7.701516943082227745e-19
4.152504239269533403e-19
-2.050974579436500341e-19
9.161902063427930770e-20
-3.665421801859071624e-20
1.293711391381056637e-20
-3.642645570274452181e-21
6.670912469900376207e-22
-1.094085518387652459e-22
-4.800970505538925280e-24
1.211006446075614251e+00
-3.093214221714836324e-04
3.238909271535167260e-07
-4.174037391797601969e-10
6.481579389690610122e-13
-1.138766613750789040e-15
6.012365618877789663e-18
2.573856108884278019e-18
-3.501987409841870867e-18
9.238100865386847345e-19
1.151102092769263230e+00
-6.283670347879832807e-02
1.888578639343426423e-03
3.699513728744431313e-03
-1.341176094390600934e-03
1.677961338461444584e-04
4.454113447626487359e-05
-2.780862871436346755e-05
6.428543463778750398e-06
-3.204169854021044617e-07
-3.258482326914473035e-07
1.566623532521363109e-07
-4.898915994238425729e-08
1.115728656631061179e-08
6.703161108032888530e-11
-1.863417197583505681e-09
1.029061490809547377e-09
-2.024038651253036152e-10
-3.133197936936998862e-11
1.066971110811650414e+00
-2.188660358669282033e-02
3.333755512964666715e-03
-4.547136539226018129e-04
5.233303206052212640e-05
-4.319478350320808144e-06
2.131272568585334929e-08
9.118973037841968307e-08
-2.580279688700702011e-08
5.115543362522639451e-09
-8.382782292963893128e-10
1.165868190887806623e-10
-1.315858662101383162e-11
9.472056871492926812e-13
4.875074358638143899e-14
-3.723285740958039955e-14
9.511817511838127621e-15
-1.853830803602315421e-15
2.853875420435720198e-16
1.021490384366422921e+00
-1.641054773663846653e-02
6.262561114039132126e-03
-2.387526831448249717e-03
9.085681923036275634e-04
-3.446980879702406827e-04
1.301468829891535119e-04
-4.879321942621677838e-05
1.811462583539584896e-05
-6.638810854621466017e-06
2.393621035187382758e-06
-8.458686653735717760e-07
2.917451514828749954e-07
-9.770493405307697628e-08
3.154379422721437285e-08
-9.701590961549798081e-09
2.780568335192820114e-09
-7.351156279955700601e-10
1.502466216388669288e-10
1.004806668162871564e+00
-4.806668162871605143e-03
-1.458234736734547733e-17
1.257951923625690154e-17
-1.021795125540294086e-17
7.803537022746108327e-18
-5.592350263108230121e-18
3.751488778683580451e-18
-2.348161639776516468e-18
1.365522429446703233e-18
-7.335381177922564473e-19
3.611932628632594477e-19
-1.612445105983933239e-19
6.418591590661087136e-20
-2.216969820900124811e-20
6.306909788908417023e-21
-1.284113345223915708e-21
5.066142491438601665e-23
6.451273450917485806e-23
7.903504542246908571e-01
