4.309011090887842066e-01
4.472695032263832582e-01
4.601343602178930015e-01
4.701203945207117485e-01
4.777243564225793215e-01
4.833546991059767262e-01
4.873557073060037492e-01
4.900226328415957511e-01
4.916113493703436199e-01
4.923445682469542173e-01
4.924158951712059307e-01
4.919925780042547214e-01
4.912175275556958098e-01
4.902110047356839084e-01
4.890722229307858382e-01
4.878809999917566032e-01
4.866995065437365597e-01
4.855740963061343507e-01
4.845371685719044308e-01
4.836089993666499165e-01
4.827994802053713896e-01
4.821097160478138299e-01
4.815334504524573234e-01
4.810583027650219834e-01
4.806668162871620686e-01
4.803373269171125060e-01
4.800446686576308464e-01
4.797607361530636938e-01
4.794549258493217558e-01
4.790944772521802952e-01
4.786447347962072274e-01
4.780693495342942523e-01
4.773304386165411195e-01
4.763887195498655025e-01
4.752036355797213951e-01
4.737334882126033597e-01
4.719355926955477454e-01
4.697664721037607127e-01
4.671821054813420915e-01
4.641382459404050920e-01
4.605908277002194184e-01
4.564964915431537484e-01
4.518132852427292900e-01
4.465016540635668441e-01
4.405259456433029408e-01
4.338568285023809978e-01
4.264752524520692423e-01
