4.309011092314163904e-01
4.472694938268402254e-01
4.601343412466217253e-01
4.701203791665533593e-01
4.777243631731769580e-01
4.833547394303213118e-01
4.873557792174698644e-01
4.900227225015147958e-01
4.916114371283388795e-01
4.923446348813169116e-01
4.924159260134289839e-01
4.919925645663386082e-01
4.912174673009255810e-01
4.902108998595896550e-01
4.890720788420503951e-01
4.878808239052754292e-01
4.866993063665550068e-01
4.855738798508734688e-01
4.845369430617525452e-01
4.836087711726774763e-01
4.827992547748940488e-01
4.821094979929001489e-01
4.815332438009098937e-01
4.810581113885137872e-01
4.806666445276167599e-01
4.803371804135053713e-01
4.800445553256695308e-01
4.797606671856652349e-01
4.794549164630927951e-01
4.790945467114251510e-01
4.786449049791355881e-01
4.780696410077855396e-01
4.773308628934872511e-01
4.763892660477312968e-01
4.752042520206616327e-01
4.737340541868561572e-01
4.719358884630284745e-01
4.697661492231762215e-01
4.671806734267198724e-01
4.641351000301451868e-01
4.605853577325491055e-01
4.564883238111047126e-01
4.518027136391452037e-01
4.464902900742274139e-01
4.405175317842713878e-01
4.338579767422474642e-01
4.264955616872026511e-01
