2.825996000118790596e-01
-3.201328561717667201e-04
1.798484516026415270e-07
-1.094364522874630014e-10
7.060923213585029282e-14
-4.732350823761044371e-17
3.696541563492359828e-20
-3.486447991145915966e-21
4.110401363676738335e-21
-1.962583952646252161e-21
2.013556380645476485e-01
-9.082492329359637129e-02
-3.584246988735394473e-03
5.405763086681279403e-03
-1.030577320951752774e-03
-4.097800880353484577e-05
6.577988182155197175e-05
-1.415903020842582440e-05
-1.634002799197672697e-07
8.731043001841960863e-07
-2.185861923816213019e-07
4.613426086287502585e-09
1.222386326794582341e-08
-3.545652765981251135e-09
1.817347537777157024e-10
1.754811060224169337e-10
-5.869905001360636738e-11
3.379447704234716400e-12
2.691332545543204438e-12
6.284184131704755039e-02
-4.084708667674431110e-02
6.887006300321588115e-03
-7.275347553241552764e-04
3.613934333474181580e-05
4.705550290611035366e-06
-1.728659039820044390e-06
3.224016217924503880e-07
-4.537849177757329960e-08
4.965673236044934166e-09
-3.533481438317190883e-10
-8.712814579727794538e-12
9.195421877823255361e-12
-2.166361442235398266e-12
3.689851909970906957e-13
-5.072546108624375074e-14
5.484367852347553819e-15
-3.465373056610594715e-16
-2.268919888674574191e-17
4.990452138263819053e-03
-8.976233011310074533e-03
6.587458691460774084e-03
-4.022470555843040210e-03
2.090367026989160132e-03
-9.450430641601063842e-04
3.792161667370557853e-04
-1.374559637833791721e-04
4.565793085862038925e-05
-1.402771666299253039e-05
3.986745322863075922e-06
-1.028097611937939981e-06
2.238190859166225185e-07
-2.926013014290937429e-08
-7.355418332613792328e-09
8.906529900092158490e-09
-5.513134455348867621e-09
3.170582735685963830e-09
-1.188573508782612736e-09
1.662180182455058019e-07
-3.096832497571446836e-07
2.497705115596387379e-07
-1.731097629604791171e-07
1.015939039628967397e-07
-4.913736240742644896e-08
1.855853942255681466e-08
-4.776569996347453909e-09
3.949836128732588703e-10
2.757794295697803103e-10
-1.130103010847498157e-10
-1.965178966596973592e-12
1.291594727328413797e-11
-1.782867684613617001e-12
-1.416603149646147081e-12
3.618220605467613108e-13
1.832668874922820941e-13
-4.952085155835482560e-14
-2.767612759905657439e-14
7.604950857236920658e-01
1.525574223289687494e-04
-7.108931854734837358e-08
3.808579269415276261e-11
-2.222937290034657778e-14
1.375107959438532833e-17
-1.482213970914232157e-20
1.618188845383336882e-21
3.319862022523914419e-22
3.654633941695442406e-22
8.029907677041123737e-01
4.870718836056808776e-02
3.444287481958739280e-03
-2.592219461998896812e-03
3.919394843622584748e-04
3.392263486510418421e-05
-2.667500141352964751e-05
4.530995049039138475e-06
3.028837526452787796e-07
-3.168699399053088619e-07
6.221297930956299302e-08
2.067235543730260280e-09
-4.080032018628667643e-09
9.320374787565611779e-10
-2.204296755471973377e-12
-5.500694993083794546e-11
1.462401936031512536e-11
-2.322448067356195175e-13
-7.961362356090507080e-13
8.877287702270911796e-01
3.098776231774115833e-02
-3.512406663140365572e-03
2.771785865236238260e-04
-2.839857988724880818e-06
-4.068073411322125217e-06
9.680914051530090339e-07
-1.509084872110836381e-07
1.792170853161935743e-08
-1.501407537347813377e-09
2.942128183132130078e-11
2.086202303546629380e-11
-5.627064454031996779e-12
9.804569160356844519e-13
-1.333537945018821364e-13
1.402002538997587663e-14
-8.819097698366765149e-16
-6.331263408623578318e-17
3.172073687963365548e-17
9.612843724035209370e-01
2.889572882406022530e-02
-1.073704483667779416e-02
3.958450838742415441e-03
-1.440471674988896399e-03
5.138526506465150448e-04
-1.781584963094791482e-04
5.940449389265919455e-05
-1.878663735070660082e-05
5.517250468345317537e-06
-1.445278241166171460e-06
3.035536385900311371e-07
-2.817113357921267741e-08
-1.844279178977744548e-08
1.619172316427635710e-08
-8.891627959227109571e-09
4.212990717601502390e-09
-2.042541847868554944e-09
7.065050384124834514e-10
9.911512683106833421e-01
8.829113273429398459e-03
1.957492020447947528e-05
4.339919422890586231e-08
9.631478301686355323e-11
1.466103330044876494e-13
4.361714941443886517e-14
-2.544915475191835246e-14
1.357837916533086850e-14
-6.470844829760527828e-15
2.701366158377725943e-15
-9.554523188950326211e-16
2.674064548548807908e-16
-4.843184447901628961e-17
-7.362068697795460727e-19
4.219885183610814421e-18
-1.415528242698142046e-18
3.056960899565093848e-20
1.132872101347113732e-19
1.118970044768791805e+00
-6.127230992642694878e-05
2.000059134601121216e-08
-6.128486195917549545e-12
1.063308444533035957e-15
7.670839363200335564e-19
1.009432841617417289e-21
-1.424818427833805441e-21
-6.281219416873454564e-22
6.029843502760502816e-22
1.100000738321203153e+00
-2.224489253033010844e-02
-2.164235088271139994e-03
1.103461519088173078e-03
-1.026699487236260971e-04
-2.521019916348678992e-05
8.342702857386538682e-06
-3.423183991909623338e-07
-3.090775279841263826e-07
6.690373336424056436e-08
4.291060304222879821e-09
-4.332648901746059558e-09
5.296830234141024541e-10
1.668966160305041445e-10
-6.890603876440521504e-11
3.823244259788450466e-12
3.851767191520506770e-12
-1.094442498195944286e-12
7.768838855868491332e-15
1.058530343415924779e+00
-1.621115174692081690e-02
1.734739645780191807e-03
-1.081380744115392951e-04
-5.762244981150798205e-06
3.032231184528221599e-06
-5.535930400737190101e-07
6.854511021358826275e-08
-5.498720399766255649e-09
1.552199103751293235e-11
9.625987060272498680e-11
-2.253214292987064687e-11
3.459271803467078151e-12
-3.871751664506906457e-13
2.529672252618288680e-14
1.539776194404889092e-15
-8.840016922507156726e-16
1.901730918114772243e-16
-2.828915676961028205e-17
1.019846745006527167e+00
-1.507954959309322322e-02
5.693338185299753017e-03
-2.125904796076229317e-03
7.796721564077260976e-04
-2.783042343660334676e-04
9.557642722607497313e-05
-3.110355081565342050e-05
9.377099910936098742e-06
-2.511072030519896068e-06
5.351466442967058740e-07
-4.862818860298549432e-08
-3.452445610432212470e-08
2.991565625605081802e-08
-1.624444493747927325e-08
7.447190996309370860e-09
-3.149586659407187871e-09
1.387690554978115989e-09
-4.552870619257478311e-10
1.004453903262368719e+00
-4.453903262298625036e-03
-1.302434261906826351e-13
1.077019123177224079e-13
-8.231610655253467814e-14
5.797418538671868918e-14
-3.746341329799812315e-14
2.207885982823515804e-14
-1.176543680778393463e-14
5.597779896938400885e-15
-2.331569662705450738e-15
8.218018811679068140e-16
-2.285772355084270791e-16
4.071247809488701347e-17
1.003229266249751137e-18
-3.712131487846241614e-18
1.216011309074643735e-18
-1.695612135179189873e-20
-1.006302457304459968e-19
8.800000000000000044e-01
