2.624341136899756011e-01
-2.556442742760234635e-04
1.207859405397254776e-07
-6.133405391617127817e-11
3.295930743297873798e-14
-1.839272338263146190e-17
9.220071800792413565e-21
-1.761474766552709038e-21
-5.685686860117337609e-22
1.522124741563827904e-21
1.928344897215877873e-01
-7.913842378022423185e-02
-4.705275523129836407e-03
4.520934670580485995e-03
-6.880296536309326314e-04
-6.668499930224430674e-05
4.738877987982443045e-05
-7.226007950819193700e-06
-7.633618505955291338e-07
5.492569506342116676e-07
-8.737443760078820976e-08
-8.926635884403072008e-09
6.843122409563260656e-09
-1.132761250378131876e-09
-1.089559226542307974e-10
8.917587035313670601e-11
-1.527109716482607935e-11
-1.630297596902096179e-12
1.227272650211088571e-12
6.521424827708603711e-02
-4.058805510511348524e-02
6.398000963510607278e-03
-5.922516907397996867e-04
1.363984993936254221e-05
7.173978678396786863e-06
-1.827684038980998833e-06
2.890108812854632701e-07
-3.406491505254595723e-08
2.718365918166184024e-09
-1.443201001344779270e-11
-4.760169329235620570e-11
1.181351313967805865e-11
-1.970923235717475962e-12
2.549742613353679767e-13
-2.426845942402009200e-14
9.425606945997628896e-16
2.750688190083304170e-16
-8.501482274933955018e-17
5.486100362729310828e-03
-9.830329255686165446e-03
7.138336110313630092e-03
-4.289041303609824295e-03
2.182833608168945668e-03
-9.620941085724296193e-04
3.744872670059771233e-04
-1.308127543383474629e-04
4.146154108179119023e-05
-1.194951765576197209e-05
3.078380292539968378e-06
-6.594837228008017055e-07
8.132883182419987278e-08
2.383463515112801629e-08
-2.647410368441566016e-08
1.553004318787310338e-08
-7.705480293648410371e-09
3.896265213834021628e-09
-1.379786807140768017e-09
2.348056914370467223e-07
-4.368556316270816147e-07
3.508090000520925543e-07
-2.412550318463568085e-07
1.398681210550732693e-07
-6.638252599899555858e-08
2.429515125028814960e-08
-5.846321121346613803e-09
2.820745399917621586e-10
4.145252226987897319e-10
-1.377498433281810993e-10
-1.236582069481313116e-11
1.782489407673541031e-11
-1.131690255670895764e-12
-2.162537900791916174e-12
3.240644536859810075e-13
3.012106440003445200e-13
-4.691077096928565554e-14
-4.632963461148523988e-14
7.709749860258987564e-01
1.256703629272337111e-04
-4.951423123791680465e-08
2.221911650924444687e-11
-1.081366217075205451e-14
5.564959026103096928e-18
-4.135368074877565273e-21
3.715703996724899669e-22
3.782463748596601116e-22
-2.532837367336320468e-22
8.081248295722391894e-01
4.316684210832332641e-02
3.755584299968252673e-03
-2.185372327117413981e-03
2.613564151689311038e-04
3.897795383847379785e-05
-1.910414931379578261e-05
2.228146944619401666e-06
4.065193602427387558e-07
-1.938216516373370815e-07
2.307831800960188480e-08
4.423954430072907178e-09
-2.164278403405968908e-09
2.688042237247134138e-10
5.023149081235998325e-11
-2.579612373715733668e-11
3.380871322421309949e-12
6.433797944786742392e-13
-3.285482324156737208e-13
8.869120828158008063e-01
3.033768127903233025e-02
-3.227051152102589082e-03
2.141176584446053950e-04
6.379008737064546526e-06
-4.875120000571552258e-06
9.528865529833961900e-07
-1.278831564560655852e-07
1.229194874898699279e-08
-5.614751653079207522e-10
-8.847197478498904543e-11
3.057156770781595958e-11
-5.539741389473228016e-12
7.432667648406177784e-13
-7.346309456518557550e-14
3.610327525353944620e-15
5.213386567690357188e-16
-2.002879636768503268e-16
3.727046156125725727e-17
9.606373178944308533e-01
2.933775511633705813e-02
-1.087305696608438510e-02
3.989784398237377662e-03
-1.440198570129733093e-03
5.070694870173212939e-04
-1.722625960634460631e-04
5.568051733051974017e-05
-1.677927571199322077e-05
4.546562557859205903e-06
-1.014633684066433850e-06
1.261013059618732706e-07
4.023338484938421509e-08
-4.319380391163039587e-08
2.458869032442767074e-08
-1.153876270411651271e-08
4.968117747513826478e-09
-2.228927213079589134e-09
7.393575988179742890e-10
9.909942147576882299e-01
8.985463445230580659e-03
2.027594054611782105e-05
4.575294257078632106e-08
1.034429197095388229e-10
9.342705153815860612e-14
8.985621044111073104e-14
-5.201767153376303372e-14
2.729929408642261712e-14
-1.273377566326238318e-14
5.164458227945370585e-15
-1.751355098899107746e-15
4.560256431312515573e-16
-6.786524806665776934e-17
-8.468741684388408859e-18
8.768538704602182674e-18
-2.269987015597072055e-18
-1.661762857157125310e-19
2.513676976453517443e-19
1.114445781399417523e+00
-5.219259761564944914e-05
1.515758283001762193e-08
-4.336705921398055429e-12
9.691597915648809229e-16
4.642239249232926310e-20
-1.488323963221095789e-22
2.583869795315558024e-22
2.095905633644926655e-22
-3.656251706331952481e-22
1.097626096721383560e+00
-1.991517551944109454e-02
-2.178079180341441733e-03
9.301451546025965187e-04
-6.690836410153627831e-05
-2.192265818371353611e-05
5.723847631358097401e-06
-5.658857892220379523e-08
-2.113798883454703764e-07
3.350361746078134448e-08
4.074291590073273572e-09
-2.117884836633891670e-09
1.210567566210046119e-10
9.159912468550035210e-11
-2.228598708079849971e-11
-1.284050499640448309e-12
1.587585673052962272e-12
-2.132876506613068926e-13
-5.108809325716703566e-14
1.058913400563333163e+00
-1.582289965574160823e-02
1.579147924861190166e-03
-7.729600845988112453e-05
-9.395872340086505931e-06
3.152048898377539298e-06
-4.951377945067142900e-07
5.130098786454728217e-08
-2.568832885052824208e-09
-3.227986078034502385e-10
1.150041898172960481e-10
-1.968670050893840747e-11
2.329147936088009204e-12
-1.658661352046572007e-13
-5.485415690346014004e-15
4.409557713952092384e-15
-9.241585806874959001e-16
1.325842914023359120e-16
-1.317571715148588187e-17
1.020182980325812672e+00
-1.531413735653175574e-02
5.765423023156831042e-03
-2.141205777185887452e-03
7.779266035222931952e-04
-2.734498500045239510e-04
9.166942822439168932e-05
-2.872121536492045865e-05
8.130177151305921528e-06
-1.927020488169466864e-06
2.857439892032625302e-07
4.932082904023911789e-08
-6.998294218133331637e-08
4.168431995833059863e-08
-1.975578724448949236e-08
8.334033492949669455e-09
-3.293806349592500118e-09
1.354684606858327275e-09
-4.254371918900187517e-10
1.004533490659627493e+00
-4.533490659482448080e-03
-2.687195386403348403e-13
2.213185286690603709e-13
-1.681714788636502992e-13
1.175186541514873861e-13
-7.517551547191271877e-14
4.373406707670870826e-14
-2.292227951113847449e-14
1.067365936334853556e-14
-4.318268426180989605e-15
1.458738873543576124e-15
-3.770333739384004640e-16
5.474225299208538486e-17
7.707328427892926883e-18
-7.425732433205960030e-18
1.875413219717106397e-18
1.568782397035497914e-19
-2.143729750516335049e-19
8.850000000000000089e-01
