3.291237921080689133e-01
-5.157534145438696970e-04
4.206867646720660145e-07
-3.771556683159328201e-10
3.594985495963417721e-13
-3.557254725377529509e-16
3.985235114657049170e-19
-4.160290709007177799e-20
3.848595379216984065e-22
7.615721763943663483e-21
2.185554239295652290e-01
-1.186181237168434655e-01
8.573027746516340706e-04
7.302104864500906858e-03
-2.123514081183928027e-03
1.454689867146173176e-04
1.020148631352794390e-04
-4.267256724770491757e-05
6.234046115977430748e-06
1.183234736128808686e-06
-8.700787595164034478e-07
1.968587123225281932e-07
3.023920157220598619e-09
-1.675310011108261714e-08
5.399659620307291711e-09
-4.643184088192966161e-10
-2.797999974983337943e-10
1.291255280568379850e-10
-2.153147529054642497e-11
5.724282407318118104e-02
-4.024004207166630848e-02
7.626838999747783190e-03
-9.858592643170840161e-04
8.773735908387745024e-05
-2.768422972213783431e-06
-9.659944860463685459e-07
2.966877848820218138e-07
-5.712586523098547918e-08
8.913850589258586567e-09
-1.181646585121608098e-09
1.297037746503916392e-10
-9.971857113582418571e-12
-7.476435299846687759e-14
2.389710370210794735e-13
-6.469540005533504545e-14
1.270581168911912967e-14
-2.136298786133205638e-15
3.001315074699066156e-16
4.065161362871159631e-03
-7.361039190412239572e-03
5.504339723245973981e-03
-3.458791256256036478e-03
1.865000571044084753e-03
-8.813810253061999354e-04
3.725117553732871525e-04
-1.434752758338520744e-04
5.123196291699953851e-05
-1.721591083368098697e-05
5.507366910276521975e-06
-1.687474491921330913e-06
4.941394923873796789e-07
-1.361062876465873881e-07
3.372244356526817328e-08
-6.504334199122741574e-09
1.752261114128874704e-10
9.310437925696634056e-10
-4.996987050117125279e-10
8.333234592475961753e-08
-1.556560656640060930e-07
1.265409844761639020e-07
-8.894709691208264221e-08
5.336159757510017852e-08
-2.669085055010043139e-08
1.064439500336809523e-08
-3.051727385277976114e-09
4.175826382281124295e-10
1.072168769627085195e-10
-6.893639346308089893e-11
6.512081715041237413e-12
6.039738078718454704e-12
-1.792435559341396136e-12
-4.932780802958335293e-13
2.832160292020211746e-13
4.729634901115703536e-14
-3.580606290249199874e-14
-6.402121799271260214e-15
7.391519752005846211e-01
2.289111708562349939e-04
-1.532863699916042416e-07
1.203998582874038791e-10
-1.039256399548121993e-13
9.537133651040127457e-17
-8.458827253020822077e-20
-1.616765902552967808e-21
3.469724710469606081e-21
-5.230647642016331171e-21
7.944029514602766184e-01
6.126615026578905582e-02
2.007437850858329910e-03
-3.474923038339908926e-03
8.014583993121102970e-04
-1.864756254106946808e-05
-4.383870352311089127e-05
1.416251660078647560e-05
-1.381579249912870531e-06
-5.435655708038539740e-07
2.685921581754506374e-07
-4.667030901760629077e-08
-4.645001926187865047e-09
5.004162932083802627e-09
-1.294438812181128246e-09
4.443988191033105626e-11
8.485840898337479164e-11
-3.052857761239101349e-11
3.820308972665886264e-12
8.909480238158578036e-01
3.159271444500263981e-02
-3.979124198269456091e-03
4.006680142484574689e-04
-2.472553129998770986e-05
-1.296809739466374947e-06
7.649489878856821164e-07
-1.635870812322091032e-07
2.627359490784658479e-08
-3.483958833471715486e-09
3.757951082023894121e-10
-2.776607829709230121e-11
-3.346233025268601458e-13
6.522924660043990804e-13
-1.651182310476166579e-13
3.027341738473888315e-14
-4.621733218914263594e-15
6.062511295390314315e-16
-6.407152169096741194e-17
9.629939146984786147e-01
2.768557017447423330e-02
-1.032966001110570409e-02
3.835684663953239405e-03
-1.412850049049104405e-03
5.139555029363490016e-04
-1.836380602345275091e-04
6.403985846703335542e-05
-2.163831130488832276e-05
7.022105546643055206e-06
-2.162707785334628234e-06
6.200013883414253744e-07
-1.590763619960016380e-07
3.278636162614292682e-08
-2.880945839441854237e-09
-2.114715779195081022e-09
1.901374984112231094e-09
-1.231675776298905511e-09
4.792202697471417319e-10
9.915575450976292782e-01
8.424598447448921820e-03
1.781868713322559789e-05
3.768789452448919903e-08
7.973421736613869319e-11
1.533742636480810687e-13
1.038278768367578304e-14
-6.051904172754264884e-15
3.325311819702420425e-15
-1.645432645683847262e-15
7.219562903457492332e-16
-2.738475185693321722e-16
8.566975845309575677e-17
-1.975920831021153712e-17
2.016403773854395355e-18
7.558833346753327540e-19
-4.406258257881811068e-19
7.054521697857035236e-20
1.405662643843132027e-20
1.127380185905953347e+00
-8.383126094119977730e-05
3.362179620446063378e-08
-9.342601312011781428e-12
-5.308017421552013118e-15
1.577105335901515609e-17
-2.610473194075885946e-20
6.917793024626053298e-22
6.136650066119534261e-22
3.380689735230834471e-22
1.103605499559369374e+00
-2.727867422850186602e-02
-1.918696763484106782e-03
1.501325108717984020e-03
-2.140362502207499311e-04
-2.849720874024787702e-05
1.672134042679574955e-05
-1.886292800369889101e-06
-5.906216664864257553e-07
2.474117815136378330e-07
-1.430875841531347063e-08
-1.536226742598657515e-08
5.144639798720736302e-09
-1.246115759900022574e-10
-4.112384335770849195e-10
1.362241993005036236e-10
-6.352404065276207761e-12
-1.063355280037752602e-11
3.913447751156860518e-12
1.056895080338217774e+00
-1.661472437843474620e-02
1.999080376201937959e-03
-1.715792265450987526e-04
3.814510813388181025e-06
2.202278242346276518e-06
-5.802851842628523397e-07
9.599019674678993070e-08
-1.205703007687244337e-08
1.089501240012822079e-09
-3.279528754737639746e-11
-1.354152409525331794e-11
4.096081038556179430e-12
-7.694660631894361592e-13
1.132281588690875712e-13
-1.321293055423138582e-14
1.039547209228200588e-15
1.987434472099374626e-17
-2.652078692221703908e-17
1.018955089960876803e+00
-1.443098781620042598e-02
5.471590622930590925e-03
-2.059716384999998526e-03
7.662006772294860076e-04
-2.799170158883232873e-04
9.966546032954538522e-05
-3.426727405870995955e-05
1.124603452697571554e-05
-3.465682781102729239e-06
9.751245289642292994e-07
-2.352900533865337627e-07
3.914779911783740350e-08
2.726153839155118016e-09
-6.861935710518758569e-09
4.444490930876746547e-09
-2.280842634815876634e-09
1.169660945727132748e-09
-4.160492910761758494e-10
1.004248108172922427e+00
-4.248108172905914852e-03
-3.074177968973905429e-14
2.560784739221695972e-14
-1.977948714820702762e-14
1.412873472391124599e-14
-9.298343740778763938e-15
5.608556460882267177e-15
-3.077964388570811649e-15
1.520852074431340814e-15
-6.659866800857656547e-16
2.518989700071724703e-16
-7.843851590617962825e-17
1.791617235586327257e-17
-1.741572783487951867e-18
-7.271738141932132289e-19
4.087172733096732564e-19
-6.290734066229407529e-20
-1.396126778815827702e-20
8.699999999999999956e-01
