1.063885882870762162e-01
-2.171579966821840380e-05
1.764834580537891695e-09
-1.403773930931339910e-13
1.135681892134269097e-17
-2.205325837089981501e-21
-6.074834602923816613e-22
3.938337755441884282e-22
2.103557926863618302e-23
-3.426505966459787870e-23
9.726889939607205604e-02
-1.147793615443054409e-02
-2.168424263668509294e-03
2.280444336439008449e-04
1.351721884703660052e-05
-3.026684468168190835e-06
-3.003170378851958632e-09
3.228860740903644798e-08
-1.516454424434428320e-09
-2.756490885346859965e-10
3.013413979775306944e-11
1.542838176195816878e-12
-4.125611696832279835e-13
3.520370840372231015e-15
4.482097939857870512e-15
-2.688753657818983095e-16
-3.750916896441958637e-17
4.950230770152900957e-18
1.780533186043293378e-19
6.507280695297354423e-02
-1.852297498642451259e-02
4.171586952311060218e-04
1.350507289456142138e-04
-1.641813566567467919e-05
4.707054909949737193e-07
8.731933156542505054e-08
-1.257989369915317221e-08
5.629745589806613159e-10
4.605743359033933706e-11
-9.483213177804060037e-12
6.080820758189582396e-13
1.595845502188703998e-14
-6.881085028291392031e-15
6.003473955416089798e-16
-5.277419512313602436e-18
-4.683615429336585336e-18
5.584431035780753503e-19
-3.477033963430676053e-21
1.145079882821605291e-02
-1.877782899474677789e-02
1.078914814957163300e-02
-4.511751047157652392e-03
1.364859667981199167e-03
-2.568878910226660454e-04
-7.156441463478389760e-06
3.170874334898287445e-05
-1.720081650473382135e-05
6.530855170870673874e-06
-1.986733193227780280e-06
4.784657892050898045e-07
-7.292463896561993878e-08
-7.442217359091358844e-09
1.217752121728637031e-08
-6.448896386226555673e-09
2.540301161244027739e-09
-8.712618201358604754e-10
2.213710203341199899e-10
1.301559028050490348e-05
-2.360094320426279205e-05
1.748351553775395452e-05
-1.036505221979623435e-05
4.688578030914540223e-06
-1.431851356853675746e-06
1.641850961377031140e-07
8.043479970579506454e-08
-3.609123655911409156e-08
-2.545182882269872214e-09
4.838398953659910083e-09
-8.040098971588091227e-11
-6.923343657633349174e-10
1.630361716480843969e-11
1.119060662908326661e-10
4.123010827723061502e-12
-1.969214116054848061e-11
-1.945687680244351168e-12
3.096873567323555862e-12
8.823586444112072602e-01
1.364408888338845266e-05
-9.679387851920514184e-10
7.134629121261377753e-14
-5.422231398952537478e-18
4.024493563454801538e-22
-1.324176257661074191e-23
5.724704417225420110e-23
-1.944972476525488941e-23
1.351200376085534805e-24
8.881867657026214502e-01
7.364246961675879194e-03
1.431396455604228533e-03
-1.280616456485614762e-04
-8.122105720072083477e-06
1.593250433752691621e-06
9.252933249687186367e-09
-1.628766810926309118e-08
6.539618050286286801e-10
1.361576508540933978e-10
-1.319944292500251811e-11
-7.963332852805547419e-13
1.781153507703696461e-13
-1.462023590345256695e-16
-1.913312624124135077e-15
9.588973507115447912e-17
1.618560195258865549e-17
-1.830675134677833237e-18
-8.473106013586781098e-20
9.097775149677562734e-01
1.294223912715002436e-02
-8.495843460473049495e-05
-8.835652558997257816e-05
9.023136078123055105e-06
-1.749120333532475852e-07
-5.294959226620318860e-08
6.481636628793049235e-09
-2.219293054781725965e-10
-2.907089840380729702e-11
4.690372858110090665e-12
-2.425353085948487380e-13
-1.323673824085401384e-14
3.354136252292180898e-15
-2.394235915537659269e-16
-2.864139052977773195e-18
2.302835594247939647e-18
-2.187386175858507788e-19
4.889368959663790932e-21
9.617156639427483222e-01
2.697470474436527293e-02
-8.903791800241374343e-03
2.623849089851264596e-03
-6.277461943472246097e-04
8.632188717858632133e-05
1.921851129252196688e-05
-2.123727672979527131e-05
1.042671831286283433e-05
-3.792944010964368096e-06
1.089918688414072652e-06
-2.314857988726702730e-07
2.042883895258650901e-08
1.200631990389068654e-08
-9.005058096857351157e-09
3.973756608726733840e-09
-1.380206514045716075e-09
4.103871657030035894e-10
-9.047046499301836527e-11
9.909166200135329783e-01
9.062704864327059129e-03
2.062904761709561183e-05
4.526678667268371763e-08
1.250210787200362106e-09
-6.863074811935833916e-10
3.582880237020328004e-10
-1.583991595891339583e-10
5.653357096567235110e-11
-1.451873458996886644e-11
1.591203673128807823e-12
6.371824750586982510e-13
-3.599757391952957199e-13
4.597516768505850665e-14
2.532224750611924974e-14
-1.113700407588144732e-14
-5.464782015551900556e-16
1.276592611881682565e-15
-1.593346690882488046e-16
1.059862759372234731e+00
-6.641856260807128415e-06
4.362428604078450787e-10
-2.917631236716480369e-14
1.978917878076267735e-18
-2.247101165433439902e-22
7.978430325281859112e-24
4.755905063345746510e-23
-5.113284425348340555e-23
1.437234838130152053e-23
1.057003067736821622e+00
-3.619777233261583030e-03
-7.121817160882195274e-04
5.922923302028556050e-05
4.011091721017400124e-06
-6.884666635567891025e-07
-8.891362616646582790e-09
6.607087135030900922e-09
-1.855289388875446854e-10
-5.330018350320266762e-11
3.893424918741241494e-12
3.380414239596627652e-13
-5.023725906659467556e-14
-1.146224579794631384e-15
5.199323525646941084e-16
-9.749589621982400549e-18
-4.550208025469851715e-18
2.605949934430136925e-19
3.733085335691845149e-20
1.046229968186244363e+00
-6.534155720107355514e-03
1.935873188617220824e-05
4.559303980962096773e-05
-4.222625686063181274e-06
3.923716297131305035e-08
2.758942045707436849e-08
-2.771980726551781316e-09
4.780010256346223049e-11
1.625138857106731182e-11
-1.863524944836204412e-12
5.095193186902956310e-14
9.435701763225399360e-15
-1.284035953194848007e-15
4.872289742655520878e-17
5.398129158428222400e-18
-8.999423942076861014e-19
4.536866093384824467e-20
8.956103665367514377e-22
1.019534769241965177e+00
-1.392837379972203422e-02
4.621270739330180649e-03
-1.354213884016958538e-03
3.148642870998014922e-04
-3.720903269758189488e-05
-1.358735946121243241e-05
1.226895907713411864e-05
-5.683263696035632867e-06
1.961060067090059763e-06
-5.216492708280542358e-07
9.274725361080299672e-08
1.043337985211082282e-09
-1.007316547461379731e-08
5.623974708972073055e-09
-2.181456709280060519e-09
6.718606391750916024e-10
-1.631312428059312629e-10
2.606395932284675714e-11
1.004572818860509642e+00
-4.572818092691320092e-03
-1.384159527083917936e-09
1.056958640174432930e-09
-7.188231608111427380e-10
4.312623825729838848e-10
-2.247833498627331318e-10
9.919203482713097531e-11
-3.529254912113513329e-11
9.004409642551182643e-12
-9.551466631271742740e-13
-4.107027511952816185e-13
2.260716594327774487e-13
-2.772538081250528255e-14
-1.629426176661880047e-14
6.974617984648198101e-15
3.981744301094553484e-16
-8.105048439223922109e-16
9.560315218446667189e-17
9.399999999999999467e-01
