2.264739996840822445e-01
-1.653496745291256349e-04
5.617877195950988268e-08
-2.018562502770536593e-11
7.637100585001052423e-15
-2.999448021067754660e-18
3.493348058389395914e-21
-1.208899434698971748e-21
-2.552490191529580246e-22
4.283776275025320999e-22
1.757546058572461434e-01
-5.933867578349101557e-02
-5.583981337238775114e-03
3.016552543874567380e-03
-2.715487804123787458e-04
-6.582332447563823551e-05
2.129857689801565099e-05
-1.170971196860395746e-06
-6.292646503036712026e-07
1.601081441887299120e-07
-3.469708906892048252e-09
-5.991913427052538776e-09
1.253894171871517503e-09
2.076961544835046202e-11
-5.752628457863831408e-11
9.887906616624095225e-12
6.319519423683918474e-13
-5.383605377580567711e-13
7.441834645396355851e-14
6.900326629092382036e-02
-3.897811714410220202e-02
5.249453697794947971e-03
-3.320829910102498107e-04
-2.096476162701390260e-05
9.414381622384292554e-06
-1.576821566337628997e-06
1.747925570257359082e-07
-1.093694020304420802e-08
-5.826607526472632995e-10
3.117782044006687163e-10
-5.823685131976127913e-11
7.444270840771543977e-12
-6.332937403185983051e-13
9.443808243228297527e-15
9.319043651027471012e-15
-2.299843577494299357e-15
3.582822629286724521e-16
-3.918614966214336517e-17
6.540529811499387440e-03
-1.161757465457644370e-02
8.234356055797658128e-03
-4.768266052999353341e-03
2.312766655529336930e-03
-9.603903312514607080e-04
3.471934787658942064e-04
-1.102424643233014393e-04
3.055689327403981689e-05
-7.066489967602257944e-06
1.101762473227883744e-06
8.860892673123550229e-08
-1.876510736046712950e-07
1.159855517980184622e-07
-5.627683819235422367e-08
2.438625634081518065e-08
-9.947838015578557621e-09
4.243756750848088464e-09
-1.364855745673098524e-09
4.710927403963949071e-07
-8.737469067678644820e-07
6.949087319152106517e-07
-4.696991357230224164e-07
2.649435361581357615e-07
-1.204350857296628443e-07
4.091578220606758217e-08
-8.244220973176438766e-09
-3.881374481406490774e-10
8.548831893792719765e-10
-1.747145756428946155e-10
-5.666918862614383811e-11
2.982968205649744974e-11
3.260107485345985024e-12
-4.265351450865826491e-12
-1.975508071209810602e-13
6.508428342354331655e-13
1.891319402798338363e-14
-1.001023644242108364e-13
7.916728524238226816e-01
8.592764489270196266e-05
-2.459827337775266386e-08
7.878186238880813068e-12
-2.711852682890809175e-15
9.833878942863580364e-19
-5.925764137523189669e-22
6.100029759372732604e-22
-3.129718114743072782e-22
-5.055535662613718734e-23
8.197686820704286337e-01
3.341112254150030436e-02
3.853757606650120952e-03
-1.488713496769552376e-03
1.002958229114368430e-04
3.301772456188274755e-05
-8.624126083147016126e-06
2.497654243235800487e-07
2.689078318572639511e-07
-5.493236965485503538e-08
-6.508654313676036164e-10
2.224584501654311979e-09
-3.686667336720485492e-10
-2.220108548127806384e-11
1.880681831302261726e-11
-2.517003036376346239e-12
-3.095776786743795993e-13
1.566315932800846426e-13
-1.624548589599138318e-14
8.867381134064709070e-01
2.841150382216221446e-02
-2.587172004361678549e-03
9.541024831192989274e-05
1.983912300211795583e-05
-5.316718495835516818e-06
7.500385238152420013e-07
-6.850732996226389994e-08
2.198757277786073679e-09
6.377183586839323609e-10
-1.690233806848795567e-10
2.526050286424119670e-11
-2.577233606112924881e-12
1.292030708738408742e-13
1.580773674682491982e-14
-5.656503390003817784e-15
9.655274351803868521e-16
-1.140090306850755590e-16
8.360676465571907259e-18
9.597066022966043164e-01
2.992647703296305237e-02
-1.101538787784740910e-02
3.991041955117994103e-03
-1.409409383853396040e-03
4.787634900811656418e-04
-1.536594220027677460e-04
4.534296031179421699e-05
-1.167301418980105727e-05
2.255602627379961141e-06
-7.073769185117260767e-08
-2.328646862172620850e-07
1.662230064996538706e-07
-8.367753947768772318e-08
3.620624795640951374e-08
-1.429695327360425860e-08
5.330466196573647635e-09
-2.059738704765215623e-09
6.200031873399613468e-10
9.907587289174789591e-01
9.219871370489737122e-03
2.135015808636597239e-05
4.943866997004583544e-08
1.153823825794514688e-10
-3.506031184753367814e-13
3.859234898711958523e-13
-2.179181408793220980e-13
1.101358073559034095e-13
-4.888265631811964954e-14
1.850703114157456902e-14
-5.648372616886361509e-15
1.198936322697719688e-15
-6.451579175688271483e-17
-7.274835205930935072e-17
3.123466802524267933e-17
-3.598576662084851424e-18
-2.008956616286862637e-18
9.108384966891558662e-19
1.104997694337308767e+00
-3.756410135491178998e-05
8.533178755311852086e-09
-1.991609814058291674e-12
4.374402225735613029e-16
-7.438282490242510132e-20
5.874286163192688060e-22
5.571244891757370377e-23
-2.022029245169664930e-22
8.575368493051530376e-23
1.091982216992170018e+00
-1.567658439675141679e-02
-2.054941765728514683e-03
6.383977340201982134e-04
-2.251393402510912389e-05
-1.492017658547454934e-05
2.492185785084482683e-06
1.268824811041262453e-07
-9.014851095454927918e-08
6.977930030078896532e-09
2.033144050377330348e-09
-4.632818907836336059e-10
-1.810913801269613933e-11
1.903401358910874355e-11
-1.480442248502243479e-12
-6.152713372153333726e-13
1.452118458546918491e-13
9.138184171618789669e-15
-8.160825476733389852e-15
1.058886262491485875e+00
-1.472198982001735393e-02
1.241164295833043722e-03
-2.196139022723031899e-05
-1.394781701184662010e-05
2.889918462024238601e-06
-3.311905840486542513e-07
1.917493619776766203e-08
1.364230247786925244e-09
-5.610175387118983172e-10
8.888299866311099855e-11
-8.720212811875846654e-12
3.091864867103377233e-13
8.152238872189676399e-14
-2.201280304416609998e-14
3.189846082447860505e-15
-2.887157582114760765e-16
4.120684845609252316e-18
4.056488670647076047e-18
1.020662629246548603e+00
-1.561961967280704744e-02
5.834951435009109143e-03
-2.135662780249999136e-03
7.565821199712991722e-04
-2.551740757283117440e-04
8.002558212515673355e-05
-2.241848822434034145e-05
5.106885854415636427e-06
-6.189951359734055563e-07
-2.282382793800219025e-07
2.325246930176283412e-07
-1.284604879694185076e-07
5.775547076027956904e-08
-2.308310027522553320e-08
8.477040668440917374e-09
-2.913208393668022181e-09
1.006461059944273900e-09
-2.762890689855781404e-10
1.004652859027112655e+00
-4.652859026483944019e-03
-1.161629340983890254e-12
9.481990902518192830e-13
-7.112250409034372078e-13
4.884001925904356897e-13
-3.053953540056857127e-13
1.725411666206498043e-13
-8.707848612723140054e-14
3.857277304268781247e-14
-1.456079913527749486e-14
4.421738129901352433e-15
-9.276457588239483842e-16
4.417572804367341050e-17
5.889826946402951952e-17
-2.463171837739510164e-17
2.682835619922105653e-18
1.634986047295896018e-18
-7.204017219520088648e-19
8.950000000000000178e-01
