1.949136291748145011e-01
-1.077223110110713580e-04
2.666755310594329183e-08
-6.866409836803649965e-12
1.850037517642685251e-15
-5.157388047345687102e-19
-1.608163963352094897e-21
5.300617950216028090e-22
1.895535247277307229e-22
-7.853438747704159865e-23
1.585163672840665672e-01
-4.356585873748240051e-02
-5.349665257715426232e-03
1.898464547455306880e-03
-7.968435158791242095e-05
-4.397705788230509851e-05
8.064831652779722943e-06
2.206775676335433520e-07
-2.740494880979212351e-07
3.130598493044547369e-08
4.170062321702455125e-09
-1.586269229633303623e-09
9.319381608389017228e-11
3.808417878396674638e-11
-8.568849655010636044e-12
-1.280938034780029828e-14
2.868780690636096271e-13
-3.910340389435915349e-14
-3.888707268873675181e-15
7.134074054829049605e-02
-3.600044523349792136e-02
3.978654574346612675e-03
-1.127886277810075761e-04
-3.929428575305384197e-05
8.593536958750696070e-06
-9.953516746746819258e-07
5.931362488960969051e-08
3.555024137846996754e-09
-1.572533949223714740e-09
2.503796937428626446e-10
-2.474029344884675489e-11
9.802149256757182446e-13
1.950942783742506631e-13
-5.481024788881766784e-14
7.936862171128942547e-15
-7.216737328006138568e-16
1.484509323655950374e-17
8.515972886332997568e-18
7.664136219610517484e-03
-1.346783213019765203e-02
9.269197002698223442e-03
-5.132114645056467563e-03
2.345934698226738620e-03
-9.027883305335091630e-04
2.950245877779827659e-04
-8.080717797149343236e-05
1.717298655544189390e-05
-1.740160942462897645e-06
-8.264861366268736758e-07
7.336210127835179094e-07
-3.859157853482534807e-07
1.699130515337353593e-07
-6.767798250553828023e-08
2.503633967806426277e-08
-8.711058479002840551e-09
3.050135009015435327e-09
-8.442970987702056399e-10
9.559431308453765685e-07
-1.766653465091398908e-06
1.389430579040528254e-06
-9.203663021272720550e-07
5.025865395644671445e-07
-2.168008979880924745e-07
6.690447699500503142e-08
-1.013237949773023414e-08
-2.251327961235583598e-09
1.575224248483084734e-09
-1.280667951124234562e-10
-1.540648295704175964e-10
3.788623654690103080e-11
1.593906072873760445e-11
-6.353940311841489576e-12
-2.050218642837076490e-12
1.000038535605016470e-12
2.733116101130336694e-13
-1.408919144533421707e-13
8.121111187911801421e-01
5.878739746912863278e-05
-1.237836701535869712e-08
2.867217570153295334e-12
-7.074025822919302898e-16
1.824733514644697940e-19
-2.701902815317603654e-22
2.246731290693546481e-22
1.006185921941727310e-23
-4.302866615046436556e-23
8.329718722055178270e-01
2.527578484801126443e-02
3.512767825886214425e-03
-9.604578480909914872e-04
2.508591875500937939e-05
2.148624807764634714e-05
-3.306671031187541654e-06
-1.663387549887677106e-07
1.137312180773732150e-07
-1.022185027577944268e-08
-1.942182937153423228e-09
5.655334328770957682e-10
-1.910283158360493797e-11
-1.458120013927545734e-11
2.622651482947098942e-12
8.589375282264763508e-14
-9.468675090090327691e-14
1.004221755862540884e-14
1.585769289380397938e-15
8.884599080976531837e-01
2.574261637624959687e-02
-1.906431101344076024e-03
-1.567822691176204757e-06
2.580221015119158883e-05
-4.486433228899525045e-06
4.389721067958207354e-07
-1.638325193594702388e-08
-3.208219294521280154e-09
8.271838412463529148e-10
-1.080328087030577346e-10
8.226033281641233320e-12
4.282150277216804855e-14
-1.322601579139509699e-13
2.494106068983661006e-14
-2.825155437357442157e-15
1.671069013244879529e-16
1.200901300784366210e-17
-4.845092528776637727e-18
9.592383071043648624e-01
3.012320072727861162e-02
-1.097542804604159129e-02
3.901600718107313490e-03
-1.333026469591502144e-03
4.285956389201435023e-04
-1.254942660435898292e-04
3.134429832662463086e-05
-5.419707625416476773e-06
-2.705759466114593101e-07
8.513012037895675084e-07
-5.335204547247988218e-07
2.508341778387945872e-07
-1.020371308824208828e-07
3.760871424420746448e-08
-1.278064363437239117e-08
4.022799943809543032e-09
-1.223876338908631495e-09
2.973571825153679883e-10
9.906199556442107923e-01
9.357996344705915223e-03
2.199618989047083084e-05
5.169695702400053875e-08
1.256456635117543217e-10
-2.486398969839198551e-12
1.689487492646319799e-12
-9.224171696591181462e-13
4.453440291343895098e-13
-1.857856886857190739e-13
6.428755067191772464e-14
-1.685294356492861580e-14
2.409524796385063517e-15
3.947184317267313435e-16
-3.476475432714251441e-16
7.987231210103012811e-17
8.470358028479371374e-18
-9.736423339105854297e-18
1.790542810053898547e-18
1.095203628671417961e+00
-2.666915551165499073e-05
4.691243334851858252e-09
-8.582187467499532892e-13
1.559419521892402215e-16
-2.649856352594836289e-20
3.583484661046599466e-22
-2.938029218295642526e-22
5.912991237651144506e-23
2.529509430688862295e-23
1.085365632738750641e+00
-1.202290199913445823e-02
-1.801999738987270557e-03
4.174806742007075989e-04
-1.942994864548078040e-06
-9.052583077322814281e-06
9.476276058097198921e-07
1.139613879427403495e-07
-3.360868334171282572e-08
5.934043242306946006e-10
7.579424704762425294e-10
-8.582897723550834992e-11
-1.141513907458826645e-11
3.242218894863169282e-12
3.697057350585250868e-14
-9.623363795162592469e-14
7.006325471012411094e-15
2.442212251534572586e-15
-4.633015369456990692e-16
1.057841156459118359e+00
-1.325015043439861651e-02
8.943807809476320408e-04
2.018018433051201198e-05
-1.492531474100925136e-05
2.179015704154771151e-06
-1.626759154049477145e-07
-1.886229468517300182e-09
2.521285330761276824e-09
-4.074887558938773147e-10
3.572695160082013046e-11
-5.073465635890311269e-13
-4.253428879594729646e-13
8.401095825666545441e-14
-8.942314694743919870e-15
3.723857092203071434e-16
6.797470949139198992e-17
-1.867039675062719382e-17
2.420454249546290135e-18
1.020896109838963062e+00
-1.570746816208966681e-02
5.800209294634641952e-03
-2.077711857119910951e-03
7.091523085258306458e-04
-2.247378723130124048e-04
6.331923553940205056e-05
-1.433853425607143938e-05
1.624134063320198829e-06
7.203539474378951086e-07
-6.828374466146523617e-07
3.639355610546467074e-07
-1.571635218349047323e-07
5.965234913831742879e-08
-2.045149871911448375e-08
6.354462631126787836e-09
-1.748785229976443929e-09
4.006709941383976721e-10
-6.177850945098438002e-11
1.004723223419863976e+00
-4.723223417052759866e-03
-5.174838172921676750e-12
4.180311752342082122e-12
-3.088515027669713115e-12
2.077885147485398576e-12
-1.264825856612927518e-12
6.900416393221238862e-13
-3.326231821865460863e-13
1.384431448220883104e-13
-4.773093720504825286e-14
1.242389923517671740e-14
-1.731881339510059206e-15
-3.137796509550360392e-16
2.616630107482618792e-16
-5.855332666264421801e-17
-6.948860542501728701e-18
7.340703407251083063e-18
-1.296954983976621785e-18
9.050000000000000266e-01
