7.555341466382652083e-02
-9.420170786464011152e-06
4.461810901242190567e-10
-2.011006595004350859e-14
9.071246475692127455e-19
3.399796562837758855e-22
1.696749087450679753e-21
-1.859712438283199255e-21
4.603654690749932904e-22
4.672733853134576081e-23
7.137883438059242081e-02
-5.318142696727987465e-03
-1.092859862680579594e-03
6.611758977044004915e-05
5.460195592245553939e-06
-5.581497860449491497e-07
-1.909819835982899303e-08
3.968336658484129467e-09
9.971860053482299426e-12
-2.502644995964429327e-11
6.374397704166457719e-13
1.400662350326700299e-13
-8.034044006403694318e-15
-6.654769562197446935e-16
7.087698175811993374e-17
2.149588575206488827e-18
-4.807622266415729419e-19
2.879432820422148477e-20
-4.176349130659966033e-20
5.456924660134455929e-02
-1.068214562110791389e-02
-1.307200467063147009e-04
7.790811867920631440e-05
-4.134876043637051386e-06
-1.722705502552049952e-07
3.370367401111344009e-08
-1.270387141026651570e-09
-9.910337727875080947e-11
1.359635528262538440e-11
-3.768989885593185831e-13
-4.936744380970719995e-14
5.489166686797622131e-15
-1.042219940978008662e-16
-2.357357119428103292e-17
2.218278910782946446e-18
-2.317347456568366060e-20
-1.265425756755453858e-20
5.358534434090730437e-21
1.231810250972284991e-02
-1.891887599864871400e-02
9.272697696584373400e-03
-2.972979338441236134e-03
5.211382074065119786e-04
4.949674798649868234e-05
-7.767223161823961369e-05
3.450682188485306709e-05
-1.021865483849253607e-05
2.028898267607073519e-06
-1.045867504245289313e-07
-1.323189779873676763e-07
7.849695748341243079e-08
-2.874396050000769425e-08
7.748657107944762388e-09
-1.377997821300787428e-09
-1.036003475401989032e-11
1.611238982994951354e-10
-7.154992926021179409e-11
4.324345790930034765e-05
-7.730606849031463788e-05
5.471640338298765981e-05
-2.969127374346163884e-05
1.136768569276292491e-05
-2.299160510739023593e-06
-2.888821939845151206e-07
3.064468492474019648e-07
-2.151749322977913246e-08
-3.643194761216798705e-08
5.546154441862613303e-09
5.293177595347122471e-09
-7.735080192908975786e-10
-9.333981514051630694e-10
4.485818119182912697e-11
1.778815481373321692e-10
2.444037077303134895e-11
-2.754201670103907488e-11
-1.151890649433505826e-11
9.120414402592627034e-01
6.238901169255404998e-06
-2.604156618475696454e-10
1.100270220216923643e-14
-4.724241644306278808e-19
5.474162396569057398e-22
-2.608510814284300759e-22
-3.304961635965155212e-23
1.401331937194978593e-23
4.750517434621472489e-23
9.148331453707408967e-01
3.564307314141272956e-03
7.433909360146393006e-04
-3.905311109130945777e-05
-3.306043841224167150e-06
3.105631174315806249e-07
1.131422721968152445e-08
-2.113235217256588746e-09
-1.111494140241738879e-11
1.286004416653011823e-11
-2.804047540506264288e-13
-7.007469648071557728e-14
3.635779045153458157e-15
3.292365256987483734e-16
-3.164181396290199779e-17
-1.126149605587551727e-18
2.373885504562108464e-19
-1.702148089217753307e-20
-5.004321702399002259e-21
9.264166545239671535e-01
7.534393402193323257e-03
1.650584295398659063e-04
-4.937259063064272928e-05
2.248631044331208425e-06
1.169581129198349296e-07
-1.905045338511941199e-08
6.008260331667661373e-10
6.068005676633111042e-11
-7.081713164335930935e-12
1.448835291230810563e-13
2.796944839879851241e-14
-2.642746102391516747e-15
2.739707558447780395e-17
1.246125909651243256e-17
-9.971315892428187658e-19
-3.694402583027376558e-21
2.359461417956179355e-21
2.633727295350918065e-21
9.654482255364420507e-01
2.301483030543583289e-02
-6.755045815445306218e-03
1.561236199058710838e-03
-1.844683796668114681e-04
-5.874930762180604894e-05
5.024139755807343228e-05
-2.068241273088493320e-05
5.880034401556145940e-06
-1.060818764100208400e-06
-6.090091913828254365e-09
1.004610989250334322e-07
-5.049124508908350124e-08
1.661485461189441072e-08
-3.926716211866451713e-09
5.118532786767828281e-10
9.538883970810247192e-11
-1.093027306330347690e-10
4.162486187547567114e-11
9.915121687756273117e-01
8.469763529822997919e-03
1.804363613536402662e-05
1.430067517651930620e-08
1.537954703602288909e-08
-8.363857349106181394e-09
3.813973706050049617e-09
-1.372963378138012662e-09
3.390849674292484329e-10
-2.495966617207240649e-11
-2.118741888343242816e-11
9.081642864218736416e-12
-3.110974963640449479e-13
-9.357523278082620797e-13
2.324971462487904881e-13
7.535921078614993471e-14
-4.295297229354780634e-14
-4.942289811822564636e-15
6.520402040207069318e-15
1.044654112493251796e+00
-3.080665588476512466e-06
1.222415963245426071e-10
-4.842792018947110881e-15
1.928159529983885796e-19
1.013313368680287427e-22
-1.082966223248015944e-22
1.671423152965472591e-23
-2.488452601368792307e-23
8.785285096617522173e-24
1.043270996682598595e+00
-1.767196621410190406e-03
-3.703678254203691261e-04
1.852864008550018690e-05
1.601735290809663715e-06
-1.397438813999635072e-07
-5.483452069164613797e-09
8.980809338771051028e-10
8.541416947431693890e-12
-5.165285933080864897e-12
7.888483759663569183e-14
2.682412564840535543e-14
-1.102448467982445909e-15
-1.233657546001441526e-16
9.262033173329322143e-18
4.642414678475378568e-19
-6.410578004910875180e-20
1.349343321257063209e-21
7.248710922183407474e-22
1.037483741165670104e+00
-3.785901660775488949e-03
-9.068340625676199473e-05
2.459498506548114894e-05
-1.018438934565758138e-06
-6.327390597877597930e-08
8.836703686620513898e-09
-2.125930951203015254e-10
-3.107015350615340672e-11
2.938512191333289676e-12
-2.439335597677494016e-14
-1.323151629352600863e-14
9.416026967042723208e-16
8.487813521743185898e-18
-5.327482298115303807e-18
2.918800857983098134e-19
1.008085029202628898e-20
-1.863135769397016921e-21
-9.290582804653489177e-22
1.017565527476065546e+00
-1.180043587072479236e-02
3.465843790949213379e-03
-7.896238227289855641e-04
8.488800723527243069e-05
3.469433263646172044e-05
-2.705058209286154567e-05
1.069374822552840088e-05
-2.883247119599186149e-06
4.544079332633010620e-07
3.815081237202884297e-08
-6.061220367389124252e-08
2.692208631361344455e-08
-8.061193644673337234e-09
1.642961923728609827e-09
-1.070911760559533617e-10
-9.432193849595988975e-11
6.368073912183353265e-11
-2.123727447948611732e-11
1.004271083794048947e+00
-4.271072909449604056e-03
-1.931482869653943819e-08
1.412215046110550007e-08
-8.996030582414998573e-09
4.913381047004605054e-09
-2.236878138501879358e-09
8.029900467713997638e-10
-1.970567953401636617e-10
1.379757485497193963e-11
1.264054367513845650e-11
-5.319988586944518558e-12
1.546090213615004226e-13
5.567097739187095730e-13
-1.348725507013926318e-13
-4.559191576289553632e-14
2.526122981018584825e-14
3.064011151473141786e-15
-3.860491349295955344e-15
9.549999999999999600e-01
