3.083213013095912128e-02
-1.235836820753762377e-06
1.738294883715548139e-11
-2.201379678518789845e-16
3.023348970591355476e-20
4.536725807210469339e-20
-1.518080481833823650e-20
2.218721373946174807e-20
-1.067623326042157805e-20
-4.850244688439952663e-21
3.025247960850900586e-02
-7.478238579717563566e-04
-1.667750209968748133e-04
2.954257711895140442e-06
3.128604380438956405e-07
-7.787883149974747795e-09
-5.079130555589677317e-10
1.745201771149894473e-11
7.581993690155650428e-13
-3.589726941593624906e-14
-1.034378385129534069e-15
8.023465633129593628e-17
7.230622052231710738e-19
-1.487973865213254043e-18
-5.794028305337947529e-18
2.613701010312681257e-19
4.388977983713577055e-18
-8.080198825371013951e-19
-1.693814729707595830e-18
2.749847260190754414e-02
-1.965155515309641859e-03
-1.155072355740254870e-04
7.088913031906269724e-06
9.198537432938251879e-08
-1.549441735966107863e-08
1.473442337821647839e-10
2.492884737539102626e-11
-7.805617379632921798e-13
-2.782650066723875365e-14
1.969312488240559338e-15
6.992281970885475596e-18
-8.226806228096607171e-18
2.104853701523204028e-18
3.293421458284991457e-18
-9.108980571074726006e-19
-7.408884889289741697e-19
-5.310347151172233617e-19
-4.722954126972829111e-19
1.073840162784080524e-02
-1.200585423912954933e-02
2.919192100382571320e-03
-3.870032117617725945e-05
-2.022960751802011512e-04
6.810062538511484401e-05
-9.086299362649037040e-06
-1.182832235135509461e-06
9.013475458031397490e-07
-2.180692336915230089e-07
1.818738111802813019e-08
6.542032367718659870e-09
-3.128772988816856711e-09
6.374808838006933372e-10
-2.890910232785654365e-11
-2.669780495010198881e-11
1.025869163668840326e-11
-1.716255694327537602e-12
6.922375426810101616e-15
3.594320967066909648e-04
-6.102510590013799762e-04
3.632040122274013297e-04
-1.340019916287093691e-04
1.497330151660082277e-05
1.066890132770156847e-05
-3.436511030497452322e-06
-1.250457398511754622e-06
5.312012608278926595e-07
2.409918352544441730e-07
-6.800025604293520242e-08
-5.715014277453515691e-08
1.890513829689599048e-09
1.257858751792505569e-08
3.141095428518131938e-09
-1.940271988696393893e-09
-1.420926917681979883e-09
9.874246365813420191e-11
3.168431030092312348e-10
9.610930921994732534e-01
8.902398945919739053e-07
-1.123567076893581046e-11
1.365436406027680817e-16
3.051208729730939677e-21
-6.163024753631650713e-21
6.576840109337690262e-22
5.134660585881286230e-21
-2.523652400588972829e-21
-2.681266083489305152e-22
9.615117299249316130e-01
5.404078476478408255e-04
1.209544390391379927e-04
-1.913848960149910367e-06
-2.034216094636218867e-07
4.843202849626132627e-09
3.176094906753315055e-10
-1.053470197135832833e-11
-4.622113489180555119e-13
2.105621725236541689e-14
6.229659286616934185e-16
-3.926467030909485058e-17
-6.026977591071401308e-19
-4.334511511685563855e-19
2.516013011495554734e-19
2.947334797778529465e-19
-1.379154383915695240e-19
-9.827502939089308115e-20
-1.208293178005226339e-20
9.635183943489883385e-01
1.440564288949629061e-03
8.857406422076826628e-05
-4.652067106184284515e-06
-6.622189049368450464e-08
9.813474341852454360e-09
-8.110914201975254373e-11
-1.555749665930960758e-11
4.554328480756839981e-13
1.752907856999273529e-14
-1.140062056688239898e-15
-6.842521799665527193e-18
2.275172980306384214e-18
-1.883361571701770792e-19
-2.445734844094361570e-19
1.527269194328513918e-19
1.330196046547894508e-19
-6.371528623100988818e-21
-5.408736273142273871e-20
9.777462791523896524e-01
1.124075074991965836e-02
-1.730079168450381066e-03
-8.011769980380418468e-05
1.407354832990717836e-04
-4.275208909741279041e-05
5.353308635481756066e-06
8.573747661992906374e-07
-5.882605306802666835e-07
1.358926503850126179e-07
-9.227704561674917426e-09
-4.730452965003720049e-09
1.995782146559125698e-09
-3.653669435628605799e-10
5.098392914310846705e-12
1.850743235096526987e-11
-6.134746808955348983e-12
8.641592760444164075e-13
4.368054364169107771e-14
9.936235777275176373e-01
6.363272927895021781e-03
1.512871083921824876e-05
-3.046798361758570179e-06
1.489657540970076801e-06
-5.223092688327569627e-07
9.770209467223210177e-08
1.367432543939105716e-08
-1.385686641513385168e-08
1.641927611384965290e-09
1.417054217302721563e-09
-4.157583304479263921e-10
-1.609491600941058862e-10
7.223283841828269739e-11
2.384471012004179475e-11
-1.173653432970827807e-11
-4.922685480697710646e-12
1.537114349357261062e-12
1.054186660054805103e-12
1.019609543281849273e+00
-4.446469528743254166e-07
5.510066375624791261e-12
-6.537890246874935143e-17
3.390443867733341557e-21
-3.792496826512662369e-21
1.238194786107658874e-21
4.995725342612315265e-22
-1.268155653107258321e-21
8.027104777360725123e-22
1.019400362851316189e+00
-2.700490568544787690e-04
-6.047577971532774394e-05
9.397369181329784153e-07
1.000819312476479462e-07
-2.324824794427002270e-09
-1.531904837410375234e-10
4.923810591291607444e-12
2.182037057553704679e-13
-9.551608670926256864e-15
-2.887371520306104597e-16
1.738348152851855948e-17
4.300896589797670940e-19
-1.036946319260972513e-20
8.826748781090900192e-20
7.320434360646031739e-20
-1.340469215964639291e-19
-5.063783366083601677e-20
6.777688303940480330e-20
1.018396434925761707e+00
-7.213015858063938834e-04
-4.460091299017309379e-05
2.299122666017229490e-06
3.407470906885608478e-08
-4.783002420639029440e-09
3.479616331693244260e-11
7.510136049847090623e-12
-2.057409311534383484e-13
-8.555487617002226151e-15
5.115718190384098307e-16
4.327305861941265236e-18
-8.622581617566906288e-19
-5.936501350060558317e-20
4.337903767269072660e-20
-3.566494933515632972e-20
-1.223096922889398858e-19
3.354683118180263102e-20
6.930105226869135273e-20
1.011222251860015131e+00
-5.681619154592386367e-03
8.681362954572333698e-04
4.429575812336638001e-05
-7.176939672650255772e-05
2.137461162396418502e-05
-2.542192884758198681e-06
-4.729176195213329709e-07
2.973901261628915018e-07
-6.541751560017079127e-08
3.494017450995156914e-09
2.557163384679039417e-09
-9.816993315384818496e-10
1.635171874799864714e-10
2.862658796138043925e-12
-9.790838354877039290e-12
2.887937189402900629e-12
-3.338565812942907646e-13
-4.322592453206030519e-14
1.003203422250901422e+00
-3.201846383515739511e-03
-2.638926261388399039e-06
1.631175403761985730e-06
-7.924722949183766381e-07
2.772964037341038178e-07
-5.152295806274796651e-08
-7.453271941030273933e-09
7.388237619341527695e-09
-8.542806435208212044e-10
-7.615266390920232595e-10
2.199191869447195754e-10
8.702901732018786664e-11
-3.837937825814646462e-11
-1.292971833778213343e-11
6.247476643338299359e-12
2.663673591979808804e-12
-8.206561242954083656e-13
-5.667478179989707296e-13
9.799999999999999822e-01
