7.339900643090543388e-03
-6.102198339154522161e-08
1.692483876537344390e-13
-4.064338783561400011e-19
2.480656135275475916e-21
-7.517707867002569237e-22
-5.303760534446969852e-22
6.875946682045919675e-22
-4.097689911698119288e-22
8.942914741377655283e-23
7.310696070384243780e-03
-3.784533829363279279e-05
-8.675125726873266087e-06
3.009404746589233069e-08
3.418079552397164152e-09
-1.545528414354776254e-11
-1.155745955101252607e-12
6.596691762528199795e-15
3.639274251397280225e-16
-2.420482845021983699e-18
-1.183431664593663348e-19
-8.297859089417509514e-20
3.720968745923179092e-20
6.969234705175298883e-20
-1.416893789644375925e-20
-3.618448143327931802e-20
-6.500836200855596995e-21
6.348060492107726453e-21
3.432396706884177039e-21
7.162315864171423484e-03
-1.106405645241513542e-04
-8.658235192289994575e-06
9.247865880914281496e-08
3.338836276125466566e-09
-4.927183760031855747e-11
-1.044690212994718414e-12
2.150513367567338525e-14
2.799124430683850804e-16
-8.342051147761313259e-18
-1.845063271977429990e-20
1.536202748287162037e-21
3.298676212601205018e-20
-2.773876525719642164e-20
-3.811873400166925662e-20
3.075933015178714583e-20
2.154549696638105297e-20
-1.142169659003024613e-20
-1.235530948714335607e-20
5.090491828267412061e-03
-2.094757941323047764e-03
-7.182816506775155873e-05
6.589670498886841072e-05
-5.441212975521294406e-06
-8.356096377547006480e-07
1.936288487755329349e-07
-3.514266926181243648e-09
-3.248185430303101558e-09
3.883200128264217682e-10
1.959643228667628608e-11
-8.838681590128321731e-12
5.342180159348775743e-13
1.012272565639071238e-13
-1.933557623681218548e-14
1.711247527216527962e-16
3.126495573404861550e-16
-3.279081602948452175e-17
-3.369901406439116125e-19
1.048459065537755627e-03
-1.544587442641656878e-03
5.079908715114788082e-04
6.457999494347356256e-05
-7.554473874002223268e-05
-1.676112675898851307e-05
1.205168155856991550e-05
6.498626343344105733e-06
-7.360448835995949265e-07
-1.847726041664773507e-06
-5.986424393907293889e-07
2.098314219927497853e-07
2.756505745905553158e-07
9.237981751735767420e-08
-2.893944278220830865e-08
-4.693882842170204210e-08
-1.949883238812292480e-08
5.966572921944037998e-09
7.030327270393152015e-09
9.902996326247810455e-01
4.619943217774888562e-08
-1.166246178879855390e-13
2.735687054122391432e-19
-1.362695006239617350e-23
1.057018417539369885e-23
-7.442008409068039132e-24
1.128289765063507750e-25
4.775048476311987890e-24
-2.441786394307323554e-24
9.903217532470616202e-01
2.866830240654444744e-05
6.575504252304773198e-06
-2.074139579263374225e-08
-2.356551218031496414e-09
1.044047985598382038e-11
7.809187787703697774e-13
-4.420877591056764974e-15
-2.440037901011477244e-16
1.691827367265874455e-18
7.221015931552117195e-20
6.391837527010184034e-22
8.492011256500511466e-22
-7.807551597136418138e-22
4.204342857384330486e-22
3.383000266089693208e-22
3.497919642815849173e-23
-5.643406215504512365e-23
-3.757383304329254820e-22
9.904343192168900689e-01
8.402100489090056506e-05
6.614284354168761286e-06
-6.381448708290881367e-08
-2.311260562927377042e-09
3.331231911599642284e-11
7.080666628698963715e-13
-1.443225346155409971e-14
-1.888231374097068888e-16
5.573775212629548582e-18
4.166008360063318943e-20
-1.643155654708657445e-21
1.857286152535921137e-22
2.662669772024797169e-23
4.855702971088298260e-22
-2.867458123109186099e-22
-3.239024962903552068e-22
1.491952071189159041e-22
3.549436679781929217e-24
9.920714927130466210e-01
1.682250704719583621e-03
8.591716313619697217e-05
-4.689462426870665614e-05
3.542817265655451923e-06
5.778431554317381473e-07
-1.305458895199024744e-07
2.255037153082567985e-09
2.205724719147333999e-09
-2.598539606735362578e-10
-1.389302042218549812e-11
5.950067842693622581e-12
-3.399094940580379638e-13
-6.971544983309036466e-14
1.265892585614409280e-14
-4.729953689487522380e-17
-2.107200986628150507e-16
2.086299289957275224e-17
1.492476880273364010e-18
9.967375254469471590e-01
3.151290372582962913e-03
1.574912327956587540e-04
-5.374018510432475521e-05
4.175182940370258231e-06
4.631756247436828082e-06
-9.296650623637445020e-07
-6.723634416079197369e-07
1.262610526324356395e-07
1.343644508680800112e-07
-4.842347967357372376e-09
-2.861205650509313121e-08
-5.631872606872871980e-09
4.923383253637905813e-09
2.806519507654428076e-09
-2.633163385772352411e-10
-7.605953037033957467e-10
-1.246121182564010368e-10
1.014893927289859644e-10
1.004860613718745688e+00
-2.310645828015898850e-08
5.809377846788046778e-14
-1.355550222415260697e-19
9.184948985774887888e-24
-5.144545707045089669e-24
3.476391616632009800e-24
1.776611835785560001e-24
-4.101858154068885998e-24
1.802967944611803573e-24
1.004849549976089884e+00
-1.433865619073747616e-05
-3.288866332583012166e-06
1.033241019736389404e-08
1.174023386366984131e-09
-5.173291437449109494e-12
-3.870196482917416781e-13
2.176384111907540735e-15
1.201645348219601197e-16
-8.269054378499793637e-19
-3.583049577302362725e-20
-1.395370705213195111e-22
-5.630542176617712654e-23
1.576776893467190923e-22
1.015812104265132450e-23
4.317848752233398438e-23
-9.123376542576442604e-23
-5.395418256518025389e-23
7.731640443229239008e-23
1.004793245994581863e+00
-4.202786151513213103e-05
-3.309271218972218286e-06
3.179922473817188012e-08
1.152630304881653609e-09
-1.651744727938735517e-11
-3.517833949060719273e-13
7.113772021466075959e-15
9.349523692137682243e-17
-2.728509877539655020e-18
-2.053034267872455406e-20
9.921167440834887169e-22
1.736790161406467996e-22
1.364294253108040946e-22
-2.150260286869557370e-22
-1.835109740381591373e-23
1.507821428804625069e-22
-2.023968761299640543e-23
-4.780478654694393812e-23
1.003973489002586206e+00
-8.426091767163721357e-04
-4.328487041256396577e-05
2.346815167035007645e-05
-1.758243635412124043e-06
-2.901937908915096583e-07
6.486141889430668503e-08
-1.044059219515092715e-09
-1.099026753617703026e-09
1.271765189830519037e-10
7.143172913008854826e-12
-2.928035367526783308e-12
1.602149058915251568e-13
3.482719495011311330e-14
-6.109473200575364843e-15
8.397154377860099585e-19
1.031409931055813056e-16
-9.741315678875452163e-18
-7.798752719579970629e-19
1.001634555351217815e+00
-1.579694594165559178e-03
-7.831973037333678190e-05
2.721797313263195483e-05
-2.106322345106175276e-06
-2.347413799970041551e-06
4.688854792514808759e-07
3.412727165732982529e-07
-6.356419590321949335e-08
-6.821592176761348192e-08
2.352798933092721162e-09
1.451646595648406489e-08
2.880759076668211126e-09
-2.493244772919049984e-09
-1.428227226439620468e-09
1.312359800918098198e-10
3.857512541084830305e-10
6.377360829775253285e-11
-5.105756059570870001e-11
9.949999999999999956e-01
