4.782266217197448516e-02
-3.265839709258390448e-06
8.082494541197118099e-11
-1.844933672421695215e-15
4.602502868702822982e-20
1.375834329828482582e-20
-1.065315879537720883e-20
3.023556885054918068e-21
-2.870151328300066886e-21
1.873755497274355532e-21
4.631917878417801671e-02
-1.931691334927435532e-03
-4.196779576009340685e-04
1.314681430737310401e-05
1.294191615241888687e-06
-6.046252569786541694e-08
-3.359286442811846792e-09
2.371861455652644971e-10
7.386755946916326823e-12
-8.505047277162151203e-13
-1.157048099321811077e-14
2.859526224938193964e-15
-4.084187210261331295e-18
-9.836600787165642086e-18
5.678073977935321116e-19
6.433281175327796230e-19
-8.803795179811941157e-20
-1.857422641647435454e-19
-4.163197749166715079e-20
3.957806322854673375e-02
-4.624301395728041414e-03
-1.950519879143961899e-04
2.498598927545802575e-05
-2.159933041306225504e-07
-7.309547172160521666e-08
3.291002838532039112e-09
1.066245758669848154e-10
-1.400437790037763920e-11
1.903921100742509921e-13
3.589756054473405309e-14
-1.932165616158216229e-15
-3.801260870292958096e-17
7.413327862349943367e-18
-2.210041128284366083e-19
-5.273484430801701829e-20
-1.503333135588106990e-19
6.894076984877827483e-20
1.585174878930384276e-19
1.201384967676500520e-02
-1.617365261297988577e-02
5.889574594638911746e-03
-1.019677964587599548e-03
-1.192786224432629668e-04
1.387472617138521872e-04
-4.754487566057097439e-05
8.747515398323604547e-06
-7.997497055224099722e-09
-6.461802426806987160e-07
2.681759172999977042e-07
-6.393161565319292418e-08
6.894457284883614028e-09
1.852661499682646733e-09
-1.295893774140206264e-09
4.100907232477094318e-10
-7.636461885491962190e-11
-6.717653137340409830e-13
5.098795855026237048e-12
1.519994304453981492e-04
-2.654219974546131598e-04
1.739069898158966568e-04
-8.039265684588936458e-05
2.135890460557504246e-05
3.783419648817242560e-07
-2.351158809069102654e-06
3.256957581345727061e-07
2.863078117918277084e-07
-5.714283447077903695e-08
-4.666079971027614489e-08
6.469940747473811425e-09
9.121953773926875724e-09
1.752004215331457225e-10
-1.767850541892094357e-09
-4.288082059287358071e-10
2.506367112342475147e-10
1.286865832383149952e-10
-3.417414841532215126e-12
9.415308301611973185e-01
2.275508348516898748e-06
-5.013767892473813056e-11
1.086551806050838403e-15
-2.231282709289085944e-20
-1.466722741380392037e-21
1.274233990820581171e-21
-5.911706030205997957e-22
-4.446540498498182611e-22
4.702895512193529045e-22
9.425834530988151938e-01
1.353881007235556910e-03
2.961848211697539488e-04
-8.196342092250698456e-06
-8.139389297965815745e-07
3.584980313217481303e-08
2.022685216074007643e-09
-1.354322521876119806e-10
-4.356063276390448394e-12
4.694222252210463534e-13
6.964040463264436757e-15
-1.529636610808938758e-15
-5.171179600440894182e-19
4.664262167783218015e-18
-8.185067529407888054e-21
-3.403320227214137130e-21
-6.414194817023982914e-21
4.548469334020376408e-21
-1.515410175147408101e-20
9.473787628565628616e-01
3.327204450213330864e-03
1.569105434155690945e-04
-1.603208738251358018e-05
9.260727253139753856e-08
4.546657785211652162e-08
-1.875672615374005333e-09
-6.913670534423772364e-11
8.006585013962852015e-12
-8.204709978793219482e-14
-2.074658524856440037e-14
9.991161547743883985e-16
2.517125164869527558e-17
-3.908350310015999912e-18
9.430369718835744142e-20
3.829848978398239909e-22
3.412614639351739354e-21
5.974673593734763208e-21
-1.513499027858267903e-20
9.716565312281885136e-01
1.680405039918856855e-02
-3.823702379180655628e-03
4.287462327035017362e-04
1.236362472494810277e-04
-9.023830067677073897e-05
2.883523751527719523e-05
-5.022113845964338422e-06
-1.397925202255425787e-07
4.370705900004273860e-07
-1.684634545666484421e-07
3.674161594999754978e-08
-2.763168793554617469e-09
-1.527118006294426300e-09
8.274469606054996973e-10
-2.312522968099838735e-10
3.567352420682933566e-11
3.318402981594084901e-12
-3.469834410079968503e-12
9.925467373337357735e-01
7.438998160421818676e-03
1.449307219803758067e-05
-3.841152143625177971e-07
2.328554983046900161e-07
-1.066911891831782033e-07
3.656125786649019881e-08
-7.376228663726807760e-09
-4.429509701852555610e-10
8.507693797195336377e-10
-1.842312375693129017e-10
-5.517016022892704621e-11
3.308034530207946038e-11
2.136439951290273017e-12
-4.818227810155912425e-12
1.048889035734161230e-13
7.526679895089061759e-13
-3.191432330224745296e-14
-1.208093136028160588e-13
1.029567091131950773e+00
-1.133107803072960279e-06
2.423363199709822088e-11
-5.053610925080816751e-16
1.025922444473629965e-20
-1.107672181769847935e-22
-1.302074211846720309e-22
2.229722358258528499e-22
1.317016098630704178e-22
-1.767113310971279019e-22
1.029042348943793428e+00
-6.750864640213485608e-04
-1.479148369046762233e-04
3.975398107515054581e-06
3.971047798557011651e-07
-1.679184300404251304e-08
-9.623296597808983228e-10
6.095113034832311912e-11
2.037809320709257240e-12
-2.022885854773785183e-13
-3.357028824223958337e-15
6.300225632819997501e-16
1.682145213561568337e-18
-1.897646981999560774e-18
4.466034453599309476e-20
-9.242180679631901436e-21
7.816888187755329653e-23
1.286417866933136777e-20
-3.014106849192784035e-21
1.026644183070767102e+00
-1.667500568665839173e-03
-8.005959094247808443e-05
7.910939211975108538e-06
-3.372722244578267966e-08
-2.226310724607295095e-08
8.483271647862748226e-10
3.548923330933024038e-11
-3.622960898977571500e-12
2.220057932198714620e-14
9.540911667814654480e-15
-3.918625163044110518e-16
-1.364367352864621795e-17
1.597680952583192246e-18
-1.883304045312880099e-20
-1.433302928244829948e-20
1.523991586615274992e-21
3.074939307144568024e-21
3.540261087143444401e-21
1.014343622572649650e+00
-8.544923708284864194e-03
1.936763465296880435e-03
-2.089305446510948889e-04
-6.685807150999816158e-05
4.656997000192376185e-05
-1.444871965564017573e-05
2.359523734000858402e-06
1.404676220068623858e-07
-2.341192574735894742e-07
8.409950389618819062e-08
-1.680678504437922967e-08
6.999644677018585678e-10
9.225683161717920074e-10
-4.229674258657344613e-10
1.056654808509428461e-10
-1.264943385956654649e-11
-3.071821614235094793e-12
1.931740236338613118e-12
1.003747547394666428e+00
-3.747354036666359668e-03
-3.342158073104236731e-07
2.268465753367051387e-07
-1.286872476582791877e-07
5.889293215690095019e-08
-2.012807099475811620e-08
4.029671715573816526e-09
2.619233708809349242e-10
-4.724438803293823794e-10
1.005536889368035770e-10
3.118463535817570255e-11
-1.829318281456417330e-11
-1.276926180696319214e-12
2.681193493986827308e-12
-4.592627257612972084e-14
-4.201812322485944446e-13
1.643368014439768420e-14
6.737356219573158426e-14
9.699999999999999734e-01
