4.753023031397731746e-01
-1.773627639651915262e-03
3.896737177498924397e-06
-9.627472292140736098e-09
2.527255756021786979e-11
-6.862928953357977531e-14
1.903261525439335432e-16
-5.345795655885490357e-19
5.986271710842611553e-21
-3.491796582864502065e-21
2.567932830345884820e-01
-2.038910942173141061e-01
2.995114291613587207e-02
7.735211788154832714e-03
-6.757300681525392483e-03
2.417558142417860264e-03
-4.180465844192367340e-04
-8.250138114079759487e-05
9.652444330367509920e-05
-4.047832477582145150e-05
8.841515966936804537e-06
6.934585907159217076e-07
-1.579377254971011614e-06
7.616740055402337888e-07
-1.959453886412814478e-07
1.224886836400681434e-09
2.620926624438248044e-08
-1.509428388245395622e-08
4.374898757288452442e-09
4.244267141240783137e-02
-3.405730922175123632e-02
7.780097900616861177e-03
-1.319440917297666277e-03
1.871260297002547309e-04
-2.338914229721109907e-05
2.570000659637371030e-06
-2.269815922020223768e-07
9.107677227406986054e-09
2.379468096768855581e-09
-8.978522535058145163e-10
2.099708074102080491e-10
-4.156622678867221837e-11
7.512253171661466170e-12
-1.275186100235779303e-12
2.055758302432818754e-13
-3.153926868656537660e-14
4.660328160762075996e-15
-6.207510105895436553e-16
2.427462282138490978e-03
-4.443564346614243925e-03
3.426414311532083139e-03
-2.257104389628157657e-03
1.293052792892667802e-03
-6.565839789037781040e-04
3.011551530809799659e-04
-1.270836675759785220e-04
5.021229469244240461e-05
-1.888255185464809573e-05
6.857577749496119758e-06
-2.434190112541341348e-06
8.519821565273144541e-07
-2.956171244420167246e-07
1.019222243021584994e-07
-3.494762278943595914e-08
1.200967777828495667e-08
-4.483234024039613610e-09
1.345743690796999941e-09
1.958948320795831403e-08
-3.675085118641297764e-08
3.028083271487623740e-08
-2.179618313902232404e-08
1.356397905414108684e-08
-7.166721528710865312e-09
3.112030523111682958e-09
-1.038894205230478093e-09
2.208234484340236253e-10
-1.506276155000143344e-12
-1.818361882680757679e-11
5.162063965923847759e-12
6.117632829634200087e-13
-6.845538712256593415e-13
4.376703278565531883e-14
7.800494947863327092e-14
-1.432080661921649615e-14
-8.107504681171056961e-15
2.388788487839399305e-15
6.926916777267103642e-01
6.409275115296295382e-04
-1.151517125334550357e-06
2.532610119228546258e-09
-6.179993902910323140e-12
1.599571485592301820e-14
-4.291496679606597063e-17
1.182034110518013356e-19
-1.997570211862421265e-21
1.566039756989263935e-21
7.879929825625239248e-01
9.445515066926161996e-02
-7.735132696435675220e-03
-4.303226114365075843e-03
2.515174470058180109e-03
-7.160272998888327816e-04
7.603480104001460410e-05
4.150707984422324779e-05
-2.948947114890222926e-05
1.012025551507795244e-05
-1.634251787257814684e-06
-4.147429379106699833e-07
4.305125651855345687e-07
-1.762946055635748285e-07
3.786189282880608579e-08
3.110424616339035923e-09
-6.705823745935440300e-09
3.307153844149089815e-09
-8.649218362944083632e-10
9.064032021005518081e-01
2.916941467874039143e-02
-4.275199300599637556e-03
5.758111243388749911e-04
-6.963791950924853879e-05
7.244777144176413844e-06
-5.638896627869474942e-07
7.300714551030017203e-09
9.549529617087495170e-09
-2.812402819706302158e-09
5.890181872579081609e-10
-1.067007265062070404e-10
1.767622467793951864e-11
-2.735026624339883598e-12
3.979179985508614482e-13
-5.427040337589267131e-14
6.835276079636240484e-15
-7.677367366675902485e-16
6.797609257753623678e-17
9.690396905821965223e-01
2.326934801989217691e-02
-8.737509710297946403e-03
3.275908361003925656e-03
-1.224971630478153238e-03
4.561225285017638312e-04
-1.687815614140950179e-04
6.192332244010822009e-05
-2.247099712838579073e-05
8.046874760384803587e-06
-2.837792230171868217e-06
9.838649128801565951e-07
-3.348581552790667037e-07
1.117262036807446294e-07
-3.648292815579296349e-08
1.163258329125394826e-08
-3.625026017778828041e-09
1.174322952721228012e-09
-3.134638515259151804e-10
9.929652285477752471e-01
7.022377645240912569e-03
1.237197166938783089e-05
2.179684465283791524e-08
3.840245015792379441e-11
6.697318811869082329e-14
5.823257820391719219e-16
-2.902278665124242676e-16
1.673584859208959308e-16
-8.793958502531858287e-17
4.168255472356799252e-17
-1.753332034067073595e-17
6.372181090836677562e-18
-1.902051223219931786e-18
4.112118552558073498e-19
-3.315003674428528566e-20
-1.857210389233435974e-20
9.307350543836134615e-21
-1.714556633308733302e-21
1.137945592379789650e+00
-1.443452277870851616e-04
-2.122836949643291949e-09
4.845654676473314501e-10
-2.122730583003369974e-12
7.458755672871010874e-15
-2.434546265914374304e-17
7.609502655826593677e-20
5.923520038753904742e-22
-4.977141884693274409e-22
1.102891087556002514e+00
-3.804561893696673663e-02
-2.537042919007768268e-05
2.437213622927930732e-03
-7.327574702994265774e-04
2.649228746855436558e-05
6.199221707510985276e-05
-2.571898089479692596e-05
2.682614100007255957e-06
2.292388673458481735e-06
-1.463680804672504448e-06
3.893613843522273005e-07
1.836101987405566818e-08
-6.806052880364078431e-08
3.353696955469852868e-08
-7.873028822792895279e-09
-7.571516968300117035e-10
1.832073784706796391e-09
-7.949963713486282456e-10
1.048688870889729952e+00
-1.539763463082065818e-02
2.203019925925790105e-03
-2.730777441674918306e-04
2.719273320109647893e-05
-1.613580080665581178e-06
-1.268118734819189984e-07
6.706119430718646062e-08
-1.549564793193020448e-08
2.821744133089171977e-09
-4.474725769247002899e-10
6.336286019194265801e-11
-7.926828885060695087e-12
8.231568220777828237e-13
-5.370348100366057861e-14
-3.846453624575151222e-15
2.449155009707482344e-15
-6.653704034248622302e-16
1.325456158143087247e-16
1.015800955267721850e+00
-1.205620670605217840e-02
4.592803847657937234e-03
-1.744886507646678563e-03
6.598492934961861260e-04
-2.477228750865573866e-04
9.202468768259063948e-05
-3.369961750582492656e-05
1.211648114598205556e-05
-4.259439953503157706e-06
1.457729564676512639e-06
-4.833486772127936970e-07
1.543267264492464641e-07
-4.701120213046634223e-08
1.343732469457274302e-08
-3.473179508742916132e-09
7.219161582048318322e-10
-4.243918266853337828e-11
-3.704308801540298945e-11
1.003536033367228519e+00
-3.536033367227686252e-03
-1.514281941773271230e-15
1.277056115310547715e-15
-1.004053293179793800e-15
7.343869461604406662e-16
-4.982239703511119440e-16
3.122437920158594263e-16
-1.797753871479168351e-16
9.436453371372329810e-17
-4.466598460259041633e-17
1.875283163189999325e-17
-6.796613949660857214e-18
2.019509946005922353e-18
-4.322745278222542625e-19
3.268390071886123910e-20
2.052500890810740314e-20
-9.968063680330500860e-21
1.788457030128056165e-21
8.499999999999999778e-01
