9.122063546567941161e-01
-2.239752159831272932e-02
3.815846118286185550e-04
-7.303175038151779933e-06
1.472823942829573198e-07
-3.060451877977630477e-09
6.487554284683365973e-11
-1.395593863723132264e-12
3.039700973992033188e-14
-6.735014656056212679e-16
3.032378865490481523e-01
-3.737017709916607977e-01
1.611504655781867135e-01
-5.473402906177247951e-02
1.195934762697849901e-02
2.011524099967944290e-03
-4.708906125926576140e-03
3.821365210311602079e-03
-2.337296858524422986e-03
1.185453106315658691e-03
-4.940892219295371039e-04
1.482001011895487622e-04
-6.472846136707609373e-06
-3.430801864286794076e-05
3.434598055949672870e-05
-2.316146593419790201e-05
1.267930129075254992e-05
-6.401546862039465367e-06
2.170230089603062660e-06
2.184809754874660406e-02
-1.937430499079852500e-02
5.063522453342567467e-03
-1.017138726408726903e-03
1.787540165014230747e-04
-2.952773516103765757e-05
4.755138196517709577e-06
-7.581450035869146096e-07
1.203026959319251244e-07
-1.902825448147433739e-08
3.001449553115164329e-09
-4.721960927254359767e-10
7.407803843611696368e-11
-1.158226752379628082e-11
1.803142956113722821e-12
-2.791435941548446430e-13
4.291814065447154795e-14
-6.692052685776723350e-15
9.848750328571875884e-16
1.031202689761760239e-03
-1.902096617708415056e-03
1.499060955888416140e-03
-1.021566365603538556e-03
6.114989998644090744e-04
-3.271043294026281575e-04
1.591187634709026043e-04
-7.160175936509238011e-05
3.029623227786291462e-05
-1.223796574269135423e-05
4.783578301597797938e-06
-1.829905660912141867e-06
6.910745082555608528e-07
-2.592388188872991310e-07
9.698618845770785795e-08
-3.633351688740671730e-08
1.383400679411373199e-08
-5.871140808741179321e-09
1.925938810857381331e-09
3.815723875649374963e-09
-7.179422501290323979e-09
5.968858531172369152e-09
-4.364751482523820098e-09
2.782493558485776107e-09
-1.523130795933292186e-09
6.973984235352105856e-10
-2.540222731642836328e-10
6.519571195422203951e-11
-6.639262573941911593e-12
-2.988334521639055551e-12
1.465952782844005938e-12
-8.776144589087231587e-14
-1.329240074961827505e-13
3.461430025425956882e-14
1.030069522736305137e-14
-5.736808806269884272e-15
-7.168988016423881830e-16
8.205930164331868513e-16
6.114253589526417176e-01
6.256254496856870038e-03
-9.696153273189762640e-05
1.768046712972129222e-06
-3.424895202212699776e-08
6.824162365625692884e-10
-1.380701000125393447e-11
2.819698024343022665e-13
-5.799021539939230719e-15
1.206677373392617114e-16
8.195120711423784510e-01
1.422016395336650474e-01
-4.899334278471281084e-02
1.368422222074847962e-02
-1.877704536973923231e-03
-1.242231706221153713e-03
1.510979718770516598e-03
-1.067043313510237460e-03
6.056037493667609404e-04
-2.908001012597485999e-04
1.147052990108714493e-04
-3.102972722682229690e-05
-1.475093407943346502e-06
9.852637931046851052e-06
-8.971709970098408674e-06
5.816774808469185986e-06
-3.081735006775956085e-06
1.486069592398843748e-06
-4.852775144433976042e-07
9.455257948902623388e-01
1.794393865015462067e-02
-2.906173349242494909e-03
4.609275941307537910e-04
-7.163703941633467649e-05
1.095621953112542698e-05
-1.657722154458303616e-06
2.492499118392005195e-07
-3.734536420540014095e-08
5.582264278654802651e-09
-8.324166232061202532e-10
1.237384363099824765e-10
-1.831438703650211866e-11
2.694915743642295024e-12
-3.934840507035965988e-13
5.686479422113479381e-14
-8.108064006065868154e-15
1.156729975476634461e-15
-1.550861831111974177e-16
9.823987551802256801e-01
1.332575329746273247e-02
-5.043533156092009327e-03
1.908239602023166287e-03
-7.215613329706843486e-04
2.725792616086965725e-04
-1.028202865969303460e-04
3.870637232232398446e-05
-1.453267593036016808e-05
5.439206744058141460e-06
-2.028527352648448028e-06
7.536997535485334907e-07
-2.790018977815716432e-07
1.029281087722689505e-07
-3.786785394018969181e-08
1.392602978621957763e-08
-5.190598392156647118e-09
2.148272705844797926e-09
-6.931709818308034180e-10
9.960288295881677412e-01
3.967222634331375036e-03
3.943852978560141139e-06
3.920620950098759518e-09
3.897554381908372752e-12
3.853364215654140811e-15
1.852749822613218662e-17
-9.427167137408219920e-18
5.601244558442635110e-18
-3.055653322743287606e-18
1.518101473117398441e-18
-6.784483796272613969e-19
2.676056174661508774e-19
-9.018906105226285308e-20
2.432118667149699818e-20
-4.342054594115546316e-21
-4.271135570534886226e-24
3.583254756662122862e-22
-1.265098999816619563e-22
1.107424706186431518e+00
1.132183985763848084e-03
-4.441759218264855149e-05
1.128486678419354612e-06
-2.650827053660023085e-08
6.059455124008435623e-10
-1.368209556372665624e-11
3.070217727012645760e-13
-6.872834435240676027e-15
1.546173196291645499e-16
1.073513544266500253e+00
-3.995852641370534891e-02
3.612566016380314854e-03
3.900009365817302519e-03
-3.231578588087095655e-03
1.520093704445160980e-03
-4.209533075987260649e-04
-4.983133550558034000e-05
1.675272823028994243e-04
-1.439165456554629071e-04
8.857082362753478631e-05
-4.303549753245689447e-05
1.559388108190548180e-05
-2.484627204955547506e-06
-2.151725378638421465e-06
2.825940730581838856e-06
-2.200575820434320915e-06
1.560240974676376018e-06
-6.480896599062467531e-07
1.027909167454317485e+00
-9.298381114315456067e-03
1.492574677321267633e-03
-2.283978032164296764e-04
3.318641096015645923e-05
-4.577194708829797367e-06
5.980242555548644241e-07
-7.323038578199224681e-08
8.139852407832041870e-09
-7.453004682871201159e-10
3.330586299444755229e-11
7.879612012208122915e-12
-3.286546112993711860e-12
8.358948173004732520e-13
-1.810630580787702279e-13
3.616543121247545757e-14
-6.881896957646364681e-15
1.308058709495362558e-15
-2.273212784946135103e-16
1.008907395155041353e+00
-6.802440149163246734e-03
2.596428503545531678e-03
-9.902813435376314755e-04
3.771918787980883640e-04
-1.433611006562011459e-04
5.431322682399476726e-05
-2.048565151448312164e-05
7.682531507818467369e-06
-2.861211007241157939e-06
1.057229618813341248e-06
-3.873417218365070497e-07
1.406781806222826299e-07
-5.065680266752495852e-08
1.809619867007600765e-08
-6.425858410676659515e-09
2.295647496732366979e-09
-9.011418965703795593e-10
2.805982165414021671e-10
1.001992177547278429e+00
-1.992177547278401340e-03
-5.247347889061451920e-17
4.461585641188905985e-17
-3.549116202285502105e-17
2.636602288463812069e-17
-1.824605631462554889e-17
1.172240637199974617e-17
-6.959944582129213334e-18
3.795337176502066019e-18
-1.884621769598603757e-18
8.416720628562633170e-19
-3.316732140521391394e-19
1.116258612286723390e-19
-3.002664750875168241e-20
5.326366286143860186e-21
2.611275490073807887e-23
-4.490974394637120107e-22
1.544025259914046294e-22
8.349999999999999645e-01
