8.217631154928425885e-02
-1.042499767461309172e-05
4.852635850644876029e-10
-2.104064283695546918e-14
9.033961035312358877e-19
1.781195894082558102e-22
5.778116281676917898e-23
-1.075207265991213757e-22
2.294569508801532555e-22
-1.105519198215638269e-22
7.755085262126892864e-02
-5.894049398500198281e-03
-1.213243104647376402e-03
7.240041712924284723e-05
6.060960689978693302e-06
-5.930561787175033428e-07
-2.146202505774412388e-08
4.063394570378767093e-09
2.232624150656697118e-11
-2.470561723322461191e-11
5.190043327837685367e-13
1.342192976253006073e-13
-6.728492509024902589e-15
-6.311728451523628035e-16
5.805117349399615944e-17
2.253945988365792203e-18
-4.027177927319546563e-19
1.535209084616426561e-20
9.387892034076587839e-21
5.888958470480290530e-02
-1.186986708240586781e-02
-1.461080377079223332e-04
8.770139531999994009e-05
-4.479829819394716227e-06
-2.105957642678705758e-07
3.686289038324650431e-08
-1.188700115445227727e-09
-1.182993656299214138e-10
1.381061542829556931e-11
-2.689873843991284935e-13
-5.560026493114777906e-14
5.083909757080640611e-15
-3.857326277203390849e-17
-2.472187909494105894e-17
1.816661257342922007e-18
-2.713098761820324223e-20
3.379263097697230456e-21
1.355870659068477111e-20
1.286390075084656477e-02
-2.009203437147012369e-02
1.017356856186225553e-02
-3.395220097518929572e-03
6.287634036203706978e-04
5.014639484235067967e-05
-9.141994975245199071e-05
4.127086006046273858e-05
-1.206258400282274737e-05
2.237877133376491906e-06
-2.526245678668213226e-08
-1.906128108096663402e-07
9.923834082289022606e-08
-3.335684692398435135e-08
8.055588700924844889e-09
-1.092963991069481157e-09
-1.817151773165646262e-10
2.224730042134337016e-10
-8.562564653600662597e-11
3.253406907483254802e-05
-5.851434336101364218e-05
4.222989552361001818e-05
-2.380377452607592377e-05
9.804575382363429613e-06
-2.411966096156175290e-06
-2.336780170529074896e-08
2.467389061235228675e-07
-4.895951186583641955e-08
-2.295020557795285708e-08
8.884540019919161392e-09
2.817907758955502695e-09
-1.394752880381667933e-09
-4.957099452650664089e-10
2.050038327089718292e-10
1.077000641336259470e-10
-2.238578927495753557e-11
-1.941730115956844438e-11
-2.702943301281539935e-13
8.969307500546046530e-01
7.672801797593782058e-06
-3.297161104465551758e-10
1.408912364710529048e-14
-6.019047860219367856e-19
9.152556750580334361e-23
-2.704655903149340946e-22
1.211315091371679663e-22
2.878812479573434195e-23
-2.396782365851034816e-23
9.003567522315903959e-01
4.372018960048492178e-03
9.088925404651626528e-04
-4.933246229700081212e-05
-4.155144004310778289e-06
3.977632696334121208e-07
1.447814370734756429e-08
-2.713866084407116321e-09
-1.564465446370906193e-11
1.645059576959220757e-11
-3.374585629110069684e-13
-8.912445950024842015e-14
4.384779182905276479e-15
4.188077660099968629e-16
-3.772324967958413210e-17
-1.516067536472506749e-18
2.851322694682830449e-19
-2.261928588220611730e-21
-1.056152587084291939e-20
9.144791474337794490e-01
9.140263751259763633e-03
1.817680272436859163e-04
-6.117063681288272545e-05
2.933060169263809005e-06
1.443730419730406208e-07
-2.467926767350175195e-08
7.899540782853149998e-10
7.987396474981509988e-11
-9.246061198851162220e-12
1.732261824678297601e-13
3.765177398749192101e-14
-3.372252032938977773e-15
2.039907715594990465e-17
1.669725250214998552e-17
-1.210059000667418892e-18
-1.173668885037599184e-20
3.982814523201878292e-21
2.564825324653319457e-21
9.604263681511708839e-01
2.663593321051259746e-02
-7.995719214897114083e-03
1.934114320281271572e-03
-2.664922659544465174e-04
-5.542231005197944426e-05
5.850679912884455759e-05
-2.584899219923530612e-05
7.810769051839915647e-06
-1.539522060268703434e-06
4.389951044933739158e-08
1.231902156230686669e-07
-6.715312233874794251e-08
2.293478896740812646e-08
-5.558978013196742663e-09
7.469426817745092645e-10
1.296289727495497350e-10
-1.542033258356993270e-10
5.889037882793231434e-11
9.903355369548775267e-01
9.641046743858253110e-03
2.336687799967194549e-05
4.425163867246107335e-08
8.206444487055832991e-09
-4.597482534506360894e-09
2.226611642710346088e-09
-8.806394553123271895e-10
2.604888008985757883e-10
-4.241120152456635717e-11
-6.050692622091296359e-12
6.022711340189324777e-12
-1.235082486081739917e-12
-3.110645758020717681e-13
2.148461047435999368e-13
-6.917182551388433505e-15
-2.630142369975482661e-14
3.684100447400881568e-15
2.986322246292317821e-15
1.052680372261702191e+00
-3.844627519465921467e-06
1.589703767927702920e-10
-6.495267830503741260e-15
2.650100682511131365e-19
-6.364385152936906864e-23
-1.907051228315970896e-23
2.268736359658775333e-23
3.663030304014044913e-24
-4.142800099274353941e-24
1.050959137167582602e+00
-2.197810581066819789e-03
-4.586785435141208238e-04
2.396934224991919470e-05
2.050245852647650041e-06
-1.860022780373051073e-07
-7.113536460969163862e-09
1.221664613056633119e-09
1.009724228966341900e-11
-7.151543471025647599e-12
1.221653507494491014e-13
3.765021055899511977e-14
-1.662140324439332659e-15
-1.740026790124220282e-16
1.414407194767802691e-17
6.327106480583204098e-19
-1.033094911246885472e-19
4.475090933421857470e-21
9.298073611334942156e-22
1.043815727842440255e+00
-4.645153305782272722e-03
-1.002523932564418710e-04
3.086773496633913260e-05
-1.374931047696067777e-06
-7.763906852642023637e-08
1.174273035982819830e-08
-3.137424214935825640e-10
-4.035179274336064535e-11
4.055662034519769704e-12
-4.659085014549176102e-14
-1.766209821267384080e-14
1.347455013369464463e-15
5.015544430342537296e-18
-7.247274773310518838e-18
4.378464639195164473e-19
1.001571478897967875e-20
-2.840322359482651353e-21
-9.943163616066522170e-23
1.020185924129736854e+00
-1.373860057966118375e-02
4.138827711755718904e-03
-9.915778548155720559e-04
1.282091047888992699e-04
3.365925511867282093e-05
-3.178200891655521285e-05
1.350564823774615586e-05
-3.894192320086446499e-06
6.914299875127058639e-07
1.865056151417799835e-08
-7.409455949460825772e-08
3.560056824246991463e-08
-1.114902371603407434e-08
2.388440897910616997e-09
-1.999045833215282239e-10
-1.150115323318250063e-10
8.452737925385417902e-11
-2.881658595646502292e-11
1.004867483226580704e+00
-4.867477644213730366e-03
-9.973811280938332415e-09
7.431369545645987621e-09
-4.870922395911329269e-09
2.772336262621265723e-09
-1.340377563245422211e-09
5.287200508374079001e-10
-1.555857748427788665e-10
2.489430274696003838e-11
3.849795517036861344e-12
-3.649699390510332128e-12
7.291699125630726852e-13
1.951221691882191703e-13
-1.299289347013146974e-13
3.301555583652626319e-15
1.612154315062345559e-14
-2.160443676790725877e-15
-1.845683137713885310e-15
9.480367163134194586e-01
