2.159421460250674218e-01
-1.212576993228786393e-04
2.903435035379104034e-08
-7.080504957790510198e-12
1.793087777070480344e-15
-4.709563167076730246e-19
-2.056917633964220487e-21
2.766410830382542634e-21
-4.586759004233897475e-22
-4.228644496096991859e-22
1.746813011060693033e-01
-4.945596868308992089e-02
-6.151553450303224972e-03
2.144650340046792922e-03
-7.771650344317148208e-05
-4.988095361488878606e-05
8.346806271868069700e-06
3.527598756731354025e-07
-2.861557757840112501e-07
2.732534477963187077e-08
4.855413845985472327e-09
-1.475192566499950491e-09
5.263184240553222331e-11
3.811154072764099524e-11
-6.876714195672831301e-12
-2.388691858445925878e-13
2.496351389607919293e-13
-2.549931598436589260e-14
-4.361090650543667073e-15
7.580581629209044714e-02
-4.055482688990913465e-02
4.668679161495548936e-03
-1.300511692117800372e-04
-4.861348035596904177e-05
1.030724124499346745e-05
-1.129062305629696016e-06
5.605498685749050554e-08
6.106434029120488568e-09
-1.970017118570979916e-09
2.813965505695420964e-10
-2.389190079066576728e-11
2.861184291770951287e-13
3.145908888338031235e-13
-6.584794527745086450e-14
7.961187139234086288e-15
-5.246200698884504535e-16
-2.554706591673448639e-17
1.301900123700324656e-17
7.428518706008602548e-03
-1.322627859091263063e-02
9.419366976723761095e-03
-5.468601632931850177e-03
2.638305121341757032e-03
-1.072657471372192228e-03
3.689204063302419260e-04
-1.054267481041012126e-04
2.302198887514163869e-05
-2.278360280057322939e-06
-1.208409973327143196e-06
1.036053782053295708e-06
-5.305954348138811434e-07
2.261568781718805996e-07
-8.681086273558757626e-08
3.085683828811835389e-08
-1.027520649410719411e-08
3.402648373685320421e-09
-8.987569019471302747e-10
3.672116569680663213e-07
-6.833941888177632789e-07
5.492675481282436406e-07
-3.782981812747177311e-07
2.197882424794300583e-07
-1.046110540287661457e-07
3.842568946864294094e-08
-9.286649124855719963e-09
4.460448895465763046e-10
6.724417495959843566e-10
-2.277325969705831486e-10
-1.838442792065222709e-11
2.946916463588026310e-11
-2.306915198556798118e-12
-3.533919452054639534e-12
6.169291417465190670e-13
4.854845445428755029e-13
-8.973416731923570162e-14
-7.442203567150916770e-14
7.531607233717303451e-01
8.378179542450373224e-05
-1.849502364952022493e-08
4.358031822051227540e-12
-1.070253170286805181e-15
2.726890175250165520e-19
1.171529710605470459e-21
-1.603105021509271946e-21
1.380134126489858361e-22
3.526823682921589468e-22
7.824643009121140524e-01
3.537733060031413718e-02
4.745895187648617973e-03
-1.405101537121287297e-03
4.336518295013566129e-05
3.216334655492725556e-05
-5.123545682730223355e-06
-2.533372355318087817e-07
1.766088460915472818e-07
-1.538626745411115348e-08
-3.128465182528967914e-09
8.603430415360032040e-10
-2.065579541162307250e-11
-2.298302557951186991e-11
3.689742406037791381e-12
2.027395900351727587e-13
-1.401248362579665536e-13
1.180974325059946121e-14
2.717437562310675632e-15
8.581584721430728369e-01
3.413522669881709215e-02
-2.777712855127421453e-03
3.396323463334176773e-05
3.381899950311129897e-05
-6.612935481216526284e-06
7.077098303175050007e-07
-3.262992502422047792e-08
-4.406323994820680325e-09
1.305689103614242012e-09
-1.792406096666845700e-10
1.416648826222019763e-11
3.877124722820421767e-14
-2.258077436620178350e-13
4.293091930647919386e-14
-4.783741096189799171e-15
2.549481057715695448e-16
2.735722740903266108e-17
-9.128054193894266055e-18
9.487724795452943116e-01
3.782466057198282522e-02
-1.383452867267172433e-02
4.974529103100609750e-03
-1.738349478926942086e-03
5.806895569618475287e-04
-1.808970323802666939e-04
5.032046621690392885e-05
-1.125581441311830886e-05
1.200689744228960058e-06
6.374940736957218709e-07
-5.907849235648457914e-07
3.209025936376170255e-07
-1.430426488797663364e-07
5.659450494438343543e-08
-2.045213372818457269e-08
6.839085986000851740e-09
-2.245389053170710203e-09
5.852161043599036441e-10
9.881846568322876223e-01
1.178033919252691360e-02
3.490027324570599060e-05
1.033944293325750595e-07
3.068060781387156774e-10
5.647090365957463630e-13
2.226944032411158072e-13
-1.285173926774603983e-13
6.771424724714853910e-14
-3.173679946557937751e-14
1.294819405028999901e-14
-4.424859593699778112e-15
1.165104304584273412e-15
-1.777228383591545142e-16
-2.034146408687270149e-17
2.261517320666765247e-17
-6.095275003448771327e-18
-3.521963799859411650e-19
6.513299190477269056e-19
1.129544332702803855e+00
-4.189140369243294601e-05
8.552022357140035204e-09
-1.866328084836407233e-12
4.281884109489439580e-16
-1.028169759389916879e-19
-5.265980483524023531e-22
6.855599092524177129e-22
-1.760072079905849024e-22
-6.329090360537130062e-23
1.114602150555148885e+00
-1.812104698207838219e-02
-2.536232136610198657e-03
6.874607089032280923e-04
-1.439136260767681020e-05
-1.541691980162055993e-05
2.143186116838622024e-06
1.459332281643986598e-07
-7.415652865469932196e-08
5.185464225643675663e-09
1.379045307251116390e-09
-3.183034297642764325e-10
1.983053387780785463e-12
8.807041110100680884e-12
-1.208287476069353742e-12
-9.703813107081931048e-14
4.842102850344379251e-14
-3.307666344155650847e-15
-9.980271244805825175e-16
1.074928549424696067e+00
-1.827759160515264256e-02
1.421422877099085512e-03
-6.249379286614085199e-07
-1.971154689582659705e-05
3.411192819595681793e-06
-3.168284928779732554e-07
7.938197886061055318e-09
3.015445666925094532e-09
-6.493820697837771627e-10
7.438491637816833883e-11
-4.252655108042262066e-12
-2.945267187490653649e-13
1.167447150293616108e-13
-1.745377710367211509e-14
1.544304871725638534e-15
-3.055406317592156955e-17
-1.796053583157612927e-17
3.799986803042896063e-18
1.026462971735151442e+00
-1.999646796051367942e-02
7.462600285541272707e-03
-2.724931012754629699e-03
9.601961698803452173e-04
-3.201649621756566468e-04
9.801027627457956711e-05
-2.600842278356028269e-05
5.076841728822491861e-06
-8.064199180218028508e-08
-6.032004235466759648e-07
4.186625876204123847e-07
-2.054838153689995599e-07
8.537454377633991339e-08
-3.163586622581794132e-08
1.063913073120926526e-08
-3.244746095773049153e-09
9.156407471811926231e-10
-2.016970835322862409e-10
1.005960437068187829e+00
-5.960437067831047923e-03
-6.616919202768431120e-13
5.455066658265056792e-13
-4.150870416901234874e-13
2.905938998352093614e-13
-1.863163447507608770e-13
1.086953375137966125e-13
-5.716309500783293207e-14
2.672591393175567831e-14
-1.086571311490995610e-14
3.692900464999428500e-15
-9.622864282918571524e-16
1.418412555088478976e-16
1.938048631311937297e-17
-1.933607455737879098e-17
5.035255792303310961e-18
3.626238672514264663e-19
-5.629450805525741028e-19
8.806048128448950019e-01
