1.281548324679798734e-01
-3.052836971495579012e-05
2.819447614595664649e-09
-2.515096288345033592e-13
2.269811529961163188e-17
-1.907861170572081943e-21
-2.584250141411670347e-22
1.568053229555227755e-22
-1.107690405914687509e-22
3.781954309665802692e-23
1.155532371862459107e-01
-1.579751748205085460e-02
-2.899163295985193994e-03
3.508610568699330255e-04
1.851785089431946709e-05
-5.079327077366747988e-06
4.010682814165380094e-08
5.773079850006636591e-08
-3.520506713350366756e-09
-5.021538246013313570e-10
6.967463834376873285e-11
2.306799368730493466e-12
-9.825106622539143732e-13
2.596383228689182500e-14
1.079023962936196462e-14
-9.306545948647310693e-16
-8.362920300667952751e-17
1.627215647850841142e-17
1.552467107020701415e-19
7.287501103399499081e-02
-2.372237796429174303e-02
8.162933314931989379e-04
1.669383813220131837e-04
-2.486140230939676919e-05
1.062114287365456825e-06
1.074164502249372142e-07
-2.077374004094608662e-08
1.310318069612264842e-09
3.985963755386855993e-11
-1.615083863712391746e-11
1.456058339625649810e-12
-1.817160661925213233e-14
-1.125882829380252126e-14
1.458702196299613451e-15
-6.371503110567339619e-17
-6.211906231937854452e-18
1.326571739737535781e-18
-1.070720022170471469e-19
1.137092651298971489e-02
-1.918231736563366652e-02
1.179724117382003994e-02
-5.439912009168120996e-03
1.884654401690038150e-03
-4.554881760894269349e-04
4.277221045554206860e-05
2.739417524642247167e-05
-2.064763626293141091e-05
9.032390421902551718e-06
-3.070132208058389362e-06
8.464731067422611387e-07
-1.755970551851075842e-07
1.467276453463643069e-08
9.914298024869667530e-09
-7.511540422144270632e-09
3.474329407392217987e-09
-1.394863598087974485e-09
4.048492673033478359e-10
5.445116457871511831e-06
-9.971248089851088314e-06
7.620121105067023079e-06
-4.788292827042283768e-06
2.395491220069027782e-06
-8.879950467139597697e-07
1.962081151362527928e-07
6.020457777508004405e-09
-2.040657971763974109e-08
4.171445287120856855e-09
1.583029574992282127e-09
-7.455243772750551970e-10
-1.376818948822154245e-10
1.144328432904096510e-10
1.789432846062554701e-11
-1.781723154445574368e-11
-3.943814501633196738e-12
2.394195422922246521e-12
9.584925634560014249e-13
8.446373514450586928e-01
2.196495363280352438e-05
-1.875877136033108152e-09
1.640916082339670809e-13
-1.462449037272818936e-17
1.134726321302162538e-21
2.937379716162601613e-22
-5.620434394504632617e-23
-2.607525951823269786e-23
1.210894138104840299e-23
8.538125091333823580e-01
1.153494737503944594e-02
2.162644740256686703e-03
-2.351618260270326702e-04
-1.273121430671609625e-05
3.339218913044798342e-06
-2.294497521598507015e-08
-3.770939293371347125e-08
2.237566640042009693e-09
3.284121517103343855e-10
-4.420527794968748533e-11
-1.576325787702155592e-12
6.209181964249512568e-13
-1.456461748311807849e-14
-6.823926297298397828e-15
5.548568258775493687e-16
5.404389392962017742e-17
-9.753787993714409597e-18
-1.474219008265345013e-19
8.860924237530348746e-01
1.860057403010968724e-02
-3.643048071189937376e-04
-1.210721466882350270e-04
1.629041175983479746e-05
-6.686644618732688293e-07
-7.235294119885944421e-08
1.368630066706578323e-08
-8.462266781365876720e-10
-2.877063543830607465e-11
1.073270378605813237e-11
-9.366601454913852820e-13
7.940006846114906576e-15
7.632014336976947698e-15
-9.380341514402778076e-16
3.655042980063377191e-17
4.490452236531358600e-18
-8.599891414584081253e-19
6.384973656603425983e-20
9.536157062218396652e-01
3.322729599481163976e-02
-1.138275688863378023e-02
3.605530212679293467e-03
-9.957259917605090424e-04
2.076460371021478213e-04
-1.182135687565177953e-05
-1.761080433644089216e-05
1.239427879141897543e-05
-5.578938033633713912e-06
1.980611672786167835e-06
-5.695945558133912998e-07
1.229588451717756642e-07
-1.135362736940861330e-08
-6.523302758027476465e-09
5.117691624066698356e-09
-2.374484251260931341e-09
9.469481204860058566e-10
-2.726043088299031739e-10
9.890985884021392671e-01
1.087162004520377673e-02
2.971027431560061842e-05
8.095508016854875517e-08
3.899242058439872167e-10
-1.066445535974132362e-10
6.084669998774526432e-11
-3.021457612847475560e-11
1.280293925257716273e-11
-4.413731446116060316e-12
1.105209582635658645e-12
-1.204355893404521416e-13
-4.670445253153011623e-14
2.728975868389380379e-14
-4.235950188138571168e-15
-1.565199184036815055e-15
8.782662489670048432e-16
-3.120766413841659802e-18
-9.748490764805082607e-17
1.080217545808429325e+00
-1.099987777993303675e-05
8.888380546810781613e-10
-7.318505016011862875e-14
6.146226317227409257e-18
-4.634686625324349193e-22
-1.335426978021992508e-22
1.805600143362279838e-23
-5.578477693092345916e-24
9.868776820221756184e-24
1.075591058698118108e+00
-5.825349930908655348e-03
-1.104280023444270198e-03
1.136472657569213162e-04
6.535723625961570009e-06
-1.544369852977816843e-06
2.930563356595395671e-09
1.683768004807237110e-08
-8.677712019357489025e-10
-1.448077852454125158e-10
1.719394803545314716e-11
7.653952211298343840e-13
-2.379328870088237749e-13
3.624261496201840608e-15
2.594845448556386497e-15
-1.813932211149585865e-16
-2.108997504466826204e-17
3.259747245727230550e-18
7.773140464199930327e-20
1.059081297396097909e+00
-9.612593423873163137e-03
1.590093860642236348e-04
6.456616626357284706e-05
-8.026273302484331380e-06
2.688053927798332672e-07
4.045430770221217870e-08
-6.421146234781871417e-09
3.255190401736173450e-10
2.011888053023981749e-11
-4.898977209315830633e-12
3.524120873745803585e-13
4.150647010321837356e-15
-3.512106472613734843e-15
3.489424770363931057e-16
-7.603837901156301223e-18
-2.242983454787243692e-18
3.197819647871588952e-19
-1.757393950875024712e-20
1.023814306218563397e+00
-1.735077219947748356e-02
6.009776326787921903e-03
-1.907646130078322717e-03
5.200328236630003508e-04
-1.027490291363413990e-04
1.956219534144680355e-06
1.117327298973254753e-05
-7.131449796672678658e-06
3.045886547385656153e-06
-1.023029534107554735e-06
2.710085508314196126e-07
-4.870597772048803361e-08
-4.379252484541360668e-10
5.425391194243810164e-09
-3.134549244055691382e-09
1.274008228556523098e-09
-4.484261456868526403e-10
1.167522641634752899e-10
1.005495597371961258e+00
-5.495597260181377813e-03
-2.037210249042548642e-10
1.602354802212460846e-10
-1.138479439551039341e-10
7.259577770562335693e-11
-4.113303271215187816e-11
2.038974392384079700e-11
-8.617091225614225518e-12
2.957788569203757279e-12
-7.338817898056815643e-13
7.642298169124462263e-14
3.275986093769139584e-14
-1.846699284192338904e-14
2.744963985634073389e-15
1.102576995696105072e-15
-5.946668549995554095e-16
-2.682580983805027962e-18
6.735428317644645665e-17
9.227330236549052822e-01
