2.427876382620463291e-01
-1.692130130868426524e-04
5.168345791966895110e-08
-1.629639864090004869e-11
5.368766831320396613e-15
-1.834935559859928904e-18
1.749938539578024358e-21
2.683075669739570388e-22
-2.247613878696285050e-21
1.195420381152378278e-21
1.892219193336444338e-01
-6.311358690848992148e-02
-6.477426958948833205e-03
3.107159750856501070e-03
-2.222421549717290437e-04
-7.166048651047735962e-05
1.844550716612884366e-05
-3.851576367310513629e-07
-5.912710651410459397e-07
1.092863045283506654e-07
3.748177454046388255e-09
-4.667851817358428913e-09
6.372163570529794528e-10
6.988513926977285508e-11
-3.617614294514494363e-11
3.451138628677286937e-12
8.140921992011846297e-13
-2.643032413589645139e-13
1.383603191589938009e-14
7.325523927863231144e-02
-4.307863615250236838e-02
5.844112629222134730e-03
-3.312656592302846937e-04
-3.397004981097495363e-05
1.164856443669391640e-05
-1.730680427149021945e-06
1.607800678309376463e-07
-4.994833262070470971e-09
-1.571748152783566268e-09
4.084349051347348355e-10
-5.955690008709586901e-11
5.726878940140602976e-12
-2.078170664341421929e-13
-5.360157805061058932e-14
1.512158834171768226e-14
-2.336156955859968272e-15
2.407235289260387981e-16
-1.174551142085992803e-17
6.416249426069541364e-03
-1.152027519101364410e-02
8.400282155215215915e-03
-5.059316361328215945e-03
2.563855795992392092e-03
-1.110769418860393584e-03
4.157573202925063274e-04
-1.345532004152024839e-04
3.690127158531991160e-05
-7.879939661380420620e-06
7.859961523612406938e-07
4.012684935078980334e-07
-3.527528345354190971e-07
1.856716187726845117e-07
-8.198893191984397385e-08
3.292917192760892985e-08
-1.250922565549378258e-08
4.944953400852924767e-09
-1.513193190468661476e-09
1.855183687841639042e-07
-3.462801000821714007e-07
2.808800406367057700e-07
-1.966373584467400168e-07
1.172076607699491611e-07
-5.803012657491440606e-08
2.274617449428650969e-08
-6.291654339844528282e-09
7.371887666563419031e-10
2.812774092954013257e-10
-1.508806236836500981e-10
8.990343798534243237e-12
1.470345851213604294e-11
-3.602625838800858632e-12
-1.339060174518966657e-12
6.140729317244747207e-13
1.432108249717759445e-13
-8.016128934328867348e-14
-2.003246782491250023e-14
7.270386334532005224e-01
1.155240720291860287e-04
-3.244826228581580764e-08
9.828897972373925612e-12
-3.119793747624441498e-15
1.024672193399984720e-18
-9.787455700162010706e-22
4.844358628904130189e-22
9.905623412736352241e-22
-7.645531041209962877e-22
7.648615473170237156e-01
4.496989776417747303e-02
5.161996819074180301e-03
-2.028204167980037029e-03
1.297531253029750840e-04
4.650114331185951851e-05
-1.126102447316090195e-05
1.397979071693193970e-07
3.671206304003459702e-07
-6.244557001490133849e-08
-3.163960491193709111e-09
2.754620531082324710e-09
-3.289919783120135714e-10
-4.779424396928543767e-11
2.000010168084110695e-11
-1.501070990693662303e-12
-5.031166786243618088e-13
1.344134953893052931e-13
-3.457256237092857037e-15
8.541841162068538607e-01
3.737714709405798308e-02
-3.562182108954757651e-03
1.490497837916279300e-04
2.617649158428297590e-05
-7.568538020826338132e-06
1.093091842095606952e-06
-9.845303041778619435e-08
2.325862590581350629e-09
1.127118767275794837e-09
-2.708931952213526502e-10
3.762401425202826360e-11
-3.336406175074928640e-12
6.646422280558244536e-14
4.277878201079260183e-14
-1.023400800744145625e-14
1.445320576946765023e-15
-1.302577224370538907e-16
3.168603469456909723e-18
9.483544330097288810e-01
3.823731829288618683e-02
-1.407040943590891907e-02
5.120214512691800141e-03
-1.828327089661388157e-03
6.336195235449710271e-04
-2.098742027586224224e-04
6.494494650213680602e-05
-1.803434001683913411e-05
4.078822034616862661e-06
-4.768992252603031607e-07
-2.014628156428292908e-07
2.013118648269142002e-07
-1.129842646364230547e-07
5.206835140544408883e-08
-2.147543639782306796e-08
8.266902083114870421e-09
-3.273022503683917830e-09
9.974442986270925064e-10
9.881083524763818460e-01
1.185618929165196955e-02
3.535250353337879390e-05
1.054131101212802893e-07
3.144296605044534124e-10
8.582255316148922839e-13
5.458785733503816745e-14
-3.107782332919265844e-14
1.695143000028476086e-14
-8.306129779967005870e-15
3.596383894281866357e-15
-1.338318579530680301e-15
4.058898792831661842e-16
-8.766554700909902316e-17
6.098126852094827833e-18
4.679098981994709477e-18
-2.219213344627526570e-18
2.645970779009266485e-19
1.037967574037668546e-19
1.143885840967242773e+00
-5.775928841746493983e-05
1.493648311502941746e-08
-4.183306902891697912e-12
1.241497218254396427e-15
-3.861419205345174493e-19
6.280261149494766199e-22
-3.776604625979219677e-22
-2.117790234149464201e-22
2.559668816171386247e-22
1.124512159835739711e+00
-2.316473976569705454e-02
-2.823567174802239874e-03
1.001320582014238875e-03
-5.152490871015336538e-05
-2.298947211424153328e-05
4.828445517830338833e-06
2.807637609463462715e-08
-1.599711650264453876e-07
2.316173270415113150e-08
1.817669087526699021e-09
-1.071550881655664322e-09
1.056459313693880121e-10
2.075748215193492424e-11
-7.082416987870506136e-12
4.030777107050528334e-13
1.905449907494117628e-13
-4.410008371897465144e-14
3.594319179853316884e-16
1.077343585986507479e+00
-2.021276602255167934e-02
1.862176885641563017e-03
-5.870933912294226220e-05
-1.714249525140060891e-05
4.148858649442576857e-06
-5.299012373685272411e-07
3.872640394579807903e-08
5.686187797515536052e-10
-7.066061226865481992e-10
1.312596394263902793e-10
-1.519738428266601230e-11
9.890280850526385173e-13
4.199079229394483512e-14
-2.459214199094223767e-14
4.389239745307620601e-15
-5.067582225799067773e-16
3.221616968319105270e-17
1.485674603567563620e-18
1.026700178450254075e+00
-2.024917152241124951e-02
7.614563289462596661e-03
-2.820780107291461468e-03
1.019435666352618008e-03
-3.546285312566030607e-04
1.165259200744170722e-04
-3.511759475374803065e-05
9.161827922795031434e-06
-1.742062427317942697e-06
3.653168705977807753e-09
2.240456582493676082e-07
-1.538824269029379535e-07
7.639407677979965422e-08
-3.252790516362324502e-08
1.252598854624560880e-08
-4.486299583495876507e-09
1.623018117281010121e-09
-4.618777681046414135e-10
1.005999276109988072e+00
-5.999276109903439215e-03
-1.575790456698847369e-13
1.310146259948522111e-13
-1.009175930407989884e-13
7.181884448435004102e-14
-4.703555801316217477e-14
2.819314940122079253e-14
-1.534726860524256611e-14
7.502872113687334655e-15
-3.238341571407955190e-15
1.199481585771609137e-15
-3.609500106797150730e-16
7.659467115989797162e-17
-4.628200960286906280e-18
-4.415000851349709860e-18
2.004855018145543046e-18
-2.195680444213769458e-19
-1.009384818740597586e-19
8.691586648907461132e-01
