1.163806514257671454e-01
-2.402516243860303269e-05
1.896714598715798353e-09
-1.434005406397114192e-13
1.091725821398421991e-17
-1.373839790139986739e-21
2.463680183896441572e-22
-4.805669432051913549e-23
-3.099611185440091473e-22
2.777760462054917616e-22
1.062587518407670240e-01
-1.274808528581947674e-02
-2.419992480996030915e-03
2.487025929191849461e-04
1.534360334404993449e-05
-3.193164381453597628e-06
-1.668429735423739187e-08
3.296519967890243109e-08
-1.312350062397174358e-09
-2.770586221880812938e-10
2.629293916927609269e-11
1.653487505450224016e-12
-3.527098684414438031e-13
-7.671063425201155812e-16
3.778128259271599010e-15
-1.721928236877926259e-16
-3.230997410426671509e-17
3.345002654085015754e-18
1.874552916425903881e-19
7.036348008713719238e-02
-2.069728472652182169e-02
4.650683112082276585e-04
1.556877808294800417e-04
-1.829748480510844688e-05
4.250542137504305807e-07
1.052323442646823668e-07
-1.339071895395306588e-08
4.674803781674075744e-10
6.043575823219231921e-11
-9.749661160768998294e-12
4.907263402899859733e-13
2.961287241155513345e-14
-7.030097244805706804e-15
4.757056902428785188e-16
9.319631426357905599e-18
-4.950906470004994933e-18
4.258586453566216785e-19
1.543936398194869959e-20
1.186564552701496224e-02
-1.974311077584156929e-02
1.171271990298209179e-02
-5.097806846225927738e-03
1.609674517329229976e-03
-3.177973469653854388e-04
-6.116627970457632890e-06
3.909641858741729116e-05
-2.146629683505559357e-05
8.041040910139702973e-06
-2.346568302165115636e-06
5.139932819532457461e-07
-5.443646033409199552e-08
-2.143656689584167826e-08
1.805969029850643587e-08
-8.289289780154921700e-09
2.957873956844363973e-09
-9.017941627989995579e-10
2.031405615171455285e-10
8.355363124127941930e-06
-1.524633827603288984e-05
1.152164776261363914e-05
-7.090583888779779726e-06
3.423144251981169509e-06
-1.187850374913486989e-06
2.185936596519361784e-07
3.072179221452588582e-08
-2.993223939579298571e-08
3.175136953672573267e-09
3.040885040355662912e-09
-7.843678408667334379e-10
-3.557781474182552250e-10
1.298919677750543349e-10
5.426367310426997026e-11
-1.956174656409383604e-11
-1.085580251930179963e-11
2.368739943343437528e-12
2.205695254908138634e-12
8.577096934172030451e-01
1.738445593185584937e-05
-1.268869230821244626e-09
9.420924095871877102e-14
-7.097497593650936472e-18
7.898657185942926669e-22
1.428548359057627069e-22
-2.403547111649854862e-22
7.806799054520605026e-24
5.967189190458374666e-23
8.651097114768381280e-01
9.342832337324091102e-03
1.805419363165649193e-03
-1.673590513773785696e-04
-1.050644817234659291e-05
2.109338434869490488e-06
1.255830828922806995e-08
-2.163785258726050959e-08
8.377397901025221500e-10
1.815078301630279700e-10
-1.679934834715878299e-11
-1.095524490061640958e-12
2.243565035329359947e-13
9.893360901786353166e-16
-2.395376545688878422e-15
1.018817567367420142e-16
2.054111008593848907e-17
-2.016830382987055204e-18
-1.167144451157961682e-19
8.922486244321216065e-01
1.613300028514218568e-02
-1.566071410074391912e-04
-1.110124989480751443e-04
1.198791438788732611e-05
-2.608831144150494901e-07
-7.028429504578057634e-08
8.828663536297376255e-09
-2.989169243896350475e-10
-4.098065581626035538e-11
6.432878266211577338e-12
-3.101357439359811361e-13
-2.099560860480345043e-14
4.639194790060640014e-15
-2.978200322903059012e-16
-7.886139080548837706e-18
3.275183989186047635e-18
-2.666174949673645176e-19
-6.065271585992998935e-21
9.549417429664479595e-01
3.195022157562426440e-02
-1.071115224386491420e-02
3.252614445325872124e-03
-8.246444174153053650e-04
1.352480248233761868e-04
1.354077855642509508e-05
-2.419556922358975337e-05
1.308095198642776508e-05
-5.077050724232118827e-06
1.550188813463617100e-06
-3.561418118544973884e-07
4.153960222623954776e-08
1.353507676843832296e-08
-1.220152967685300953e-08
5.662826782685558185e-09
-2.017636014453217283e-09
6.087729527560756046e-10
-1.351114990658924113e-10
9.893429155053932167e-01
1.062861484989399002e-02
2.839394220405705481e-05
7.524284792144720873e-08
6.270578036051475088e-10
-2.645830931839401279e-10
1.460804037407291051e-10
-6.969026118864728480e-11
2.787893923503941265e-11
-8.765541734309888728e-12
1.805433174682080651e-12
-1.993948785299403370e-14
-1.505487899934611160e-13
5.226349793220698286e-14
-8.034596888504772144e-16
-5.324106723241676617e-15
1.437314515298507782e-15
3.170386602366342755e-16
-2.349454805059873920e-16
1.073286522013214173e+00
-8.707795347644562469e-06
6.037552588783081102e-10
-4.234255184826405063e-14
3.013705078855129138e-18
-3.347151681678723232e-22
7.118451406383909707e-24
1.424974262534333008e-23
-2.923694257156497799e-23
2.785949605586860916e-23
1.069559097201895348e+00
-4.711920055440859019e-03
-9.185350847548509785e-04
8.092704650146700354e-05
5.302740195122910702e-06
-9.765384199206392803e-07
-9.705655172426503674e-09
9.646047402740993032e-09
-3.163483937467306754e-10
-7.900400358626600633e-11
6.500174313135149729e-12
4.853055424829987431e-13
-8.556753961680451352e-14
-9.795290432874742241e-16
8.999753849665853560e-16
-3.109271550462994054e-17
-7.703131317451691154e-18
6.610036599779936889e-19
4.641899021891206390e-20
1.055720899723573192e+00
-8.299140493263770096e-03
5.781574157314145045e-05
5.808897470933843909e-05
-5.826539478826292802e-06
8.619025662904382531e-08
3.652639771521823898e-08
-4.010411407553096644e-09
9.546897843383779971e-11
2.148000136941802502e-11
-2.761821674746098564e-12
9.938179753833946975e-14
1.173427006575910000e-14
-1.913792382709604926e-15
9.562278916984361113e-17
5.647252753874647820e-18
-1.319128958316530327e-18
8.436297790869035643e-20
3.583871611309024744e-21
1.023101053483319811e+00
-1.663873794312585933e-02
5.629997739484929320e-03
-1.708939679648513498e-03
4.253501691976940076e-04
-6.384722423262701428e-05
-1.100201506815992310e-05
1.417347158703875035e-05
-7.221726831781564349e-06
2.669996380397830891e-06
-7.639383187668728031e-07
1.542361950838040350e-07
-7.855733254750158622e-09
-1.154885546580449242e-08
7.387822336497389220e-09
-3.026748578796156490e-09
9.705280713968369903e-10
-2.502507511498374760e-10
4.455253103491142065e-11
1.005371437052013928e+00
-5.371436769624708847e-03
-5.126542923373539848e-10
3.989994529632381609e-10
-2.791208564798813275e-10
1.741907245145631574e-10
-9.584970503514434662e-11
4.564031107243174924e-11
-1.820449468237161388e-11
5.693994342150705192e-12
-1.157268074066792922e-12
3.925596828563001812e-15
1.003747487188921957e-13
-3.400105023157519955e-14
2.415611448649694123e-16
3.556193366047007051e-15
-9.282892490302160945e-16
-2.186225571476633858e-16
1.552541514470381028e-16
9.289829329318115558e-01
