1.898882821093308693e-01
-8.505497049134631902e-05
1.580949455621553849e-08
-2.950882427476957033e-12
5.682093194668252254e-16
-1.135267361777778317e-19
1.948466419488164466e-21
-6.706880107227100153e-22
-2.817201132894717669e-22
1.704890042279469704e-22
1.590168249088141639e-01
-3.756812662488317328e-02
-5.410000473899372747e-03
1.396968054327615925e-03
-7.857760171436004292e-06
-3.040634117743909375e-05
3.189603071966980591e-06
3.663215560288545945e-07
-1.113662899724513247e-07
3.148066213461361405e-09
2.300364685892993366e-09
-3.226036192175029072e-10
-2.069611599193251777e-11
1.013928714187744714e-11
-6.040591354519895191e-13
-1.849419888381781798e-13
3.565396102431710269e-14
7.887272153484426306e-16
-9.917598009405349977e-16
7.714948975704144507e-02
-3.690041215609477648e-02
3.438557209623680465e-03
2.793894156694694776e-05
-5.153122021342554349e-05
7.618617465922948626e-06
-5.404476784309719449e-07
-1.120124224427886731e-08
8.898283895012965319e-09
-1.335999381186356773e-09
1.062484548513393860e-10
1.002324749107425045e-14
-1.457926044797461644e-12
2.520879088166884214e-13
-2.353765597808151147e-14
5.765415193683781234e-16
2.312123041805468157e-16
-4.922929719505255832e-17
5.384365383200589844e-18
8.530891169764208415e-03
-1.502930945831729669e-02
1.039301426883689448e-02
-5.763540361528253671e-03
2.612434719039338337e-03
-9.766445122635547451e-04
2.974324751840045928e-04
-6.854762298640105242e-05
7.668136546100747493e-06
3.151326328242699090e-06
-2.854359525458389424e-06
1.445236530687595620e-06
-5.960418116651291680e-07
2.176697499025515951e-07
-7.221408364649874135e-08
2.171765886284294939e-08
-5.708353177249871109e-09
1.157816135949155722e-09
-1.248247724019880935e-10
7.545299295410789040e-07
-1.399274309905587881e-06
1.112423870140836076e-06
-7.512919306997314421e-07
4.231317520330799788e-07
-1.917631946782970063e-07
6.470296682197256712e-08
-1.273179161859207461e-08
-8.177681281191764756e-10
1.416561379420860932e-09
-2.770828433356510299e-10
-9.768817144658877519e-11
4.947594096169721704e-11
5.792604235079929433e-12
-7.201123820993945818e-12
-3.499904731423575517e-13
1.109610145724811153e-12
3.100390615017267775e-14
-1.719162332581890538e-13
7.792902420672197517e-01
5.946262704480814054e-05
-1.020755503977674156e-08
1.850276907698644173e-12
-3.475530886810741001e-16
6.734145074891814508e-20
-5.128914452076367558e-22
3.739472576282738176e-22
1.877344876357258942e-22
-2.336301621645306811e-22
8.013556924588549624e-01
2.700376837362870180e-02
4.097307585220766497e-03
-9.200316773460239699e-04
1.724687174127987565e-06
1.963219894034332936e-05
-1.970857754682662722e-06
-2.405356675570126914e-07
6.900444219684348444e-08
-1.574576668672466116e-09
-1.437356784533995535e-09
1.874335704239374555e-10
1.423988608654352393e-11
-5.985660806224958424e-12
2.969845201140112841e-13
1.130340180715257861e-13
-1.944541861954519309e-14
-7.156519432911818803e-16
5.575069361994208228e-16
8.637154489964823378e-01
3.026850774010420714e-02
-1.985146330822533563e-03
-5.443816459222276149e-05
3.453537839546721598e-05
-4.860826643375260466e-06
3.350898811633457610e-07
9.120614710342249798e-09
-5.918426043089680828e-09
8.613437945167971671e-10
-6.491914261900396715e-11
-6.934721557538403728e-13
1.003877823383906901e-12
-1.621441143875526536e-13
1.396519402928991958e-14
-1.510233432155036216e-16
-1.694797934375714733e-16
3.170231305576146761e-17
-3.119611663246534948e-18
9.495391399779946617e-01
3.709879075946913296e-02
-1.344065304443540013e-02
4.743863780763010740e-03
-1.603187987227676619e-03
5.054321202001505007e-04
-1.421284594434010405e-04
3.208038474948749625e-05
-3.481836408138719216e-06
-1.770952725881462505e-06
1.636181529129302880e-06
-8.714019776665575488e-07
3.762335347013524219e-07
-1.421611991738070105e-07
4.814352355503801334e-08
-1.458411512091216687e-08
3.806730452147094398e-09
-7.428133160428551610e-10
6.813303902559146049e-11
9.883305159255107997e-01
1.163534025209885490e-02
3.404392250890553431e-05
9.960621736116323348e-08
2.937799312729429623e-10
-7.494031818436365228e-13
1.004672208210739817e-12
-5.663926431727364638e-13
2.859232993069334094e-13
-1.266540190647237630e-13
4.778132160204955653e-14
-1.447748085614462945e-14
3.011928038594337798e-15
-1.254310709200510904e-16
-2.013864466801848864e-16
8.282489879399960529e-17
-8.779122871114818400e-18
-5.628367482047597820e-18
2.460125038778876606e-18
1.115311255335264651e+00
-2.974179148835863040e-05
4.747466955376259776e-09
-7.994472347490642706e-13
1.403857469579223230e-16
-2.572651977870536971e-20
2.074821752138796530e-23
-4.800677448714636852e-23
-3.766311245562776852e-23
5.191641557719823780e-23
1.104103870648798891e+00
-1.376385509808534385e-02
-2.151491312177329293e-03
4.471891073744553189e-04
2.586022148725266642e-06
-9.229491689620096013e-06
8.018173603570393905e-07
1.165102186293391923e-07
-2.824165796552237013e-08
2.641278137631253430e-10
5.910902467423571417e-10
-6.558446484658638575e-11
-6.562904954843213840e-12
2.167231589553204808e-12
-7.534097502185333274e-14
-4.230420324027238500e-14
6.248943384475527714e-15
3.452887357026989701e-16
-1.857042898991047709e-16
1.071659486928141947e+00
-1.604141628111008938e-02
9.915500937246726678e-04
4.119429868306636336e-05
-1.880268386683387610e-05
2.376004691608914586e-06
-1.320803556765633773e-07
-9.047456360588283014e-09
3.071044712315527379e-09
-3.742720616733792097e-10
2.118440994008822367e-11
1.355424387230029536e-12
-4.962179373328929574e-13
6.429067099991228706e-14
-4.164915086212517016e-15
-1.554653045260093725e-16
8.177890440793967071e-17
-1.173848919193041633e-17
8.912317768511932070e-19
1.026036483290553525e+00
-1.956518325360951868e-02
7.218090645678123737e-03
-2.579252491076251905e-03
8.749957082676069380e-04
-2.733662725363150063e-04
7.442483696536935668e-05
-1.524058673807404020e-05
6.704935358736069408e-07
1.509416866496784916e-06
-1.091105728175728045e-06
5.329085345137740294e-07
-2.158444897137726524e-07
7.646244066186279143e-08
-2.396115270594439715e-08
6.507227314028923264e-09
-1.385626144460329163e-09
9.683740256211175947e-11
6.127105605298058316e-11
1.005886207769542295e+00
-5.886207767906166677e-03
-3.023103374156611658e-12
2.467171015891892529e-12
-1.849992394054777933e-12
1.269785157314130917e-12
-7.934203591400170633e-13
4.477749297596252499e-13
-2.256039646031397091e-13
9.966499201138321121e-14
-3.744742654644081599e-14
1.126741899539146332e-14
-2.305138153140201014e-15
7.512917338983884930e-17
1.635802856974905096e-16
-6.503646642749559002e-17
6.328102483314460746e-18
4.604698131000425211e-18
-1.938652109100622091e-18
8.923300411248313857e-01
