5.368270889183898165e-01
-1.399839620699238046e-03
9.965649382830625197e-07
2.798709944591801887e-10
-2.093077199258845164e-12
3.240914999977380920e-15
-1.835810306042269421e-18
-5.496129340010959400e-22
-7.860541599817743929e-21
4.802393382795207534e-21
2.871781101567997818e-01
-2.477313218983710763e-01
2.682085778335882575e-02
1.740721492036646084e-02
-8.767246054563998525e-03
1.019943321415416569e-03
6.225276358405636840e-04
-2.984909409816479580e-04
1.375550849980676529e-05
3.341109683511618139e-05
-1.202568574004425605e-05
-7.689506669359476309e-07
1.930971623272201128e-06
-5.344216662769740021e-07
-9.319960862934821435e-08
1.078647192016379730e-07
-2.425891284188682914e-08
-8.320076085358850709e-09
5.954687350071241574e-09
3.290740840008814228e-02
-3.203875931693377088e-02
9.068953313348773401e-03
-1.893617678899204649e-03
3.245942067018603157e-04
-4.766147120183429544e-05
5.873002167103647458e-06
-5.128521781984762863e-07
-5.232363398136520238e-09
1.675117093993376746e-08
-5.277569387350465614e-09
1.213964125043722167e-09
-2.361249725582757328e-10
4.014813777316775631e-11
-5.895869494203549339e-12
6.926417569992073986e-13
-4.362808236178119497e-14
-8.557382156287846030e-15
3.875472816361510150e-15
1.191328325503006888e-03
-2.225200104647827824e-03
1.817242026514040258e-03
-1.306894669729658518e-03
8.359580899438221737e-04
-4.811461086210724815e-04
2.522616510811360427e-04
-1.219874647914936868e-04
5.508312473989660852e-05
-2.350474695057134901e-05
9.586297119878198092e-06
-3.775843757910785448e-06
1.449333834341949484e-06
-5.461345790382987216e-07
2.031498688296542534e-07
-7.496902502003415482e-08
2.782850507087072552e-08
-1.136282958678031959e-08
3.625024571861109486e-09
2.709442337746792049e-10
-5.141572686495613196e-10
4.387672867660755636e-10
-3.357440729640317968e-10
2.290950249087716266e-10
-1.381551484568341276e-10
7.259034592358046441e-11
-3.245761298904789159e-11
1.182855493846283111e-11
-3.187308455610159433e-12
4.391836277799771068e-13
9.088637241868484709e-14
-6.715851256775833094e-14
1.113933331836034048e-14
3.775386451040987012e-15
-2.034613247883391872e-15
-7.009427648699296390e-18
2.129192353807368196e-16
-3.230044449691611948e-17
6.224803351498618964e-01
7.845188198002802857e-04
-9.002505411530594177e-07
8.248102775602126625e-10
-4.729313360236830908e-13
-5.740175763139714422e-18
1.662678048148662659e-19
-3.255820776448120620e-21
3.593675745446756758e-21
-2.852258980775042022e-21
7.506706748701562626e-01
1.270641979462457938e-01
-1.204948448839577788e-02
-7.063563937955230111e-03
4.069176197790511269e-03
-8.506566096722983049e-04
-1.154315405044388000e-04
1.351774813509969272e-04
-3.490520048342072988e-05
-3.284111209899004277e-06
5.046038018846097932e-06
-1.213434396224006696e-06
-2.319365342802837296e-07
2.220541992092949773e-07
-3.782034366270286547e-08
-1.808857129027329704e-08
1.082876496285102761e-08
-2.258314798499811397e-10
-1.330851227502740190e-09
9.000644510436311974e-01
3.222725028410908243e-02
-5.099613669002031092e-03
7.807428711479848715e-04
-1.137198281491380515e-04
1.540631451032341889e-05
-1.861131864336694354e-06
1.783045822344549346e-07
-6.335330638377112002e-09
-2.905718487069650917e-09
1.123221500825058933e-09
-2.836618266500486603e-10
6.038211348933272838e-11
-1.150740423827480696e-11
1.993250694968414838e-12
-3.110676092553073991e-13
4.198458276230637354e-14
-4.188716779861545978e-15
1.087278047249864553e-16
9.672644902952911572e-01
2.459609280843301146e-02
-9.239650346875839110e-03
3.470470444552117579e-03
-1.303202468775505008e-03
4.891458155851461514e-04
-1.834560128177105431e-04
6.872234054389887682e-05
-2.569663979248008905e-05
9.583925371364322921e-06
-3.562228833692202363e-06
1.318249126857487711e-06
-4.852217959455727366e-07
1.774708509646747592e-07
-6.444709982563911494e-08
2.324569926809521060e-08
-8.415574919824175029e-09
3.333992471192513640e-09
-1.041499410814997927e-09
9.925581050906510105e-01
7.428023639653244178e-03
1.384541443638086571e-05
2.580706661881688205e-08
4.810290737386093631e-11
8.966104886178515790e-14
1.671525164589273258e-16
2.912462972470930770e-19
1.373898229134977459e-20
-7.952185223716296762e-21
4.465601079866793530e-21
-2.375675508864929590e-21
1.142858621357034861e-21
-4.654791251182383096e-22
1.812762124771518587e-22
-8.408179782104554401e-23
3.100824980958910479e-23
-1.775049377599804139e-25
-4.447770476753641390e-24
1.164499463513576805e+00
-2.054244119738210007e-04
1.693222372501054815e-07
-2.465769822976546548e-10
5.233748306832383842e-13
-9.870281083233245940e-16
1.406672603886164905e-18
-7.270035741485292408e-22
-6.230998345296745345e-22
5.361805678700826351e-22
1.119106394227836754e+00
-4.889521485882811214e-02
3.039612564872233862e-04
3.220624555768317274e-03
-8.656507702864567246e-04
-1.446081377227896531e-05
5.781958440118075765e-05
-5.964853614452465446e-06
-4.057849764452677304e-06
3.721533647722292252e-07
9.184257742309571605e-07
-3.484885517596051748e-07
-6.803206536375243038e-08
9.196405095069015087e-08
-2.265219826280217949e-08
-7.171327403175101645e-09
6.348366806885297855e-09
-7.403992220245876081e-10
-6.140747962401845392e-10
1.052381066481860472e+00
-1.736154058389824742e-02
2.722152205726708490e-03
-3.882216473928440945e-04
4.734496431716389401e-05
-4.183813284445120878e-06
2.362653055613090601e-08
1.022367753967565276e-07
-3.132250229388126606e-08
6.712359437602183479e-09
-1.183869762724327757e-09
1.752223134811844308e-10
-2.030579470385819125e-11
1.195747437005430978e-12
2.369247348327171616e-13
-1.138466155300283967e-13
2.969797188031406892e-14
-6.294903007596501003e-15
1.069856338118620839e-15
1.016731806569559415e+00
-1.277945821108182958e-02
4.879137431072944238e-03
-1.861890947202496501e-03
7.098292173190999272e-04
-2.701677568630251377e-04
1.025498516366531089e-04
-3.876380167860879998e-05
1.456440651701298891e-05
-5.426807202301950247e-06
2.000009036262548950e-06
-7.268679340228114638e-07
2.596218549386817998e-07
-9.077160934585277532e-08
3.090649383947397950e-08
-1.017364547031376843e-08
3.211139898562094681e-09
-1.013222738188250651e-09
2.578122405620229171e-10
1.003741822566001085e+00
-3.741822566001179202e-03
-2.108273773293193069e-19
1.835984529264518508e-19
-1.511212788933786227e-19
1.174388854252587621e-19
-8.603373342841536303e-20
5.929664754247909753e-20
-3.835089224608134433e-20
2.319845203330990540e-20
-1.306778986171990631e-20
6.815903134960264993e-21
-3.266300667612814806e-21
1.422476461075715342e-21
-5.537863213071462779e-22
1.874856747993101198e-22
-5.212289063218803172e-23
1.005806784116205263e-23
-7.489913512651016996e-25
7.569235724448747371e-01
