6.832270601778166474e-01
-2.023890979454952884e-03
5.839374831953091231e-07
1.052271649667327640e-09
1.259021437311315945e-11
-8.492313731328813413e-14
3.611050995163313923e-16
-2.232491183735707515e-17
-2.013781976210476092e-18
5.449929164826779499e-18
3.277221873174834266e-01
-3.395003547532725596e-01
5.607325681175325677e-02
2.490182371921696031e-02
-1.722493474416799883e-02
2.544429157081076840e-03
1.765965345485120096e-03
-1.015184771431131569e-03
3.135208136737089701e-05
1.850344240164401410e-04
-7.747485343114983013e-05
-7.066002317741958110e-06
1.896054900073163981e-05
-6.436033039933007612e-06
-1.237819400354559624e-06
1.888012147230013156e-06
-5.713044796039413558e-07
-2.025346737111713888e-07
1.820347494876736255e-07
2.118313990866944885e-02
-2.377096752914907227e-02
7.974892382541148850e-03
-1.985394935452827313e-03
4.089270652352421857e-04
-7.407725752155391559e-05
1.215515231847338399e-05
-1.807094669979706537e-06
2.337487736044986232e-07
-2.246659828444422795e-08
1.381784251292260812e-10
7.045717031431838628e-10
-2.539582185791717670e-10
6.606741426391855733e-11
-1.477432746781917631e-11
2.982776271793607435e-12
-5.519094890172549531e-13
9.518504053265551183e-14
-1.408697837476377588e-14
4.853281095080286614e-04
-9.182634569251157996e-04
7.785228610144909580e-04
-5.938588989568590985e-04
4.099814685038473340e-04
-2.580289180442033102e-04
1.492458964070459749e-04
-8.001403039275401105e-05
4.010820807000992788e-05
-1.896176860271190547e-05
8.527269718176339687e-06
-3.677925596785527415e-06
1.533293196550172556e-06
-6.222547399822518992e-07
2.474375362882903697e-07
-9.713074829644779084e-08
3.834789287195990166e-08
-1.675882331423099026e-08
5.582065840170879401e-09
-3.236389494267134885e-10
6.191687512095990907e-10
-5.416341023806889624e-10
4.324970031914325621e-10
-3.142089983973007902e-10
2.066355366548196231e-10
-1.220822505884348586e-10
6.406759359585013675e-11
-2.934297130899123199e-11
1.138531119802999987e-11
-3.531644004152963634e-12
7.519946414527518869e-13
-3.686037259030107762e-14
-4.681651037912496066e-14
1.873347544466208757e-14
-1.370350448991650568e-15
-1.440193402737480085e-15
4.330087946753640451e-16
4.655767999750165641e-17
4.312410946590515826e-01
1.746723667044321627e-03
-2.840914319129241706e-06
4.643126360750864298e-09
-1.079895531065462304e-11
3.390124020228549116e-14
-1.179857833166364417e-16
3.556082707535023745e-18
-5.273910929680732581e-19
4.809345796832633446e-19
6.578422225489028996e-01
2.095275637338378238e-01
-3.481018294233274857e-02
-8.256870573485898882e-03
8.654412746840050089e-03
-2.933738408025091116e-03
1.183420321963926598e-04
3.502367559408193533e-04
-1.507725206045402164e-04
5.120755326736708708e-06
1.974614077388314463e-05
-6.600474184190668923e-06
-1.498480517340977856e-06
1.734769791107149137e-06
-2.627174457346121492e-07
-2.953200561264889303e-07
1.775731454391376086e-07
1.305395007606430932e-08
-3.804371550056555996e-08
8.774200706297072827e-01
3.948586564403328003e-02
-6.358461135971647284e-03
1.022304447811159386e-03
-1.635464448994041918e-04
2.587435083295644284e-05
-4.010481062162754936e-06
6.005958637293998102e-07
-8.494891627529910311e-08
1.084550562636508951e-08
-1.102444073502420754e-09
3.788695623972905687e-11
2.293910079456439740e-11
-9.490496790903252639e-12
2.635511852401266749e-12
-6.254252734183804750e-13
1.351034471382675172e-13
-2.806612948272719002e-14
5.097313830044050084e-15
9.596689991513460694e-01
3.018682358543777616e-02
-1.129709135116063051e-02
4.227837775075024909e-03
-1.582249079131270095e-03
5.921618415717251876e-04
-2.216264879920528763e-04
8.295228080568820580e-05
-3.105084280039878853e-05
1.162444554067885335e-05
-4.352517463995030536e-06
1.630010302840576603e-06
-6.105574035268887834e-07
2.287454057361710132e-07
-8.573417577599135907e-08
3.220617095545444027e-08
-1.229555705155729652e-08
5.227205307179947917e-09
-1.714237777507296293e-09
9.907964307654841818e-01
9.182343817769394664e-03
2.117646635507190172e-05
4.883750120752771096e-08
1.126298166450920520e-10
2.597487137246903165e-13
5.989946722782436497e-16
1.412393332321889948e-18
-1.797826869305721140e-20
1.294570128684691265e-20
-7.880710685219873881e-21
6.803336140237667410e-21
-4.059339234623255284e-21
6.041871880002135269e-22
-2.459558622366340845e-22
6.378432392315200351e-22
-1.299364220374389872e-22
-3.697776265878267719e-23
-3.317729329335003652e-23
1.266133934823015394e+00
-6.996605101065669647e-04
1.746938879389466022e-06
-5.484565470330507559e-09
1.644145874412896664e-11
-4.843551644872027597e-14
1.569896021664742296e-16
2.601519645197388561e-18
-3.599259187112397714e-19
-1.046704331471236078e-18
1.172101876388193853e+00
-9.169590724077952837e-02
9.048068878835625189e-03
4.401458777451974780e-03
-2.344189257624756592e-03
5.247851951479395264e-04
-1.019345945785207536e-04
5.526271982481973245e-05
-1.482205966685838483e-05
-1.457342752141182432e-05
1.545505237177160273e-05
-5.354499476302366564e-06
-8.122879072279112685e-07
1.599236875206750484e-06
-5.818543096973383491e-07
-6.887510226459867902e-08
1.423347029922247322e-07
-2.848331980032409967e-08
-1.341330019380689922e-08
1.065357653223687029e+00
-2.220977497856763128e-02
3.703354827169110831e-03
-5.954868445998797236e-04
9.015867025849924198e-05
-1.240104671245029074e-05
1.439482125301393171e-06
-1.081045218682748631e-07
-7.021318564367799118e-09
5.515537314779912772e-09
-1.603935130931677888e-09
3.620853409959915917e-10
-7.066396317776315397e-11
1.221313672128846596e-11
-1.839327494751968527e-12
2.223341578479595373e-13
-1.386380131468652239e-14
-3.453694257144464671e-15
1.567918590983274791e-15
1.020722641563073463e+00
-1.583037849925453266e-02
6.046377198902086123e-03
-2.309266140248874069e-03
8.818655523025574353e-04
-3.366942317290852601e-04
1.284988406365387070e-04
-4.900899299412537797e-05
1.867205824378906769e-05
-7.102430745264076922e-06
2.695266998929754803e-06
-1.019477653439976948e-06
3.839353324973639193e-07
-1.437805108246783497e-07
5.347572234863359876e-08
-1.975023095794046222e-08
7.318151977761327215e-09
-2.967966418879271822e-09
9.404254552638846226e-10
1.004633779939227978e+00
-4.633779939228090464e-03
-2.320356119258657753e-19
2.066109775095195194e-19
-1.755490032606590601e-19
1.422237134907198624e-19
-1.097636884416858243e-19
8.060749856888945143e-20
-5.625095153737559317e-20
3.723539894366706318e-20
-2.332871693560682175e-20
1.379622032059407813e-20
-7.675325513949110870e-21
3.999400664315933954e-21
-1.940732355899249149e-21
8.709068386413076551e-22
-3.603280541326082689e-22
1.446276467752650021e-22
-4.235697291308671119e-23
6.211848413998827256e-01
