7.839206172971783237e-01
-5.280327444600703933e-03
3.308112208824808454e-05
-4.504265166170946886e-07
6.675687706963317469e-09
-9.858621506668175456e-11
1.477155650541560409e-12
-2.251064117881332114e-14
3.479178222184226463e-16
-5.461941740166749659e-18
3.229112503059953232e-01
-3.847926009943580250e-01
1.055526181213828352e-01
7.044047044298005697e-03
-1.992954803446394391e-02
8.211656715191330974e-03
-5.149999401439077449e-04
-1.059230206346147831e-03
4.218970029199781320e-04
1.224679080501116842e-04
-1.989254032605624451e-04
8.680295125584377568e-05
1.014603978823075491e-06
-2.441802655458153069e-05
1.587565510658105601e-05
-4.576342374483812830e-06
-4.481140972170680145e-07
1.172005784955734780e-06
-4.860157652197002266e-07
1.396547232960235370e-02
-1.626055317406345513e-02
5.718454349156252940e-03
-1.497377294021240337e-03
3.255631161677895397e-04
-6.276767389313056555e-05
1.116484930527867961e-05
-1.869824810442248900e-06
2.961577257096088718e-07
-4.389339028805895141e-08
5.892758901495480807e-09
-6.550293080239461550e-10
3.949675993643426198e-11
7.420448673015819886e-12
-3.912630787947055286e-12
1.139377993324120317e-12
-2.746494209110552569e-13
6.200396583835843093e-14
-1.202678624740525329e-14
2.770968317686045720e-04
-5.258808847275077804e-04
4.498544539568458209e-04
-3.480783362146947944e-04
2.448610063932728188e-04
-1.576045126766475177e-04
9.348400537794807476e-05
-5.149275816635818679e-05
2.654660011260618724e-05
-1.291119913417399134e-05
5.970647970630264729e-06
-2.645364591164281295e-06
1.131138571366957020e-06
-4.699658706015313722e-07
1.909545329781425844e-07
-7.646446758919578952e-08
3.076997732620059315e-08
-1.371012479673076724e-08
4.618792594044582416e-09
-2.568290239150156048e-10
4.923230559433963594e-10
-4.332640060261481718e-10
3.495294168569587585e-10
-2.577556983404598710e-10
1.729917251374380968e-10
-1.049881261606731986e-10
5.707606591756371862e-11
-2.740187545006492617e-11
1.135484551686475266e-11
-3.897612524799259899e-12
1.011703084826095439e-12
-1.426841786123748699e-13
-2.328238044469566633e-14
1.998692994888211857e-14
-4.392417266288370184e-15
-5.579472673579630532e-16
5.427878591259548189e-16
-8.283410401317445794e-17
2.694271381991613090e-01
4.655771547751530286e-03
-2.539450314891863488e-05
2.072594324748257809e-07
-2.151585244059417708e-09
2.506152342335016402e-11
-3.129732698370737504e-13
4.106020598699862073e-15
-5.586405443036562996e-17
7.783135754537939780e-19
6.104881433621446307e-01
2.780394670173647054e-01
-7.194461827067076543e-02
3.972562649752100009e-03
8.902367694182353533e-03
-6.118775454909832802e-03
2.269313968267053575e-03
-4.078088236692126514e-04
-7.024356650597865450e-05
7.007902355791316591e-05
-1.770323678355216669e-05
1.532825696843554183e-06
-3.546143460435218995e-06
5.185771482392060280e-06
-3.454660015953932364e-06
1.110965677767751024e-06
1.460148517283162137e-07
-4.484383584265381943e-07
2.207509490023737729e-07
8.736232221539352860e-01
4.064153125654373921e-02
-6.541033150864717337e-03
1.054264283073295559e-03
-1.701487063527915358e-04
2.745877122913292163e-05
-4.417878613111250058e-06
7.054380029541374585e-07
-1.111208919565656310e-07
1.713009193311201316e-08
-2.554879666168200118e-09
3.617602835873285708e-10
-4.685639196791595007e-11
5.044896257734361978e-12
-2.838916179626837884e-13
-6.236211015933830104e-14
3.156021997551857735e-14
-9.721942682032174197e-15
2.242306956358435933e-15
9.583711230367016887e-01
3.113746524254838374e-02
-1.164507356218962703e-02
4.355147741675882353e-03
-1.628797094655501290e-03
6.091689220619906633e-04
-2.278351237614302657e-04
8.521669523745631499e-05
-3.187595151355866822e-05
1.192490526006183423e-05
-4.461951047683911125e-06
1.669948911039477838e-06
-6.252105521728322177e-07
2.341781780329725621e-07
-8.778526795405025691e-08
3.300411191303199550e-08
-1.262407706614290279e-08
5.384622651019373112e-09
-1.770128537598343416e-09
9.904940182573669372e-01
9.483337192717098893e-03
2.259060749792914745e-05
5.381391980010380677e-08
1.281921242284367671e-10
3.053712431044582347e-13
7.273946191894690157e-16
1.763737377654009420e-18
-1.788324212448185715e-20
1.478376541508684661e-20
-9.452266806026138314e-21
5.826003154145118384e-21
-3.313702364495404279e-21
1.730756376880066649e-21
-8.971573883258486257e-22
4.573075657529559350e-22
-1.905098354294375069e-22
6.921034397414226327e-23
-2.484593655215129593e-23
1.406784189501724125e+00
-3.548522277527866708e-03
3.255045151774829822e-05
-3.659515622883796390e-07
4.533369369125783330e-09
-6.010725946104154869e-11
8.342692063399785953e-13
-1.194894325531823661e-14
1.752035758508983461e-16
-2.625670540410286929e-18
1.214416159817673480e+00
-1.522779543986639839e-01
3.843322129467105497e-02
-4.287791602772924454e-03
-1.958656542910424108e-03
1.855857961852818783e-03
-1.195587065906158260e-03
7.163851812484698387e-04
-3.589696515953302077e-04
1.196597502757517105e-04
-3.041592088784058924e-06
-2.761275100023048810e-05
2.129883589601187782e-05
-9.449718594195548386e-06
2.571059371581336436e-06
-2.513859764615004924e-07
-1.361061249055473211e-07
1.142092259974745975e-07
-4.660515490567200145e-08
1.067628741000470116e+00
-2.311652052916297884e-02
3.919912439105627949e-03
-6.544558867622557148e-04
1.065324521515823453e-04
-1.671830765683187308e-05
2.495154589658521287e-06
-3.471191524632146795e-07
4.330765299876694335e-08
-4.373644745160456648e-09
2.069751038792808574e-10
5.592664799195091696e-11
-2.406914879393952594e-11
6.245973542750017114e-12
-1.344904080777496893e-12
2.578665316812178843e-13
-4.485134710767905596e-14
7.125673749491485860e-15
-9.490913564954536350e-16
1.021408298312407759e+00
-1.635440298819524491e-02
6.246737651313538295e-03
-2.385966078572433497e-03
9.112968896894301169e-04
-3.480374221658942449e-04
1.329040096600367002e-04
-5.074075259295904755e-05
1.936520920274811710e-05
-7.386641079530713758e-06
2.815221167481490350e-06
-1.071679936543264385e-06
4.073027134940245505e-07
-1.544763215331853360e-07
5.844696817334329112e-08
-2.208936838709017078e-08
8.450777837933360733e-09
-3.585949622894434801e-09
1.173460823002902540e-09
1.004787053476589698e+00
-4.787053476589728067e-03
-1.361772254150934146e-19
1.219270328854951573e-19
-1.043892775525649015e-19
8.541354234899464847e-20
-6.673989257342567402e-20
4.975236628322016193e-20
-3.534175433037372347e-20
2.388702059958367517e-20
-1.533346024965806687e-20
9.327027607648862364e-21
-5.361133597153396655e-21
2.901750859073249651e-21
-1.472571214736473203e-21
6.976204099843443652e-22
-3.096317791051591110e-22
1.370933264635633648e-22
-4.337829779803348693e-23
5.685892985033673686e-01
