8.736556007347062724e-02
-1.493668166542291037e-05
1.018005013981764971e-09
-6.701003778751535729e-14
4.396335771480293542e-18
3.845305089063038429e-22
2.633330964863357943e-22
-4.440081710135114472e-22
1.190926452952251373e-22
9.605883614111053595e-24
8.096413031005710026e-02
-8.093842030223282608e-03
-1.579692384293783372e-03
1.386754364035040689e-04
9.455138449257548348e-06
-1.603621374035387148e-06
-2.345869542610026545e-08
1.516688870188927259e-08
-3.719969999792810206e-10
-1.208464345379105872e-10
7.941701079478088650e-12
7.739692450244950386e-13
-1.003038305244108028e-13
-3.084771315387664384e-15
1.010081421196093562e-15
-1.068635846219767896e-17
-8.570379697786391117e-18
4.122146119596215576e-19
5.991048506803965509e-20
5.726518251840637119e-02
-1.414652072056313790e-02
1.415589620854022194e-04
1.060250992169313445e-04
-1.011316264992750228e-05
8.361160721172407590e-08
6.716974466026554047e-08
-6.538011585683251368e-09
8.312952534863579867e-11
4.114970026733886360e-11
-4.288112837450380890e-12
7.518384443163174788e-14
2.538272227130790179e-14
-2.825999063406933208e-15
6.126606968410070001e-17
1.577119999591587113e-17
-1.871171230994077713e-18
4.007508412550373825e-20
1.610452653442698331e-20
1.129191420394579613e-02
-1.792440784578860219e-02
9.572443690012784681e-03
-3.605580421996389812e-03
9.325051178168702231e-04
-1.160910528457812283e-04
-3.528989495183169136e-05
3.142483925746053416e-05
-1.390360459369826198e-05
4.642421492752466213e-06
-1.223800693100696030e-06
2.237045272978416213e-07
-1.338102240336577115e-09
-2.297334270968494001e-08
1.359613053884557453e-08
-5.500617205371839434e-09
1.753617079286856377e-09
-4.367732597596623911e-10
7.065622122493035235e-11
2.656850251588449525e-05
-4.768180236650934725e-05
3.417816802284855446e-05
-1.902060277320046755e-05
7.659070553802721563e-06
-1.791275030656699728e-06
-5.998579141260748484e-08
1.895167480146315955e-07
-2.924273833537876973e-08
-1.930690729006805628e-08
5.476183302288096782e-09
2.588731078068687814e-09
-8.194678762414105456e-10
-4.607114049333484823e-10
1.007166734582656342e-10
9.429235587819514218e-11
-2.763853402126870505e-12
-1.585837710900898325e-11
-3.355043847703745823e-12
9.100085113217021293e-01
8.510827978286516896e-06
-4.936939794663174671e-10
2.979929502377613889e-14
-1.850350365905200234e-18
-1.048157611673176093e-22
-2.399643064055449772e-23
1.201937758001387847e-22
-5.483172462019783822e-23
1.571425483230635084e-26
9.137185227792681275e-01
4.709271187861702006e-03
9.446278632993608928e-04
-6.883349161458813257e-05
-4.978412672951133158e-06
7.331527051704289475e-07
1.361475017902275717e-08
-6.578364952081616497e-09
1.353760027452320178e-10
5.065355600406691609e-11
-3.118919322697476745e-12
-3.174006885752669756e-13
3.960309759416361002e-14
1.239852735515199853e-15
-3.984337358784618131e-16
4.607256418698980322e-18
3.371810120544384096e-18
-1.741115709733529110e-19
-2.463849213266585800e-20
9.281440118257804350e-01
8.961235727869500470e-03
5.042440883664195341e-05
-6.148067035844885985e-05
4.724264011353214245e-06
1.911979868272147633e-08
-3.333867012065548142e-08
2.700856383811748891e-09
-3.966556692585147866e-12
-1.838863664415499354e-11
1.647177566617096479e-12
-1.578223022956611155e-14
-1.039664127168473457e-14
1.048357065157147478e-15
-1.877840711701248978e-17
-5.993838039353347354e-18
6.826852950427960763e-19
-1.758132819010692627e-20
-3.895049352237329261e-21
9.681255199909524212e-01
2.195593555513801129e-02
-6.907526422937930108e-03
1.854273090351042435e-03
-3.602118269171227590e-04
1.073756102113770243e-05
3.230742042104501759e-05
-1.945326118809258915e-05
7.576422784216447898e-06
-2.244432258485213903e-06
4.870727262708760762e-07
-4.786745316825194778e-08
-2.126798383023051694e-08
1.650310271064257881e-08
-7.122751577654501294e-09
2.365876064904299597e-09
-6.214074507430759293e-10
1.084994507212480821e-10
-4.406106916266404884e-12
9.923339610300240254e-01
7.651312277249817245e-03
1.470344483422217623e-05
1.975065220104766489e-08
5.544606207228481124e-09
-3.081253369207601302e-09
1.460895371241482546e-09
-5.600432354142075887e-10
1.570566835817765229e-10
-2.183537148671086781e-11
-5.187786919177389934e-12
3.691080475233332718e-12
-5.481400995163827581e-13
-2.542383678470363375e-13
1.181325420991329130e-13
8.248961906729577031e-15
-1.659044165906624856e-14
6.761392534695717951e-16
2.148236814568843889e-15
1.045391452102292229e+00
-4.088058182085660451e-06
2.181360093814368643e-10
-1.180261231271839800e-14
6.421183662172409167e-19
2.875504184618810352e-23
1.606082352698086582e-23
-4.828344804909827018e-23
1.796546833813157745e-23
6.390250617320312200e-24
1.043596520012014306e+00
-2.282002751155445992e-03
-4.626735725800931276e-04
3.115977664087119984e-05
2.379009317825088259e-06
-3.061136385582588695e-07
-7.743271786080455324e-09
2.526226618756122304e-09
-2.394102559056660380e-11
-1.812865619065186978e-11
7.604521650861646273e-13
1.118113061784567423e-13
-9.197663849786924476e-15
-5.533567923028176774e-16
8.517995976652876886e-17
1.617260362851533146e-18
-6.765616994729372060e-19
8.182257344558380546e-21
5.400257100433257490e-21
1.036504020520248037e+00
-4.454958352301265599e-03
-4.104693098147173681e-05
3.080008468893521631e-05
-2.111667860984272112e-06
-3.386310860144294884e-08
1.605496028780049159e-08
-1.027268390807253391e-09
-2.305940431317519156e-11
8.453503394747022055e-12
-5.152415406968220514e-13
-1.482671727281313888e-14
4.577524870515409560e-15
-2.629894171781683831e-16
-9.897540862590329517e-18
2.550790559766441369e-18
-1.340653481818920585e-19
-6.719371648947964368e-21
1.839583860121454505e-21
1.016186313859343215e+00
-1.123823448240512946e-02
3.537395424340573132e-03
-9.375718358893621752e-04
1.729636202146800600e-04
9.182917961762676120e-07
-1.905516161748321038e-05
1.062268702722219412e-05
-3.934370603972417708e-06
1.089706197960301849e-06
-2.039688813313926243e-07
3.774243950686247653e-09
1.800716191303737631e-08
-1.026414565558525525e-08
3.888324194516689787e-09
-1.137883369867168776e-09
2.424556661770365821e-10
-1.345139619898060091e-11
-1.200235835410925074e-11
1.003855170177446743e+00
-3.855166350444241483e-03
-6.819845356299075847e-09
5.045372647591918767e-09
-3.272243137506168938e-09
1.834932801623743604e-09
-8.688558754427117834e-10
3.323863315106977014e-10
-9.282060632720695275e-11
1.269285160343404687e-11
3.174127642055908235e-12
-2.202055790775681675e-12
3.184962108247295339e-13
1.544655098871675059e-13
-7.025034083571922323e-14
-5.326652805788614953e-15
9.957431750974577152e-15
-3.648620460396985109e-16
-1.295643911602877374e-15
9.529442033884407692e-01
