5.513572560586016413e-01
-1.462087035387066043e-03
9.812319303305406504e-07
5.376046639607357406e-10
-2.607161863849401619e-12
3.529404403205296590e-15
-7.113047270767611761e-19
-3.682501019407333877e-21
-1.052327499811324574e-20
5.160987656109426787e-21
2.916626508228157277e-01
-2.566702920937024568e-01
2.923362063360319604e-02
1.812116489382425283e-02
-9.420658984901264868e-03
1.124563522197736523e-03
6.934480247899739392e-04
-3.385729403424362250e-04
1.484567969357609669e-05
4.008926297127811698e-05
-1.463358534512446435e-05
-9.673812715553075763e-07
2.449801235564787342e-06
-6.928864767391592061e-07
-1.212323304757157418e-07
1.445924859279057615e-07
-3.343590059440233695e-08
-1.157409077740363004e-08
8.462080643584225045e-09
3.173392872968537615e-02
-3.136266080648712762e-02
9.034912963171520817e-03
-1.921658856928804525e-03
3.361211495771220534e-04
-5.061428079504457845e-05
6.489245200265787201e-06
-6.245662736695832175e-07
1.224824332012236916e-08
1.457699857648994044e-08
-5.139471940771123197e-09
1.244096490439172059e-09
-2.518976014871144444e-10
4.466493858540282624e-11
-6.928934700578867625e-12
8.958924674424031909e-13
-7.837596376850649280e-14
-3.560514614770656741e-15
3.357055405422186330e-15
1.101528220734432958e-03
-2.060399454612064658e-03
1.689585340410525464e-03
-1.222888893104756482e-03
7.886533778202802153e-04
-4.582348004761436664e-04
2.427264579920901551e-04
-1.186289373206674019e-04
5.413606046378560124e-05
-2.333728042967010322e-05
9.609202814542835129e-06
-3.817962250411401129e-06
1.477018156799104867e-06
-5.605028812792852302e-07
2.098570246583012006e-07
-7.794143847728984105e-08
2.913551190343477011e-08
-1.199947655136157004e-08
3.850752754631715755e-09
9.835375476691605612e-11
-1.868046957256066783e-10
1.598410596512669144e-10
-1.228769874881202025e-10
8.442199354480334106e-11
-5.140114380386967955e-11
2.736721460514063620e-11
-1.246701572655032577e-11
4.672966194804282942e-12
-1.324313016561607623e-12
2.136292317030390616e-13
2.345994895883700910e-14
-2.582516153794500065e-14
5.568909458962383741e-15
1.041995071214329357e-15
-8.252755578821486602e-16
6.034439086437425426e-17
7.671353051098877914e-17
-1.970824031663016764e-17
6.088116783152375255e-01
8.445865504229631022e-04
-9.891645421154138605e-07
9.048562683843982312e-10
-5.008913951764842715e-13
9.667233773405515923e-18
-8.182273471831431654e-20
3.312981384175728502e-22
8.259320755649808624e-21
-4.727077496885257702e-21
7.440892108755068346e-01
1.332353671776217996e-01
-1.356293978414942203e-02
-7.281203419676076857e-03
4.410077884583293861e-03
-9.697699535926397390e-04
-1.146988513781332003e-04
1.513980106898395737e-04
-4.089298458954391581e-05
-3.460917384524432969e-06
5.945754690754801713e-06
-1.477137453415271272e-06
-2.824018218220453453e-07
2.788254856817234523e-07
-4.813708637536788213e-08
-2.397436439944010510e-08
1.451650791944651710e-08
-2.248267376730461141e-10
-1.880290112795486453e-09
8.987473051114697187e-01
3.269411289622830424e-02
-5.195716559487492323e-03
8.025473981715534801e-04
-1.186712370146679587e-04
1.646689237249074602e-05
-2.070996066278471054e-06
2.164455001877960097e-07
-1.265033083813402086e-08
-1.977707912747121598e-09
1.011695507241908095e-09
-2.762530648249565958e-10
6.165967403178097972e-11
-1.222978798170631732e-11
2.207472999968925190e-12
-3.622297829481985536e-13
5.268308900325756808e-14
-6.240514311478814552e-15
4.418852882906702349e-16
9.668376636879278951e-01
2.491169073969202660e-02
-9.356451642668548591e-03
3.513806207206753452e-03
-1.319361828382896364e-03
4.952257958225107174e-04
-1.857769149079769525e-04
6.962692316296999152e-05
-2.605866968009638068e-05
9.733134463828207859e-06
-3.625461103172950461e-06
1.345640993803968972e-06
-4.972484572727416413e-07
1.827757952756763149e-07
-6.678157615311624589e-08
2.426838015947764081e-08
-8.868448088992208934e-09
3.556655424332900125e-09
-1.120631489846409627e-09
9.924595123443612499e-01
7.526246055698522508e-03
1.421470205542985988e-05
2.684708326425231503e-08
5.070566214213496991e-11
9.576697901568454880e-14
1.808767417694593719e-16
3.394675237706942158e-19
2.085853956766811190e-21
-8.704372380756267441e-22
4.733935562660385689e-22
-2.609907181131407353e-22
1.498348742303677210e-22
-6.708227167007760785e-23
1.752602484831330227e-23
-9.914953318115562080e-24
3.043788184875387830e-24
3.203916807648827086e-24
-1.219787230112132882e-24
1.170331893219893837e+00
-2.232635731524289127e-04
2.023715303640174082e-07
-3.274943099279223166e-10
7.083507229894967481e-13
-1.310532148582101434e-15
1.799041307910359274e-18
-9.892339738095017717e-22
-1.892128451347724094e-21
8.690844540861071897e-22
1.122350815766082643e+00
-5.138986227714729960e-02
6.293943983623811935e-04
3.377764731938345550e-03
-9.492065620723682141e-04
-3.427930842603355652e-06
5.976273218506972327e-05
-5.795985366724039244e-06
-4.517672408150713241e-06
1.720830108501288292e-07
1.220232367622495497e-06
-4.443004548990402215e-07
-9.442176023591950718e-08
1.240924922467040187e-07
-3.117289817355175481e-08
-9.715292212206562168e-09
8.884355700427077890e-09
-1.074971338873951209e-09
-8.693633610063986605e-10
1.053137491138438353e+00
-1.767423417102975333e-02
2.793962119810677967e-03
-4.046389441668512806e-04
5.075986532820303337e-05
-4.800253958143854647e-06
1.160175206678969068e-07
9.207883428873027161e-08
-3.103410069391949044e-08
6.958129818145305417e-09
-1.276324940059544469e-09
1.980777336822367581e-10
-2.488318668476440267e-11
1.963324856135423303e-12
1.343310656824020414e-13
-1.056885079877969458e-13
3.055309554285502747e-14
-6.931146763989378084e-15
1.247050462344280766e-15
1.016955125740569121e+00
-1.295047984288730594e-02
4.944822190381289485e-03
-1.887267089846362102e-03
7.197340743962663597e-04
-2.740968512004555925e-04
1.041439712412997831e-04
-3.942845315916033863e-05
1.484939931845889697e-05
-5.551922305294758218e-06
2.055760157958604624e-06
-7.518212057945752392e-07
2.707310150608411248e-07
-9.565346051661520557e-08
3.301367061591290811e-08
-1.106642999575341625e-08
3.587891772988552609e-09
-1.187242495738455955e-09
3.173138345025174864e-10
1.003791677449109132e+00
-3.791677449109083064e-03
-2.705350326818347508e-20
2.361682287077128319e-20
-1.950647459364150878e-20
1.522778024709179374e-20
-1.121946757032755229e-20
7.786977090552150220e-21
-5.078937833970312276e-21
3.103353261592267898e-21
-1.769277486018769126e-21
9.362136606529798429e-22
-4.565508750836474982e-22
2.031649068574255031e-22
-8.130614571082929140e-23
2.857457935095207019e-23
-8.415947891255475403e-24
1.861715733411552240e-24
-2.291855830321403764e-25
7.462975603261828850e-01
