5.214259809370171972e-01
-1.331111584734729660e-03
9.928732486337062163e-07
5.847062954162987830e-11
-1.587950198984714990e-12
2.769116401770630425e-15
-2.279983042600222238e-18
5.151174506302661317e-21
-1.098521550512719226e-21
-2.565746639060475654e-21
2.824100231473130052e-01
-2.382871447927263353e-01
2.429661280807359977e-02
1.668125480633277785e-02
-8.102760634072739276e-03
9.087288967431524219e-04
5.569558876533733677e-04
-2.605071829121823534e-04
1.225228307549197887e-05
2.753706920206154546e-05
-9.710129481740001976e-06
-6.186641408667855887e-07
1.495404327964078537e-06
-4.009508058883897103e-07
-7.159942266156947215e-08
7.871070339912526372e-08
-1.696980834823333747e-08
-5.900797240835676007e-09
4.076357488721083192e-09
3.417442947860031138e-02
-3.274113268970797741e-02
9.094629450772681242e-03
-1.861381269501332335e-03
3.120329866808498271e-04
-4.451927520953759162e-05
5.230069630750003061e-06
-3.990019925028779410e-07
-2.242636452637837002e-08
1.873885680899420339e-08
-5.360688900009066814e-09
1.171673516635890067e-09
-2.182074741747113933e-10
3.535097154170041835e-11
-4.848693275040314437e-12
4.957889311105083285e-13
-1.183213694964744265e-14
-1.268742879156830101e-14
4.207257496632717359e-15
1.292573960607701225e-03
-2.410591130582198389e-03
1.959917230309041192e-03
-1.399811100929347499e-03
8.875472156310437602e-04
-5.056837279335136409e-04
2.622355084993722605e-04
-1.253840208872752037e-04
5.598404468740449770e-05
-2.363249233886824545e-05
9.541673972178233180e-06
-3.723840140486853948e-06
1.417558116015990173e-06
-5.301478573758773035e-07
1.958096020779354915e-07
-7.174572314329993592e-08
2.641806924059521960e-08
-1.067742759588431744e-08
3.382206540132762427e-09
5.233475020241145638e-10
-9.921967972512909838e-10
8.442843768247407373e-10
-6.428434814539885276e-10
4.354180401933428570e-10
-2.598708413947269346e-10
1.345947100646547782e-10
-5.896446053737156331e-11
2.082391379496134203e-11
-5.290084711811873281e-12
5.824482297958081991e-13
2.147049106083408746e-13
-1.188120291452365452e-13
1.348617177535347444e-14
8.568657254440550482e-15
-3.321823212664642589e-15
-3.243664507692364927e-16
3.905659992947142085e-16
-1.786924900907683347e-17
6.361490084175842608e-01
7.244672367474334126e-04
-8.116229342027757303e-07
7.438953996778061900e-10
-4.478365490846038021e-13
1.671505279883624249e-17
2.320117762592998668e-19
-3.159397988279711465e-21
1.523220193148929498e-21
1.584588460539156313e-21
7.571897433487775331e-01
1.208172641219612126e-01
-1.053699196783729024e-02
-6.830970254989125745e-03
3.727525680544831188e-03
-7.347781438698053422e-04
-1.153173488673978140e-04
1.194742419130874776e-04
-2.925265114078122070e-05
-3.121096402578160483e-06
4.225108266175732784e-06
-9.733394347514719251e-07
-1.902864103889333549e-07
1.735211646703047325e-07
-2.868170626456023978e-08
-1.348858371659155782e-08
7.875582995516813363e-09
-1.822115256951872002e-10
-9.228168929131586069e-10
9.012731215909519644e-01
3.178142006878718201e-02
-5.002590327097748528e-03
7.578391811074549397e-04
-1.084424144821552656e-04
1.427917979904428003e-05
-1.641060494433969387e-06
1.391437997458263576e-07
-4.509394891655698072e-11
-3.786725454238357250e-09
1.218842191716973355e-09
-2.871165028541061135e-10
5.827965501324296049e-11
-1.063747084311937151e-11
1.757292415598226852e-12
-2.577472979853141681e-13
3.135909122108131482e-14
-2.261284965207716374e-15
-1.850299346211046177e-16
9.676506274409274466e-01
2.431031884200456766e-02
-9.133720612432115124e-03
3.431055524323070767e-03
-1.288428593049453178e-03
4.835372036623076966e-04
-1.812844728405175619e-04
6.785863057425165477e-05
-2.534194990985686201e-05
9.433479449153543215e-06
-3.496654561200494540e-06
1.289147182868355011e-06
-4.722077363770824029e-07
1.716605144012301384e-07
-6.187367573385952620e-08
2.211631952347282343e-08
-7.916454744112172820e-09
3.089785216265917853e-09
-9.550039982720659643e-10
9.926472351503514702e-01
7.339224160062936958e-03
1.351575335027190501e-05
2.489031328642925053e-08
4.583745223811598785e-11
8.441306056551932031e-14
1.555848164237798219e-16
1.964404135310139878e-19
5.823985218309374502e-20
-3.459536224660665761e-20
1.926331720252640975e-20
-9.938392800216092154e-21
4.661358793340299377e-21
-1.980070769412979091e-21
7.684802281286766165e-22
-2.489680843172633253e-22
6.152057892615961349e-23
-1.289425261518004964e-23
3.880741848891398518e-24
1.158828580861223756e+00
-1.888377427158299945e-04
1.414699575312780815e-07
-1.814906366060858754e-10
3.735455413754385165e-13
-7.169744879160681908e-16
1.065387153565336752e-18
-7.238916886621590627e-23
6.638780539561052337e-22
-8.791110975552194456e-22
1.115958035544207139e+00
-4.644211541126942039e-02
8.195055146625104628e-07
3.057801505094996826e-03
-7.841510669954169935e-04
-2.336694088048548785e-05
5.494201063968032954e-05
-5.836031845682573782e-06
-3.613018997468371266e-06
4.917517317443242983e-07
6.782548052395049070e-07
-2.687897221566632013e-07
-4.788138367337800788e-08
6.659013534511758167e-08
-1.594915650835364870e-08
-5.212013321889134501e-09
4.412377749080631477e-09
-4.832001466655382663e-10
-4.256330937970123565e-10
1.051683727808935487e+00
-1.706099625253048452e-02
2.650128468454572301e-03
-3.713890637951134158e-04
4.383621139197667560e-05
-3.558480963226804485e-06
-6.736840057387707058e-08
1.115212148359019866e-07
-3.136547985980167159e-08
6.416448455160511037e-09
-1.083688354628806651e-09
1.516484528226948889e-10
-1.578258016823345911e-11
4.761356833425514301e-13
3.245704402482326113e-13
-1.185751015817758076e-13
2.821203644616564833e-14
-5.570492503017544290e-15
8.858526512160189327e-16
1.016529820780196047e+00
-1.262462427895355566e-02
4.819543439690845282e-03
-1.838769582469609951e-03
7.007344049964143919e-04
-2.665143835576182598e-04
1.010406145196909877e-04
-3.812013932482155105e-05
1.428152885783281078e-05
-5.299691434144388100e-06
1.942264846642148997e-06
-7.006618439504993888e-07
2.478566267272888396e-07
-8.558282886178528753e-08
2.866747960275017228e-08
-9.228203039876857144e-09
2.814599150898375136e-09
-8.316481610026413268e-10
1.960825125182073141e-10
1.003696759093815949e+00
-3.696759093815888634e-03
-8.089974499406579986e-19
7.026766105917736098e-19
-5.762339873125526798e-19
4.456190903731904072e-19
-3.244522535738649923e-19
2.219414730120596888e-19
-1.422427664302604602e-19
8.510882106862084214e-20
-4.731980794316811515e-20
2.429591948872719247e-20
-1.142189437687723377e-20
4.856664579939148725e-21
-1.832996804499384782e-21
5.943996654219199753e-22
-1.541340651835942238e-22
2.454089840353326370e-23
8.424033945708793576e-26
7.675725849507970544e-01
