6.754992760910860650e-01
-1.965779469358001647e-03
4.921335719422515575e-07
1.768249382963302061e-09
7.180370134512522215e-12
-5.829466949567478805e-14
1.803378502437892589e-16
2.122655610243033515e-17
9.936437099578711127e-18
-1.198285529908411680e-17
3.263663520693568798e-01
-3.347000469192228378e-01
5.375662780432996501e-02
2.476893934276290510e-02
-1.664578046757114391e-02
2.348080640727394971e-03
1.713952066880060658e-03
-9.537025318573536881e-04
2.210451718660674003e-05
1.728358081689649174e-04
-6.994451676409812655e-05
-7.184024163599040167e-06
1.705774029802261708e-05
-5.515139128060526848e-06
-1.199278020534181110e-06
1.643560654028383463e-06
-4.649324344443964279e-07
-1.825171172148089517e-07
1.537482345445244573e-07
2.183588571779696355e-02
-2.434734340785346673e-02
8.103708363319910013e-03
-2.000896572819672176e-03
4.086560653579023299e-04
-7.335520405074416118e-05
1.190348863789075574e-05
-1.741553289183609896e-06
2.188347435971755734e-07
-1.937503677079042444e-08
-4.495946783958504561e-10
8.057299927100217632e-10
-2.690784651925655808e-10
6.778795285104775853e-11
-1.482482301576270120e-11
2.932947276344154743e-12
-5.307566946675172396e-13
8.876408953197485882e-14
-1.260920447634315860e-14
5.123259602953956094e-04
-9.688169284137551109e-04
8.200752730090574974e-04
-6.239709053044320639e-04
4.293379417543551221e-04
-2.691436595925863410e-04
1.549879519438676038e-04
-8.270083532565152202e-05
4.125335901151889079e-05
-1.940806563206803241e-05
8.686427945036681190e-06
-3.729581192450838162e-06
1.548258296569407292e-06
-6.259008840968868481e-07
2.480189833014527097e-07
-9.705079743478484884e-08
3.820183133908112184e-08
-1.664480679349186448e-08
5.534285078189256482e-09
-3.219938761571573687e-10
6.158067029032268806e-10
-5.381224371609498858e-10
4.289140768794777328e-10
-3.107816744089309614e-10
2.036437129345658245e-10
-1.197382052741943037e-10
6.243921860255072874e-11
-2.835254417396436367e-11
1.086706718186975079e-11
-3.305141179264042611e-12
6.740429631906445340e-13
-1.886479976505460262e-14
-4.755087816228892373e-14
1.728225064963245415e-14
-7.744803079464516467e-16
-1.479769012077285495e-15
3.787894533471512062e-16
6.577672374011222431e-17
4.448767287630494005e-01
1.653820769587787233e-03
-2.565191778190827683e-06
3.810689664503079784e-09
-7.919316347238030746e-12
2.353184466103557335e-14
-8.130996111514956881e-17
8.882316582393282662e-18
-1.393945757947703093e-18
-1.971394898012961712e-18
6.640597703685082731e-01
2.037651121797335596e-01
-3.286286143097604667e-02
-8.405878365668063845e-03
8.354189212478945609e-03
-2.732450919978200807e-03
6.541721858034798176e-05
3.425958855002959815e-04
-1.395004826101556988e-04
2.026068602709647798e-06
1.919098333500266894e-05
-6.084480928880391855e-06
-1.451215933041220923e-06
1.586839422828673146e-06
-2.293726756989693754e-07
-2.627332869256893062e-07
1.528526324760080723e-07
1.263956739744015602e-08
-3.287672207366325381e-08
8.789613573876166042e-01
3.901476970568557717e-02
-6.284258729632428292e-03
1.009807763665985202e-03
-1.612308260660619079e-04
2.540609478167081385e-05
-3.911170904115737992e-06
5.793901122633953088e-07
-8.050566139645650481e-08
9.943362927183563651e-09
-9.261018387797224439e-10
4.905511726033375931e-12
2.878124797339981952e-11
-1.045126197349612018e-11
2.775958002456591795e-12
-6.415413602365259633e-13
1.357089824907508774e-13
-2.759755168376056880e-14
4.913753473768606259e-15
9.601946273569951229e-01
2.980144401075838362e-02
-1.115587496169884521e-02
4.176112659845946165e-03
-1.563310230872875985e-03
5.852294660141034357e-04
-2.190891788828309679e-04
8.202333219265280431e-05
-3.071041553604769849e-05
1.149943761276131155e-05
-4.306445845204677188e-06
1.612930275582154385e-06
-6.041696737227009725e-07
2.263274246208662980e-07
-8.480428693350688634e-08
3.184076796754037318e-08
-1.214597976560905139e-08
5.157190893886887875e-09
-1.689804571562897575e-09
9.909187920146540485e-01
9.060543847603682449e-03
2.061711684047540447e-05
4.691390648992632059e-08
1.067518139377038584e-10
2.429120285149515719e-13
5.527057084877870187e-16
1.284812218307529005e-18
-1.722706149964779066e-20
1.197824421330566844e-20
-6.773764156337496484e-21
5.001023280908260923e-21
-2.697498813310878518e-21
8.657593939990917130e-22
-5.479957055025985008e-22
3.419069649304879380e-22
-3.896777454910282357e-22
1.203824781473022482e-22
1.346210414547624749e-22
1.257154689946801129e+00
-6.338248036941345268e-04
1.471477254801655787e-06
-4.377150507893039379e-09
1.228660075819956777e-11
-3.291905116402671261e-14
9.428524874457467547e-17
2.515413556421153171e-18
3.056895207490397304e-19
-1.042185678315572593e-18
1.167951206562914068e+00
-8.784302351654876828e-02
7.932313034251153860e-03
4.452435663721877185e-03
-2.212676758269870730e-03
4.433839191354039568e-04
-6.802613239036091049e-05
4.302392027355993707e-05
-1.256460231101740353e-05
-1.271009457135920589e-05
1.331613425386213462e-05
-4.402607303054187151e-06
-8.611268702420249049e-07
1.407492238412127776e-06
-4.743816364441542151e-07
-7.907965942137224732e-08
1.259054799129653089e-07
-2.215813242359929890e-08
-1.284081120577037226e-08
1.064467659979216219e+00
-2.188933403586534529e-02
3.641792728480887191e-03
-5.828441802430887973e-04
8.748367740451186750e-05
-1.184512170296586876e-05
1.329939547704820728e-06
-8.810033277471109183e-08
-1.033299046569175193e-08
5.992364935736479365e-09
-1.656741843227868374e-09
3.639299304601569579e-10
-6.941748827509554856e-11
1.169568910903746528e-11
-1.697761724801663267e-12
1.901074809683783429e-13
-7.420456662642188326e-15
-4.612820697826604344e-15
1.739820755982052547e-15
1.020445194784896925e+00
-1.561838638541673992e-02
5.965367135956082395e-03
-2.278292846941068830e-03
8.700111088095392482e-04
-3.321486961331872193e-04
1.267503389266703842e-04
-4.833301974450986642e-05
1.840878580587000353e-05
-6.998857018247514635e-06
2.654005653888762436e-06
-1.002804354414436570e-06
3.770990281510749731e-07
-1.409400571490119271e-07
5.228248508427496439e-08
-1.924361898199510151e-08
7.097446491981552526e-09
-2.859708113210365195e-09
9.018270429045884981e-10
1.004571748943921650e+00
-4.571748943921552510e-03
-2.323984964794282980e-19
2.067477005604606395e-19
-1.754294904957627832e-19
1.418748448354279194e-19
-1.092539295203273179e-19
8.002049184420437804e-20
-5.566480367695586793e-20
3.671022934958830316e-20
-2.289996272155046792e-20
1.347442883005228831e-20
-7.452236608450452623e-21
3.856410768074097759e-21
-1.856118751099767072e-21
8.246903079965950364e-22
-3.367752429874639498e-22
1.326383431090149647e-22
-3.823080529045369609e-23
6.292925857036549830e-01
