2.640569434697637163e-01
-2.646952621671404401e-04
1.136293492242634077e-07
-4.607094285427516870e-11
1.747019324630321971e-14
-5.976490734604014360e-18
-8.244987641995555719e-21
2.385817726456155324e-21
2.905531764098924202e-21
-1.944438204675558003e-21
1.909373796434036819e-01
-8.319903455142227400e-02
-4.868075969679097788e-03
4.944410147960853416e-03
-6.862545680733305288e-04
-1.023254318914575275e-04
5.007972636938463635e-05
-4.257310351336200770e-06
-1.534841126282439331e-06
4.551635497598818502e-07
-6.456785897607989637e-09
-1.949648161100310953e-08
3.362803965438245036e-09
3.714626449278213808e-10
-2.096281540513825838e-10
1.313011980367939517e-11
8.091214879031129612e-12
-1.643401867861117200e-12
-1.698494096572107258e-13
6.014033031952385061e-02
-3.943667887823863044e-02
6.757245257452361778e-03
-7.170546323212128150e-04
2.956363641601121738e-05
7.282930840388282693e-06
-2.313013167850181088e-06
4.045337428590956014e-07
-4.950373885896940203e-08
3.493718905357062221e-09
1.989270298706393271e-10
-1.224891886464983412e-10
2.548873952591050535e-11
-3.563293343496936822e-12
3.165841271638058895e-13
1.960718197999480463e-16
-6.945547736020669100e-15
1.720337280216744624e-15
-2.613996341473360092e-16
4.754308672505098976e-03
-8.539465551650096686e-03
6.246934459562166961e-03
-3.802955086196187131e-03
1.974792879440134385e-03
-8.960891087240213009e-04
3.633049102960682905e-04
-1.342334782508999153e-04
4.594196199657375610e-05
-1.472501336147119947e-05
4.427311189000386865e-06
-1.229796284369129475e-06
2.989023309741868248e-07
-5.176089747398930050e-08
-2.888472827550353881e-09
9.309026899095343483e-09
-6.664295133067918026e-09
4.167546694537672220e-09
-1.620440568804527865e-09
1.981352028344040949e-07
-3.684598618579620320e-07
2.954650057874430915e-07
-2.026886443693754528e-07
1.170627278726327014e-07
-5.524636164658600474e-08
2.004215376448396920e-08
-4.740292993635246059e-09
1.933535484348545505e-10
3.450415081256304818e-10
-1.086049702019878555e-10
-1.214884457345530723e-11
1.439440683162008642e-11
-5.695958710641090055e-13
-1.787240605765552175e-12
2.079955497398437236e-13
2.533166937611648530e-13
-3.047689516218570989e-14
-3.903889327342226380e-14
8.002892178392074785e-01
1.196779045883660859e-04
-4.838856711982416096e-08
2.061955675024970190e-11
-8.792007949423548798e-15
3.658063147254201690e-18
-3.613322728033339109e-21
3.242564718742008953e-22
9.022729124368642788e-22
-4.668900513434962584e-22
8.349458903075455130e-01
4.002607029095599928e-02
3.159528235867742861e-03
-2.118445914467580269e-03
2.723337613174670047e-04
3.986769912805587931e-05
-2.006859010379129289e-05
2.081160603589030522e-06
5.326411576637924025e-07
-2.003197744802973112e-07
1.284871719144095934e-08
7.088635222504640695e-09
-1.915082885099984937e-09
1.076835407560482835e-11
8.878207547200367343e-11
-1.599259939580526290e-11
-1.454691951718976480e-12
9.604115697171868291e-13
-8.981180398192252797e-14
9.056450894853775857e-01
2.614826459361108829e-02
-2.962955234988659797e-03
2.303616669598404639e-04
-8.283761516978343115e-07
-3.867401819183328796e-06
9.038446074602214372e-07
-1.395652299260022289e-07
1.593440356153614971e-08
-1.109781969609062609e-09
-4.857384117541282616e-11
3.462191599283969851e-11
-7.559320699135108095e-12
1.149547322788250263e-12
-1.253960934887407971e-13
6.549167544149160984e-15
1.093146383799949178e-15
-4.308038093475001841e-16
8.133596306246695261e-17
9.675810693275292973e-01
2.426714317211050784e-02
-9.040967385492711117e-03
3.340480361374982728e-03
-1.217585279545298346e-03
4.348027235101188702e-04
-1.508419729142405192e-04
5.031875742054947218e-05
-1.592551463830493713e-05
4.685250557358382987e-06
-1.232041648455977008e-06
2.610243619584010322e-07
-2.526869837800041623e-08
-1.539246200380038354e-08
1.387845759138149656e-08
-7.745071705290300339e-09
3.732683248792629166e-09
-1.846099940086974739e-09
6.464775350059679065e-10
9.926124442153343441e-01
7.373886540799497701e-03
1.364395167915166537e-05
2.524530522290977962e-08
4.685538276383259140e-11
-1.360038904083906981e-14
6.396261840406437064e-14
-3.698255985378213563e-14
1.929646969132790240e-14
-8.934825526766410332e-15
3.588782726003662418e-15
-1.200455484316247524e-15
3.054826558877200183e-16
-4.254944216925371310e-17
-6.920340016998200483e-18
6.043212912445703383e-18
-1.442118594594400622e-18
-1.540236013321426310e-19
1.737823607238493127e-19
1.095969077206105924e+00
-4.406720796597548515e-05
1.197030016055260897e-08
-2.955647377639053840e-12
5.363336237486316403e-16
4.210547887319597214e-22
-9.745663310413857312e-22
-2.311718562814812974e-22
1.836440458007769190e-22
3.188145795860983021e-23
1.081600534402808123e+00
-1.704328934648876789e-02
-1.891612953016586418e-03
8.021766812030404125e-04
-4.938709883568454353e-05
-2.039913215629731474e-05
4.330579795470381286e-06
1.773816297856178943e-07
-1.722783894689763720e-07
1.130199057535972342e-08
5.483060978595462321e-09
-9.324532724525893881e-10
-1.633982889215732357e-10
5.898855387466247893e-11
2.678013757448830038e-12
-3.437260491829948119e-12
2.492481127024982913e-13
1.565392849147091957e-13
-3.379377880129606856e-14
1.048633399369711228e+00
-1.332343757198836860e-02
1.382038421344444724e-03
-7.461342205898175664e-05
-7.674126670736670808e-06
2.905676362387115227e-06
-4.821464778425862805e-07
5.124808336365764128e-08
-2.251215612786736012e-09
-4.727974355606168110e-10
1.486982346020678187e-10
-2.407501470882677677e-11
2.464181655738173569e-12
-6.974740965543555806e-14
-3.531476194208022701e-14
9.680967836148973940e-15
-1.506098514553899385e-15
1.411629996458136685e-16
-1.045093894093495012e-18
1.016546736803275897e+00
-1.256711792845614274e-02
4.740821640506421436e-03
-1.767532256678364805e-03
6.465836736190166316e-04
-2.298757658682254641e-04
7.846695496759884469e-05
-2.529786105082390855e-05
7.508820887865044324e-06
-1.949905585012708453e-06
3.814124116731130847e-07
-1.179685281689618053e-08
-4.145961995567321075e-08
3.049634487562197786e-08
-1.594776661139812530e-08
7.228263150557606368e-09
-3.050200472225159169e-09
1.345054133358824797e-09
-4.416272344434856448e-10
1.003714345981196576e+00
-3.714345981092929960e-03
-1.918910345191543916e-13
1.578182483690031209e-13
-1.196761782504127442e-13
8.340364666520766814e-14
-5.316752979405988882e-14
3.079588526565758225e-14
-1.605285049704985864e-14
7.423204059019381666e-15
-2.976024292122225759e-15
9.925314996524240432e-16
-2.511159904092171654e-16
3.426473842186324687e-17
6.049377963863204358e-18
-5.054076694792673610e-18
1.182903140831730680e-18
1.367374503764240782e-19
-1.460371905599338713e-19
8.885768733843776301e-01
