2.139422882488485056e-01
-1.514808001887726170e-04
4.609681834073289371e-08
-1.355886203225158648e-11
3.867515919335551260e-15
-1.068555565943419131e-18
-2.746928715928758369e-21
3.513101898635915020e-22
-6.225091612531728827e-22
1.188308012252804064e-21
1.662756529172093045e-01
-5.603980272540817070e-02
-5.571151389705280080e-03
2.833693095439805340e-03
-2.051168913951202937e-04
-6.922345157571006423e-05
1.681927990812931103e-05
3.755101566508203613e-08
-5.817468600548943223e-07
7.752976898042001540e-08
9.452621543691736657e-09
-3.859016576020255240e-09
1.750105969422205818e-10
1.077936414810496496e-10
-1.901768962736174858e-11
-1.356323796413777632e-12
7.970883909705572952e-13
-3.892767171123336413e-14
-2.304237584988455995e-14
6.493705941324590114e-02
-3.690741611542346784e-02
5.092213052219666906e-03
-3.371959111759221346e-04
-2.133707565984516876e-05
1.020261436634949783e-05
-1.744712894455445566e-06
1.847888597636357964e-07
-7.610899570466535861e-09
-1.744361411432362117e-09
5.089386496191842295e-10
-7.590444335724439485e-11
6.711491769628152106e-12
-1.752062366001183177e-14
-1.211423402492531208e-13
2.604150221698033791e-14
-3.257033203084239665e-15
1.934046340792636649e-16
1.871481434486682815e-17
6.189042979172242054e-03
-1.095646013871741375e-02
7.705560448087441471e-03
-4.424497474017260665e-03
2.134800698707875477e-03
-8.882486160320786578e-04
3.255871965720221806e-04
-1.067182909583379660e-04
3.139828606557710334e-05
-8.122634105001418255e-06
1.679052907696176486e-06
-1.469742870071906863e-07
-1.104340612947902207e-07
9.684881263223776861e-08
-5.422993017721952944e-08
2.582482614585970756e-08
-1.136640422976123430e-08
5.203921242078642529e-09
-1.743767200711815184e-09
6.253628359640669038e-07
-1.156293441515059005e-06
9.108325275997968071e-07
-6.051165500793649095e-07
3.320839639318052445e-07
-1.444992548267839867e-07
4.539839063385611473e-08
-7.348760560348797019e-09
-1.277733025863757117e-09
1.025990246640113293e-09
-1.040022917193466342e-10
-9.473762700360504130e-11
2.605691544592603189e-11
9.380452413657450102e-12
-4.204072833942430179e-12
-1.179608257346327193e-12
6.532683484541701411e-13
1.570807448933402845e-13
-9.248588345569507731e-14
8.276975304326438243e-01
7.039245663347370866e-05
-1.932626739420939791e-08
5.673454535793226723e-12
-1.701703921446414637e-15
5.130048784169602688e-19
-1.399453797308969934e-21
1.514475177512667715e-21
8.835261795903014197e-22
-1.242596082905902543e-21
8.508986833043328257e-01
2.762967304238126906e-02
3.229029696914348727e-03
-1.228738441069895937e-03
7.601935270870549554e-05
2.841091646414522863e-05
-6.707300576021278002e-06
3.202959915654019621e-08
2.260924679911707544e-07
-3.453865384339448514e-08
-2.850936874065433474e-09
1.631184542890192331e-09
-1.345701787666473476e-10
-3.842266584505236853e-11
1.015801569949575618e-11
-5.552642317159191158e-14
-3.500269225171170392e-13
4.605708475203897597e-14
6.154015635740052263e-15
9.063898673075474477e-01
2.355183414638331238e-02
-2.152427929951209514e-03
8.075334932474843960e-05
1.651048255979638174e-05
-4.519312052623249562e-06
6.500237632665789884e-07
-6.015745887349558766e-08
1.758367356890754661e-09
6.485665186368705315e-10
-1.687023759421364136e-10
2.482663170687910274e-11
-2.346827960830292356e-12
5.891087748642001328e-14
3.029678440747205186e-14
-7.715666637335147415e-15
1.121403717937012337e-15
-9.836957550482141582e-17
6.951186977339128316e-19
9.667891539116441058e-01
2.473525032199218668e-02
-9.122944085500211964e-03
3.308433634081090965e-03
-1.167995747249900426e-03
3.962325112319582394e-04
-1.269642378999948421e-04
3.745010879696419718e-05
-9.682432266171922894e-06
1.912816273288274301e-06
-9.398234529742511908e-08
-1.732267935270783053e-07
1.290010569045666506e-07
-6.619979503260263698e-08
2.914578981293462081e-08
-1.173732490364714568e-08
4.483935249856501392e-09
-1.790076269226453588e-09
5.521308261424773458e-10
9.924059139840921695e-01
7.579641056068129983e-03
1.441748492973959899e-05
2.742163347729047389e-08
5.388834636640262098e-11
-1.064545562175993602e-12
7.116133935681956314e-13
-3.903654541365343337e-13
1.896640770650861375e-13
-7.984636237373313475e-14
2.802874552685719565e-14
-7.552109166843521902e-15
1.182722340871841175e-15
1.237350263162881034e-16
-1.431034211664921198e-16
3.648830372641544353e-17
2.168207747697731999e-18
-3.990052397869064546e-18
8.603371422507016887e-19
1.084413728360066553e+00
-2.837915147094453877e-05
5.789609846697255357e-09
-1.146992395678430751e-12
2.009593508155949420e-16
-2.712267268668213062e-20
4.862092847442433041e-22
9.142923658227807710e-22
-3.601885306703627657e-22
-2.122232375409567057e-22
1.074345707762799584e+00
-1.218825835120873093e-02
-1.674127451742146592e-03
4.769862520071438210e-04
-9.940908535910222580e-06
-1.121430527834705335e-05
1.430348066790024843e-06
1.501374392703636993e-07
-5.186940635527819890e-08
5.819400151633826705e-10
1.353506336763242929e-09
-1.140467209136147211e-10
-3.221828428214077110e-11
5.539873654284500716e-12
7.517602098178800320e-13
-2.503869805618961260e-13
-1.024807290139274849e-14
1.022164531596824709e-14
-4.655653517370792460e-16
1.048091641201876589e+00
-1.188104923884266036e-02
9.723370094245837106e-04
-1.061698891256127004e-05
-1.229136184362796856e-05
2.405445834928680053e-06
-2.564764237321500000e-07
1.047819125410468213e-08
2.087396578425435352e-09
-5.665387278792883232e-10
7.431678187502111187e-11
-4.850988841083487624e-12
-3.279267433718484412e-13
1.490833021227937408e-13
-2.368972629017897199e-14
2.036308029161555351e-15
2.418590460389727239e-17
-4.355892270283734164e-17
8.226141480849625231e-18
1.016947294923208567e+00
-1.279852677464247968e-02
4.771867710779063160e-03
-1.740728024823689742e-03
6.134688691635286273e-04
-2.053548425379893945e-04
6.372022901351590777e-05
-1.756381414714482998e-05
3.873018955609403210e-06
-3.981823298930159446e-07
-2.228390899854737125e-07
2.024037919907991612e-07
-1.096175487836789434e-07
4.915625956304057458e-08
-1.973999578709368493e-08
7.310916510004676655e-09
-2.536397378041827290e-09
8.830375139005970155e-10
-2.431361552315880149e-10
1.003818778949411961e+00
-3.818778948232204231e-03
-2.172322675865511736e-12
1.757153798305957342e-12
-1.300759439862526260e-12
8.774857614952653593e-13
-5.360812417599417655e-13
2.939056346545732246e-13
-1.426329900571490457e-13
5.994747447438652873e-14
-2.098897782321523151e-14
5.627581275440595771e-15
-8.676068151178440777e-16
-9.936669143643381957e-17
1.084051029219712160e-16
-2.713513524091406485e-17
-1.825539178922356448e-18
3.027698444960006410e-18
-6.366033289058013546e-19
9.059858344527232932e-01
