5.051116440785793360e-01
-1.255841806278371487e-03
9.693274182484067212e-07
-1.194692519298590746e-10
-1.123308223061717079e-12
2.205463738003330595e-15
-2.247397086797677458e-18
2.313390541031876961e-21
-7.403128473756960672e-21
5.076503129232089424e-21
2.773396838122771935e-01
-2.283082006178264178e-01
2.166415370162440637e-02
1.593928893385444107e-02
-7.427653917969069021e-03
7.917531784585486862e-04
4.965882042851878968e-04
-2.247238215279897568e-04
1.042146170573373507e-05
2.243305461348037779e-05
-7.686945076896738190e-06
-5.048402687189692739e-07
1.135216504470069293e-06
-2.912431986352110370e-07
-5.489680420928578955e-08
5.598572623146516097e-08
-1.135453084986494120e-08
-4.124209116522375931e-09
2.702734586521997734e-09
3.554692083005429881e-02
-3.347067083151761963e-02
9.110178964497187004e-03
-1.824350719554089896e-03
2.983162310189950255e-04
-4.117053379891156748e-05
4.559411221149983983e-06
-2.833632740430275091e-07
-3.916880747984014740e-08
2.049674660511921580e-08
-5.380478217120276520e-09
1.116076625265049654e-09
-1.980845267693307457e-10
3.029939967618572921e-11
-3.799174313088172593e-12
3.084731559787448404e-13
1.637246592467778574e-14
-1.585100696671978396e-14
4.342725476572140118e-15
1.407258219382477018e-03
-2.620083552498732142e-03
2.120013590958300109e-03
-1.502910651411505562e-03
9.439264822262452516e-04
-5.319788036402695736e-04
2.726505701764904270e-04
-1.287977956278897368e-04
5.682369499251821465e-05
-2.371302591503569301e-05
9.472212253127349711e-06
-3.660748318844256896e-06
1.381230916808428284e-06
-5.123597025178669386e-07
1.877595717258707744e-07
-6.823825965816956614e-08
2.488938216813517785e-08
-9.935968642352853739e-09
3.119710574835521289e-09
8.981269431851413524e-10
-1.701010410823365933e-09
1.442972550127799423e-09
-1.092833069427098705e-09
7.343424407185897704e-10
-4.333913780872852319e-10
2.209815867150984605e-10
-9.465689472865767884e-11
3.226904981071665757e-11
-7.643321790107878340e-12
5.863733445812810395e-13
4.153132363709868418e-13
-1.803011807267987704e-13
9.945674770513889710e-15
1.600324238385741431e-14
-4.448699691540661861e-15
-1.020403577863814289e-15
5.947163400565909058e-16
4.436871900340149605e-17
6.498177933331309442e-01
6.645268610183157005e-04
-7.234376387870795116e-07
6.611731285353034185e-10
-4.192007001016702324e-13
5.490203370269090795e-17
2.297984439272272909e-19
-2.448047074470778802e-22
1.450059083821449012e-21
-1.520827865574364516e-21
7.636444710611499653e-01
1.144877890076630156e-01
-9.029213164348383336e-03
-6.581403734246932778e-03
3.385653287537399025e-03
-6.227253115647864200e-04
-1.142504843347074707e-04
1.043441350451519164e-04
-2.397123843853421777e-05
-2.964149410333672543e-06
3.483743800629703622e-06
-7.587757886637519479e-07
-1.560169055375669581e-07
1.327326330825613538e-07
-2.086191642978738427e-08
-9.935232760530555008e-09
5.564046396770948404e-09
-1.213600074241574537e-10
-6.255886112169252861e-10
9.023625833125183959e-01
3.135726687486426606e-02
-4.903957981177974393e-03
7.335896323887749039e-04
-1.027879666383019989e-04
1.307859541275272123e-05
-1.410449037614577865e-06
9.910992303531487220e-08
6.157485726779964346e-09
-4.604334306874922327e-09
1.295173986112813579e-09
-2.860471125547273751e-10
5.528077887021223984e-11
-9.616877606303619060e-12
1.501356798723346030e-12
-2.030391944075976315e-13
2.101748719160705282e-14
-5.054168358765096771e-16
-4.311192511391529920e-16
9.679915866519432921e-01
2.405768168922209696e-02
-9.039864977311001110e-03
3.395983490216325854e-03
-1.275178602184299246e-03
4.784391415417426187e-04
-1.792694481128121234e-04
6.703434764990434311e-05
-2.499197342423128479e-05
9.279842321204456986e-06
-3.427591384445013422e-06
1.257743632479389868e-06
-4.579276592934033752e-07
1.652227449329104623e-07
-5.901108137171244893e-08
2.086068403843301405e-08
-7.363786127056443659e-09
2.821189618451612831e-09
-8.602835236264910336e-10
9.927258687709495932e-01
7.260878872175436163e-03
1.322821310333644109e-05
2.409978529880108454e-08
4.390613136590790256e-11
7.998964302756512532e-14
1.461829126712411765e-16
-4.212659067414590400e-20
1.959114874946219559e-19
-1.157399115167662853e-19
6.359436882481242842e-20
-3.216023542388435532e-20
1.483664625605870485e-20
-6.170703780394679135e-21
2.268599330208010234e-21
-7.125467844308696596e-22
1.606269471132103335e-22
-1.775996936587399037e-23
4.055132309580428513e-24
1.153304768202973563e+00
-1.733365519226634781e-04
1.181609652867497302e-07
-1.304175618651096431e-10
2.556710672879124463e-13
-4.978192150779328653e-16
7.680023581056449527e-19
-1.499641401973544546e-21
4.958377504768646400e-22
-1.132463667213021113e-22
1.112903022162467614e+00
-4.402098322214995085e-02
-2.822452973849407074e-04
2.889589275234667656e-03
-7.046224120131319626e-04
-3.036980030036662973e-05
5.129055787987058050e-05
-5.462208013183620793e-06
-3.186842489196563310e-06
5.454451466083782099e-07
4.913493502166838794e-07
-2.036100003425962214e-07
-3.284967822620193157e-08
4.697773307805291789e-08
-1.082450218395991852e-08
-3.720179785166335312e-09
2.969924134567164853e-09
-2.943436051644400630e-10
-2.885733543900412779e-10
1.051050813960451302e+00
-1.677270559339268108e-02
2.577497870669429557e-03
-3.540257879643676363e-04
4.021563613003488545e-05
-2.923264307294183270e-06
-1.566290099748434944e-07
1.197994007175088459e-07
-3.113557829766122086e-08
6.066927456075196442e-09
-9.757620583555523528e-10
1.274960642044757922e-10
-1.136309435956260803e-11
-1.840021784449398888e-13
3.952896087479396935e-13
-1.196565754205382993e-13
2.610154520920112526e-14
-4.770384531028850532e-15
6.989375425822882725e-16
1.016351465971623957e+00
-1.248769799986537872e-02
4.766667938004180011e-03
-1.818120648867806600e-03
6.925175223269036499e-04
-2.631530693170087499e-04
9.961700057406469968e-05
-3.749487695009252349e-05
1.399841536898617033e-05
-5.169094046389672411e-06
1.881739580732636832e-06
-6.728285079397982032e-07
2.352728364010037466e-07
-8.002205766954939088e-08
2.627252036760327847e-08
-8.221870113145477256e-09
2.395718349407673713e-09
-6.418024291878923405e-10
1.319721231070261354e-10
1.003657007628620645e+00
-3.657007628620599030e-03
-2.454461620603311066e-18
2.125912919847380389e-18
-1.736411816258914868e-18
1.335772819345699050e-18
-9.661407564836290472e-19
6.555293111663564312e-19
-4.160108344775447471e-19
2.459832549640968273e-19
-1.348318535396939981e-19
6.804630320869956739e-20
-3.132033218080561877e-20
1.296720074553802511e-20
-4.724834411247198773e-21
1.456865013876344837e-21
-3.464221933296642400e-22
4.061911559073289769e-23
6.394862279232127793e-24
7.782211681066644182e-01
