2.696538798026003325e-02
3.077078746952549571e-02
3.449273887409076700e-02
3.811943319200503111e-02
4.163686430770418417e-02
4.507404615217191352e-02
4.834665772302892961e-02
5.154169131413535720e-02
5.471054059797300639e-02
5.770653174610958225e-02
6.045731196402595597e-02
6.315926428625780187e-02
6.579368901813678616e-02
6.817462991784740967e-02
7.041127745855858822e-02
7.246878178978902185e-02
7.430638210389672871e-02
7.587659144664501976e-02
7.712402135741996956e-02
7.821574799481476048e-02
7.886089455837222428e-02
7.895817297706508864e-02
7.837629791722906802e-02
7.719963094040195595e-02
7.491837167071331571e-02
7.122435994037600027e-02
