2.025207728272248597e-01
-1.059290625639640684e-04
2.453276814959872816e-08
-6.001774220377242377e-12
1.562967942444852716e-15
-4.266533955649401693e-19
7.399018125292789391e-22
3.231568335562155173e-22
-8.254193101958699581e-22
4.677157271322279830e-22
1.660180706714273202e-01
-4.390057356736802585e-02
-5.662086554965934521e-03
1.829112639983053457e-03
-6.046783758560000097e-05
-4.147179932856199537e-05
6.931982058088967052e-06
2.561352567330725646e-07
-2.365341147227959603e-07
2.508260048182518134e-08
3.716284273795268131e-09
-1.309003098419420684e-09
6.908804147270687941e-11
3.208829011488338406e-11
-6.855381372580975531e-12
-6.062013157307576051e-14
2.344391100172573280e-13
-3.000724272428058722e-14
-3.430859141182459166e-15
7.587917404556228373e-02
-3.826839807410264277e-02
4.031592084148712812e-03
-6.619558414199569170e-05
-4.628183875552216247e-05
8.621474310179193782e-06
-8.634466413361493237e-07
3.703980483531233716e-08
5.048238014198009808e-09
-1.458380054419167237e-09
2.057837066503595569e-10
-1.854319244535940455e-11
5.485725856393197488e-13
1.795436065153193397e-13
-4.541192704971588785e-14
6.404762742612917812e-15
-5.701728656526781024e-16
8.792107082391570420e-18
7.476675125905794574e-18
7.983760753428924620e-03
-1.411724545521450894e-02
9.865150212018402448e-03
-5.564922300748114704e-03
2.585688003109891300e-03
-1.002436618203053848e-03
3.237704248144612491e-04
-8.405657803189586319e-05
1.483058980347814873e-05
3.282182799175103377e-07
-1.873252160193730010e-06
1.143755059876230692e-06
-5.171768397229419300e-07
2.028245309602161172e-07
-7.240626244271193837e-08
2.390331935227601467e-08
-7.298662613459492192e-09
2.127730638547108963e-09
-4.945554476591952855e-10
6.003814538762558586e-07
-1.114382357266825044e-06
8.883533551359522072e-07
-6.029180002618416532e-07
3.422468223378654518e-07
-1.570694199646348161e-07
5.420021589075700768e-08
-1.131203355162552629e-08
-3.453052828842964239e-10
1.131091473925356028e-09
-2.577796597690231504e-10
-6.769826023727086501e-11
4.206129751320111503e-11
2.696501522210566577e-12
-5.861942531924138071e-12
2.993638997108739240e-14
8.847873147486317008e-13
-1.756120925978096151e-14
-1.374859373170294613e-13
7.727815288110848613e-01
6.965031397307631022e-05
-1.408722596503269150e-08
3.105495134524623325e-12
-7.286691314079783935e-16
1.795850052701847517e-19
-9.881194663295436736e-23
-5.129641221537515980e-27
-3.008369074353691567e-22
2.572290835901637847e-22
7.977196720514623252e-01
3.027539370524671980e-02
4.281900608086252301e-03
-1.129888884126634433e-03
2.340435125840786999e-05
2.511649892808688560e-05
-3.544600170742573771e-06
-2.249523895400018175e-07
1.223754837958024233e-07
-9.366811327658841642e-09
-2.197203082933200951e-09
5.538104485106791040e-10
-1.026370525715340157e-11
-1.484136016759557815e-11
2.322208341459000621e-12
1.280127457297010640e-13
-8.834666117534726872e-14
7.750658540568172208e-15
1.649830795163244000e-15
8.647067960983706447e-01
3.126282534592002976e-02
-2.301379402821024031e-03
-1.046349013685089676e-05
3.287643488703639790e-05
-5.500548221441745903e-06
5.018132504678572739e-07
-1.234294605729858372e-08
-4.719950992604695472e-09
1.014396456625733496e-09
-1.173446847503242583e-10
7.104850665494972139e-12
3.658724488873189741e-13
-1.711152730823749948e-13
2.690233107764927108e-14
-2.586839127497495962e-15
9.429788071559656886e-17
2.161028305153500443e-17
-5.493621635688104058e-18
9.505159689429123482e-01
3.647359993690376528e-02
-1.327847371581541286e-02
4.728796213681741960e-03
-1.623709527951996663e-03
5.263837693610428151e-04
-1.558344365384268387e-04
3.941095147733114515e-05
-6.883826253563328897e-06
-3.751414019588738105e-07
1.130072278693781194e-06
-7.127069398573261390e-07
3.362577709956927669e-07
-1.364338667143293075e-07
4.973113756555623365e-08
-1.651673011015391326e-08
4.981903965391502220e-09
-1.385661250776440874e-09
3.001072652309226959e-10
9.885771483477858723e-01
1.139013784893647997e-02
3.262011558294005878e-05
9.341854525311309993e-08
2.689792934896876239e-10
-2.231910049151735680e-13
6.250706878197264854e-13
-3.549557597559580813e-13
1.811337072568857778e-13
-8.140343983594012865e-14
3.134486968186640321e-14
-9.812394759338671884e-15
2.188752461546667777e-15
-1.659026040442706998e-16
-1.144262201072251621e-16
5.571769703984651723e-17
-8.211919054355627293e-18
-3.088836124598553741e-18
1.669851056584291991e-18
1.118464954061679117e+00
-3.433446012955168884e-05
6.300046680381725314e-09
-1.235912173431558501e-12
2.531325781111362750e-16
-5.358986733279102093e-20
2.512106683609509435e-22
2.169919809792868152e-22
4.909021700695395711e-24
-1.414314166689847938e-22
1.105902909873712980e+00
-1.532467814778155218e-02
-2.262410007551585948e-03
5.425347684776808026e-04
-5.003723379939793481e-06
-1.179532224948626731e-05
1.372084491669487986e-06
1.319656896951750958e-07
-4.808086098945372933e-08
2.114059573174059499e-09
9.786689839709186822e-10
-1.656246298121604043e-10
-6.724405927887938026e-12
5.141191529198553007e-12
-3.989324565532029443e-13
-9.463079006239738886e-14
2.138468233811742348e-14
3.668038673365585796e-16
-6.399514203900621515e-16
1.071148170334231375e+00
-1.658253574143308401e-02
1.154856726625653855e-03
2.096936810937850829e-05
-1.859477763424516967e-05
2.772609471819057656e-06
-2.138831944756830880e-07
-6.830436067146595714e-10
2.943544486373751342e-09
-4.972890401139658534e-10
4.689966566035598475e-11
-1.444753334537977890e-12
-3.996289916475133845e-13
9.332939479876238459e-14
-1.134780693440155577e-14
7.286242517406211129e-16
3.347530340052696942e-17
-1.763836717584175113e-17
2.781071760947475085e-18
1.025522773530892939e+00
-1.922581408788311824e-02
7.128904488747799320e-03
-2.572037352807792204e-03
8.877378024061113784e-04
-2.859645120980340506e-04
8.252113034781022782e-05
-1.947601418437918040e-05
2.576123788131873810e-06
7.616260965459837241e-07
-8.377699890334271263e-07
4.623715108754545045e-07
-2.025873493155004581e-07
7.716971209246637452e-08
-2.631615260918669886e-08
8.061189091631265757e-09
-2.162923515231784544e-09
4.693841091523772662e-10
-6.432278259689773765e-11
1.005760730956884341e+00
-5.760730955870591377e-03
-1.874832855923954960e-12
1.533906842831309573e-12
-1.154387855026562176e-12
7.962548053509248639e-13
-5.007565576025815746e-13
2.849778357913517929e-13
-1.451540467652304782e-13
6.506753286790583771e-14
-2.496025890251298508e-14
7.764439184118493449e-15
-1.707637332194423845e-15
1.168552723095170141e-16
9.518044249761844831e-17
-4.461996899413188209e-17
6.221027002980981501e-18
2.593158835335021018e-18
-1.344260527194216778e-18
8.899367372879856131e-01
