1.070914297913957841e-01
-1.977886893671036548e-05
1.398873094599006810e-09
-9.554596315281804151e-14
6.652121328642156331e-18
-2.607238947701471459e-22
4.149830732813727707e-22
-1.795641724289031626e-22
1.946153956607837520e-22
-2.042446254930141999e-22
9.864949490023371126e-02
-1.066382602925656543e-02
-2.067577164396845225e-03
1.888911991480628726e-04
1.261690318120699268e-05
-2.231098085527373144e-06
-2.619742287887196460e-08
2.156733081649220800e-08
-6.680346760797330803e-10
-1.740210808388310511e-10
1.402977701845889838e-11
1.056703202118632258e-12
-1.852891401240059196e-13
-2.020534691344884842e-15
1.951132298560583053e-15
-6.990076672875926130e-17
-1.665245440555003015e-17
1.480960140649463151e-18
9.505960311504968615e-20
6.774476884522194486e-02
-1.827542550135105234e-02
2.507940397092968160e-04
1.397905014526124132e-04
-1.379493372226086326e-05
1.368308897743525810e-07
8.819683860768471674e-08
-8.827639441201780848e-09
1.640727947226731203e-10
4.917711754848545510e-11
-5.849835827897932012e-12
1.938368035244776552e-13
2.537845809682238757e-14
-3.985242577551389532e-15
2.000198127668458863e-16
1.120379652501958779e-17
-2.726162850278644986e-18
1.757621867375991865e-19
5.738463676724338607e-21
1.218816610052679723e-02
-2.000854175808654267e-02
1.146884460141099973e-02
-4.723258716388613505e-03
1.359233200494114639e-03
-2.089823774007652064e-04
-3.814131048724327615e-05
4.385524363818919238e-05
-2.018231857813881529e-05
6.659107701743623137e-06
-1.660741596655334091e-06
2.612347998708963619e-07
1.854621947766336888e-08
-3.620311802972172558e-08
1.849263751183755094e-08
-6.815969025234949162e-09
1.997204476692105755e-09
-4.462157665701510232e-10
6.014471594230914800e-11
1.201622852713873221e-05
-2.185157705893572548e-05
1.633540592981523208e-05
-9.850747318805758190e-06
4.590192833708115577e-06
-1.486762985394492448e-06
2.167630758886404241e-07
6.512108543380610602e-08
-3.879470946355214185e-08
4.927306098810868328e-10
4.697052489881487513e-09
-5.637490345375659035e-10
-6.295937729368956003e-10
1.003171821336415721e-10
1.009895431877535649e-10
-1.227711623525860059e-11
-1.909384855523351907e-11
7.875015181541228915e-13
3.457060669564192903e-12
8.688277887495248208e-01
1.422850908247750459e-05
-9.183480262170902155e-10
6.033242163932192634e-14
-4.037198112015627537e-18
3.761812916180548342e-22
-4.477139569126981927e-24
-3.080016701589892411e-23
1.481104773258298215e-23
1.884979905850726046e-23
8.749648667472283980e-01
7.771364163538037502e-03
1.533212661709852653e-03
-1.252923575133406745e-04
-8.590791246030556489e-06
1.434397535492687975e-06
2.010047688255607062e-08
-1.357539334787048765e-08
3.654851020807854306e-10
1.081143764826274284e-10
-7.822499583022725803e-12
-6.707815680090492224e-13
1.014352081255551010e-13
1.965054546343304517e-15
-1.048286433541974788e-15
2.692275171366246266e-17
8.944673279037146609e-18
-6.461403665153527091e-19
-6.950738840589640422e-20
8.981786706043447532e-01
1.412098200836331766e-02
-2.845859535143745474e-05
-9.884380951115147318e-05
8.932886264021413621e-06
-6.028185827887758860e-08
-5.945648093251029838e-08
5.673029783174766810e-09
-7.527088952377129863e-11
-3.432913859509517406e-11
3.669504533199877210e-12
-8.557273023893967864e-14
-1.913774159146149317e-14
2.426927154023325409e-15
-8.576937795462349795e-17
-1.012515029806909817e-17
1.612037852386742256e-18
-7.633371664863207622e-20
-3.476137789817576233e-21
9.564092883514465626e-01
3.059483763263111389e-02
-1.003635707473803790e-02
2.919846667870676978e-03
-6.750664027924467396e-04
7.795864933528505968e-05
3.066134200786365625e-05
-2.718503984453696625e-05
1.254765471198348391e-05
-4.300227025046660525e-06
1.121872405974205378e-06
-1.861905839443901984e-07
-1.070076752484895857e-08
2.505194606078068969e-08
-1.302712984481463865e-08
4.813510936027931542e-09
-1.398007137409791747e-09
3.006896588023947342e-10
-3.583987202620751769e-11
9.896246712020506653e-01
1.034834597242561757e-02
2.691344239530537766e-05
6.863244728432961987e-08
1.115238404004780537e-09
-5.702966102306277571e-10
3.054980198628248643e-10
-1.399554639967936599e-10
5.271722203242417356e-11
-1.494210620343822777e-11
2.332823498836766107e-12
3.451290240286437930e-13
-3.329263885040364227e-13
7.269312173917201186e-14
1.350460501011564707e-14
-1.141273907581759311e-14
1.141881424848798309e-15
1.048657629796020486e-15
-3.438338504193243932e-16
1.067397135589175816e+00
-7.118866146695684625e-06
4.370422497090863854e-10
-2.708924194528794174e-14
1.703210298878422116e-18
-5.267598114279995004e-23
6.828867277014515241e-23
-7.294414168662839918e-23
3.896685607438345906e-23
-1.934192254054822099e-23
1.064311570089163883e+00
-3.911495514805414520e-03
-7.774886505236061271e-04
6.050164316883895662e-05
4.297229957877179117e-06
-6.624433560822819905e-07
-1.172678317737160425e-08
6.017829364920150244e-09
-1.280680526583318951e-10
-4.654781399685058902e-11
2.912978466512973739e-12
2.908084483542426990e-13
-3.709681534303444816e-14
-1.094671189764798044e-15
3.747728605305737948e-16
-5.248763383339312208e-18
-3.177855764541199685e-18
1.714889534295380940e-19
2.573224298496642033e-20
1.052511099445456733e+00
-7.234626976654514284e-03
-3.640963395732325039e-06
5.110553175218169502e-05
-4.296306872535637587e-06
-3.833876361879878182e-10
2.996323941139757798e-08
-2.518196618805008656e-09
6.707991135355095051e-12
1.689836904275693340e-11
-1.517898012194680576e-12
1.488060295713402801e-14
9.432540684666393788e-15
-9.535163325646211488e-16
1.834337151990696178e-17
5.256181512389375197e-18
-6.154091961426998516e-19
1.830421063575375459e-20
3.009271320371135559e-21
1.022317672466022120e+00
-1.589114107636405496e-02
5.253202971824436247e-03
-1.524204985866909083e-03
3.439176722860015612e-04
-3.372526831000740400e-05
-1.940878836418959830e-05
1.530413963606647084e-05
-6.735572737956379855e-06
2.195096382283007009e-06
-5.273690663446258798e-07
6.767200922142315237e-08
1.608591130143633537e-08
-1.572385885359783652e-08
7.107055121908590469e-09
-2.380521734635933349e-09
6.147458144779758711e-10
-9.907923983009808062e-11
4.036394925412221950e-13
1.005228313237845894e+00
-5.228312614262685572e-03
-1.127805457941324365e-09
8.688450445647340520e-10
-5.986691275745785550e-10
3.657964139948809708e-10
-1.955182506058620533e-10
8.938961380600362942e-11
-3.356066949770277114e-11
9.452223071145399783e-12
-1.444046371967063543e-12
-2.351601857407650938e-13
2.144758721910445891e-13
-4.553457893047094704e-14
-9.158473727002431918e-15
7.350924982649940599e-15
-6.802606565828895537e-16
-6.873267279196330458e-16
2.180740368703863465e-16
9.343856176603528851e-01
