3.083065316757925278e-01
-3.811512028171151908e-04
2.436110788339830698e-07
-1.743270898644910339e-10
1.341581846771096119e-13
-1.076999945549897886e-16
8.945166741912173945e-20
-3.318956269849109326e-21
1.276142503018937314e-21
4.662825936179589650e-22
2.160354430250916724e-01
-1.020958363983510975e-01
-2.885826961192157741e-03
6.088197260300533785e-03
-1.326934938229576812e-03
3.678988841597517285e-06
7.714348349856269601e-05
-2.194485019167318875e-05
1.369637094407358335e-06
1.049232814228493566e-06
-4.015433701599411848e-07
4.693052848414185123e-08
1.397588023653961043e-08
-7.471602956090028582e-09
1.245219605340928864e-09
1.599256867805180244e-10
-1.366477070890883494e-10
2.660397538591037541e-11
1.385176640911196555e-12
6.409920914778659273e-02
-4.338523190167403731e-02
7.539069797193631225e-03
-8.144666723045543852e-04
4.394422731392358232e-05
3.956144833711691921e-06
-1.614514117490694049e-06
3.076059358385516171e-07
-4.553532581219519498e-08
5.666683642507458855e-09
-5.771027376606091582e-10
3.814045456738844408e-11
1.777766421272264488e-12
-1.301508018095189450e-12
3.178497818884835983e-13
-5.846947700984964331e-14
8.946030317117652810e-15
-1.142089167229416704e-15
1.093381215356725522e-16
4.703530133929466513e-03
-8.528069499897232217e-03
6.394912084646962175e-03
-4.026200649421457327e-03
2.166941354941758196e-03
-1.014882207557383110e-03
4.203269920294130436e-04
-1.560500192578510902e-04
5.246346088097912820e-05
-1.604833838671454287e-05
4.442209845793411141e-06
-1.080299128480451347e-06
2.070188419152052174e-07
-1.445602565100036207e-08
-1.397578846274099029e-08
1.107186939058567998e-08
-5.983950078564450530e-09
3.138643645321641978e-09
-1.126432760070978402e-09
7.024306663929182070e-08
-1.315178319336394415e-07
1.077009003170020017e-07
-7.668486184036726132e-08
4.692512397492677074e-08
-2.417463837876335898e-08
1.009245878868092103e-08
-3.142351795139859950e-09
5.555554997572245636e-10
5.429255790734798174e-11
-6.618605092776484515e-11
1.243551967522689520e-11
4.127289276088626496e-12
-2.198044513016469655e-12
-1.483987414851359484e-13
2.967929773761939358e-13
-9.010575730287343921e-15
-3.450369996722009141e-14
2.576873108939527810e-15
6.905568783636309993e-01
2.177818828002971185e-04
-1.133612324125768839e-07
6.870481228763489875e-11
-4.591614358360711227e-14
3.281456885483152280e-17
-2.448016902070188400e-20
1.336489053431776787e-23
-4.244667915027333425e-22
1.513812988943393535e-22
7.487830624691106385e-01
6.610907428795723129e-02
3.943083428301074299e-03
-3.613410230895477710e-03
6.238009066742892334e-04
3.192904217209009178e-05
-4.007877921317775808e-05
8.412674174714105166e-06
5.330761960831619707e-08
-5.007657329589501726e-07
1.331769471660634248e-07
-6.329504743341704346e-09
-6.523605961927884387e-09
2.254433399367294397e-09
-2.249862804132049835e-10
-8.277116619707690853e-11
3.887465093623845010e-11
-4.998056784979638405e-12
-1.029215036872654080e-12
8.601721595828516476e-01
3.926242071672728096e-02
-4.652919879775331731e-03
4.052361969917928942e-04
-1.187016332390778842e-05
-4.384808743757293181e-06
1.217246276561214717e-06
-2.049072489011530018e-07
2.637184583568912441e-08
-2.568832749579177817e-09
1.362902328330261753e-10
1.426814865392628747e-11
-6.035504869084045323e-12
1.223207149148024937e-12
-1.899609776026132436e-13
2.416697464700221168e-14
-2.414083848428091769e-15
1.320828234820596494e-16
1.274225690160759621e-17
9.518938178870105515e-01
3.578046989965087687e-02
-1.326959417177859570e-02
4.895455156506475260e-03
-1.789783798534672066e-03
6.450053693490986504e-04
-2.275389061178197494e-04
7.788663188261959872e-05
-2.557901560897314947e-05
7.932873783579772215e-06
-2.262981420695266793e-06
5.616186340801875408e-07
-1.016417509926422098e-07
-9.145557804089719631e-10
1.355335916448367130e-08
-9.335427995414555370e-09
4.887927707473874398e-09
-2.522090757916389110e-09
8.969930105876547386e-10
9.889626821431312109e-01
1.100677798655150946e-02
3.045536757991218932e-05
8.426891331349509986e-08
2.331828626735000972e-10
6.352523243209121553e-13
8.429555221533606861e-15
-4.093368911724007280e-15
2.313020857050493357e-15
-1.183990367680836768e-15
5.426637429253153856e-16
-2.182818797524674295e-16
7.442717316056613870e-17
-2.001032392439343188e-17
3.393797928038948636e-18
1.421511682084157818e-19
-3.259489302703067843e-19
9.684776864468325100e-20
-6.007384922298210564e-21
1.161718646739041017e+00
-1.019517251338239721e-04
4.379493368162134029e-08
-2.034169537332414965e-11
9.281628790861910542e-15
-3.529119763996351467e-18
-4.920919593214474919e-22
3.962537948057692742e-22
4.464104767122402737e-22
-3.546172889809646697e-22
1.132687940201964949e+00
-3.341663120640129409e-02
-2.515969643630540202e-03
1.774998572099402861e-03
-2.450002416292228072e-04
-2.877461230347982640e-05
1.753673053567440983e-05
-2.403067293411423131e-06
-3.558889607823389846e-07
2.045825425189886599e-07
-2.648864559452279646e-08
-5.478304839591705351e-09
2.760783711175384191e-09
-2.960690345097846290e-10
-1.040909040259489702e-10
4.327787103715265265e-11
-3.309652315232496097e-12
-2.255857456625968925e-12
7.831257125350449780e-13
1.074218708486121443e+00
-2.137802454380088521e-02
2.483963686839913559e-03
-1.943736435040559402e-04
5.003387809648827196e-07
3.212960807627788853e-06
-7.221202837722501334e-07
1.070647630797149986e-07
-1.187051486893655900e-08
8.593153559149439317e-10
1.183378693858583617e-11
-1.874340514011811027e-11
4.342513972210914303e-12
-7.096731920723827718e-13
9.160622948211865720e-14
-8.858967800590349644e-15
3.831498019589362400e-16
9.199038044805783078e-17
-3.025777678320356332e-17
1.024826411649137459e+00
-1.889714493422405342e-02
7.161584760130688780e-03
-2.693123526875240877e-03
9.997185087644521427e-04
-3.637546509533266022e-04
1.285654252107288232e-04
-4.363609864481594202e-05
1.400456780156887676e-05
-4.149411872235023166e-06
1.083122759615419123e-06
-2.185523666677144987e-07
1.285147689486129617e-08
1.884031458424192113e-08
-1.458116205056191326e-08
7.681855713409798027e-09
-3.526755298747093184e-09
1.653997688471699781e-09
-5.608012379328856885e-10
1.005564681608941191e+00
-5.564681608930181593e-03
-2.086360427915219232e-14
1.749877595205052310e-14
-1.364968627368201480e-14
9.878860946751440404e-15
-6.611709015895520902e-15
4.073328892915833894e-15
-2.295418297056535181e-15
1.172668072166499521e-15
-5.360583177981686996e-16
2.148290867966312532e-16
-7.283668531502341470e-17
1.938197419489374825e-17
-3.191616894831826872e-18
-1.887772726269899501e-19
3.297345326015656927e-19
-9.397040132326627714e-20
4.652684770243118354e-21
8.562449150725827129e-01
