6.431446596218082234e-01
-5.624213642171763117e-03
3.397031967803399848e-05
-2.341077683785444767e-07
1.707791489644522412e-09
-1.284678853054446360e-11
9.852135832872568621e-14
-7.680319915856502716e-16
1.115945182268448813e-17
-2.906234593905222636e-18
2.878855848569075726e-01
-2.803645166825286528e-01
7.713538258244743984e-02
-8.217373032860023768e-03
-6.212194693412277993e-03
5.679489555748257548e-03
-2.972211862459469504e-03
1.114709018306794634e-03
-2.525895984679912051e-04
-3.115151806452966422e-05
7.408186212012124797e-05
-4.968465468249261936e-05
2.254141781744720165e-05
-6.922952310469387170e-06
6.239476608558803724e-07
9.467831859800292674e-07
-8.521069885296909991e-07
5.067338634565756095e-07
-1.792683749476324508e-07
3.552935743042387462e-02
-2.967749458843696453e-02
7.099323023964785283e-03
-1.272379392553451031e-03
1.953219229296004021e-04
-2.783808398422813461e-05
3.859299981378135286e-06
-5.318089486007290980e-07
7.323858847564681122e-08
-1.004038183279794639e-08
1.356136230349273695e-09
-1.773197603342451048e-10
2.175725728555389906e-11
-2.341722435488262859e-12
1.757933566489582567e-13
6.520210172561791344e-15
-7.030677220571880569e-15
2.250951402491374759e-15
-5.097749817772695891e-16
1.868279703552639791e-03
-3.436214456736336187e-03
2.685022491803547556e-03
-1.804000624075027381e-03
1.058614711584896515e-03
-5.518661211363730997e-04
2.600019660104790670e-04
-1.125859361029243362e-04
4.554595739360545295e-05
-1.748414785047077219e-05
6.461581546678086162e-06
-2.328362510836438866e-06
8.265765264063518059e-07
-2.913189259434296994e-07
1.024577812575088054e-07
-3.611281230219718219e-08
1.292422249092576771e-08
-5.133015455852191495e-09
1.616404384613724349e-09
8.278139999872173831e-09
-1.557437246035678911e-08
1.294499271138739226e-08
-9.461568262976211700e-09
6.026862703960515174e-09
-3.294745262642184035e-09
1.505148817411204719e-09
-5.458596048640723187e-10
1.386077423723623341e-10
-1.321749950801166902e-11
-6.820455942132583700e-12
3.210916637258624307e-12
-1.657394820778301412e-13
-3.002926558732073608e-13
7.555753628033236029e-14
2.378829806283636751e-14
-1.283370705479736823e-14
-1.681559467249624573e-15
1.856218624361706873e-15
5.686990525121442541e-01
1.910552171435346428e-03
-8.786513149838597151e-06
5.245579926586934396e-08
-3.522789452190750652e-10
2.513081732351872452e-12
-1.855461414350722472e-14
1.394748163059298407e-16
-9.137880380896728980e-19
2.405195276047330173e-19
7.355555192856927382e-01
1.470394266035710829e-01
-2.612383100699492908e-02
-1.275099528995739598e-03
3.782132397727547626e-03
-2.136623271005173852e-03
8.310670119529530624e-04
-2.265187144881958096e-04
1.999688965712534985e-05
2.505654419677039209e-05
-2.177284656834050522e-05
1.135214443658451621e-05
-4.288894682379529744e-06
1.008324296545974553e-06
8.453540191465339503e-08
-2.624922788553124510e-07
1.809411566067030340e-07
-9.203063299079042665e-08
2.954220316595239832e-08
8.961994844389786774e-01
3.286044080661813804e-02
-5.017152649216647005e-03
7.294471179053837366e-04
-1.003031335349892779e-04
1.300003980717846066e-05
-1.579484332977041702e-06
1.770315005531245643e-07
-1.747834052681269601e-08
1.295061108915112152e-09
-4.164237551641749381e-12
-2.631388435256238485e-11
7.740995308446274942e-12
-1.693682348984227915e-12
3.286798587059448657e-13
-5.975176006727598564e-14
1.043196957535652161e-14
-1.820671216100012731e-15
2.940281008098251936e-16
9.657771775078833887e-01
2.568759995300506568e-02
-9.636945949903382574e-03
3.612770983308898239e-03
-1.352629410994635835e-03
5.053504860045069345e-04
-1.881932605036370457e-04
6.976578372590338238e-05
-2.570948951298922621e-05
9.405090177579630793e-06
-3.411479708337531140e-06
1.225919167460181728e-06
-4.362275481433447970e-07
1.536935372170123435e-07
-5.363232020641143019e-08
1.856442688146694436e-08
-6.442445213442081524e-09
2.440265773865972385e-09
-7.410347098862740046e-10
9.922128822136276893e-01
7.771928536350371231e-03
1.515962245984522192e-05
2.956977160647124841e-08
5.767778924807534127e-11
1.124005553725937735e-13
2.909055191850926785e-16
-4.549637714039663957e-17
2.727661137294910857e-17
-1.487891281371416117e-17
7.390658729423410698e-18
-3.301484316260915714e-18
1.301161707218313243e-18
-4.377940021916285766e-19
1.175961782064653650e-19
-2.074263449646374995e-20
-1.975691431395927254e-22
1.800638200472190999e-21
-6.115705453536137505e-22
1.200734732919467307e+00
-3.899849907904957749e-04
-7.796468334852933091e-07
1.767120438823956843e-08
-1.890154428415167667e-10
1.756555484487956054e-12
-1.548705529345039922e-14
1.332631444269905148e-16
-1.551898340499689876e-18
2.697243129125079746e-19
1.133276937534263729e+00
-6.612811859503718581e-02
6.866022337139722660e-03
3.088138349747017192e-03
-2.194633118023316034e-03
7.230727953799083712e-04
-7.721355008158868550e-05
-7.258147911436955860e-05
5.911671305545816582e-05
-2.490546722242411334e-05
5.094183171585275534e-06
1.635465707611660766e-06
-2.297490251358490097e-06
1.351838921982383906e-06
-5.125145316952836594e-07
9.051186401436269409e-08
4.844177138434732862e-08
-7.184036011647446397e-08
3.480914329799796342e-08
1.054517107017212574e+00
-1.781467299666546558e-02
2.741575709721388865e-03
-3.903624902755243350e-04
5.085287592086509644e-05
-5.979181177182780476e-06
6.116073979442110681e-07
-4.753693147349820563e-08
6.583450255206825600e-10
8.245178201303401625e-10
-2.539089440025058045e-10
5.631268373597089126e-11
-1.096763181008186473e-11
1.986455271830041639e-12
-3.425314955208179555e-13
5.684542674037758534e-14
-9.126814307208355862e-15
1.451174847788283485e-15
-2.130826223223665195e-16
1.017507572099839663e+00
-1.336642407724563351e-02
5.098615528192450633e-03
-1.942125022344076083e-03
7.379663525517292941e-04
-2.793128168455708232e-04
1.051055259650877851e-04
-3.923759580396104222e-05
1.449918069947821574e-05
-5.292104519819933500e-06
1.904503812165430403e-06
-6.748887086186742431e-07
2.353051390019558550e-07
-8.069268980255578003e-08
2.721788292665942895e-08
-9.036972849614709764e-09
2.976755261740574068e-09
-1.051921397239616461e-09
3.033052903732637707e-10
1.003916385853546256e+00
-3.916385853546005234e-03
-2.519594941186177883e-16
2.142056788090196373e-16
-1.703672235777397745e-16
1.265325179663674895e-16
-8.753408853360227021e-17
5.621090790218431641e-17
-3.335253733743745619e-17
1.817123014934215922e-17
-9.011742547356555457e-18
4.017226654801369255e-18
-1.578570518665426212e-18
5.287649769009186303e-19
-1.409160767166256009e-19
2.432494577548951785e-20
5.042972669497230951e-22
-2.226547664502372971e-21
7.424223053929857971e-22
8.321432500045252700e-01
