4.757455650311914752e-01
-1.739274947514651230e-03
3.955749092805234284e-06
-1.032582027175828859e-08
2.876318953221124231e-11
-8.294744201540364747e-14
2.442921251194615788e-16
-6.604576759875821775e-19
-1.412139172152076702e-20
-1.352688331954487204e-20
2.614657617340965245e-01
-2.009175534715690603e-01
2.799929193508843978e-02
7.448849998598981725e-03
-6.351926977432935731e-03
2.325161231758485301e-03
-4.434296993108040471e-04
-5.825355447540708239e-05
8.973339368789920521e-05
-4.116757560434832489e-05
1.033209062928475250e-05
1.048507248570711893e-08
-1.454965291380132957e-06
8.072329666412662198e-07
-2.428992239850036807e-07
2.058562441216803779e-08
2.300640376267477586e-08
-1.708572544763863519e-08
5.763629759333991855e-09
4.545438568999540796e-02
-3.641147516514336296e-02
8.143244043128446130e-03
-1.319912232097986788e-03
1.747220363979023095e-04
-2.004252667970129486e-05
2.006969456013969442e-06
-1.604440624540711131e-07
4.904286695452850872e-09
1.918738462442616888e-09
-6.681252359415582038e-10
1.563571635721063011e-10
-3.182191709290225207e-11
5.996800216098517762e-12
-1.068921049269567059e-12
1.814778787377574770e-13
-2.936520115428896079e-14
4.601777185936288869e-15
-6.517593649989157897e-16
2.559282982886708618e-03
-4.698065606196216888e-03
3.650093643851413244e-03
-2.429378983603526585e-03
1.406870893142981834e-03
-7.208539097156309826e-04
3.322971967307864535e-04
-1.400685557019934826e-04
5.483701525273459201e-05
-2.023906961595043906e-05
7.140128660743756584e-06
-2.437620292721055947e-06
8.135355081283271609e-07
-2.674088896662368651e-07
8.696835002894257385e-08
-2.805594319901655338e-08
9.042907385026385392e-09
-3.141067111837147398e-09
8.971964553865573104e-10
1.291523172673800904e-08
-2.429301254031170770e-08
2.017752908923455290e-08
-1.472954968524714669e-08
9.364460723402478042e-09
-5.104652962785797995e-09
2.321754879179680432e-09
-8.358272540044614265e-10
2.089070211915046791e-10
-1.817496845522179488e-11
-1.106079201743449073e-11
4.929962915812846431e-12
-1.872683675459639340e-13
-4.800196455302127413e-13
1.121173288251510133e-13
3.976371976414811939e-14
-1.971386628019589633e-14
-2.971247198473453987e-15
2.892237697235699112e-15
6.087254547470560828e-01
7.580495226186162493e-04
-1.300710728144282797e-06
2.811886632945686918e-09
-6.889259915419248437e-12
1.816515251330337722e-14
-5.015441609748023243e-17
1.397078382722008049e-19
1.495661379821993023e-20
-3.723266814093373634e-21
7.258857565253316046e-01
1.173701771888380901e-01
-8.331489935627250237e-03
-5.546500086963752386e-03
2.982526305898887051e-03
-7.936512851562649556e-04
6.954380552459996610e-05
5.027822083951015344e-05
-3.258508551230606510e-05
1.072097808619554079e-05
-1.644609315781768752e-06
-4.593531419433346170e-07
4.532960209727320852e-07
-1.846994785427138271e-07
4.061622093566520614e-08
2.404908976811054674e-09
-6.707198785578745213e-09
3.503590986137280325e-09
-9.758575972537794317e-10
8.761115487455571893e-01
3.811276408009938582e-02
-5.513171834426944078e-03
7.287451813461044096e-04
-8.517454796330257581e-05
8.245001937317896948e-06
-5.151001149147310398e-07
-2.506510191302805247e-08
1.698835269929016447e-08
-4.114185352336829074e-09
7.834477802053423697e-10
-1.321999192468598834e-10
2.057904702925821588e-11
-3.001732034348195427e-12
4.115549398685685459e-13
-5.262337069787698251e-14
6.116927633542167114e-15
-6.002767748467179686e-16
3.808805352677475296e-17
9.586659821445955298e-01
3.090538380483373940e-02
-1.154642723064497334e-02
4.308333222289157695e-03
-1.603925568551801528e-03
5.948880513808131381e-04
-2.193887283523418118e-04
8.025835666250252711e-05
-2.904750015767759816e-05
1.037207889948887606e-05
-3.643924213120872890e-06
1.256213723935723917e-06
-4.238322027997325607e-07
1.395366096999532448e-07
-4.465844890357441395e-08
1.381580242479623537e-08
-4.103394712435014918e-09
1.217436592004700747e-09
-2.963010303376062583e-10
9.905595809135755436e-01
9.418085991554246347e-03
2.228026171521540395e-05
5.270816792291841874e-08
1.246914778970029838e-10
2.947222435088534386e-13
8.763198055961853213e-16
-1.128708669082723679e-16
6.788453952018037269e-17
-3.693559333791490860e-17
1.828841192879952166e-17
-8.135970278374904563e-18
3.188401292702031579e-18
-1.063861340932857649e-18
2.817077935519104210e-19
-4.784785274028529387e-20
-1.398479320497163757e-21
4.534604962650462826e-21
-1.487540006469945163e-21
1.197793701779269915e+00
-2.819001613581879006e-04
2.480874469630732249e-07
-1.599866841404049264e-11
-1.148725490721728852e-12
5.841728183043433950e-15
-2.302544340964048568e-17
8.591911565392243664e-20
1.144446194505452630e-20
-8.562968354715031577e-21
1.143160767076367934e+00
-5.717662627923073004e-02
1.822840157897125113e-03
3.258972835177861068e-03
-1.277580136895510934e-03
1.969682926897024192e-04
4.089792603567381376e-05
-3.565866815072813443e-05
1.027158147659137657e-05
-2.691699055142069615e-07
-1.148153879124177952e-06
5.647839599241033306e-07
-1.126274365804579409e-07
-2.490729845267569036e-08
2.932589199449653511e-08
-1.165646261522769579e-08
1.722022092903822730e-09
1.178700405949421693e-09
-7.737832719733256654e-10
1.065628057809199891e+00
-2.090474758401823438e-02
3.035674898934696136e-03
-3.871992156705620475e-04
4.115412885401408726e-05
-3.116889709654041582e-06
9.970642912085359288e-09
5.847896072398212601e-08
-1.579892546075388889e-08
3.094729554460973447e-09
-5.237616229565497235e-10
8.046485493598391447e-11
-1.136817149012297363e-11
1.463813032864415361e-12
-1.650705744655146028e-13
1.424789040762060500e-14
-2.840401948700505891e-16
-2.821652812886012019e-16
8.617322883082105634e-17
1.021245736975635143e+00
-1.621395653440400875e-02
6.179418516025434946e-03
-2.349665612158302261e-03
8.898791934620676504e-04
-3.348816505777033980e-04
1.248441601160731908e-04
-4.594248342364919640e-05
1.662423587530505534e-05
-5.891150984317624323e-06
2.036151433055669111e-06
-6.834449197533588196e-07
2.216784418864610006e-07
-6.901932917625295144e-08
2.040740551674228176e-08
-5.611032777467811327e-09
1.359734355724967849e-09
-2.402751761359600359e-10
1.441154120054987608e-11
1.004753843472719232e+00
-4.753843472718947104e-03
-6.218233711089769130e-16
5.283351261718101899e-16
-4.198510528989459087e-16
3.114717546847506622e-16
-2.151595096343193307e-16
1.379134458519466074e-16
-8.164300459697240089e-17
4.435339400725956017e-17
-2.191630962554249091e-17
9.723467078648308895e-18
-3.796140206804801170e-18
1.259390149409375382e-18
-3.300057674914234551e-19
5.443034117391690448e-20
2.474981397528364437e-21
-5.528065225089545198e-21
1.753470317518591922e-21
8.321163224844143613e-01
