1.195918840197565530e-01
-2.601160174758416368e-05
2.207162145888162847e-09
-1.832886086232802056e-13
1.564155842221959151e-17
-1.133433576596519091e-21
-4.139230993395991402e-22
-1.690307879737945570e-22
1.668045338515944164e-22
-9.149500787288497940e-24
1.087285089485640344e-01
-1.365520671300870723e-02
-2.556172936133442250e-03
2.815718995609549054e-04
1.609656566026906904e-05
-3.841047957523834345e-06
9.898575494108244133e-09
4.185402544102467455e-08
-2.258802175815537184e-09
-3.569492087303300162e-10
4.516765844447855783e-11
1.734025108954845500e-12
-6.322825244740858482e-13
1.414425372022602872e-14
6.911703239709498111e-15
-5.616059679806198223e-16
-5.414212400379966723e-17
9.918128364374529937e-18
1.419624169500353666e-19
7.089789898912159105e-02
-2.151693973181557223e-02
5.739189636848940129e-04
1.570362871825041148e-04
-2.018501894462825956e-05
6.476765320927034743e-07
1.009228677349406342e-07
-1.554273530340366850e-08
7.895464742398518723e-10
4.492051017307007747e-11
-1.149340130178971292e-11
8.829051567356705866e-13
7.030883283027877095e-16
-7.830205465273733072e-15
8.904965661624464988e-16
-3.223352251404469709e-17
-4.357135895000916248e-18
8.148845027985264809e-19
-6.882585789558606736e-20
1.170200838267978355e-02
-1.953960323626624529e-02
1.170170185681455866e-02
-5.174263356893160984e-03
1.679278316053692960e-03
-3.549912063339561905e-04
8.069503438019855689e-06
3.521411111126285535e-05
-2.089842512487073014e-05
8.181768001348667166e-06
-2.507101231421356555e-06
5.986465908636976806e-07
-8.875936187408345413e-08
-9.802995915037561714e-09
1.477601489876587387e-08
-7.596893191252177076e-09
2.920146646352362482e-09
-9.806352124996783931e-10
2.459998941189477777e-10
7.559801782653812797e-06
-1.380506957486772017e-05
1.045741200875929343e-05
-6.464438111264933448e-06
3.145013444835861028e-06
-1.107408225697070484e-06
2.128660174667539625e-07
2.408179899345133910e-08
-2.746117268895670934e-08
3.475555793582569280e-09
2.659043098657436759e-09
-7.825257763441699254e-10
-2.980059619344288457e-10
1.275565392258332019e-10
4.459390776009278616e-11
-1.947039934755665180e-11
-9.042735366210029899e-12
2.439118603871033420e-12
1.888224669606949699e-12
8.551032778094426190e-01
1.853061698176913869e-05
-1.429635594843771596e-09
1.133510099467245366e-13
-9.213522823874181779e-18
7.189561238201998044e-22
2.403744948564420234e-22
1.475598844585709350e-23
-1.709216243256995983e-22
4.345968542651390898e-23
8.629420003501301339e-01
9.882920143062693535e-03
1.891142158650237649e-03
-1.850268172708785497e-04
-1.103218113222379010e-05
2.438959442617577556e-06
1.944606770486220748e-09
-2.601440804527625516e-08
1.240130613596082271e-09
2.214980432709215535e-10
-2.470692217248701151e-11
-1.208342759806258323e-12
3.395037889717931467e-13
-3.901450135156003058e-15
-3.685110623606891684e-15
2.397662824592268148e-16
3.020018125705135110e-17
-4.361405840622165686e-18
-1.325150504835652619e-19
8.913079996430876006e-01
1.669909654062882651e-02
-2.127783343101478984e-04
-1.129211621808356948e-04
1.308160933760339040e-05
-3.729311690544213345e-07
-6.999509222678112248e-08
1.008917367014219548e-08
-4.519908933892922116e-10
-3.653642558758306453e-11
7.540558458865081877e-12
-4.878693282206452182e-13
-1.157133577369386246e-14
5.370389397067942256e-15
-4.813265758160680267e-16
6.232012320273542347e-18
3.475854301718255318e-18
-4.396150356841807778e-19
2.299644095989337365e-20
9.548948659480821499e-01
3.208006894752760130e-02
-1.082244501072289825e-02
3.327303679558488245e-03
-8.658248854783828470e-04
1.540541665953794586e-04
6.558110316068951540e-06
-2.224131239065291611e-05
1.280025393793345165e-05
-5.174008593296862256e-06
1.653854479808056406e-06
-4.106526157449273583e-07
6.312220767054038209e-08
6.675482174099118071e-09
-1.052874274024109790e-08
5.444134716639159621e-09
-2.085868927535801601e-09
6.906043860480837089e-10
-1.699134862682873404e-10
9.893522915814905172e-01
1.061928899844736401e-02
2.834384960433225327e-05
7.516140731960680066e-08
5.443409745991946020e-10
-2.143458461871949094e-10
1.191440453088414952e-10
-5.733525012198067095e-11
2.322843748558511090e-11
-7.457208181585394120e-12
1.610989058437409099e-12
-5.779303222897965957e-14
-1.181819173477132356e-13
4.532492417358785117e-14
-2.182929921723309018e-15
-4.166881554043720026e-15
1.310512780031668192e-15
2.099689449761235279e-16
-1.967617184797852890e-16
1.074633784787563329e+00
-9.263289051536206675e-06
6.760738250117400734e-10
-5.026739081126714213e-14
3.814106887024385588e-18
-1.335817640999094012e-22
-4.927336217756123615e-23
-5.769506803375610917e-23
1.073311265747349047e-22
-5.419936285931298023e-23
1.070690618681299666e+00
-4.978436157153575022e-03
-9.620720030814486302e-04
8.916453604021457816e-05
5.599750618386249099e-06
-1.122374339784368419e-06
-6.384237718962500080e-09
1.151323813304830406e-08
-4.572083363896310581e-10
-9.641933383070816082e-11
9.203673364679832579e-12
5.708886634131240312e-13
-1.238501509349623959e-13
-1.427657313517772859e-16
1.330928529546500217e-15
-6.242119257978416565e-17
-1.140822085833928417e-17
1.209224848205329084e-18
6.478312744185401766e-20
1.056230912240904374e+00
-8.594049312030430446e-03
8.468385486613941348e-05
5.941643455385007243e-05
-6.378974655770842654e-06
1.350894979203620478e-07
3.733516915711632741e-08
-4.641065514393751841e-09
1.576418247110902895e-10
2.105929175420506577e-11
-3.346474857206360691e-12
1.685806624246529322e-13
9.865913474551921856e-15
-2.389524377956284469e-15
1.665158088753078256e-16
2.475389542921967749e-18
-1.654062347922130641e-18
1.533398356702119090e-19
-4.793182062171776120e-21
1.023129149150477257e+00
-1.671266745715017932e-02
5.692518949267030143e-03
-1.750385739350316132e-03
4.478128477472243223e-04
-7.384102632998559574e-05
-7.449760418328080855e-06
1.326787516997960597e-05
-7.144330369115084552e-06
2.750279622581449300e-06
-8.272815775840923046e-07
1.842884431518659478e-07
-1.878506314599591172e-08
-8.431881605204546937e-09
6.775182334694487382e-09
-3.020010864071361367e-09
1.040945163974332310e-09
-3.012642408849794640e-10
6.382829227065416567e-11
1.005366673303746072e+00
-5.366673076032886340e-03
-4.137369316143890494e-10
3.227335131210660368e-10
-2.265171139518195322e-10
1.420147671319210661e-10
-7.863809938391429117e-11
3.777284651808224023e-11
-1.525960085724330539e-11
4.874641099384857672e-12
-1.040422101753082812e-12
3.027866484285409122e-14
7.948703575965599464e-14
-2.972725232974717717e-14
1.206745388906285945e-15
2.808625246571016604e-15
-8.554570044705545715e-16
-1.474770672078025855e-16
1.311602532188618251e-16
9.278044941163152703e-01
