1.719820186574499843e+01
1.582047131371195903e+01
1.467946574034724527e+01
1.371561299002515177e+01
1.288923564416491629e+01
1.216057136335543731e+01
1.152983286362660564e+01
1.095715227426332916e+01
1.042264712633694579e+01
9.946435322377674026e+00
9.528592606649937125e+00
9.129152671081582682e+00
8.748158108326542504e+00
8.405639966530747742e+00
8.081593579904088998e+00
7.776004167439072745e+00
7.488834002404665569e+00
7.220017455584588184e+00
6.969452892083881856e+00
6.716989554416239017e+00
6.482407414951168789e+00
6.265378565301202407e+00
6.065409567749714626e+00
5.861745633334647820e+00
5.673260073908886980e+00
5.498660650407815709e+00
