3.048330435893792552e-03
6.025092820245650169e-03
8.913216810709351928e-03
1.172197628035804261e-02
1.443319647292918943e-02
1.705177930706478634e-02
1.957117665699212652e-02
2.200837985702217350e-02
2.434366135619308452e-02
2.653059300696872930e-02
2.866610933029495323e-02
3.065643660858065334e-02
3.253401422146852406e-02
3.437073145946390601e-02
3.601558258057242085e-02
3.762742924600469968e-02
3.911959715452116570e-02
4.046221747010450565e-02
4.180930995016185481e-02
4.306534236176149527e-02
4.421201888789082213e-02
4.534266899220831815e-02
4.633362716384887420e-02
4.741489833062818154e-02
4.833071830935726371e-02
4.933451807657487920e-02
5.013953925373292736e-02
5.102327247774447044e-02
5.183107143294422153e-02
5.271652142327820645e-02
5.350976335670326600e-02
5.437616250823090053e-02
5.513093878573077644e-02
5.595173672381562047e-02
5.684114996575920925e-02
5.759252002749094823e-02
5.840289176395246223e-02
5.905177636879520991e-02
5.992021070574140434e-02
6.070109908689456241e-02
6.147347036895391831e-02
6.226422597397511527e-02
6.303963712518981244e-02
6.382809863372383707e-02
6.459403197283844489e-02
6.536738089268730179e-02
6.618139528901736957e-02
6.696417894394127157e-02
6.774806033922288473e-02
6.856873552345355005e-02
6.934907551179614327e-02
7.016346587311604599e-02
7.097175530400898213e-02
7.177165133467629243e-02
7.260302721163534867e-02
7.342309136990625429e-02
7.422949114194624110e-02
7.506465547686004547e-02
7.588314549024424704e-02
7.672910348943029479e-02
7.755532533566923681e-02
7.835940969399549094e-02
7.923719546279658910e-02
8.009147136308400472e-02
8.091977239119510501e-02
8.177142770852457998e-02
8.264660033319566612e-02
8.349191300792419002e-02
8.435930179824882580e-02
8.519363707336749525e-02
8.610472420877861299e-02
8.698128159051471409e-02
8.782080415572134091e-02
8.873835835317836485e-02
8.961737146563186762e-02
9.045534976284956563e-02
9.137255269991022277e-02
9.224719424615218655e-02
9.313987789674318951e-02
9.405069011559569203e-02
9.491488224007602059e-02
9.579564400598687690e-02
9.669302449353378570e-02
9.760707540296915952e-02
9.853784996787853800e-02
9.941634068392972423e-02
1.003099344953064104e-01
1.012186347133634118e-01
1.020709925672804858e-01
1.030090405869337616e-01
1.038890864662724289e-01
1.047825145237615413e-01
1.056892493796605242e-01
1.065338632090085114e-01
1.073900695004456896e-01
1.082577114276413732e-01
1.091366099124453370e-01
1.100265604118195878e-01
1.108484871352152096e-01
1.116795825911174322e-01
1.125195220547865194e-01
1.133679407411830875e-01
1.141431259183472158e-01
1.149247246129275341e-01
1.157122129221202639e-01
1.165050106526067802e-01
1.172191095143306772e-01
1.179361886031490420e-01
1.186554724535591465e-01
1.192915718917142154e-01
1.200122333613063003e-01
1.206470735608061590e-01
1.211941179644289990e-01
1.217372423591067537e-01
1.222752868025244882e-01
1.228070383218837353e-01
1.232451762557996433e-01
1.236742564578306169e-01
1.240929703099659109e-01
1.244139375994398056e-01
1.247219481571965050e-01
1.250156888925566534e-01
1.252082309998532872e-01
1.253842685944038249e-01
1.255425623319351702e-01
1.255971227415961511e-01
1.256321819385935734e-01
1.255627082225250768e-01
1.255558204885185158e-01
1.254431679246837406e-01
1.253076723642635448e-01
1.250665289371364619e-01
1.248018814672234439e-01
1.245129304218826199e-01
1.241989574825237558e-01
1.237801547576782846e-01
1.234150513705979668e-01
1.229456721294327065e-01
1.223740979413360103e-01
1.218548641304671581e-01
1.213104306450642350e-01
1.206666006514898887e-01
1.199999737414095546e-01
1.193111634406990029e-01
1.186009146538771347e-01
1.178700836453771411e-01
1.171196170349698140e-01
1.163505314346220676e-01
1.154955491637100484e-01
1.146933255633778570e-01
1.138757807372850761e-01
1.129783576294482034e-01
1.121344566578574425e-01
1.112147515904047118e-01
1.103491128619934758e-01
1.094739362913887681e-01
1.085904027228192653e-01
1.076997031857674092e-01
1.068030397332032644e-01
1.059016252681321962e-01
1.049966821422491370e-01
1.040894394958313124e-01
1.031811294634022991e-01
1.023288053462782649e-01
1.014763889446959333e-01
1.005707045884800532e-01
9.972248861491504746e-02
9.893085481446661777e-02
9.809023559862997677e-02
9.730722599129928985e-02
9.647879465029439439e-02
9.570889808186547332e-02
9.494685367371893947e-02
9.424303830362809609e-02
9.349912853590418294e-02
9.281427453928485505e-02
9.214002627068064444e-02
9.152457865247767832e-02
9.087361460581470929e-02
9.028214575506160466e-02
8.970360568573861049e-02
8.918433162342681575e-02
8.863334747462307817e-02
8.814218106631774297e-02
8.771038860844700136e-02
8.724905997035262151e-02
8.684758167053190092e-02
8.646188315016783976e-02
8.609241941226694617e-02
8.578280865029715152e-02
8.548975814202236512e-02
8.521361452424595917e-02
8.499734357260166351e-02
8.479822391286637173e-02
8.461649389025806267e-02
8.449466776498090748e-02
8.439039291807770571e-02
8.430379948964630832e-02
8.427714937616188895e-02
8.422608687977727049e-02
