9.200483438705668870e-01
-2.469217483833760496e-03
-1.852566955628913430e-06
5.493238484660233205e-09
2.150123478181936703e-11
-1.060947647469672222e-13
2.135334934678304720e-16
3.551182089756842964e-19
1.429951492590815661e-18
-8.541940870260683778e-19
4.196575386553901832e-01
-4.750894305732527023e-01
9.023132665397828878e-02
3.917039593578158091e-02
-3.021729565717738708e-02
4.145671153299141688e-03
4.351451068582065478e-03
-2.496225723410508499e-03
-3.054846586167587763e-06
5.838847498473629218e-04
-2.447699570210267036e-04
-3.538264562321199102e-05
7.430889293661475275e-05
-2.371214290852114353e-05
-7.763342439959709676e-06
9.389565856271459322e-06
-2.471028415006742792e-06
-1.470794996105864105e-06
1.128419757056827924e-06
1.763612199785097312e-02
-2.153947518845850118e-02
8.046673545697683935e-03
-2.238770502186223765e-03
5.149532078386747248e-04
-1.042860861066150402e-04
1.930065403788156707e-05
-3.320806152097031343e-06
5.302084735388054405e-07
-7.652522442925230011e-08
9.203862081118168132e-09
-6.394566727263669666e-10
-9.756473954005597181e-11
5.957130733017382592e-11
-1.855543602812950827e-11
4.707972703111033681e-12
-1.068442129089675919e-12
2.319380913019470414e-13
-4.366464710469663780e-14
2.827284018844706832e-04
-5.387605196675586579e-04
4.664228749628590294e-04
-3.678839625673030467e-04
2.654411610071679339e-04
-1.761239803298620277e-04
1.081060656417976459e-04
-6.178329200932847546e-05
3.309823193482317475e-05
-1.673543426666428336e-05
8.041800216621732098e-06
-3.697443202967316888e-06
1.637339288143452210e-06
-7.027545326412482961e-07
2.941595745213810439e-07
-1.210326778006588617e-07
4.995637803143161475e-08
-2.281403535210308903e-08
7.793277314390361611e-09
-3.939939099345714576e-10
7.574250481538855013e-10
-6.723814644510341626e-10
5.505286965912152270e-10
-4.147960435526633314e-10
2.865911288095571880e-10
-1.806650371901240574e-10
1.031667543520092602e-10
-5.280994007242616440e-11
2.385159958495883172e-11
-9.261722641981850501e-12
2.946093958807544794e-12
-6.836349034764320950e-13
6.723346526259342635e-14
2.773315092822519988e-14
-1.541094047530499515e-14
2.597819529196661686e-15
7.195030902909334720e-16
-4.417024910808944553e-16
3.995225250875175660e-01
1.968450550633609950e-03
-2.224237703580444887e-06
1.661166724078953985e-09
-6.710416873743736620e-12
2.789256918385348110e-14
-6.183949400490435558e-17
2.821017210275576670e-19
2.593149535172717966e-18
-1.705980149886447552e-18
6.597713882946460995e-01
2.351101559371524541e-01
-4.749918199547529390e-02
-8.930653186265607307e-03
1.221792909407060264e-02
-4.345617805063168443e-03
-1.809795892966633093e-04
8.470845811439932892e-04
-2.887588421716646698e-04
-6.558563550857350296e-05
8.756407850158766696e-05
-1.810804935865757603e-05
-1.411571047226837147e-05
1.024055742245391031e-05
-6.416356570299987196e-07
-2.430670285256159672e-06
1.246302431748233185e-06
2.463512055922331640e-07
-3.648612046601318181e-07
8.895921663774664090e-01
3.587386868274355933e-02
-5.857365764547276844e-03
9.661710173922418788e-04
-1.618959019639318547e-04
2.763725731839071601e-05
-4.795317400899222962e-06
8.390277361291559635e-07
-1.462799586949406543e-07
2.504200418596807356e-08
-4.133230744177278423e-09
6.401488174375104984e-10
-8.825239089105292961e-11
9.292233331074641732e-12
-1.462188712431738987e-13
-3.099090083002435565e-13
1.268003473275709637e-13
-3.917919973559525842e-14
9.299589471968105613e-15
9.638382636902819156e-01
2.712415599455091086e-02
-1.017265900447283412e-02
3.815192674728188921e-03
-1.430890214189077915e-03
5.366755653182836341e-04
-2.013015281274277792e-04
7.551548370910007510e-05
-2.833460745956400430e-05
1.063529188746975299e-05
-3.994085499933780587e-06
1.501193504646459850e-06
-5.648828811546338402e-07
2.129035747681579820e-07
-8.043766064640085168e-08
3.054826907636688218e-08
-1.184479369087917563e-08
5.147382427710080685e-09
-1.713884016457485702e-09
9.917652204428496487e-01
8.217789932826383495e-03
1.695457210035341970e-05
3.497990548043543899e-08
7.216895691236049215e-11
1.488959217909825727e-13
3.070380378084507414e-16
7.529565188192197447e-19
-8.532284932981554699e-20
6.018907171232598832e-20
-4.011957693583601905e-20
2.552686384747576083e-20
-1.523744962899416509e-20
8.528926664321605777e-21
-4.663251812361446415e-21
2.467891359849767458e-21
-1.130241309619028642e-21
5.484828350740981172e-22
-2.151072670873181479e-22
1.187988600289550334e+00
-2.049388568754867120e-04
1.017752042740512744e-06
-4.748214548267831983e-09
1.147402652446298100e-11
-2.381905908807078102e-14
8.794267543101616157e-17
-3.560547434687348698e-19
3.937743247588326953e-20
2.225270802581269457e-19
1.139067297357817088e+00
-5.733477541202997713e-02
-4.207559024892426267e-03
5.574696321041423992e-03
2.125583246148406299e-04
-1.208147546558479592e-03
1.826521569778364901e-04
3.203794975747330199e-04
-1.929932144815283497e-04
-5.970671963762505314e-06
5.677145137371972797e-05
-2.456111317668133862e-05
-3.757833504584075201e-06
8.039030232935770662e-06
-2.558761855796613076e-06
-9.914439395376395362e-07
1.076343943388070287e-06
-5.707263100759064184e-08
-2.007634893446984527e-07
1.058498839094657251e+00
-1.994600542885938826e-02
3.353258906744373182e-03
-5.467218227163105635e-04
8.412119539407054199e-05
-1.164143547689927242e-05
1.289033216236189700e-06
-5.914550214588244544e-08
-2.382833514970156331e-08
1.068551069876961688e-08
-3.021528620157094484e-09
7.149462356830683548e-10
-1.515663461329354438e-10
2.942683197451911692e-11
-5.238120336127476832e-12
8.390213827176896063e-13
-1.137885584280761729e-13
9.830483489286128715e-15
4.881667940372283851e-16
1.018529743851381175e+00
-1.415538817494278213e-02
5.406795738196946977e-03
-2.065141956237376113e-03
7.887562428688718727e-04
-3.012327054255849895e-04
1.150266399087411550e-04
-4.391188917274437231e-05
1.675612941310854922e-05
-6.389283459140343403e-06
2.433559308990725806e-06
-9.253371100867207136e-07
3.509978131707206162e-07
-1.326941418101423253e-07
4.994767341109001388e-08
-1.872354637298246183e-08
7.068517455194582911e-09
-2.936450272494333660e-09
9.458402845229000494e-10
1.004143388710218021e+00
-4.143388710218051489e-03
-2.855050963781090377e-19
2.576178220238611829e-19
-2.229915302706909903e-19
1.850780538010483911e-19
-1.472024466666816471e-19
1.121078133460193801e-19
-8.167777941780796038e-20
5.686090760839202689e-20
-3.777041022977319213e-20
2.389859501532958718e-20
-1.437380562061704382e-20
8.197330201550366391e-21
-4.421104102052564139e-21
2.253067396990642781e-21
-1.097428083713707277e-21
5.482946476837701594e-22
-1.886209367352455647e-22
4.599999999999999645e-01
