8.275466665623602003e-01
-3.516672581746076425e-03
2.213614262633219526e-06
9.469775369242576976e-09
-2.713644855776663740e-11
-2.126650428782027039e-14
3.612287452632870443e-16
-2.777587799866992371e-18
4.994719680967340777e-20
4.467499003250884255e-19
3.623353607781344410e-01
-4.115189157419963939e-01
9.701551773884484198e-02
1.745969551558515867e-02
-2.350081706826121636e-02
8.037701675953684913e-03
2.430072263222861340e-04
-1.482608197344799416e-03
6.114605212030041264e-04
7.497378497913579905e-06
-1.252396553709987604e-04
5.790192119629510774e-05
-1.954253818061809317e-06
-1.116603152014709606e-05
5.887121681056141464e-06
-5.591465576405612334e-07
-8.975043622406006919e-07
4.848170378476206505e-07
-7.567602983440099416e-08
1.848454491929502064e-02
-2.108858577984883478e-02
7.231807118938233213e-03
-1.846442926116817571e-03
3.918908144470428919e-04
-7.378759248547813604e-05
1.278958325715112767e-05
-2.072235971189656158e-06
3.126092653958627789e-07
-4.271414048270261576e-08
4.876981661822562817e-09
-3.274367586941127508e-10
-4.328535897191862970e-11
2.577538466482528694e-11
-7.615721575628119161e-12
1.826793878757490904e-12
-3.915567664174701275e-13
8.001890607085348357e-14
-1.430318346771899212e-14
3.982103799465658788e-04
-7.544387638077289411e-04
6.421302572062230962e-04
-4.928668578462070543e-04
3.430388527871829833e-04
-2.179920492210198069e-04
1.274534458924794344e-04
-6.912126592148089830e-05
3.506279577479933830e-05
-1.677657510997354986e-05
7.634546558216189949e-06
-3.331066943461721270e-06
1.404179151750826424e-06
-5.759430671914480966e-07
2.313767375815615389e-07
-9.174645501955737126e-08
3.660523812462847623e-08
-1.618503899754346039e-08
5.429856194873945337e-09
-3.098255396874071946e-10
5.933145969244406459e-10
-5.205428248810158741e-10
4.177463279845320635e-10
-3.057200251794060788e-10
2.030647259901651284e-10
-1.215628719795518838e-10
6.491024697527189350e-11
-3.042692451001878284e-11
1.219714068292274101e-11
-3.981157692567608376e-12
9.402669428011669323e-13
-9.185163496950908423e-14
-3.977688626488402487e-14
2.138244386580984511e-14
-3.096002636065998921e-15
-1.149721894014246442e-15
5.483432274511724314e-16
-1.811149496002613957e-17
4.855083510478738762e-01
2.064883125847726333e-03
-3.704777826347624770e-06
4.032027131732454538e-09
-2.488376204493472252e-12
1.579760915704342909e-14
-1.059806440060582159e-16
9.843901267986093570e-20
-2.679057471067785016e-19
1.459558728167592699e-19
7.127894605788868132e-01
1.989088751244960374e-01
-4.342908776621495076e-02
-3.845312776198481393e-03
8.938226280704500079e-03
-4.240758137247462381e-03
7.496105246071912932e-04
3.307720805061468441e-04
-2.880925205012803067e-04
7.799873423594166661e-05
1.591487193515538843e-05
-2.181151317908120498e-05
6.839994028683357052e-06
1.241407358194749493e-06
-1.987521992300527050e-06
6.811628930701384625e-07
8.007967859964464969e-08
-1.841538331124260996e-07
7.083334861834417766e-08
9.065863549832963164e-01
3.058835105743297478e-02
-5.017348793123456267e-03
8.252395524605707442e-04
-1.360590420840475433e-04
2.243093544866220663e-05
-3.680005149261566594e-06
5.966380216903831989e-07
-9.471853341102058304e-08
1.453558996363231311e-08
-2.112082472304585624e-09
2.790342296909746198e-10
-3.012600793380872914e-11
1.492269956035851741e-12
4.825520184786542172e-13
-2.262109872486053695e-13
6.574909878893723754e-14
-1.685527259721261302e-14
3.567132118766672434e-15
9.695655180266486983e-01
2.289527289797890774e-02
-8.611864562531332604e-03
3.239310127840601405e-03
-1.218472944219517852e-03
4.583471417193575028e-04
-1.724251365746575654e-04
6.487136371161286610e-05
-2.441066262889936717e-05
9.187932258790022195e-06
-3.459512674667160523e-06
1.303244205580996861e-06
-4.912583198949931801e-07
1.853269276582789629e-07
-6.999787431017679033e-08
2.652760863455053548e-08
-1.023632411553961572e-08
4.411353448306572622e-09
-1.459909715388219280e-09
9.930894720785120589e-01
6.898568724852779249e-03
1.193850033124759171e-05
2.066048710167667439e-08
3.575455161610385899e-11
6.187604936314639561e-14
1.070302498930612417e-16
2.227909967542044992e-19
-2.599171411847928393e-20
1.765743155264069630e-20
-1.119419617561158102e-20
6.667743494966109478e-21
-3.760756786099841588e-21
1.984545708301356212e-21
-9.857925961119061022e-22
4.605301149824207568e-22
-2.020248083992840680e-22
7.489057552936447034e-23
-2.526840128992199773e-23
1.176929337602933501e+00
-2.101161985044925663e-04
4.329480415637281236e-07
-3.652919820995345046e-09
1.684072332812510457e-11
-4.807430424624363079e-14
9.797768526215158304e-17
-4.330558912721406933e-19
1.948134229525965980e-19
-8.958831706351364644e-20
1.123161523801908590e+00
-5.866156111358472591e-02
7.969752193704096469e-04
5.181138683723822413e-03
-1.386547551214289834e-03
-4.053598821268314801e-04
3.498066147345822263e-04
-1.855849419115193321e-05
-7.998924717125608763e-05
4.123168977892789015e-05
2.060876935639925041e-07
-1.048817594644310962e-05
5.430858733103371137e-06
-3.340452730303499404e-07
-1.106818361158942918e-06
6.657172419829011667e-07
-1.020903525906510454e-07
-1.159993785156790846e-07
7.222124664090000280e-08
1.048998269753501855e+00
-1.666287254394411069e-02
2.783605514550552100e-03
-4.491413772176747004e-04
6.835626024579775201e-05
-9.465319165493718345e-06
1.106309751719983307e-06
-8.287478567539273878e-08
-6.079072393384448638e-09
4.616699749450167581e-09
-1.375562921844174706e-09
3.230693197202310481e-10
-6.678499510333148837e-11
1.257506836503040317e-11
-2.173794749935322479e-12
3.413459030639474796e-13
-4.676107748388918782e-14
4.793244298778825745e-15
-1.399928931974796817e-16
1.015532305145377734e+00
-1.186543268745945089e-02
4.532010611230899606e-03
-1.730920243338057328e-03
6.610290771735355094e-04
-2.523963130444212234e-04
9.633842991073323172e-05
-3.675084240126354467e-05
1.400658051813491003e-05
-5.330601671337090388e-06
2.024455224793046505e-06
-7.665799764758795128e-07
2.891178666862169383e-07
-1.084782646899226608e-07
4.044250571946806282e-08
-1.498101112959861228e-08
5.571928981489812890e-09
-2.270999532600118065e-09
7.220826452686590067e-10
1.003473163577826677e+00
-3.473163577826665020e-03
-2.032057001868139532e-19
1.814369886900470311e-19
-1.547319243062141800e-19
1.259596684269303799e-19
-9.779685067438538532e-20
7.234467003477271796e-20
-5.092237839740430754e-20
3.405065749006274462e-20
-2.158658724116536308e-20
1.294207596295006798e-20
-7.315374872466931564e-21
3.883036969698119883e-21
-1.925879282358321668e-21
8.874094173078665580e-22
-3.799718303797134829e-22
1.601116425930880176e-22
-4.877984340422686484e-23
5.949999999999999734e-01
