9.394207367769312755e-01
-6.802003499008994324e-04
-1.139148883038059524e-06
-5.430126669084834664e-10
1.701914396527545145e-12
1.206517741091458228e-15
-3.856472192198575585e-18
-6.827330725094361486e-19
2.388214646352917910e-19
2.301133576474415475e-19
5.288225804302384425e-01
-4.807749431376526217e-01
-1.183326639292903160e-02
6.768802598468123821e-02
-3.491801222307726153e-03
-1.302760039964760176e-02
2.029433726585408784e-03
2.736965897746529517e-03
-8.272151644951131286e-04
-5.353575722074277931e-04
2.701594963145089812e-04
9.270697173489013464e-05
-7.900253608977169566e-05
-1.188633428819796250e-05
2.144206744246696792e-05
1.183090015425814278e-07
-5.818256901040862659e-06
3.895812304422759639e-07
1.303889588473575537e-06
3.046929704804764508e-02
-3.906120702261442479e-02
1.554634517929660668e-02
-4.602413386053920245e-03
1.114574539813941497e-03
-2.324989275943101284e-04
4.252817327556659413e-05
-6.644920430793006961e-06
7.680428099386999771e-07
-9.113316311215262346e-09
-3.192933255208054472e-08
1.360782582334253318e-08
-4.119113805862451748e-09
1.058311978947689330e-09
-2.414725465422498789e-10
4.919287633693659651e-11
-8.699608909369608990e-12
1.188332223978498100e-12
-7.817348573143486710e-14
3.806578663697853860e-04
-7.282252368617915615e-04
6.377881699494117752e-04
-5.125354716421802242e-04
3.791737419207057082e-04
-2.593441166838458562e-04
1.648098580155968047e-04
-9.784144557971792566e-05
5.457315393343207578e-05
-2.876846627399890329e-05
1.441842388215293086e-05
-6.911238040225604608e-06
3.186755077196332620e-06
-1.421518766894615404e-06
6.169607194637903504e-07
-2.625901101591137093e-07
1.119331693208663025e-07
-5.274811934276984694e-08
1.833594102763449682e-08
-8.421309328100252608e-10
1.623110603487015004e-09
-1.452152400998677213e-09
1.204861480307792345e-09
-9.253614233781906448e-10
6.560152088619421020e-10
-4.275708351542970503e-10
2.547804745595422155e-10
-1.377113155218040370e-10
6.675248201676939406e-11
-2.851691700430174259e-11
1.042991487479982867e-11
-3.087316373401090313e-12
6.386319301020196013e-13
-3.395013707637807179e-14
-3.727000281721855657e-14
1.597042089782198060e-14
-1.494417117539498720e-15
-9.106611525056270239e-16
4.157116968627507236e-01
8.798243358314725192e-04
-1.234720559893626162e-07
-5.905583215201187170e-11
-3.080379662025720521e-13
-3.104967467398991002e-17
7.575317133061815223e-19
-1.876613623397154228e-18
4.393906400306100807e-19
5.786679052605709888e-19
6.296094001581159505e-01
2.228758998517859080e-01
-1.720673843280308424e-02
-2.198620861628092921e-02
8.008445962702224682e-03
1.871584614586121065e-03
-1.573962211787968820e-03
-2.407149168875609652e-04
3.719702736493140423e-04
2.027665176073263067e-05
-9.301138730209140685e-05
5.196670702473885676e-06
2.302980122167059282e-05
-3.997989261597231490e-06
-5.515762318899174268e-06
1.619087661522553379e-06
1.331712346911875005e-06
-3.814760046158608828e-07
-2.785685997555678802e-07
8.716058317303152503e-01
4.158688812245010108e-02
-6.875949211227118385e-03
1.189081988920052870e-03
-2.204072033389203736e-04
4.396226997584140280e-05
-9.192037446175322195e-06
1.930608152849500057e-06
-3.899903600117186437e-07
7.240320238002519117e-08
-1.147274467781480512e-08
1.223481595792583338e-09
7.199104401538590519e-11
-9.721055929873070683e-11
3.899104745181127481e-11
-1.195834472818035599e-11
3.174187771981427463e-12
-7.850346038399179760e-13
1.606324268655657240e-13
9.577634506372575407e-01
3.158222557877323616e-02
-1.180783278582797115e-02
4.414746975299695814e-03
-1.650665285661298597e-03
6.172318910454256896e-04
-2.308387162827318863e-04
8.635789365162245600e-05
-3.232466799979366768e-05
1.211086752133500045e-05
-4.544513254854175420e-06
1.709433147210680343e-06
-6.453553204329740401e-07
2.449286944215035899e-07
-9.366993292353768683e-08
3.627769265641326807e-08
-1.450514549509957848e-08
6.593164725992006136e-09
-2.263095421098575718e-09
9.903523088028927113e-01
9.624364076616136882e-03
2.327071792401732948e-05
5.626619155343387130e-08
1.360458361889484325e-10
3.289459743137339020e-13
7.943891682603750675e-16
2.672048329661115214e-18
-5.529122778024663623e-19
3.992902318569163563e-19
-2.729147079567126464e-19
1.779790409935786055e-19
-1.116395948226375100e-19
6.684856921650964246e-20
-3.779107518899404555e-20
2.010560188362596286e-20
-1.062983869533215247e-20
6.080232894684659941e-21
-2.124230412979445134e-21
1.110315342691492901e+00
8.586594034419147564e-05
1.323054581873509424e-07
-2.026507877580784496e-10
-9.612706513833632190e-14
-1.334028341536830425e-16
-5.030572343758899720e-19
1.266645394054295624e-18
6.205740022602574928e-20
-6.086530846422409067e-19
1.115470786621468591e+00
-5.248969478925352532e-03
-1.543395205918334477e-02
-2.251453916955298198e-03
3.934297787123278677e-03
2.660171057470103349e-04
-1.001737198996853007e-03
3.193712626948566060e-05
2.532773338682699389e-04
-3.787607245277756375e-05
-6.061248424296630420e-05
1.701327924370835121e-05
1.374271647778786526e-05
-6.127927592614820931e-06
-2.853758521270021703e-06
1.909274698684642324e-06
5.331172220009435218e-07
-3.941355775956185904e-07
-8.608621036721316279e-08
1.068449349810459914e+00
-2.312469397246151234e-02
3.760382979344567729e-03
-5.533622093161239550e-04
6.163312865812822967e-05
-3.028445404514954362e-07
-2.711971985654180438e-06
1.124309797655105703e-06
-3.324976988198764425e-07
8.283690455906387232e-08
-1.807885672541896403e-08
3.435086517454935015e-09
-5.340194792782718277e-10
5.080912479060102684e-11
5.944350793230547200e-12
-5.211299473005345555e-12
1.943260926919446025e-12
-5.983770981938736123e-13
1.420899416191312919e-13
1.021731179710446913e+00
-1.660100612922937521e-02
6.340883845790097964e-03
-2.421883151313268014e-03
9.249776211460810802e-04
-3.532304224493650990e-04
1.348609546920353261e-04
-5.146736835907022293e-05
1.962704141078882013e-05
-7.475308813842297102e-06
2.841231476469287003e-06
-1.076388144530072116e-06
4.057567019950818117e-07
-1.518201286954606431e-07
5.619051095367520861e-08
-2.048434574416217963e-08
7.367101084606504496e-09
-2.809366043541139034e-09
8.429756614974205790e-10
1.004859263340051045e+00
-4.859263340051070586e-03
-1.182023264603341618e-18
1.073995012389448746e-18
-9.388017905151650836e-19
7.891891230137538012e-19
-6.376944910746913361e-19
4.949962811417882557e-19
-3.688249057277559650e-19
2.635532511964983628e-19
-1.804122940898541207e-19
1.181518780270563859e-19
-7.391301528319625640e-20
4.409389359934491224e-20
-2.505481116387094828e-20
1.358845506877382757e-20
-7.154680815565544467e-21
3.926389297318891269e-21
-1.431001328740721108e-21
3.049999999999999378e-01
