4.801264567655082471e-01
-1.361477343530341153e-03
1.640349146291974342e-06
-1.759910949600953254e-09
1.573834470887159371e-12
-9.025189525648040474e-16
-1.520594027624769582e-18
4.734173645655610767e-19
1.931223355386127731e-19
8.075347428567436713e-20
2.629433106087670224e-01
-2.129660499709160326e-01
2.357670370351598252e-02
1.273600863969331053e-02
-7.060820378274280593e-03
1.362775511910842589e-03
1.924045843213803943e-04
-2.029312389934141963e-04
5.338619836214954825e-05
1.224659687734893076e-06
-5.700399048647439399e-06
1.824809531855729473e-06
-4.251082133843596649e-08
-1.720733174241593387e-07
6.184243069096071135e-08
-2.450108256062423450e-09
-5.727474704792096056e-09
1.947968545090789149e-09
-7.353552851951446952e-11
3.722385128293415057e-02
-3.306057247390881831e-02
8.460024929075783337e-03
-1.601384411346806627e-03
2.493940407440536976e-04
-3.302935273258214132e-05
3.542270855572494533e-06
-2.213535988062746042e-07
-2.481362521417001353e-08
1.336388519164831260e-08
-3.422551152348981067e-09
6.907274429683954511e-10
-1.199258390361854053e-10
1.820377049049236138e-11
-2.350837950441090967e-12
2.289656845712180208e-13
-6.340616999684698431e-15
-4.695013311322617543e-15
1.515826257628236543e-15
1.712079500306982723e-03
-3.166879286158236478e-03
2.515216151413665266e-03
-1.733133576686003621e-03
1.050550584622164402e-03
-5.688774938591138362e-04
2.795707132148670293e-04
-1.266512056825750342e-04
5.369359645769587199e-05
-2.160817756131710741e-05
8.362252680494082624e-06
-3.146745369616050470e-06
1.161501226214674166e-06
-4.230672111112232447e-07
1.525863048270605505e-07
-5.460945231000543086e-08
1.958219164726340393e-08
-7.650693633069680090e-09
2.365513007724950568e-09
3.784896595785628704e-09
-7.139265384337474563e-09
5.981191283602212765e-09
-4.432703477839329792e-09
2.883423430578217998e-09
-1.624884417102657340e-09
7.759362238007534928e-10
-3.015876618116988962e-10
8.732347823820018295e-11
-1.386866062587001584e-11
-1.873773771195869630e-12
1.781477014979566470e-12
-3.179907014915598135e-13
-1.031249680259243125e-13
5.587266995702541850e-14
1.977233247819310967e-15
-7.188387021664108968e-15
4.477127788660322927e-16
8.929087887063043725e-16
7.032668907605789110e-01
5.784204014004379075e-04
-7.364259384541707213e-07
9.245166458787567444e-10
-1.076873798303969761e-12
1.110981152819239336e-15
-7.389799596141421351e-19
-1.562076116769469681e-20
3.057043352198975668e-19
-2.038995958896040575e-19
7.983835595339661140e-01
9.528774212872964666e-02
-7.554724801244546047e-03
-5.123835138938892704e-03
2.730977423014075041e-03
-5.895348370685738089e-04
-3.991558958846656971e-05
7.617685947608365707e-05
-2.568193079399754214e-05
1.997569789132748421e-06
1.917584282330650340e-06
-9.281717517963029576e-07
1.425618708728349816e-07
4.535609048913534995e-08
-3.131198884703446816e-08
6.347737263654598549e-09
1.046013650862907489e-09
-1.015050153094455138e-09
2.429643245347167370e-10
9.151608998599704003e-01
2.714052497034130998e-02
-4.175482477895079737e-03
6.053915951051807827e-04
-8.095599763053272242e-05
9.653561568213421515e-06
-9.412194123301851868e-07
4.918111904648169102e-08
8.150424445069476467e-09
-3.695139368639733336e-09
9.243312846156766757e-10
-1.895426442114217295e-10
3.450384971574135658e-11
-5.696913630870033780e-12
8.493045003934707925e-13
-1.106014834918722759e-13
1.127134871710843416e-14
-3.878601748486893032e-16
-1.739914293828011265e-16
9.722111281062718602e-01
2.092839404389238919e-02
-7.878542229747521886e-03
2.964208134441691147e-03
-1.114090268676684939e-03
4.179945005415011336e-04
-1.563968825585742889e-04
5.828337078332983847e-05
-2.160130378305546883e-05
7.949581609046625535e-06
-2.900334053657478160e-06
1.047477890077965971e-06
-3.739863300667950633e-07
1.318458200444548140e-07
-4.584741431204697067e-08
1.571875764554805075e-08
-5.351634161476114948e-09
1.958089992480475565e-09
-5.774520385306718353e-10
9.936976691280402507e-01
6.292385351776201216e-03
9.929825455171600301e-06
1.566996105219951529e-08
2.472832094882539377e-11
3.900550079838882883e-14
7.389710270857426307e-17
-7.989428382532014498e-18
4.931225154154971573e-18
-2.778115116699781205e-18
1.436114999925131211e-18
-6.744704709571546915e-19
2.837149436611740256e-19
-1.044182975515478794e-19
3.231490711879447925e-20
-7.652490704408853937e-21
9.818938799172311355e-22
2.427706858462678069e-22
-1.445055425707847102e-22
1.125211296755682877e+00
-1.188830385942576251e-04
2.823452222428116982e-08
6.921280706642200632e-11
-1.530576459410381765e-13
1.722848532038286268e-16
-2.700607760449639599e-19
9.787644324562094866e-20
1.753476287896132543e-19
-1.304550061354456283e-19
1.094074430320700841e+00
-3.450072292489037712e-02
-7.564359095074697347e-04
2.327513641380545700e-03
-5.109849129498708923e-04
-5.525745241041088793e-05
5.504530155237582193e-05
-7.644777540931671343e-06
-3.887699763458988677e-06
1.968670389838691308e-06
-1.359279153282215686e-07
-1.948280997315291964e-07
8.110477205163848096e-08
-3.712715362903689726e-09
-8.582305176018804883e-09
3.414747811355664223e-09
-1.588080252859275506e-10
-3.711302798851474152e-10
1.446261867450548169e-10
1.043970612272763665e+00
-1.422832360072392478e-02
2.118783823749592794e-03
-2.761221781936279950e-04
2.867884483405413681e-05
-1.601350419314323617e-06
-2.258405095373139301e-07
1.021809346813968115e-07
-2.367798338656927685e-08
4.292992842682645487e-09
-6.511099152745134027e-10
8.065327178615685693e-11
-6.801361544866815292e-12
-1.271459654915918948e-13
2.248171243494910619e-13
-6.524959821694031719e-14
1.379190881431854243e-14
-2.472919561538240544e-15
3.624248848573599345e-16
1.014154131947196502e+00
-1.080672604834134048e-02
4.122624256059326600e-03
-1.570610604480174744e-03
5.969205504219556513e-04
-2.259595702425458603e-04
8.501073325358634940e-05
-3.170025691369956138e-05
1.167884471804024053e-05
-4.235523929976333609e-06
1.506027568683130920e-06
-5.226187529783507181e-07
1.760049173081509933e-07
-5.708082644864659537e-08
1.760650285969506097e-08
-5.040434094368014447e-09
1.256959435102458350e-09
-2.136797404313683410e-10
5.032423353392669158e-12
1.003166125137514575e+00
-3.166125137514541523e-03
-4.876069578297383410e-17
4.175442434918842698e-17
-3.355394445534413615e-17
2.526402011492190072e-17
-1.778391903934277187e-17
1.166936400706457715e-17
-7.110089399438540297e-18
4.001834227246839840e-18
-2.066042680271584983e-18
9.687798900617097091e-19
-4.066179687077165525e-19
1.492523881341158237e-19
-4.593631950408605536e-20
1.077643230693841445e-20
-1.319835388563903782e-21
-3.457679260323750114e-22
2.148740586319733024e-22
8.149999999999999467e-01
