9.375991628723393534e-01
-4.789486566034371309e-04
-8.032984584609215724e-07
-4.648817717091615034e-10
6.064548937690035492e-13
7.648356948153320064e-16
-2.968138582099970810e-18
-8.942488674392759457e-20
2.322011536268151500e-18
-1.228022904061563466e-18
5.604761529058601699e-01
-4.645877728358371317e-01
-4.171559506763888175e-02
6.225659418215074431e-02
7.248724912883918424e-03
-1.218677767577011108e-02
-1.333436991183462690e-03
2.761120120989178032e-03
1.825619093381578354e-04
-6.426422441249240699e-04
-1.284188768355760362e-05
1.525068689353164750e-04
-4.531931367210254475e-06
-3.631893927587905328e-05
2.984790854107573458e-06
8.416928210442856237e-06
-1.217887890375768940e-06
-1.434120937788319791e-06
3.019841786360829618e-07
3.743581765621398910e-02
-4.828510815545040968e-02
1.935514345867457575e-02
-5.756875273932135495e-03
1.391611082740300352e-03
-2.856614085611095194e-04
4.976730398760163788e-05
-6.743592242257349497e-06
3.782759615721913322e-07
1.759419787328047320e-07
-9.361794280872758916e-08
3.085178092864088574e-08
-8.336917829496113256e-09
1.959716940585105739e-09
-4.020441322859579106e-10
6.876943462821057025e-11
-7.988478163792414429e-12
-5.108390734188136069e-13
5.597745649566355982e-13
4.509993501598540165e-04
-8.632669921631779073e-04
7.572846428331916208e-04
-6.101605668979323506e-04
4.529841988307358640e-04
-3.111551770678696693e-04
1.987052565790834216e-04
-1.185993539066797263e-04
6.653001882199425783e-05
-3.527939148641514309e-05
1.778761282116802887e-05
-8.576857264096827700e-06
3.977608257697161086e-06
-1.784078787498646621e-06
7.783281578787300784e-07
-3.328700763084160780e-07
1.425357468112819680e-07
-6.745996647525310606e-08
2.350496898030720966e-08
-1.063412218261567773e-09
2.050386156559048433e-09
-1.836541777786039941e-09
1.526779739336379521e-09
-1.175915512642883483e-09
8.367940433009325469e-10
-5.480588023694015800e-10
3.285980529478729537e-10
-1.790009779693979732e-10
8.763573637967577318e-11
-3.793207277448804986e-11
1.412876573196781541e-11
-4.303097869221676210e-12
9.441037866362810177e-13
-7.611967946031123964e-14
-4.423052254432379262e-14
2.203853887583977593e-14
-2.837924250477788790e-15
-9.887821335535368306e-16
4.346687437051492964e-01
6.960267497322093462e-04
-2.053448742736687712e-08
-4.489237498554181402e-11
-1.333510763396758473e-13
-7.204835897532836229e-17
4.157061563510174907e-19
3.487695134610341704e-19
-4.607405899916116088e-19
2.909206466220686954e-19
6.313235175983774594e-01
2.128264486566386893e-01
-7.776740352337638967e-03
-2.281774709836158904e-02
4.969031613738397399e-03
2.887258934112819399e-03
-8.988317830418780839e-04
-5.888760655669451069e-04
2.041214998504323999e-04
1.342596463216141379e-04
-5.130048128868312216e-05
-3.176847770336344332e-05
1.352569673981389456e-05
7.603753370532702395e-06
-3.688837071727008860e-06
-1.759634025473586209e-06
1.077871198896801858e-06
2.905242486422346621e-07
-2.527117603352034119e-07
8.708697293397820172e-01
4.201949630391854651e-02
-7.062093068006314311e-03
1.270530452966214634e-03
-2.517025007356445414e-04
5.430368762626474401e-05
-1.214040755884655897e-05
2.652301510877914681e-06
-5.362914868096011688e-07
9.357878948189634938e-08
-1.170508996842359623e-08
-1.073263318929056837e-10
7.325667260493043269e-10
-3.274554585151564802e-10
1.061541328929031597e-10
-2.908781894743564250e-11
6.993026015094992265e-12
-1.504745689572789972e-12
2.582110298679789614e-13
9.575633098315825542e-01
3.172868365812290398e-02
-1.186143843634042058e-02
4.434397121938243001e-03
-1.657897059093219874e-03
6.199171869930215385e-04
-2.318539795067026804e-04
8.675466536485886156e-05
-3.248828424733771501e-05
1.218353718021461707e-05
-4.579615473354608509e-06
1.727716350844565762e-06
-6.553954589334854118e-07
2.505992353165199186e-07
-9.690550441057978744e-08
3.813396024345719056e-08
-1.559809915266781575e-08
7.308941848951880234e-09
-2.557457979272316884e-09
9.903056237105543058e-01
9.670821944675256007e-03
2.349711497643009877e-05
5.709074320674894248e-08
1.387128976282774768e-10
3.370315499271035623e-13
8.172753430126919339e-16
3.237988126970315550e-18
-9.268332346255474785e-19
6.687303895053605026e-19
-4.593782042503357084e-19
3.020354080238155788e-19
-1.901007059863574137e-19
1.141671510379323834e-19
-6.497579458388902460e-20
3.579840745287589114e-20
-1.870372072919404975e-20
1.053091542706210105e-20
-3.976713487791534560e-21
1.082639520653563281e+00
1.178943955005099935e-04
6.750496523269853246e-08
-7.426511748447185038e-11
-7.407530380988616086e-14
-6.539009582100100528e-17
1.438755416149427305e-19
2.874876245723136340e-19
-1.317961461766714302e-19
5.564478814744833488e-20
1.101116462878250379e+00
1.077292260067642081e-02
-1.464213761827668631e-02
-5.122478867178691456e-03
3.437693776202810272e-03
1.082742202422433669e-03
-7.857184220953165182e-04
-2.560755944757837346e-04
1.964278595957247005e-04
5.940113477166965701e-05
-5.037347918378826426e-05
-1.375709921851031394e-05
1.319686514563734899e-05
3.126431962723331350e-06
-3.525220803835834654e-06
-6.623957100964204119e-07
1.001238729898326330e-06
9.467318140318514005e-08
-2.323114439619837757e-07
1.068654050610112538e+00
-2.301625601458123782e-02
3.638067868275744743e-03
-4.855326962261505156e-04
3.275269176626674744e-05
9.988147587862749712e-06
-5.887524029292720807e-06
1.985317160534172289e-06
-5.372782225704533038e-07
1.243895889816851447e-07
-2.457219437763950713e-08
3.843491207537055813e-09
-3.136601437710746748e-10
-7.856384186846025845e-11
5.275948124236161711e-11
-1.902267249988808585e-11
5.477029051545698445e-12
-1.411083308758832105e-12
2.914080989196505031e-13
1.021837651659590396e+00
-1.668228279938874931e-02
6.371876532704595121e-03
-2.433675423111338661e-03
9.294432206692659123e-04
-3.549048951635139140e-04
1.354763128878271538e-04
-5.168435259120039260e-05
1.969697973618035684e-05
-7.493098548475828080e-06
2.842098354736831873e-06
-1.072920595527445712e-06
4.020797253416737344e-07
-1.490027407859506063e-07
5.428467416849733401e-08
-1.926918433308837549e-08
6.598040068043975722e-09
-2.279938383576353127e-09
6.209643171836888688e-10
1.004883083173042202e+00
-4.883083173042309516e-03
-1.855109990860143521e-18
1.687293910041259162e-18
-1.477031660901113613e-18
1.243976467074385641e-18
-1.007519848545061664e-18
7.842531450073104141e-19
-5.862766298432210249e-19
4.205400489639794326e-19
-2.891399376837564615e-19
1.903069718052159661e-19
-1.197312980036088479e-19
7.189320637475768569e-20
-4.115892218729653573e-20
2.252315524142909881e-20
-1.199092365827239118e-20
6.665150358890879129e-21
-2.447265929341735785e-21
2.700000000000000178e-01
