7.614701376137964495e-01
-3.417795948052923440e-03
3.930095672917215811e-06
3.082226950457900174e-09
-2.595325054277037583e-11
5.157629368563950142e-14
2.861851853392126556e-17
-1.037771156250902347e-18
-1.109912491300588140e-18
7.655820320893404468e-19
3.393145652519217736e-01
-3.726771507841987741e-01
8.542705935580013898e-02
1.409257196763300836e-02
-1.938404318065527904e-02
6.980589497601660115e-03
-2.752997288817419174e-04
-9.528972434365730586e-04
4.653823555961784496e-04
-4.675437000028607901e-05
-6.038676052705204143e-05
3.621934517033784839e-05
-5.757265256194331473e-06
-4.087558965230543475e-06
3.060910699448950489e-06
-7.121866980050161949e-07
-2.155659426748712119e-07
2.364431280750067621e-07
-7.544477860581035203e-08
2.068315496462554137e-02
-2.262268979280957285e-02
7.374707718576367123e-03
-1.791023940863314219e-03
3.626516845986520405e-04
-6.531219143109242772e-05
1.082715395146138795e-05
-1.669300088016433234e-06
2.363570422445453969e-07
-2.930917903027843554e-08
2.716492351094428523e-09
-2.112178364478727679e-11
-7.698702874123999844e-11
2.693890708113650672e-11
-6.801492847742594180e-12
1.482477547185956961e-12
-2.940053526989430355e-13
5.557381932459287794e-14
-9.246403388830784199e-15
5.223847537311223071e-04
-9.859522050123534567e-04
8.299361005249727627e-04
-6.259170623883779155e-04
4.257402257222869173e-04
-2.632869816423009197e-04
1.493588988284019954e-04
-7.845029595454149584e-05
3.851463530821322049e-05
-1.784082782355494651e-05
7.869756945499976878e-06
-3.335004794493989686e-06
1.368959160889980927e-06
-5.483606999424425954e-07
2.157776994750378961e-07
-8.402551744472876839e-08
3.298161721755278669e-08
-1.435692833923803309e-08
4.773879563727826499e-09
-2.787317499625508119e-10
5.324153050875497063e-10
-4.635188557496718090e-10
3.670971186039336719e-10
-2.635157226487558261e-10
1.704766518041110634e-10
-9.854144979651747250e-11
5.023184013269053628e-11
-2.211338916559213650e-11
8.103101621953830860e-12
-2.286482142320406924e-12
3.880718082136525723e-13
2.622764390669220409e-14
-4.121703156135777915e-14
1.076439724673682642e-14
8.100171690205830505e-16
-1.295828674193408891e-15
1.708464385227387437e-16
1.003624306644465695e-16
5.372151904686325308e-01
1.802407567252881180e-03
-3.491000811621065934e-06
4.719761032424602532e-09
-2.703897697654483031e-12
-1.265867251758112113e-15
-2.143429746450998652e-17
6.539007119546668710e-19
1.967990594088660302e-19
-2.554367493883581356e-19
7.364731061403448908e-01
1.761089310302774436e-01
-3.618923780546923208e-02
-3.822651908127310590e-03
7.425937578576216960e-03
-3.418472902393757899e-03
6.378268984303602472e-04
2.132437120181908310e-04
-2.070297901493518584e-04
6.531661360863918304e-05
3.272401128077616239e-06
-1.251384146368834185e-05
5.184600408519158440e-06
-1.528675461014424759e-07
-8.769893312194300014e-07
4.397566270995923425e-07
-4.423590425684660365e-08
-7.281638116950844586e-08
3.973071479415355555e-08
9.118522875247334625e-01
2.890860329846679441e-02
-4.737021898645588612e-03
7.744225607969751346e-04
-1.259261984140010225e-04
2.027338492083267921e-05
-3.211952938824311793e-06
4.967953040641768941e-07
-7.415623407423476912e-08
1.047853148703196059e-08
-1.348403880443926259e-09
1.426829840329161878e-10
-7.307855585306178278e-12
-1.995349397482376075e-12
9.392821924305112808e-13
-2.668486395874716509e-13
6.372737905414574207e-14
-1.432933391868860449e-14
2.774070472160244358e-15
9.713215092032162490e-01
2.159356676151497761e-02
-8.129484346898134539e-03
3.060578203491258129e-03
-1.152252139284065929e-03
4.338082962489502210e-04
-1.633271664792920524e-04
6.149421991478214926e-05
-2.315425670758685761e-05
8.718707396984349899e-06
-3.283205015106120786e-06
1.236405202495615869e-06
-4.656103834954153943e-07
1.753332381297975178e-07
-6.603201787420948394e-08
2.491753827411065824e-08
-9.555101206000225256e-09
4.081777698796498565e-09
-1.342784348327663034e-09
9.934939542210186048e-01
6.495446522984949823e-03
1.058198833011118608e-05
1.723953489919420018e-08
2.808560678193161003e-11
4.575539554973518528e-14
7.452294758926377793e-17
1.351420959876450208e-19
-9.236759343443518865e-21
6.142019826015150356e-21
-3.751758721592306689e-21
2.151976281708848344e-21
-1.140986379132195211e-21
5.948994723229200130e-22
-2.908657638264132746e-22
1.121955024049579766e-22
-3.362866811112891481e-23
1.901903530529193173e-23
-6.025293019858983537e-24
1.164811403753632790e+00
-1.859291112424810892e-04
9.337223169768191566e-08
-1.360664247306571758e-09
8.873378366942768253e-12
-3.252567642543924038e-14
8.081891254108781865e-17
-3.324821394460823730e-19
1.903530489338354256e-20
1.183535335105258846e-20
1.114692240006942558e+00
-5.426203207086121444e-02
1.153093197759798988e-03
4.551236542485089138e-03
-1.398445978175056042e-03
-2.047138857037430169e-04
2.741907019373281433e-04
-5.028238523241395909e-05
-3.763979558126973084e-05
2.680965826252337122e-05
-3.827836461576414421e-06
-4.173157668667194603e-06
2.923847959445045379e-06
-5.572989645944761986e-07
-3.543240268551054412e-07
3.055292310504389855e-07
-8.259869155290946630e-08
-3.335542574108097381e-08
2.901725793882386650e-08
1.046067486805341673e+00
-1.560897796091863417e-02
2.583380855736396378e-03
-4.094304913658802910e-04
6.051093667250209522e-05
-8.003235053073013265e-06
8.619720730923143996e-07
-4.879505479309082383e-08
-9.239915719190661298e-09
4.471708337725806810e-09
-1.200086419864801791e-09
2.634013942849783064e-10
-5.128786127127194086e-11
9.078566316123181996e-12
-1.460707727457794163e-12
2.084348306523976901e-13
-2.429064984934104360e-14
1.430847267444582588e-15
2.541575205128223275e-16
1.014618753255532191e+00
-1.116736278250653018e-02
4.265216276807831490e-03
-1.628885389716240454e-03
6.219553043197564510e-04
-2.373983222760887022e-04
9.055928152786792422e-05
-3.451061696316544522e-05
1.313076104919108235e-05
-4.984384340069961138e-06
1.885791928802855474e-06
-7.102719202140704217e-07
2.659579974845832815e-07
-9.885617330050211773e-08
3.641921298415049334e-08
-1.329086434695754894e-08
4.849024438874257438e-09
-1.925784904635474919e-09
6.011090764901242252e-10
1.003268921328982266e+00
-3.268921328982358869e-03
-1.795992487164733022e-19
1.592500354366511995e-19
-1.344820177592047553e-19
1.080785195139805211e-19
-8.258046988693192427e-20
5.991415668055223243e-20
-4.121005514493050200e-20
2.681818266124077137e-20
-1.647098098157295700e-20
9.517136647463575563e-21
-5.152880171631736181e-21
2.600674190905870552e-21
-1.214993316922343492e-21
5.204530751227769960e-22
-2.024978489119393456e-22
7.420018994779414188e-23
-2.004437711747768069e-23
6.550000000000000266e-01
