8.176715115375333687e-01
-3.527840016631960101e-03
2.562609992468203040e-06
8.630061583003977824e-09
-2.892215193425357844e-11
-3.463407685805303557e-15
3.033788080147290083e-16
3.975240503189706406e-19
-1.255424660438353582e-18
3.226245027804724763e-19
3.585090882911092236e-01
-4.055397226062102400e-01
9.558945573218985414e-02
1.667698475005311223e-02
-2.281811350113046449e-02
7.933741200611740124e-03
1.080507694864749020e-04
-1.382943446713086203e-03
5.932706797197840557e-04
-8.341861167731609434e-06
-1.120466563704811374e-04
5.471057925984116677e-05
-3.472664716426157658e-06
-9.585288518547537776e-06
5.419935374619074544e-06
-6.939073364910000871e-07
-7.246374302409228025e-07
4.471563501486674473e-07
-8.863987338166991682e-08
1.876921718577519854e-02
-2.127760846239453579e-02
7.240408967135439702e-03
-1.834525367098296033e-03
3.865747418090848507e-04
-7.230165962177740355e-05
1.245097950432052581e-05
-2.003541205425777452e-06
2.997682778816596412e-07
-4.048978233852016233e-08
4.525928175643805570e-09
-2.795465861319494348e-10
-4.800839169166648788e-11
2.574030320349056357e-11
-7.424827405480362457e-12
1.756716287540236287e-12
-3.724945972300402059e-13
7.532608111983967001e-14
-1.333974518969754437e-14
4.145980021647901201e-04
-7.850445926121431012e-04
6.670806555488180455e-04
-5.106772455492636104e-04
3.542139593896683272e-04
-2.241751619273185192e-04
1.304724332195294166e-04
-7.041568789379391120e-05
3.554149878876994149e-05
-1.692117542669670778e-05
7.663281939992546207e-06
-3.328411063817500484e-06
1.397192347663842190e-06
-5.709224550775086413e-07
2.285982369834128774e-07
-9.038018669778670054e-08
3.596523800079291668e-08
-1.586241089002607817e-08
5.314134516869071755e-09
-3.057126412107660752e-10
5.852169051020196357e-10
-5.128484739050674049e-10
4.107633326898517475e-10
-2.997498532158657682e-10
1.983243229013143166e-10
-1.181145016166749859e-10
6.264270457001730740e-11
-2.909892825908242221e-11
1.151760522808677542e-11
-3.686104800468076951e-12
8.372692841480003310e-13
-6.657127070104396174e-14
-4.182717178673374005e-14
1.983106019136805442e-14
-2.321578502659018603e-15
-1.248012857364063704e-15
4.916782652454787729e-16
8.527878134227731238e-18
4.937131080354019708e-01
2.032530913790043907e-03
-3.712425913830261802e-06
4.192910205232635586e-09
-2.251032248141218977e-12
1.179514034747724821e-14
-9.329345934211184818e-17
-1.384044453814103320e-19
6.118594561725886317e-19
-1.103006476605333119e-19
7.167753730501998932e-01
1.953366022914892475e-01
-4.239965615628785850e-02
-3.771758871902234495e-03
8.683426649423561100e-03
-4.122642362462640778e-03
7.464080531824563228e-04
3.053881252540421344e-04
-2.749267780817219267e-04
7.771296086679593698e-05
1.274979419732225740e-05
-2.011126922479215305e-05
6.759710383688413241e-06
8.543485725976877610e-07
-1.766268456099784991e-06
6.619067197291162057e-07
3.915551521648381802e-08
-1.626273847750211254e-07
6.800580075951367435e-08
9.075747069318326199e-01
3.027616073405515335e-02
-4.966428449774587528e-03
8.163593885732260127e-04
-1.343638399169083230e-04
2.208131993324260212e-05
-3.605228304837924788e-06
5.806951356968610330e-07
-9.141214611849469324e-08
1.387665893127131614e-08
-1.986742019067253780e-09
2.564401833154379895e-10
-2.631585408942694221e-11
9.074398303691448595e-13
5.588396969996359805e-13
-2.327193662915316053e-13
6.526562958235328285e-14
-1.637703030268479041e-14
3.419146409500304154e-15
9.698961881095267135e-01
2.265033545228923792e-02
-8.521169363937260849e-03
3.205734985219973760e-03
-1.206045800620813993e-03
4.537479570254653906e-04
-1.707228926102582187e-04
6.424107725448992517e-05
-2.417705665172935437e-05
9.101180383450394403e-06
-3.427185828720167985e-06
1.291131495348623956e-06
-4.866823680320429667e-07
1.835784298887682447e-07
-6.931963682234622936e-08
2.625897769156374864e-08
-1.012550931822188220e-08
4.359027968326209796e-09
-1.441545588891193600e-09
9.931656954681793437e-01
6.822607905454270219e-03
1.167660807964420870e-05
1.998402636288023092e-08
3.420182523069585417e-11
5.853505212435524117e-14
1.001348897665851613e-16
2.048664719154805451e-19
-2.311853515976875193e-20
1.557634692475249444e-20
-9.803757018068723043e-21
5.873139616889142852e-21
-3.257461274586145728e-21
1.716002466992852062e-21
-8.387465755836826921e-22
3.989070747674792278e-22
-1.469200157047189994e-22
7.387280966031117869e-23
-1.872094441120286033e-23
1.175040720191853572e+00
-2.058252586360735789e-04
3.651172290438502967e-07
-3.257585718329743753e-09
1.574065819064249738e-11
-4.674349698544846321e-14
9.659957510031481608e-17
-2.467777239236332691e-19
2.488351821390756217e-19
-1.555587622208334984e-19
1.121738145778984119e+00
-5.804965083959341687e-02
9.103412137055636117e-04
5.086027919171997973e-03
-1.409553407906231817e-03
-3.638636822194233917e-04
3.394223716183962427e-04
-2.773577900962250319e-05
-7.130794881472989576e-05
3.905395522665736953e-05
-1.088392471240200052e-06
-9.134916761895375354e-06
5.016858816110727414e-06
-4.589817078102626078e-07
-9.321367745509280479e-07
6.016555166454432241e-07
-1.089908140531540967e-07
-9.661264221498848098e-08
6.418019212881922367e-08
1.048448652114239099e+00
-1.646839948060766293e-02
2.747871127109505467e-03
-4.423671633345434696e-04
6.707874767640711205e-05
-9.237698013673970536e-06
1.070234513338288106e-06
-7.830793864606840058e-08
-6.361944789122640224e-09
4.541651809874785457e-09
-1.336054012166223100e-09
3.111148805056137342e-10
-6.382092767966284199e-11
1.192281367118860444e-11
-2.042942758881570462e-12
3.172858237297065156e-13
-4.275555202175627728e-14
4.210433989503289132e-15
-7.568714668727038157e-17
1.015360107442946580e+00
-1.173386527307265781e-02
4.481738850072572097e-03
-1.711703604240673087e-03
6.536775899668192903e-04
-2.495798904660452371e-04
9.525679925959336174e-05
-3.633384734896350968e-05
1.384491011519350357e-05
-5.267441834074671552e-06
1.999546242385905572e-06
-7.566513808843400029e-07
2.851178258381553534e-07
-1.068514655991285334e-07
3.977610411580597896e-08
-1.470625019890939692e-08
5.456358132829566198e-09
-2.216626121557009212e-09
7.031731156222724475e-10
1.003434662854689741e+00
-3.434662854689603164e-03
-2.005025877474784304e-19
1.788383107193262832e-19
-1.522931727102584951e-19
1.237384966460272076e-19
-9.584448398529514208e-20
7.069693049026530704e-20
-4.959300394673321037e-20
3.302921886022969735e-20
-2.084161213145564228e-20
1.242797518023718648e-20
-6.980793127406914620e-21
3.678411834550095497e-21
-1.808720867907318850e-21
8.247589224370954363e-22
-3.483836347579683124e-22
1.440261129303057828e-22
-4.321766841941022254e-23
6.049999999999999822e-01
