3.884343340729788374e-01
-7.850066925705844172e-04
6.997533091627569459e-07
-5.914382301778754207e-10
4.678285413956915099e-13
-3.462889493846574761e-16
8.771151650833372625e-18
-1.150767560275371627e-19
-1.474930610429420551e-18
4.430105152412843296e-19
2.359834887855530861e-01
-1.582224834439583394e-01
7.666459755535240742e-03
1.037934926513979852e-02
-3.776293577913963223e-03
3.451754131891862361e-04
1.894880288189981310e-04
-8.407033557055330528e-05
1.032311592879640120e-05
3.503956192386422090e-06
-1.825586536454276910e-06
2.524611752088838300e-07
7.078689994931267996e-08
-3.967765777490465687e-08
5.447931685075921308e-09
1.653844302981321959e-09
-8.873478337026786863e-10
8.112759789620345563e-11
4.735815452392800492e-11
4.574765888220205107e-02
-3.681759553995243156e-02
8.361221949043299087e-03
-1.373279276913076706e-03
1.766481789745176945e-04
-1.679047638718656876e-05
5.571110568597054166e-07
2.424093387123515775e-07
-8.252382728074087741e-08
1.767427399605950476e-08
-3.033072071274032750e-09
4.327520972755432652e-10
-4.884888904725847923e-11
3.226861714352866017e-12
2.994902813119394700e-13
-1.683559168938922238e-13
4.118297390470944795e-14
-7.811721301090277970e-15
1.171316751442810092e-15
2.590592690791281450e-03
-4.744947855270348694e-03
3.665062639479210651e-03
-2.420978250796146283e-03
1.392138746463874449e-03
-7.102142796142062739e-04
3.275602909089155696e-04
-1.390852071062018450e-04
5.531122449857603965e-05
-2.092634550623437018e-05
7.634117824836493063e-06
-2.713365709512315334e-06
9.457919005069689762e-07
-3.241067725748476961e-07
1.090102154168246689e-07
-3.578270492510461769e-08
1.138786793356648803e-08
-3.683778830234117994e-09
9.648236188950794138e-10
2.023423909387772148e-08
-3.796347677887624269e-08
3.128770678318316783e-08
-2.253084190137809873e-08
1.403078276083210658e-08
-7.421066943492647624e-09
3.227729626246548221e-09
-1.080628884699698609e-09
2.313502433698055677e-10
-2.503054789149578945e-12
-1.868911526457264474e-11
5.394954491202317760e-12
6.020640532327384355e-13
-7.065835579810553046e-13
4.881143947228850157e-14
7.985069174688765218e-14
-1.518826995357618120e-14
-8.252442252206764264e-15
2.514585590956322772e-15
7.468987078770140675e-01
3.278891392613455017e-04
-2.894991540793922856e-07
2.648751079312767627e-10
-2.375813387120987891e-13
2.041098301273294555e-16
1.196976372398920333e-18
-8.357340058162110506e-19
-2.127577956807498183e-19
1.681279705308807126e-19
8.139699457741380595e-01
7.115993302001537291e-02
-1.304736322881289764e-03
-4.234217507425191464e-03
1.442645628856293423e-03
-1.461112187348529952e-04
-6.547065276095266682e-05
3.297320818537109364e-05
-5.349225757151522029e-06
-9.797710063574508561e-07
7.497181886355920408e-07
-1.546139628336873130e-07
-1.375701605651562528e-08
1.693708784989914726e-08
-3.992805088283121947e-09
-2.009395441595962029e-10
3.856354896198018311e-10
-8.495471799944189641e-11
-5.571400791952880773e-12
9.124037068973550602e-01
2.711355128112647936e-02
-3.886727255864496234e-03
4.969508923321049260e-04
-5.341705466013036514e-05
4.012710550313003318e-06
4.582932374518686375e-08
-1.002765121646916022e-07
2.707016707350297856e-08
-5.380475748655982366e-09
9.073575599550752475e-10
-1.334153850453120830e-10
1.667720561174433948e-11
-1.566062955756451846e-12
3.915744900566629231e-14
2.873450888952676095e-14
-9.603829301113699458e-15
2.181974861286350658e-15
-3.821139865079560693e-16
9.709959862281355436e-01
2.181826290847819344e-02
-8.198705625186481286e-03
3.075337848305339638e-03
-1.149957325771561916e-03
4.278482739805827828e-04
-1.580016067886605034e-04
5.775068706483418569e-05
-2.082702921296545356e-05
7.387249751049036353e-06
-2.568768443237179663e-06
8.727771700437553020e-07
-2.886432545436924701e-07
9.244830001331730153e-08
-2.844831894454428325e-08
8.286472981611985863e-09
-2.210425930983142262e-09
5.073323255452622205e-10
-8.142191120051505548e-11
9.934157456290837462e-01
6.573398392275257678e-03
1.083807953475486573e-05
1.786959388566330409e-08
2.946399600663776957e-11
4.785521913045965819e-14
5.709141505865681601e-16
-3.078559494147044804e-16
1.776061896069400073e-16
-9.341469505730189824e-17
4.433274781573373392e-17
-1.867887491792714399e-17
6.804060720860187062e-18
-2.038602647331831924e-18
4.444002240397437388e-19
-3.751200279599899458e-20
-1.933387105367143409e-20
9.879556219603114442e-21
-1.894865380255661924e-21
1.113108099698789877e+00
-8.702795618962933899e-05
3.023751784564606719e-08
4.850490686457799136e-12
-2.587219884670585691e-14
3.481517873087852646e-17
-3.868386194530551663e-19
8.806637792510908627e-19
-8.811491030209168974e-19
4.659661829807783327e-19
1.088958570066436593e+00
-2.739608526138029646e-02
-1.466967643115961537e-03
1.669047961690469338e-03
-2.642078756231780500e-04
-4.292839233231369040e-05
2.411469505738241746e-05
-1.501982493104650600e-06
-1.532643358947585390e-06
4.368468942424585291e-07
3.895232890338845367e-08
-5.010692177633761003e-08
9.308701425719372882e-09
2.233374852294093206e-09
-1.491739390519926889e-09
2.066852524477868947e-10
7.962068162629769824e-11
-3.837185093390101314e-11
3.780534365140348339e-12
1.045292841023852670e+00
-1.405257719558009565e-02
1.911640347109348683e-03
-2.092392469693830210e-04
1.408705614793179769e-05
7.941245367191903802e-07
-5.082855054838591079e-07
1.155961355099515917e-07
-1.922059916865285098e-08
2.500930736707534911e-09
-2.271779574806289661e-10
2.269788864115487689e-12
4.949305549747845115e-12
-1.446589416731960080e-12
2.842154475261749874e-13
-4.396670017018923222e-14
5.252653583568199326e-15
-3.482308211692880322e-16
-3.142326591876798451e-17
1.014781702641707639e+00
-1.127582260631783580e-02
4.293254401876428657e-03
-1.629326767710941428e-03
6.148901050587074913e-04
-2.300060681809540397e-04
8.492221431714162729e-05
-3.079417348707577635e-05
1.090326794773632590e-05
-3.743854059271314140e-06
1.235975105580213028e-06
-3.874748929512097138e-07
1.129312078650511417e-07
-2.925515598926140531e-08
5.896888572374264300e-09
-3.021351399016252860e-10
-6.191449195712504624e-10
5.844605032439640519e-10
-2.535460253828464252e-10
1.003308458321972907e+00
-3.308458321972064260e-03
-1.608891967147444690e-15
1.357128643519887769e-15
-1.067333008836730702e-15
7.809898072290361703e-16
-5.301189837528970022e-16
3.324540345512949031e-16
-1.915721725655155423e-16
1.006636977936388461e-16
-4.771302958434835652e-17
2.006892194020723190e-17
-7.292665084323489816e-18
2.176047760675183941e-18
-4.699606692054767046e-19
3.756578096633113286e-20
2.140510011481869306e-20
-1.069172116416931645e-20
1.969618868125527169e-21
8.499999999999999778e-01
