1.195561205896587126e-01
-3.311016102234655217e-05
3.803584109986637019e-09
-4.286754710730209900e-13
4.842780060664909276e-17
-8.122290850403448648e-21
3.378602534414843740e-21
-1.101279089087668939e-21
-1.537514656929828160e-21
1.012728701424791439e-21
1.063307175301032442e-01
-1.645582976789357332e-02
-2.854285307880575443e-03
4.329223249419266372e-04
1.617957666712197128e-05
-7.371751754722646570e-06
2.254972349139817425e-07
9.397227642890983478e-08
-9.269544242536947316e-09
-7.980787387892584983e-10
1.875387695146138095e-10
-7.736444698122493262e-14
-2.771405493362695524e-12
1.762757126568367116e-13
2.993380300912878206e-14
-4.495804910845539091e-15
-1.606602116928522071e-16
7.544236437940210759e-17
-2.292198221828172110e-18
6.439485074206961757e-02
-2.213478240482568207e-02
1.085768236589802630e-03
1.240374751747973421e-04
-2.676967039950794828e-05
2.008157032763194563e-06
2.840424115425821731e-08
-2.476355618485765825e-08
2.860858840859906965e-09
-1.025048145858551618e-10
-1.748969344258229172e-11
3.351708487300567076e-12
-2.428647608316743060e-13
-4.935325802860312255e-15
3.263331716626856214e-15
-3.667178990072282681e-16
1.186614802863330589e-17
2.516598791767569896e-18
-4.901061463805707721e-19
9.989359233735953941e-03
-1.667252925091916582e-02
1.006430601234624411e-02
-4.596530480526924388e-03
1.628448795739973051e-03
-4.398363845477745184e-04
7.687664071053471732e-05
2.901152182835991696e-06
-1.017029371616219530e-05
5.887809882977325925e-06
-2.515564489312565679e-06
9.125226978333434231e-07
-2.889323056138947823e-07
7.787778145835843668e-08
-1.582441662040820378e-08
8.968917705181843141e-10
1.371469954941837960e-09
-1.158434694244650746e-09
4.662312772770254068e-10
8.566310376669861596e-06
-1.555536541550359727e-05
1.157644270512542783e-05
-6.924566723878797785e-06
3.184443614124313923e-06
-1.008134567447477406e-06
1.372661486243822247e-07
4.636473993249474487e-08
-2.473562138291913628e-08
-5.764559688025462865e-10
3.085996706846901986e-09
-1.975015091732782358e-10
-4.262551895329694953e-10
3.269918833725796039e-11
6.847973017258175279e-11
-1.312044903335779630e-12
-1.231331746953571479e-11
-6.200431577118062163e-13
2.026183994860459114e-12
8.862030854262783475e-01
1.742145739464092210e-05
-1.701119575001721863e-09
1.766383481624552755e-13
-1.906420521401116553e-17
3.606298552659381074e-21
-4.723447422095327705e-22
3.017966849118453841e-22
-2.182799811592085661e-22
3.821051251503919929e-23
8.933556785435067260e-01
8.957948009161019465e-03
1.633912064194206976e-03
-2.009704085067230456e-04
-8.904835165977712595e-06
3.169526044334243360e-06
-7.531856980601639512e-08
-3.874193299072978579e-08
3.507634041326768358e-09
3.240920188238508267e-10
-7.119598289244956139e-11
-8.456296212043804954e-14
1.045866891325322477e-12
-6.679308574199700613e-14
-1.112937748722009112e-14
1.717167355977520282e-15
5.439472584203335428e-17
-2.876751940178545158e-17
1.015065883387502325e-18
9.177456208587492226e-01
1.375401079396220382e-02
-3.455453354884912079e-04
-8.123940266090601443e-05
1.271384567716790282e-05
-7.473465251431013717e-07
-3.069154376201537457e-08
1.095585900553994159e-08
-1.060899932629907253e-09
2.459738321677385541e-11
7.582883000957403208e-12
-1.225464754038673017e-12
7.984524977051177228e-14
2.456472779212409703e-15
-1.164244043543210786e-15
1.261994934826403734e-16
-4.073252539617541260e-18
-8.388888248178068788e-19
1.530418562959646917e-19
9.666780986014262833e-01
2.393190296186624433e-02
-8.198907988933808177e-03
2.594805889746028531e-03
-7.199237739676777334e-04
1.555262072235300171e-04
-1.402599125729641663e-05
-9.230225452633756563e-06
7.297558944317896925e-06
-3.436005608138136486e-06
1.287587364431164411e-06
-4.073210720451654326e-07
1.079758665903108834e-07
-2.174491569762899109e-08
1.613182544713867753e-09
1.375738278433120608e-09
-1.044939768420245628e-09
5.593392945914750548e-10
-1.926552563467014948e-10
9.921963120538918046e-01
7.788433290182590618e-03
1.522524716147800675e-05
2.905635743748938082e-08
5.395724543894896356e-10
-2.914530440100506436e-10
1.540336530391466769e-10
-6.933465025097707051e-11
2.547135464674732748e-11
-6.928486491965003501e-12
9.633548172286513607e-13
2.056577199472403371e-13
-1.548092103687971453e-13
2.733954337388199270e-14
8.354306899333560475e-15
-4.962396076165112306e-15
1.334530530101255293e-16
5.062577739733263971e-16
-1.067939269240878572e-16
1.057167970057905970e+00
-8.079740337494998443e-06
6.918057002863093235e-10
-6.049142305218340663e-14
5.284600652149531156e-18
-7.930156996551049844e-22
-7.196178752873471547e-23
1.423259272983925685e-22
-8.665152050011243267e-23
5.651201525923535955e-23
1.053794054886264986e+00
-4.241349090727877628e-03
-7.947790278559309016e-04
8.662756880172967089e-05
4.662262852756668669e-06
-1.237833902567752824e-06
8.308434300942688265e-09
1.411547625116908061e-08
-8.026555717321612960e-10
-1.273349831479564799e-10
1.558113040706430267e-11
7.802204388806859463e-13
-2.178473912535434009e-13
-6.789918986229392767e-17
2.556036801854026062e-15
-8.793398386732731065e-17
-2.772441375501556917e-17
1.750427036003559575e-18
3.114753171008510151e-19
1.041925119626621266e+00
-6.841462806959191720e-03
1.316557401181256664e-04
4.405809081978058733e-05
-5.955082244465617743e-06
2.556592859534643855e-07
2.547984385822811565e-08
-5.131138664892207482e-09
3.375937172868896182e-10
9.765203927069741880e-12
-4.270630785273693060e-12
3.903671903882389625e-13
-3.230175462327556574e-15
-3.430883034984971899e-15
4.230585331971417571e-16
-1.418963403732118732e-17
-2.636277399366212819e-18
4.446422901299594798e-19
-2.391158394445205934e-20
1.016959247302991365e+00
-1.230624596931652673e-02
4.233769433721553538e-03
-1.332380666368674846e-03
3.609032263421909584e-04
-7.219815021950166218e-05
2.856499542676686067e-06
6.640626454958750698e-06
-4.407597556951688927e-06
1.934856708624465695e-06
-6.811595426844141877e-07
1.983134109395576272e-07
-4.524169712479833557e-08
5.734603363486741338e-09
1.460372494964259845e-09
-1.520147226149819011e-09
7.769840929198662505e-10
-3.393055657602580123e-10
1.044818143205444146e-10
1.003924799845016480e+00
-3.924799523354269293e-03
-5.807312705499348910e-10
4.452676312725502087e-10
-3.046887483777022331e-10
1.844150334076460993e-10
-9.733168720763984624e-11
4.374878196390933323e-11
-1.603442967873411036e-11
4.341254499201802292e-12
-5.930012706308828213e-13
-1.342707559388792162e-13
9.811946288743351655e-14
-1.692987571815467180e-14
-5.430942383803803091e-15
3.141119867971678152e-15
-6.696486137697975473e-17
-3.241493470659814215e-16
6.649711739352768732e-17
9.399999999999999467e-01
