4.160371646190574313e-01
-9.414062776953852334e-04
9.318008557868589297e-07
-8.619307040052143743e-10
7.293553786821948906e-13
-5.437263925041937036e-16
1.013176071239790705e-18
2.638662904090274990e-18
-1.083465235420329054e-18
-8.750879818285726316e-20
2.445183087843849079e-01
-1.748526040401099102e-01
1.195424709104341010e-02
1.127429578728682269e-02
-4.701997199336499858e-03
5.859289516289823124e-04
2.058003722386312099e-04
-1.154304119515351919e-04
1.932379462016606497e-05
3.658876852020714317e-06
-2.760281737392735501e-06
5.341114058333806530e-07
7.291710858155499261e-08
-6.730522957304976733e-08
1.359586208920505362e-08
1.876516242608929978e-09
-1.736246205845556250e-09
2.778882171255014527e-10
6.736565474189752330e-11
4.299465916329951731e-02
-3.575456468506624935e-02
8.454962258718128412e-03
-1.459995144350102790e-03
2.018219750125533924e-04
-2.206882858023624539e-05
1.461270405101890223e-06
1.161873130243072157e-07
-7.003617673927294830e-08
1.756520620465888140e-08
-3.379200346450286938e-09
5.457339313376884328e-10
-7.413601221734996525e-11
7.819449683529014041e-12
-3.932682117320191726e-13
-8.665458586942240057e-14
3.595700436829226793e-14
-8.663652733253258999e-15
1.556730705756965904e-15
2.281306363999059065e-03
-4.192141935027696685e-03
3.268028719957173818e-03
-2.188961311649496692e-03
1.280702513000932198e-03
-6.662709653799546352e-04
3.137677157199024046e-04
-1.361037698040071275e-04
5.528754451317979254e-05
-2.135639776318229910e-05
7.950729454974702276e-06
-2.883780654127589574e-06
1.026783395383002114e-06
-3.603318421483149490e-07
1.247094136442673659e-07
-4.248269119813773005e-08
1.426801774049249091e-08
-5.057718972593724017e-09
1.445547149514135986e-09
1.225289923446780539e-08
-2.302830305529221648e-08
1.907908784769221310e-08
-1.386688127959922924e-08
8.758135278901247903e-09
-4.729170908840236778e-09
2.121658561454174095e-09
-7.475845409753027870e-10
1.791246721714714713e-10
-1.208580155530271255e-11
-1.073853638131750704e-11
4.190153571535200843e-12
1.074397981296392548e-14
-4.469307298844560883e-13
7.947228585009488874e-14
4.184095304099217271e-14
-1.544082113533038728e-14
-3.649586916151000885e-15
2.338304387186618449e-15
7.340190230705762042e-01
3.939700437652756890e-04
-3.936270744942281459e-07
4.022171560006804283e-10
-3.973466563841107024e-13
3.712767344842092002e-16
-2.695233857241000312e-18
3.959467152759863942e-19
6.396486328253726818e-19
-2.339916548892957765e-19
8.092237606023902075e-01
7.838312933119546966e-02
-2.947468418099408790e-03
-4.585324224833509446e-03
1.804251745104354073e-03
-2.491959384846144181e-04
-6.682298251785600597e-05
4.492279852035815447e-05
-9.635013468993469925e-06
-6.861521719138990255e-07
1.088939269292066599e-06
-3.024847754566244003e-07
2.636310325130550678e-09
2.612131236082475243e-08
-8.628111722922090071e-09
4.040928027118607260e-10
6.375583007400775579e-10
-2.138822608832657343e-10
1.162727979210372862e-11
9.133570141985462021e-01
2.715669980646373202e-02
-3.997660437769672177e-03
5.360655867038824829e-04
-6.285107153890469496e-05
5.837049015191326750e-06
-2.506444519904216218e-07
-6.012351045662430375e-08
2.300460668399553602e-08
-5.261441735343048711e-09
9.888407317226582346e-10
-1.630420397413937703e-10
2.376767207931500405e-11
-2.961018222433144281e-12
2.755021273811397134e-13
-5.429792995427539414e-15
-5.720774163779794792e-15
1.980517287615459437e-15
-4.265979331399168146e-16
9.714301066750670177e-01
2.150146324558877692e-02
-8.085581591749319355e-03
3.036698263267224428e-03
-1.137922016994978537e-03
4.248408794959019469e-04
-1.577361293785335032e-04
5.811019283143426922e-05
-2.118906051156150717e-05
7.627765784207018687e-06
-2.704063186455588686e-06
9.416967130667370472e-07
-3.213712818158009497e-07
1.071727739870225059e-07
-3.479394950558955308e-08
1.093271327309825076e-08
-3.301289629973258996e-09
9.976787148418655826e-10
-2.463880042085639494e-10
9.935166993190490681e-01
6.472775316621067095e-03
1.050827684636949516e-05
1.705974241591793863e-08
2.769609520547077219e-11
4.472312945961320488e-14
2.377587510290155762e-16
-1.048021135305611184e-16
6.161623531336375664e-17
-3.314828048976584762e-17
1.618437135728816818e-17
-7.073151577667416010e-18
2.707931580992611146e-18
-8.739297437640146244e-19
2.187598049431781857e-19
-3.197577511313907180e-20
-3.385838343425580456e-21
3.997248038647191272e-21
-1.093690857704272686e-21
1.116871476548098041e+00
-9.701138888799257871e-05
3.229785440114684523e-08
1.576366549722804531e-11
-4.975013960961184999e-14
6.652667870529172702e-17
-5.635748953055735657e-19
5.010102511604181233e-19
1.254631485258462550e-19
-2.112043260494922363e-19
1.090564583263209375e+00
-2.960763693759761381e-02
-1.276649354079905947e-03
1.868043640434020707e-03
-3.317793904532880651e-04
-4.705149294367996202e-05
3.171891080922642400e-05
-2.712251101075055829e-06
-2.118827683746492347e-06
7.354347831779405004e-07
2.482261940572039178e-08
-8.147968167370162395e-08
2.053309992606686295e-08
2.371815835258818548e-09
-2.802932054309004864e-09
5.988208286247089188e-10
1.003107322314613912e-10
-8.611934680935397157e-11
1.628888623858835635e-11
1.044833893402215663e+00
-1.412680174513965270e-02
1.986209524376009259e-03
-2.320772995929940431e-04
1.878319309447806597e-05
8.755517323520672705e-08
-4.394171182706424597e-07
1.161388220140977200e-07
-2.144196288324623502e-08
3.159647339676466173e-09
-3.620857910600899091e-10
2.397978797955377992e-11
2.298757718628755322e-12
-1.277397877355749774e-12
3.110115761524871144e-13
-5.728348150594378711e-14
8.572523541961283403e-15
-9.912959455276634347e-16
6.525506070692563446e-17
1.014557508692913723e+00
-1.110888983226501411e-02
4.233060473971042396e-03
-1.609006020219610339e-03
6.089492604108144537e-04
-2.288698115682162289e-04
8.513308304568816432e-05
-3.121135258394010866e-05
1.122409515320782581e-05
-3.937659699575901972e-06
1.338920235308217535e-06
-4.375510595604747932e-07
1.356898428447160230e-07
-3.903573489405236905e-08
9.904152526587885626e-09
-1.878317099608141888e-09
-1.499511027593402471e-11
3.376772580769245636e-10
-1.758093505561212656e-10
1.003257483562574492e+00
-3.257483562574087829e-03
-5.640575500270367150e-16
4.781030779437366816e-16
-3.786313883994224709e-16
2.796205086438586695e-16
-1.920482844443472564e-16
1.222241433473784205e-16
-7.172488408451964022e-17
3.855015835679955536e-17
-1.879852388656493994e-17
8.202350255193102533e-18
-3.132983065387069611e-18
1.007603026116255055e-18
-2.505957072101213906e-19
3.583153526936058491e-20
4.395785172603454266e-21
-4.620254854137009526e-21
1.267228627993624326e-21
8.399999999999999689e-01
