9.399984735530544366e-01
-7.924859311666887854e-04
-1.309923679859579594e-06
-5.310983893095533972e-10
2.577599954281512108e-12
1.103040584585676611e-15
-7.255131199355901578e-18
1.740831188582004489e-17
-5.866106189994847236e-18
-4.985806129206338443e-19
5.156615560306837542e-01
-4.855984817644926621e-01
1.481336825858590263e-03
6.815422757476816140e-02
-8.295291477844898842e-03
-1.241038657253011775e-02
3.431446362135783922e-03
2.332040239280803572e-03
-1.193162733058038749e-03
-3.512474438618431202e-04
3.482092576638351868e-04
2.492033346232812926e-05
-9.016640109083798229e-05
9.707776387871368669e-06
2.079184155355753741e-05
-5.799236116119312671e-06
-4.376680699286389814e-06
1.453876240666889751e-06
7.689276397511654959e-07
2.803366509557662922e-02
-3.582299901439361250e-02
1.419987128177175803e-02
-4.189496910967024056e-03
1.013151025593437855e-03
-2.119505505278281065e-04
3.923568504833772414e-05
-6.341308708629233243e-06
8.176601418479758664e-07
-4.842999490933678222e-08
-1.708276771527476541e-08
9.160227182020339601e-09
-2.960247230933406583e-09
7.891283206613693694e-10
-1.860395039169930033e-10
3.949589974684771729e-11
-7.480693794574562224e-12
1.214679907103845451e-12
-1.439981625717714152e-13
3.567126877412813736e-04
-6.822301217575629404e-04
5.970237736465362852e-04
-4.791515091115851181e-04
3.538571353051171101e-04
-2.415134418130011722e-04
1.531044772228972025e-04
-9.064884745936616778e-05
5.041716435539909084e-05
-2.649904497484335659e-05
1.324120836337362402e-05
-6.328053505056646842e-06
2.909373144639739456e-06
-1.294172238916640334e-06
5.602127878234597656e-07
-2.378481001051687411e-07
1.011478365308755844e-07
-4.755688679135942080e-08
1.651067612764729674e-08
-7.637297426593614621e-10
1.471730569762458440e-09
-1.315983714349553292e-09
1.090849089546064881e-09
-8.366559180436519932e-10
5.920474373704968594e-10
-3.849703595006565685e-10
2.287106747714599356e-10
-1.231529334506328137e-10
5.940646744576887378e-11
-2.521638671114720818e-11
9.140100937094763022e-12
-2.667089818290849121e-12
5.349137933684612851e-13
-2.054477054435875888e-14
-3.445085462601659327e-14
1.380716362814489364e-14
-1.051792547632400258e-15
-8.688393279773560595e-16
4.084588971837289084e-01
9.742093170941123299e-04
-1.989462089160179842e-07
-5.356641194302866444e-11
-4.497575930489514743e-13
7.976542747862260644e-17
-3.021665767414630680e-18
4.446372468341203067e-18
-5.802179421702062116e-19
-1.214337974027473932e-18
6.297565126662578727e-01
2.267675317952338454e-01
-2.132455741835372412e-02
-2.119688486515341336e-02
9.174943379389878528e-03
1.230053497186471079e-03
-1.747018062565307674e-03
-2.938757603394957587e-05
3.902049815377410654e-04
-4.503149247075831547e-05
-8.935399821158714279e-05
2.453692392707863658e-05
1.906264852578810654e-05
-9.286830043925781172e-06
-3.455569906398654252e-06
2.881293014819555743e-06
4.146177125055727390e-07
-5.769103276319185714e-07
-9.908458229842706747e-09
8.724185656195663219e-01
4.128090394321902445e-02
-6.794351019416047452e-03
1.161021622567957618e-03
-2.105270650149784122e-04
4.078143475651145291e-05
-8.283234350842205747e-06
1.702231430006407026e-06
-3.404259771615266450e-07
6.366868636442647425e-08
-1.052090268446528254e-08
1.330287203612193201e-09
-3.871351749050897427e-11
-5.170719307028384032e-11
2.447539983936781260e-11
-7.957991293604718974e-12
2.191605343239167228e-12
-5.631932027048305964e-13
1.196683698746103820e-13
9.580270898265386137e-01
3.138937366939974216e-02
-1.173731908577275648e-02
4.388966096862175620e-03
-1.641234773650890408e-03
6.137765940573947608e-04
-2.295677724839633989e-04
8.588664408380289089e-05
-3.214729344141202723e-05
1.204237374557698364e-05
-4.517002999430979351e-06
1.697780866733298781e-06
-6.401070848843868779e-07
2.424190074371101553e-07
-9.240831470900310865e-08
3.561688210472287477e-08
-1.414028494446792548e-08
6.364353593342393164e-09
-2.170555958763423500e-09
9.904138180361004018e-01
9.563153496687692295e-03
2.297314692857973083e-05
5.518738980793108543e-08
1.325742605734126555e-10
3.184783386645028586e-13
7.642862274733693667e-16
2.440065839626595050e-18
-4.437281161668353023e-19
3.204035318631666993e-19
-2.184555147906197980e-19
1.424366307844337537e-19
-8.854819772091630232e-20
5.323727386407411523e-20
-2.988782281873364657e-20
1.587006502083451384e-20
-8.384115638848035664e-21
4.609841686038810888e-21
-1.616487416329943734e-21
1.121986833990800125e+00
6.543683837355962301e-05
1.779765786704982949e-07
-3.121442184798149671e-10
-6.737748934360308742e-14
-2.115131975960108562e-16
2.656422462794934417e-18
-4.303266959941775721e-19
1.009866056142772207e-18
-7.867767231096620152e-19
1.120856526245271434e+00
-1.231033576608884725e-02
-1.518440964045018188e-02
-9.621038354134704576e-04
3.906828600807296485e-03
-1.129329482545746432e-04
-9.963271847938058850e-04
1.688593927400936921e-04
2.346339252428403395e-04
-8.137442740888307675e-05
-4.788697570136337436e-05
2.888460085444670601e-05
7.908364032041313534e-06
-8.905563987661679093e-06
-5.964700184108311023e-07
2.411988596665848024e-06
-3.015613487534878210e-07
-4.389326842873294796e-07
1.376988534835292515e-07
1.068042856007118235e+00
-2.303952947517320937e-02
3.777333687797769599e-03
-5.705612246416023317e-04
6.987164201214415382e-05
-3.369980065054282453e-06
-1.739494439065076565e-06
8.529585847817236708e-07
-2.651068181949412656e-07
6.802760085675921181e-08
-1.529664731292646359e-08
3.039727578682303539e-09
-5.177647373738351449e-10
6.670970632144984986e-11
-2.277613715683062232e-12
-2.390620577897371443e-12
1.136319211716034221e-12
-3.860657472099668580e-13
9.667252557426623972e-14
1.021589949175144785e+00
-1.649313387511277748e-02
6.299696132635098679e-03
-2.406164745308590151e-03
9.189854379201626818e-04
-3.509510832623580082e-04
1.339976763743377887e-04
-5.114310745202719008e-05
1.950711477380062664e-05
-7.432211918821101881e-06
2.826571339159604378e-06
-1.071943014206757172e-06
4.047738600454233764e-07
-1.518741076546746418e-07
5.646311327998446469e-08
-2.073609693373160546e-08
7.554886104545879162e-09
-2.950145298922784136e-09
9.037152139987546778e-10
1.004827679638671700e+00
-4.827679638671617847e-03
-9.794287918685652741e-19
8.894782637217104295e-19
-7.769694459000424266e-19
6.525545643736672673e-19
-5.266961316397460603e-19
4.082843795139590194e-19
-3.037317722090786622e-19
2.166388674677441128e-19
-1.479832406217877690e-19
9.667954037362845505e-20
-6.031368346469131392e-20
3.586772498313558114e-20
-2.030639125381216123e-20
1.096541016531202498e-20
-5.742577330764757856e-21
3.131733448941199667e-21
-1.137190927532533492e-21
3.199999999999999512e-01
