9.328086804999526915e-01
-2.150935684841430288e-04
-3.292275434101275545e-07
-2.068379526902221087e-10
1.593756858371449220e-14
1.077387289318394236e-16
-3.071111231054386849e-19
-9.096015593559176957e-19
2.398073597495931922e-19
3.669521216278100305e-19
6.418230309235376518e-01
-3.979838374896114139e-01
-9.638242296931086306e-02
3.009795384585433817e-02
2.115353969944699583e-02
-1.569999269029230191e-03
-4.395582879716718183e-03
-3.904059781752920949e-04
8.329041757022368105e-04
2.141522648212818253e-04
-1.421110489342616672e-04
-6.803468458828034393e-05
1.986396330490166294e-05
1.789482646945749896e-05
-1.460737005768393486e-06
-4.144789350267661793e-06
-4.687540282744634627e-07
6.975623421594529791e-07
2.414128350523705677e-07
6.408865126919154054e-02
-8.321612641045930681e-02
3.343357222745272500e-02
-9.807715114712966392e-03
2.250032833793933970e-03
-3.972661553050675404e-04
4.132726434341234560e-05
5.378709009999452104e-06
-4.916547416692360826e-06
1.886283728905270166e-06
-5.467667125206767139e-07
1.285912671631284927e-07
-2.330255590879754161e-08
2.199482400054095832e-09
5.616788176054013426e-10
-4.179703044039239510e-10
1.596384732505594131e-10
-4.898463639000141832e-11
1.115667559650404752e-11
7.321561866519404058e-04
-1.402751980191181734e-03
1.233950374073578904e-03
-9.986745146064717610e-04
7.458580337208547354e-04
-5.160504216510093493e-04
3.322775564118183298e-04
-2.001103627691003565e-04
1.133194176359872933e-04
-6.067378475007914845e-05
3.088728541982388144e-05
-1.503363512101923291e-05
7.034507864542794691e-06
-3.181443708547388150e-06
1.398376730044407293e-06
-6.019892455696239066e-07
2.592124317020975437e-07
-1.232333532295764078e-07
4.303029031368895942e-08
-1.887962526432014809e-09
3.642883347833463398e-09
-3.270185489101736268e-09
2.728851725190585177e-09
-2.113139212468160952e-09
1.514636027272822898e-09
-1.001274970705770154e-09
6.074229426557468230e-10
-3.358146377791034888e-10
1.675234275169846269e-10
-7.430426119783730617e-11
2.861855211731922157e-11
-9.169703176397531146e-12
2.216964910572977634e-12
-2.757368448852654453e-13
-6.141985336477323296e-14
4.466974553163568156e-14
-8.766751647506178373e-15
-9.329321086391908490e-16
4.862238006213381314e-01
4.099593126306444587e-04
3.917711496982011777e-08
-8.039865383127811578e-12
-2.069433111439610978e-14
-1.831209917985436252e-17
2.516783082386499958e-18
5.062725677232515898e-19
-3.241182946630378084e-18
1.676821407663678228e-18
6.439546634580809448e-01
1.855342996123707233e-01
1.229142070288051503e-02
-1.916168168424315851e-02
-1.842459232793048577e-03
2.268056669595566125e-03
7.741705737967086295e-04
-2.938841720057995847e-04
-2.155502613081535087e-04
2.123970721515739199e-05
5.128433023776871616e-05
4.975269028636688749e-06
-1.065170030647730822e-05
-3.116866792168059377e-06
1.857169357259684946e-06
1.040732221735403043e-06
-2.086994606401139248e-07
-2.101054256541394519e-07
-8.075487839495086153e-09
8.753471496919502659e-01
4.194559890522404910e-02
-7.772847696703348054e-03
1.690045887869412802e-03
-4.219824265181245293e-04
1.091238026006825074e-04
-2.632052715266693178e-05
5.372052587965020242e-06
-7.522645212927238161e-07
-2.149030549338438380e-08
6.562671930285347614e-08
-3.061073265845381589e-08
1.017881336158958347e-08
-2.732576813876017126e-09
5.873779920482315793e-10
-8.552735295663568121e-11
-1.996843673217825943e-12
8.451769319573120091e-12
-3.415121134925203588e-12
9.594152757265698162e-01
3.037353733596271158e-02
-1.136613757015940245e-02
4.253691983655760560e-03
-1.592195351520606051e-03
5.961926632172245746e-04
-2.234054703877196674e-04
8.383028935816519759e-05
-3.153500849565394378e-05
1.191393113714297848e-05
-4.532961746529463766e-06
1.743660049966371581e-06
-6.815137250443392951e-07
2.722448637546620121e-07
-1.118626650235046113e-07
4.769121623703749446e-08
-2.160825230625227446e-08
1.140890816433344302e-08
-4.269106173987796844e-09
9.907374974829309400e-01
9.241004560062708595e-03
2.144806097086653776e-05
4.978022860007286781e-08
1.155382293584827596e-10
2.681670894167966360e-13
6.169288098780451269e-16
5.718736668656283833e-18
-3.211801720235992274e-18
2.321866268000656323e-18
-1.610057849972710589e-18
1.069486529088948915e-18
-6.790369488377725723e-19
4.128269985426602635e-19
-2.393728433579440461e-19
1.332591480289945800e-19
-7.218283062754946452e-20
4.083867206322541986e-20
-1.555853858674281691e-20
1.017343295969720618e+00
1.377044961633735109e-04
1.927938239363837188e-08
-7.780521732335708522e-12
-1.416636856271516787e-14
-1.101653159959932756e-17
-9.284828208585106547e-20
-5.752871289656452361e-20
9.098916485282091719e-19
-6.251938463397365825e-19
1.058675040772586007e+00
4.293626013303307454e-02
-6.342550494407131305e-03
-8.950867320854236781e-03
2.392807953526957312e-04
1.525722145351057551e-03
2.776687937363206599e-04
-2.625306732390124127e-04
-1.123955257667597296e-04
3.586758431517351071e-05
3.221647179478714831e-05
-2.025041174018328685e-06
-7.768845871308027883e-06
-9.688308680677813757e-07
1.618531094273980827e-06
5.029569460398146624e-07
-2.736425366352615235e-07
-1.171754162509192986e-07
2.665957098457446204e-08
1.064815877442188752e+00
-2.070973377410302921e-02
2.672648955605567891e-03
-6.701151674189662674e-05
-1.289862927215226275e-04
6.373812094758821308e-05
-2.106519884244102312e-05
5.515676920978122842e-06
-1.138000383799903358e-06
1.525026410235698768e-07
7.782252125820215275e-09
-1.454384406604392087e-08
6.409843403127574562e-09
-2.034755060193102449e-09
5.173954043563276438e-10
-1.021626437532185746e-10
1.149646086513034161e-11
2.582457858567700359e-12
-1.739493544514947912e-12
1.020855592615161012e+00
-1.593171628227913958e-02
6.084894143810293948e-03
-2.323801822553405068e-03
8.872594546228085256e-04
-3.386176531736328978e-04
1.291196910025711568e-04
-4.915531306636224199e-05
1.865851855221673680e-05
-7.046430142138823048e-06
2.638225770436518947e-06
-9.737070370439966916e-07
3.509470323178702193e-07
-1.215080685928676754e-07
3.909591990807374676e-08
-1.070585136996539190e-08
1.584817149786489003e-09
1.008320573564159902e-09
-7.339630452371926298e-10
1.004663555564437205e+00
-4.663555564437199021e-03
-5.655429732806814785e-18
5.153957376152166298e-18
-4.524197887442346613e-18
3.824051622195119018e-18
-3.110978409951029575e-18
2.434554958460908312e-18
-1.831443768174851391e-18
1.323303178579849777e-18
-9.174600065550564560e-19
6.096333730638903560e-19
-3.877238841851461133e-19
2.357016881367201145e-19
-1.368773585311758685e-19
7.618388879179387463e-20
-4.141347389311838485e-20
2.357263073548012354e-20
-8.773015263516640775e-21
1.749999999999999334e-01
