9.304426847798846767e-01
-1.413712492290146493e-04
-1.998826851946940031e-07
-1.201835165491894870e-10
-1.383063919542470417e-14
3.036894355015454510e-17
-4.439168945933801576e-19
2.542939242492888652e-19
2.380105419304994187e-19
-2.306848287092631752e-19
6.896044684847647543e-01
-3.450829967592731196e-01
-1.100040710205483635e-01
8.161706270713353986e-03
1.874111463139785730e-02
3.805486435902858365e-03
-2.359302408136267157e-03
-1.303498687457941207e-03
1.035419613875229663e-04
2.761436516199760379e-04
5.111370958094079559e-05
-4.080034118138771648e-05
-2.063387180164438838e-05
2.764565539163633427e-06
4.828406094535808996e-06
6.765191099550371351e-07
-7.620346995699244781e-07
-2.430015218365652650e-07
5.432316618248969104e-08
8.763206745630104655e-02
-1.135357425650522917e-01
4.506878033568556541e-02
-1.276840777378434634e-02
2.666255292092316667e-03
-3.437543601031135495e-04
-2.265679827441678844e-05
3.367311978036996336e-05
-1.397194748967361207e-05
4.112236230237361202e-06
-9.122504008136894965e-07
1.246436597260288593e-07
1.033208702903847062e-08
-1.480601680762097787e-08
6.427053927245590698e-09
-1.974586779901134990e-09
4.533771662439258641e-10
-5.835211206083070896e-11
-3.993072944404257002e-12
9.947300903429211714e-04
-1.906470972115087816e-03
1.678732733318241037e-03
-1.360831995072157765e-03
1.018493107766948883e-03
-7.064714517978713240e-04
4.561766347440665841e-04
-2.755552808725604801e-04
1.565226091941676622e-04
-8.405910851779306158e-05
4.291457699172373711e-05
-2.094193525843663614e-05
9.821049743047562800e-06
-4.449592450962954557e-06
1.958128850673800928e-06
-8.433388528162275744e-07
3.629168613440543725e-07
-1.722003328695362106e-07
6.003513620103825228e-08
-2.593136380642464156e-09
5.005208431644835168e-09
-4.497670840418205415e-09
3.759571530326624328e-09
-2.918465768024227129e-09
2.098743388682147985e-09
-1.393261539133301288e-09
8.497141298192380286e-10
-4.728959397973579128e-10
2.378925731675158073e-10
-1.066628678294910223e-10
4.168492026501381946e-11
-1.364635871503137189e-11
3.428852220113687761e-12
-4.844518043211567341e-13
-6.856728831194846973e-14
6.412661521363316121e-14
-1.464855862437169693e-14
-5.905293669560351141e-16
5.167553240263238479e-01
3.122011416534814943e-04
3.714193998768585823e-08
-1.040369950952896021e-12
-7.463472047158089336e-15
-5.190837348976956504e-18
-1.480297524640979606e-19
-3.634003428078871712e-19
-1.534395639775310169e-19
3.162897572902291672e-19
6.546231705791993871e-01
1.688510821774222292e-01
2.084637642559892395e-02
-1.437797216316394691e-02
-3.818684699017711910e-03
8.062963549272348122e-04
8.814327816800034132e-04
1.092778393666268534e-04
-1.353093152660463571e-04
-6.150812052021032903e-05
9.264826479934100124e-06
1.535997300687646906e-05
2.548620172520702442e-06
-2.485925757653166098e-06
-1.253473483805585080e-06
1.794815056879934817e-07
3.147410018096791147e-07
2.095181833589061364e-08
-4.760889099778204556e-08
8.813755879326110598e-01
4.184684202874668774e-02
-8.716815228408284627e-03
2.229709920769103182e-03
-6.271174643593057339e-04
1.666439262037651425e-04
-3.670990074182846585e-05
5.162078903764750799e-06
4.208756231984298013e-07
-6.449601992140370798e-07
2.914425525010675419e-07
-9.330007922560622333e-08
2.264277322287972326e-08
-3.568209972442697950e-09
-1.156024281067550375e-10
3.628478659729208357e-10
-1.745355711928196344e-10
6.039382406971458323e-11
-1.447110463468412478e-11
9.619049649038888816e-01
2.854748889587089417e-02
-1.069714199808944992e-02
4.009036153395580636e-03
-1.503034980692905236e-03
5.639276108931295765e-04
-2.118953254615143231e-04
7.984278895961610222e-05
-3.023697224272796239e-05
1.154979587438389736e-05
-4.473109655156255109e-06
1.768618630837437676e-06
-7.195537781217000008e-07
3.034478050047042217e-07
-1.333692511944856388e-07
6.143162301250374093e-08
-3.025637516385618124e-08
1.731466784745900111e-08
-6.735803561341587673e-09
9.913167941342229117e-01
8.664314659332544508e-03
1.885010668421628844e-05
4.101034370644114955e-08
8.922220045736454276e-11
1.941252191060344273e-13
4.116146745115990985e-16
9.307412468807864656e-18
-6.322697436740851061e-18
4.585168541328798035e-18
-3.188755820586078533e-18
2.127274534492240082e-18
-1.358243659153005956e-18
8.304685771065486835e-19
-4.839682337426789355e-19
2.720598084089671569e-19
-1.487679103607786366e-19
8.568892118754601887e-20
-3.180477275711080478e-20
9.828295079581618188e-01
1.317121703173103060e-04
1.279450631922431391e-08
-2.465321346608507196e-12
-5.156688510372277714e-15
-3.113593827728544714e-18
-7.373892316910066520e-19
-2.146147592604479120e-19
1.742753697523865107e-19
5.414955780851914465e-20
1.031145098836890428e+00
5.511357958679050789e-02
2.771929792946899889e-04
-8.400302347222093208e-03
-1.363096352369426228e-03
8.212460809429872072e-04
4.991952198027276889e-04
-3.877714851654897850e-06
-9.945248914881434457e-05
-2.911931977393254650e-05
1.182959325369982728e-05
9.558215409142263965e-06
3.013883610012846954e-07
-1.936809799942586630e-06
-6.210678745070499159e-07
2.428765319511772141e-07
2.033235628233346602e-07
-1.022071657359339548e-08
-3.816394837733046704e-08
1.059732426198390476e+00
-1.771268509750495782e-02
1.452145779123813164e-03
4.428346674001433655e-04
-3.145989303236463252e-04
1.190916027970862965e-04
-3.352246029603730379e-05
6.946661517446955541e-06
-7.204357911822043468e-07
-2.065392230145437499e-07
1.605113045847679007e-07
-6.257722879728553594e-08
1.786400435471605868e-08
-3.714096394876619802e-09
3.662969192813007097e-10
1.279595791690049797e-10
-9.553581050251436624e-11
3.969995235673459681e-11
-1.072160056374731303e-11
1.019543266049453889e+00
-1.492873440667421420e-02
5.701400619420406157e-03
-2.176978870285383675e-03
8.308902174857580626e-04
-3.168536361382688757e-04
1.206256672113213398e-04
-4.577585315209577172e-05
1.727076020259450377e-05
-6.449397950541770752e-06
2.365611356673812553e-06
-8.409554047670139417e-07
2.824725364583489056e-07
-8.465428795072520563e-08
1.871796753264913028e-08
7.931527966173398653e-10
-5.152255722799811687e-09
5.429981443637785344e-09
-2.556363726014436518e-09
1.004370200428127857e+00
-4.370200428128306544e-03
-1.048773297751315101e-17
9.566274844503463463e-18
-8.407932323109525394e-18
7.118361812113028348e-18
-5.802697795593409212e-18
4.552019417547509232e-18
-3.434105999771801420e-18
2.489488179329169037e-18
-1.732515441602233189e-18
1.156178113824284159e-18
-7.389198232638282569e-19
4.517005567659701714e-19
-2.640005079546198174e-19
1.480621869994499170e-19
-8.123933690914372516e-20
4.672692639179080018e-20
-1.749212436706730807e-20
9.499999999999997335e-02
