9.336576632144267807e-01
-2.482769169850775710e-04
-3.889329875736465108e-07
-2.455858408548370906e-10
4.508725086214256493e-14
1.625608639144148485e-16
-1.575239240977129535e-18
1.996698641386880118e-18
-2.659720987626764797e-18
1.619434645918863526e-18
6.262532638912284844e-01
-4.131966632082845758e-01
-8.885083429361967378e-02
3.734756340378545675e-02
2.034879924387877556e-02
-3.841000299435720806e-03
-4.587782813321013287e-03
2.118932898385247074e-04
9.829476934483008087e-04
7.643616895415895668e-05
-2.032559336501966562e-04
-4.126728274200569448e-05
3.978907990279735200e-05
1.395144242799014913e-05
-7.171195902281036012e-06
-3.900244410335719284e-06
1.076574222821687684e-06
7.356784862240936780e-07
-8.617867504515185152e-08
5.783671277591709986e-02
-7.507381909797712638e-02
3.020712069265215835e-02
-8.916025777019796761e-03
2.081413211157651967e-03
-3.859799226449621662e-04
4.907050085176337947e-05
6.109437688777914665e-07
-3.125726959994786468e-06
1.357852791123674763e-06
-4.208101208203598063e-07
1.065181177564002917e-07
-2.204166992094334169e-08
3.289859110061361515e-09
-8.545193272496266352e-11
-1.774796690200910799e-10
8.916644703560831417e-11
-3.190272808279679747e-11
8.138031182373367297e-12
6.647734124998770427e-04
-1.273473726486194779e-03
1.119767090941785597e-03
-9.056610003035200007e-04
6.757938404329829176e-04
-4.670763994753098988e-04
3.003823089684869423e-04
-1.806671001081043928e-04
1.021709100340752429e-04
-5.463017254997370954e-05
2.777358338063683812e-05
-1.350096302763843141e-05
6.309945504223905783e-06
-2.850778966645708908e-06
1.251932457786011562e-06
-5.385770637582825649e-07
2.318057314534784459e-07
-1.101876010410922572e-07
3.847565933399031265e-08
-1.697129313116602658e-09
3.274268928231337403e-09
-2.938208956029002268e-09
2.450309560821868142e-09
-1.895753604035555822e-09
1.357204144521709058e-09
-8.958311962177567333e-10
5.424085059021706878e-10
-2.991462723472169354e-10
1.487747537610810146e-10
-6.572709881763885857e-11
2.517904158513907004e-11
-8.003123860591257855e-12
1.906544823850216556e-12
-2.246426072609231347e-13
-5.841830359063769270e-14
3.941917955145165730e-14
-7.289305779125942199e-15
-9.841857117316129019e-16
4.762888533697786642e-01
4.503718459720187028e-04
3.712238201010879145e-08
-1.215093031559234846e-11
-2.901667319262798601e-14
-2.445012046066327436e-17
-1.878419126073345468e-18
3.607294949442858492e-18
-3.507985473524309123e-19
-1.273446326509957363e-18
6.408956797955858153e-01
1.908399094725233280e-01
8.962373096743891585e-03
-2.038848715988684016e-02
-8.170155756138337616e-04
2.658284659455355681e-03
5.770722266549166033e-04
-4.371510814796835580e-04
-1.892742509293520760e-04
6.582972712691908287e-05
5.250855496233453626e-05
-7.032818831706666083e-06
-1.319147081161732093e-05
-3.063238291375034366e-07
3.058221877834763944e-06
4.764221006131950181e-07
-6.642814646638390239e-07
-1.258639461772681775e-07
1.130421880688684450e-07
8.738773776910115920e-01
4.202458024896766481e-02
-7.579469452886337943e-03
1.573134524022294645e-03
-3.750756189674004965e-04
9.455127723797317565e-05
-2.285675144547469865e-05
4.865903814361815987e-06
-7.989037970905663473e-07
4.923164481005273888e-08
3.207434451585327925e-08
-1.899553070773080795e-08
6.939262818932549095e-09
-2.019185192787204317e-09
4.869166385978745097e-10
-9.264956803423007211e-11
1.009695029364459998e-11
2.279836394173693224e-12
-1.509055957488771955e-12
9.588213330083814601e-01
3.080849461062648217e-02
-1.152525276948201949e-02
4.311803870528954814e-03
-1.613353143621713360e-03
6.038486867078693161e-04
-2.261417680298432166e-04
8.478405761468361999e-05
-3.185056441293683337e-05
1.200662659248801407e-05
-4.551895028343994221e-06
1.741056518641806998e-06
-6.746961981813919457e-07
2.662502004043717053e-07
-1.076290259185278767e-07
4.495638550375131485e-08
-1.987722619045660805e-08
1.022321675598484238e-08
-3.773354569879817576e-09
9.905990953853303083e-01
9.378759340808969988e-03
2.209310726884736918e-05
5.204370547572540864e-08
1.225969305937436718e-10
2.888012684443808123e-13
6.759465471339250532e-16
5.011377401789865249e-18
-2.556777044870400011e-18
1.846419044245559598e-18
-1.278296990624949251e-18
8.479642811983261367e-19
-5.372714265824370162e-19
3.245951364981431023e-19
-1.882494583328968994e-19
1.056244160991041836e-19
-5.753210731887732756e-20
3.172304931597736553e-20
-1.138066253137412994e-20
1.029141442868633183e+00
1.378812845163230618e-04
2.307834389665191238e-08
-1.156195364097223169e-11
-1.977827623845870451e-14
-1.458842168647298652e-17
-1.604902013986761552e-19
7.365568407274122484e-19
-2.183451963423357402e-19
-3.899798792754102554e-19
1.067253204619252216e+00
3.788508612617721982e-02
-8.373468473653548905e-03
-8.697665637519950282e-03
8.958731349736861376e-04
1.641704842306788027e-03
1.088480116409614275e-04
-3.351534604923285489e-04
-7.855160326851307983e-05
6.339032931590901621e-05
2.798679234918526935e-05
-1.049838555220250635e-05
-8.149670442888231161e-06
1.286900577012606806e-06
2.127582640199882721e-06
-2.392241163166607486e-08
-5.266338445700423929e-07
-2.724834958726800869e-08
1.030043165941179571e-07
1.066009967932207481e+00
-2.139382504119374806e-02
2.947028129747903801e-03
-1.829235594839202219e-04
-8.521208632908828379e-05
4.966536606635758519e-05
-1.732556854582842227e-05
4.757383570918114980e-06
-1.061602962690397366e-06
1.772116779994545460e-07
-1.152649165562446636e-08
-6.594016432536230846e-09
3.900337539006578829e-09
-1.395448430973679687e-09
3.940113824743362803e-10
-9.093485783630818429e-11
1.585520938772343560e-11
-9.249685938181786270e-13
-5.037426395889521851e-13
1.021168845470001196e+00
-1.617111560589592004e-02
6.176418276504893994e-03
-2.358832743766815440e-03
9.007006032067192127e-04
-3.438006702038795982e-04
1.311374453241110304e-04
-4.995439424692085898e-05
1.898409439937809155e-05
-7.184845439505953522e-06
2.700449006561211538e-06
-1.003479043281968909e-06
3.660455425357796799e-07
-1.295186875419289130e-07
4.347688765855410060e-08
-1.315834763023339950e-08
3.013624718228210268e-09
7.405278053535057616e-11
-3.494371891015039372e-10
1.004733582091741129e+00
-4.733582091740975127e-03
-4.596746486553628590e-18
4.187796120678767041e-18
-3.674416152376591393e-18
3.103940488832297591e-18
-2.523297488865747126e-18
1.972918742924119719e-18
-1.482635479390148841e-18
1.069991373340114802e-18
-7.408188109270381266e-19
4.914899402183019600e-19
-3.120305326255422375e-19
1.893033162095840739e-19
-1.096761341812035409e-19
6.087476359201305552e-20
-3.297899421873773578e-20
1.869972473552423581e-20
-6.944423344962983486e-21
1.949999999999999512e-01
