9.448822189748103118e-02
-1.820573031808378183e-05
1.415199806450798377e-09
-1.069481837816615146e-13
8.084531340227664864e-18
3.695213732345587626e-21
-5.093967136883529404e-22
-4.136605570949739610e-22
-8.647567951573203702e-22
7.771735933485693029e-22
8.680133823321693753e-02
-9.686402038933637770e-03
-1.845969023607407734e-03
1.855383454712515525e-04
1.143773794184316632e-05
-2.384849065076141082e-06
-1.244965806961407690e-08
2.472487210847209167e-08
-9.601809210320886057e-10
-2.094048620326860911e-10
1.903035256437265679e-11
1.300028090156806356e-12
-2.520393325921409559e-13
-2.201522894450352287e-15
2.679565272129633293e-15
-9.519848888705267513e-17
-2.329644380913730611e-17
1.913330479460642964e-18
1.838177799081504620e-19
5.932078187412744702e-02
-1.596957719689976948e-02
3.036784130875770454e-04
1.167378526622343338e-04
-1.348638283921492388e-05
3.312870172992851449e-07
7.706102886597481415e-08
-1.019033127906441966e-08
3.724269772466369600e-10
4.664525711922897721e-11
-7.665372619957863609e-12
3.742155732394907774e-13
2.622551375538958660e-14
-5.693619011415941223e-15
3.468452186278080378e-16
1.284174795263143531e-17
-4.094844473247990098e-18
2.930108000688449329e-19
1.937716903667308666e-20
1.103469005070911203e-02
-1.776524058600270281e-02
9.814862056765467913e-03
-3.904714621752989039e-03
1.113004101146617460e-03
-1.897188078924679736e-04
-1.396730285085318076e-05
2.784404494363456809e-05
-1.439773745994419849e-05
5.408531103166961876e-06
-1.649013324770166674e-06
3.987927966859663674e-07
-5.972052625475481737e-08
-7.710669584000140804e-09
1.119060779852666706e-08
-5.878093822668463535e-09
2.301590828570580085e-09
-7.753529886419306282e-10
1.920759966693858936e-10
2.037765111950812149e-05
-3.668397791998102408e-05
2.655619988988887963e-05
-1.506629086038999213e-05
6.292695245248466444e-06
-1.612556579480795766e-06
3.079166336718970625e-08
1.445089700886471174e-07
-3.249213936723773719e-08
-1.251919766798858307e-08
5.426265147843345987e-09
1.500774894848696018e-09
-8.242839352683448604e-10
-2.674622388360107519e-10
1.191971926094158753e-10
5.910199893901939728e-11
-1.291122575386992459e-11
-1.073369215437300351e-11
-1.393564994423565717e-13
9.045307013406034269e-01
1.015799625793669166e-05
-6.699115642730798383e-10
4.628787753426574280e-14
-3.308157663362336569e-18
9.839764258166269548e-22
1.714897922710956295e-23
-5.260293840296187765e-22
1.256492433292609930e-21
-8.591380049644898902e-22
9.089040554161997854e-01
5.535896998449589719e-03
1.089494380224879022e-03
-9.025663701857914627e-05
-6.005073466713467284e-06
1.067151685176540613e-06
1.070201132342009780e-08
-1.049466332617436781e-08
3.531767825826561287e-10
8.605134466951697941e-11
-7.267221854506011522e-12
-5.273735417048071734e-13
9.611629602057814613e-14
9.849176841354112690e-16
-1.016490816852010451e-15
3.587550021639287853e-17
8.722923530327563466e-18
-7.933770163153518315e-19
-4.227022220532382305e-20
9.254206017734118994e-01
1.004642280152103113e-02
-1.482974055500186635e-05
-6.857300183278406921e-05
6.300734350647795515e-06
-7.377090861201803427e-08
-3.953320655739486848e-08
4.249401476794660862e-09
-1.061393762743337617e-10
-2.218769323939597530e-11
2.978538351047838922e-12
-1.189883695706049945e-13
-1.176601910430459190e-14
2.118847029566056933e-15
-1.169658565264352634e-16
-5.471456737734402043e-18
1.506855005492035431e-18
-9.401763086163760582e-20
-6.214401515978261961e-21
9.676840850194963206e-01
2.253473121515848013e-02
-7.270152359380739789e-03
2.051477589650473315e-03
-4.492577885391871783e-04
4.284013579217741893e-05
2.392676588336414899e-05
-1.855956804366591057e-05
8.153765465073318486e-06
-2.726343823569458018e-06
7.141584670128179195e-07
-1.289419230057264484e-07
1.322418168872459959e-09
1.220839003905636273e-08
-7.120099445327214204e-09
2.858299367019110971e-09
-9.247472729926824582e-10
2.500112353397688504e-10
-4.874696570559450943e-11
9.922876757092090605e-01
7.697422034022528489e-03
1.487625696758293194e-05
2.401170614793773121e-08
3.158471936779582917e-09
-1.777399122535459634e-09
8.680753715965018204e-10
-3.482644067748696251e-10
1.060367165610072886e-10
-1.902104331782684462e-11
-1.450005451994910632e-12
2.184721179415983547e-12
-5.166612436901942488e-13
-8.907684025069726789e-14
7.781309433893801025e-14
-5.218447073399645729e-15
-8.797644803837010602e-15
1.520511655044739879e-15
9.454182558584705891e-16
1.048121947681367017e+00
-4.844385723176477336e-06
2.908706658495018380e-10
-1.777072781541910478e-14
1.092958525622708066e-18
1.659458499572652082e-22
1.291508073868542629e-22
-1.932562721729962394e-22
-8.612429327821347546e-23
6.205384178249191525e-23
1.046017498324486983e+00
-2.669134562482860292e-03
-5.324475404353300797e-04
4.039866156769218432e-05
2.890973316338673965e-06
-4.380641517910378386e-07
-8.137827761666957697e-09
3.954913124370990881e-09
-7.526686950354818606e-11
-3.055945203896592214e-11
1.727199635644721273e-12
1.967404025927878168e-13
-2.134396753894502086e-14
-9.333013988942962125e-16
2.089396431762670489e-16
1.255548323892660235e-18
-1.760743399585747218e-18
3.572720902894341052e-20
1.674223109875775755e-20
1.037916049607534807e+00
-4.993446833428688385e-03
-1.317093055058707392e-05
3.474732005574203197e-05
-2.838733995192282615e-06
-2.403496644412202632e-09
1.997202636186040288e-08
-1.682800061744497730e-09
3.470332770335498438e-12
1.166021496967760540e-11
-1.035157951677927221e-12
5.646728539469713914e-15
7.057629382880884110e-15
-6.565006078889889960e-16
4.898322603725215924e-18
4.480428569324210818e-18
-4.288156954419992291e-19
1.970093210759626356e-21
3.663180271602419613e-21
1.016419871043187539e+00
-1.154777671717927869e-02
3.730647747718703489e-03
-1.041306701602730212e-03
2.187240171261489166e-04
-1.489557611465299857e-05
-1.532360109762239661e-05
1.047251488664210698e-05
-4.353677735137485883e-06
1.372007990206708150e-06
-3.249883631201137103e-07
4.303090894894808425e-08
8.683220522926192328e-09
-9.247409239319616592e-09
4.358341561638984338e-09
-1.537668183351777702e-09
4.293209800408507739e-10
-8.446620843081427647e-11
7.078984495867988852e-12
1.003878582128695962e+00
-3.878579995359164936e-03
-3.814709537635423952e-09
2.848930269224116753e-09
-1.874240820354041021e-09
1.072793192171431948e-09
-5.232996729908162826e-10
2.095479371917252481e-10
-6.357533471162509310e-11
1.128344786788187125e-11
9.357676491532441427e-13
-1.325609058880281174e-12
3.080224957108659327e-13
5.586778460147639496e-14
-4.714077316884120084e-14
2.933426886762301250e-15
5.384414171460468978e-15
-9.048613572943686407e-16
-5.820731898865229774e-16
9.499999999999999556e-01
