9.299484915745381830e-01
-1.288303306206606486e-04
-1.786465671102141958e-07
-1.058863788918099127e-10
-1.494689900682770330e-14
2.266608828594206656e-17
-4.531738778919620257e-20
2.245647082844616103e-20
-1.416446288873271003e-20
-2.178440918087220353e-21
7.005395099205388165e-01
-3.317797794210611273e-01
-1.110902350267667510e-01
3.582963700858453945e-03
1.737059628148076088e-02
4.541282113530440041e-03
-1.762856628496349510e-03
-1.300682308260886271e-03
-4.120620720576208832e-05
2.317367394958043999e-04
7.226457698058390050e-05
-2.412754183741687474e-05
-2.067527892027042611e-05
-1.105689380266556687e-06
3.717123920295161661e-06
1.260537787085854627e-06
-3.337078713396316192e-07
-2.871779476721906020e-07
-3.760902611400080563e-08
9.410170202231149528e-02
-1.217595562316953761e-01
4.810412868912876394e-02
-1.345818531442163034e-02
2.713789646379658003e-03
-3.007765225482256590e-04
-4.981973886687168269e-05
4.391686790096860636e-05
-1.681315883265778035e-05
4.646048084146511719e-06
-9.261306166048797866e-07
8.158922264770018235e-08
3.441581284824330595e-08
-2.349248211729221336e-08
8.758868762992953930e-09
-2.393224134641652173e-09
4.548282088284525263e-10
-1.350544757513541709e-11
-2.386951568131235075e-11
1.069635266455843704e-03
-2.050157365071358928e-03
1.805578669042002963e-03
-1.464075293729861409e-03
1.096174060463651770e-03
-7.606897446103339433e-04
4.914236516053044910e-04
-2.969953069646589171e-04
1.687845839631180438e-04
-9.068635090831948375e-05
4.631695308880943464e-05
-2.260980282548970480e-05
1.060570653885207338e-05
-4.805620397161706609e-06
2.114699666565838029e-06
-9.105268713693520715e-07
3.915940661188660463e-07
-1.856129759929296321e-07
6.466323075138604170e-08
-2.783117243194206233e-09
5.372282029532131061e-09
-4.828547767129115034e-09
4.037601984017604992e-09
-3.135914899389039944e-09
2.256670891196440923e-09
-1.499426390883115091e-09
9.154777161736030074e-10
-5.102038935565791750e-10
2.571095751847046469e-10
-1.155383475798217159e-10
4.528975595997016540e-11
-1.489174288568177923e-11
3.770701867848416093e-12
-5.453971892603762251e-13
-6.955746215989632320e-14
6.938006257631374911e-14
-1.633259301740221325e-14
-4.621328823122484925e-16
5.237731661706697128e-01
2.941069990098458013e-04
3.581488403273723728e-08
-2.257451492082460827e-13
-5.906101163008259584e-15
-4.799143092155730839e-18
1.284406221749400613e-20
-1.856963236914364567e-19
6.902979813828066700e-20
9.815377477346551386e-22
6.572907267423017119e-01
1.649024881855112590e-01
2.242944495767718732e-02
-1.313900820691013029e-02
-4.013264974601942446e-03
4.812629925660310355e-04
8.170499724570304051e-04
1.678092412983238433e-04
-9.907597962037414116e-05
-6.375739876315989559e-05
-5.026844361528902377e-07
1.266409421868956656e-05
4.062969218050243282e-06
-1.332233765632391951e-06
-1.247965357456207250e-06
-1.039558608099469626e-07
2.162297842878638115e-07
6.285385857515819073e-08
-1.471094037847842578e-08
8.830480011027025400e-01
4.190952071628596676e-02
-9.038150022372560405e-03
2.402686447525301337e-03
-6.887174905356080500e-04
1.816020633402040132e-04
-3.810569147676982004e-05
4.257900438608364081e-06
1.086923886728035150e-06
-9.215393355656869851e-07
3.753461365317845907e-07
-1.110887004171517556e-07
2.386314055958143914e-08
-2.442232456330089085e-09
-8.499910739059903706e-10
6.489211142058660517e-10
-2.559986196705022185e-10
7.538746010102465868e-11
-1.523480715790775917e-11
9.626175744697923475e-01
2.802400682855669262e-02
-1.050507116281062733e-02
3.938706306503099962e-03
-1.477386956194223430e-03
5.546517384614794380e-04
-2.085975376487776397e-04
7.871134266065360778e-05
-2.987783470667463120e-05
1.145645064554148437e-05
-4.464274287514538825e-06
1.781596377469386383e-06
-7.343196677355532305e-07
3.148465932865405716e-07
-1.410426776937537004e-07
6.627854154320006852e-08
-3.328794504650428498e-08
1.937740302750361788e-08
-7.596230243839283305e-09
9.914823494954762007e-01
8.499473681242337292e-03
1.813803360531806728e-05
3.870689828340658762e-08
8.260121684263831298e-11
1.762877900586608890e-13
3.637524098673712360e-16
1.054685059795921801e-17
-7.349943448521344766e-18
5.332318059124706729e-18
-3.711261476891308903e-18
2.478619940699625070e-18
-1.583960436088373242e-18
9.698718629612351281e-19
-5.662393988011855167e-19
3.182084780545247504e-19
-1.741933955701044702e-19
1.009745031361537083e-19
-3.750746953228260876e-20
9.752156967456653280e-01
1.295915905463664464e-04
1.191102299495967483e-08
-1.904232318383504645e-12
-4.108260851805078690e-15
-3.545232397408662909e-18
-1.597983302849514075e-19
1.860229977911077597e-19
-1.041248371856059160e-19
5.755695628302709605e-20
1.024569351267503592e+00
5.720231838004581626e-02
1.777493087162461058e-03
-8.034673859470263177e-03
-1.602747722826706762e-03
6.301169862355920090e-04
4.881370399198188396e-04
4.194027448559258875e-05
-8.025072824847619742e-05
-3.411870177728430233e-05
5.285032434757087292e-06
8.623370314513681423e-06
1.614741534458149399e-06
-1.281140663934333793e-06
-7.298984341048950000e-07
4.686788473252460388e-08
1.621109831728028800e-07
2.358005206437971531e-08
-1.892759577760942454e-08
1.058244130323008791e+00
-1.679955305482704400e-02
1.072457929681673193e-03
5.995102842673805067e-04
-3.691574693020274723e-04
1.337934193377543241e-04
-3.597924278329900100e-05
6.758299317362146512e-06
-3.593030716076749533e-07
-3.857579869717608594e-07
2.218307911599068031e-07
-7.794486252062770567e-08
2.008872373769504571e-08
-3.396552239807465308e-09
-2.369425153590394856e-11
3.065500773901489413e-10
-1.530845834189611049e-10
5.301231769400450760e-11
-1.247436339935885921e-11
1.019167967718881629e+00
-1.464187906047063545e-02
5.591700560910718709e-03
-2.134961982299024563e-03
8.147440734210029513e-04
-3.106077763699823164e-04
1.181789102257315446e-04
-4.479570107247484757e-05
1.686366087520679087e-05
-6.271297425744030217e-06
2.282537118480816907e-06
-7.995612387921612382e-07
2.606634685897949570e-07
-7.271295588207937838e-08
1.203076935102875337e-08
4.600269304396491903e-09
-7.396254700800010027e-09
6.908389308869152691e-09
-3.166538674104629614e-09
1.004286311504851703e+00
-4.286311504851739521e-03
-1.203463025793668041e-17
1.097930685724560230e-17
-9.652412200365087691e-18
8.174770874196078309e-18
-6.666679122156863361e-18
5.232441718471001491e-18
-3.949782914226995257e-18
2.865296945747942833e-18
-1.995631182037181070e-18
1.332965167978715249e-18
-8.527759830389264009e-19
5.219071462562738432e-19
-3.054428205543653434e-19
1.715776298378335937e-19
-9.432483424283634682e-20
5.437095195273454407e-20
-2.037812072932771295e-20
6.499999999999994671e-02
