9.314244985732811344e-01
-1.690166837724519852e-04
-2.476329180763180375e-07
-1.523977946338876494e-10
-7.697377072441892299e-15
5.159051606484564035e-17
3.303370070582598885e-20
-5.322059187069449276e-19
9.827874296532638908e-19
-3.215366064890262365e-19
6.689018250283782496e-01
-3.690922369553323312e-01
-1.058766261327974550e-01
1.741145674946509639e-02
2.059291814877610774e-02
1.866581836968801309e-03
-3.422396488776046405e-03
-1.099074076297624917e-03
4.262460714590801062e-04
3.115408425067219011e-04
-1.850781739540781985e-05
-6.743566248599053878e-05
-1.081123274023212144e-05
1.162897002864701975e-05
4.784004948461464409e-06
-1.451441469865413100e-06
-1.361240106545238277e-06
9.666928558520804061e-08
2.706950409896129602e-07
7.655183529484345384e-02
-9.933861101918464720e-02
3.970145329766151115e-02
-1.145845140313573457e-02
2.515911721266517014e-03
-3.885932422412287693e-04
1.436867200214174508e-05
1.842725323969613153e-05
-9.345123256664151948e-06
3.066030589838050433e-06
-7.815569713175565057e-07
1.503861206442566140e-07
-1.486463913223187362e-08
-3.944943410177749448e-09
3.007509611791026153e-09
-1.159380220066286873e-09
3.350324564173688686e-10
-7.560757878644554317e-11
1.149889387319139817e-11
8.693104255364260662e-04
-1.665875177092135699e-03
1.466308271582465652e-03
-1.187896808541825857e-03
8.883358151595021528e-04
-6.155903087814061040e-04
3.970655395453714822e-04
-2.395770058844040617e-04
1.359305647526569470e-04
-7.291977182716171020e-05
3.718966166879342439e-05
-1.813201483360113602e-05
8.497131589739808377e-06
-3.847800690656813481e-06
1.692889861885252436e-06
-7.291893415978893481e-07
3.139960540801726333e-07
-1.491854145452432229e-07
5.206224702634515582e-08
-2.263912266830848016e-09
4.369142487419071789e-09
-3.924457519824896645e-09
3.278096322785076826e-09
-2.542111074667269447e-09
1.825610086031756577e-09
-1.209826055016470461e-09
7.362217856182484978e-10
-4.086078986815099835e-10
2.048408334694810615e-10
-9.143459254877199011e-11
3.551968346864142664e-11
-1.152615273458542152e-11
2.851268823023085547e-12
-3.833885415267059919e-13
-6.594802365659177224e-14
5.503343207276362172e-14
-1.182602307321503877e-14
-7.781547635514196136e-16
5.035145906013271944e-01
3.503972906877210860e-04
3.902631467916086621e-08
-3.255362276249583619e-12
-1.160215492753619895e-14
-8.088521473408687613e-18
6.856262707336468950e-19
-6.719083638550723332e-19
5.090827540434346402e-19
-1.327071488841935837e-19
6.497916667806377111e-01
1.761735326195700280e-01
1.745774134673422698e-02
-1.660379441549518845e-02
-3.187588853182168891e-03
1.454374516999572308e-03
9.217642285245927422e-04
-4.338994679016117167e-05
-1.925751555211269064e-04
-3.978462523544177296e-05
3.042098116943316288e-05
1.611179015430720711e-05
-2.572558920200538652e-06
-4.159613626837170135e-06
-4.650312594311194844e-07
8.207411643856160537e-07
3.279089199228325747e-07
-1.112512777120609408e-07
-9.291658040519643072e-08
8.784989485498186923e-01
4.183738352005395011e-02
-8.228587015181398553e-03
1.957034876644544574e-03
-5.258837901442772571e-04
1.396158226578467080e-04
-3.260870760417400945e-05
5.777761782121941869e-06
-3.565004973384378893e-07
-2.764541747412988478e-07
1.665422099482539408e-07
-6.136090803605925115e-08
1.743785763914568852e-08
-3.827860220765569928e-09
5.206480447952289924e-10
4.641906056529621281e-11
-6.563233811830691527e-11
3.156049395687461528e-11
-9.315951287290987492e-12
9.607032870795824131e-01
2.942940949078975271e-02
-1.102043996798175024e-02
4.127329854524445889e-03
-1.546158679737876830e-03
5.795308821316612043e-04
-2.174552407812302651e-04
8.176245686001797747e-05
-3.085641079516697070e-05
1.171913462071540399e-05
-4.497039324028700252e-06
1.753060566963058558e-06
-6.988495601942260111e-07
2.868917753384367026e-07
-1.220671309834096446e-07
5.424354435547911406e-08
-2.574326700842326955e-08
1.423692804840889800e-08
-5.450931380476527439e-09
9.910373610643598008e-01
8.942510957678170141e-03
2.008277526003683308e-05
4.510118737043300953e-08
1.012866419428916769e-10
2.274758475982697152e-13
5.028086284105861171e-16
7.435167578554878334e-18
-4.735839795493784156e-18
3.430407351495826853e-18
-2.382065537022949149e-18
1.585094600343079539e-18
-1.009514012325878655e-18
6.162996213583175554e-19
-3.591899881448556558e-19
1.999657493754973384e-19
-1.089078759495887743e-19
6.288792193368180141e-20
-2.358571394253513202e-20
9.975038853247041315e-01
1.350858536100497085e-04
1.494267535599689908e-08
-4.023110036827989495e-12
-7.959328485539986510e-15
-9.428319687066761725e-18
4.732439640030951507e-19
3.838722738652918720e-19
-3.296200885662500905e-19
2.601375551774954483e-19
1.043301452971238108e+00
5.045011378320427703e-02
-2.612241379335265845e-03
-8.866194183280388247e-03
-7.685434900902922460e-04
1.169154261775602220e-03
4.601626957887859789e-04
-1.108514026180701763e-04
-1.233625256370373031e-04
-8.467546379794302212e-06
2.430939727333519072e-05
7.956690557812104626e-06
-3.342674057279938466e-06
-2.580251279115596777e-06
1.034395259726406567e-07
6.039266549957998527e-07
1.409970357788720701e-07
-9.512368815005925029e-08
-5.315983695613962008e-08
1.062206962772203500e+00
-1.919364834239813133e-02
2.060243989032825487e-03
1.898620802445382338e-04
-2.239580443330427837e-04
9.300082076288483223e-05
-2.817188664361847163e-05
6.626140297950522512e-06
-1.077449277479457680e-06
1.898549540366722255e-08
7.314655031232577898e-08
-3.716100290670850785e-08
1.253307899853368588e-08
-3.261483336605647586e-09
6.247872982389288962e-10
-5.165043460868440396e-11
-2.431107547780004440e-11
1.790782733649748226e-11
-6.061491628437076388e-12
1.020176597030792109e+00
-1.541278899168567473e-02
5.886492437238559708e-03
-2.247852917369114103e-03
8.581094545958189079e-04
-3.273700084185125281e-04
1.247354386989415445e-04
-4.741497384008785173e-05
1.794661279714729563e-05
-6.741932253182315147e-06
2.500236813718240985e-06
-9.070769154526041933e-07
3.168538097702630507e-07
-1.032813756633519540e-07
2.906872757022610662e-08
-5.068149907665010507e-09
-1.709901851140029243e-09
3.167173274660005342e-09
-1.623204736707271046e-09
1.004511771358766126e+00
-4.511771358766169041e-03
-8.052443999258597566e-18
7.342246487400887302e-18
-6.449839420800868177e-18
5.456894769021542318e-18
-4.444589883594816322e-18
3.483129269986185030e-18
-2.624621286999919068e-18
1.900070351219729101e-18
-1.320252650293123785e-18
8.794906116984011090e-19
-5.609520948526465821e-19
3.421206522872084932e-19
-1.994250787080172821e-19
1.114934875573657835e-19
-6.093954224945004563e-20
3.490034855721522059e-20
-1.303356463474352136e-20
1.350000000000000089e-01
