5.482874641975117314e-01
-1.879649632640783240e-03
2.606517559307607859e-06
-2.938725846873955182e-09
2.075225782289479689e-12
1.219274326865946934e-15
-7.612321525435040550e-18
6.951047957373716768e-19
-1.106066756045661544e-18
7.112260178444890979e-19
2.811975196886630779e-01
-2.525339891185667818e-01
3.780364793275171886e-02
1.339007176511291045e-02
-9.755423977780688927e-03
2.483895102256541629e-03
8.824329387295730214e-05
-3.121352454244234655e-04
1.114711768250834558e-04
-7.354897526738816238e-06
-9.996331889887540036e-06
4.600007484996369561e-06
-5.258128964578027706e-07
-3.629565265760233396e-07
2.011491428150252223e-07
-2.999842518691076502e-08
-1.393243340910022367e-08
8.704756100281174442e-09
-1.677333505397880945e-09
3.200851082873264891e-02
-3.015987604544288075e-02
8.269261863730508963e-03
-1.686908771999665567e-03
2.864848986367573907e-04
-4.260722128836621917e-05
5.556360909776368629e-06
-5.919875558557285549e-07
3.534467877232702998e-08
5.045403088849493803e-09
-2.563915477905707005e-09
6.701957159443452256e-10
-1.406464558111980380e-10
2.581290314445376349e-11
-4.237964136911978198e-12
6.180523612475535637e-13
-7.645789802768218600e-14
6.562676625343302990e-15
2.354375060950738724e-17
1.273916539202640157e-03
-2.370293162974870457e-03
1.914443611380655134e-03
-1.353611968065302623e-03
8.475732535012208942e-04
-4.762357488116089480e-04
2.434548413618731742e-04
-1.148090790161908798e-04
5.062735989660100056e-05
-2.114952488200136114e-05
8.472215698113754774e-06
-3.289925949152789545e-06
1.249746732708088397e-06
-4.676904153289424899e-07
1.732851225171033163e-07
-6.384427010579564515e-08
2.370588805079225923e-08
-9.699992261414606914e-09
3.100400471547591223e-09
9.518010913251152764e-10
-1.801551766961599010e-09
1.525375107334895092e-09
-1.151462656681451401e-09
7.699725977538209089e-10
-4.513033064258194127e-10
2.279114530109453022e-10
-9.627812859911213938e-11
3.210416040925976535e-11
-7.264369590179249554e-12
3.977935531001401991e-13
4.564701008895370555e-13
-1.741726383169646360e-13
3.036448031886884117e-15
1.720530800126986636e-14
-3.854969776336120975e-15
-1.311419852836726013e-15
5.624130351237112850e-16
8.962901298757818125e-17
6.685545009944422468e-01
8.227951381975119995e-04
-1.274231749367193958e-06
1.851264188286776320e-09
-2.336788117877452193e-12
2.301528590658509141e-15
-6.184139148731990994e-19
-6.375932321804466296e-19
4.632540984730112496e-20
1.746961066120845619e-19
7.863931045192877889e-01
1.135700389540446054e-01
-1.347127156458840028e-02
-5.253208136959523246e-03
3.790863311900740697e-03
-1.098454350897843995e-03
4.721038843921445901e-05
1.086178233710145916e-04
-5.247197265698167644e-05
9.324689614540777673e-06
2.384675412047563834e-06
-2.098419314612749635e-06
5.607116801928488639e-07
3.105070459493997047e-08
-8.077494489089101859e-08
2.775546751529763127e-08
-8.483950046746393283e-10
-3.329293234581128378e-09
1.340422469228010585e-09
9.162511290553911891e-01
2.714075048144918428e-02
-4.299012567789189422e-03
6.566089229788519156e-04
-9.540851810085830922e-05
1.298316918531262120e-05
-1.609773927298031083e-06
1.697850051471537100e-07
-1.158330249109134491e-08
-8.025179754473845753e-10
5.643641734515105421e-10
-1.587287066771034441e-10
3.548407184608233664e-11
-7.023741240695777991e-12
1.272421727997768911e-12
-2.126751702703251710e-13
3.253565123719489250e-14
-4.463097075332723406e-15
4.947726393937170752e-16
9.726806750847122318e-01
2.058257599749105729e-02
-7.752649215983064244e-03
2.919450269119344948e-03
-1.098917563565343734e-03
4.133353722647824485e-04
-1.552774088184621535e-04
5.822433780250499993e-05
-2.177432831392315214e-05
8.113885855063091650e-06
-3.009743097801425002e-06
1.110253493452059734e-06
-4.069257825632211682e-07
1.480723943991430515e-07
-5.346612142438294795e-08
1.917202200995659266e-08
-6.901486944302683286e-09
2.720115295248443015e-09
-8.474289591901593246e-10
9.938061885546305430e-01
6.184205743683783736e-03
9.590804637896471215e-06
1.487394459486173130e-08
2.306732809864605370e-11
3.577331600015487351e-14
5.602614519995412589e-17
-2.826618900024970629e-19
2.328976833245371781e-19
-1.367501176136033744e-19
7.442517343872160323e-20
-3.724935801471958890e-20
1.695728923190363179e-20
-6.907968500912966307e-21
2.495227606316082927e-21
-7.380129080054004987e-22
1.631831925298766537e-22
-1.390753804510094796e-23
-4.970900698715919791e-25
1.133884650327382726e+00
-1.388277714169272755e-04
6.355693980188084687e-09
1.664247749405535820e-10
-2.582196734303131592e-13
-7.501324677872772796e-17
1.503947695137863633e-18
4.636541372607369048e-21
-1.904837335000086077e-20
-1.690189596113273673e-20
1.097865795858536275e+00
-3.942179726318049970e-02
-1.524856778142557061e-04
2.819253196083604078e-03
-7.292475829536332072e-04
-6.360741000129741484e-05
8.950680641784711071e-05
-1.690582691523919565e-05
-6.386471992020021118e-06
4.393772125038881110e-06
-6.431305520865577738e-07
-3.884289356929401239e-07
2.369177952089279310e-07
-3.455334954437689223e-08
-2.073471315480642271e-08
1.313628079767737558e-08
-2.236920902905267632e-09
-1.204818107760393436e-09
7.473121334008792149e-10
1.043475677541670255e+00
-1.433357199879126999e-02
2.224607216258380100e-03
-3.129112306803494693e-04
3.765135543649684725e-05
-3.322801527566980041e-06
3.849858709281784740e-08
7.233362531560879797e-08
-2.249468806161977126e-08
4.867385757415569523e-09
-8.779733426782915114e-10
1.369640522041927373e-10
-1.810851841946316597e-11
1.803198330256032510e-12
-5.094683638331798527e-14
-3.593054817124020175e-14
1.295911619482582398e-14
-3.208602689008964322e-15
6.133414698500365112e-16
1.013911815067360944e+00
-1.062466579920749200e-02
4.055657228912714143e-03
-1.547030333897054990e-03
5.893444828088860790e-04
-2.240114097463932893e-04
8.484490174706322619e-05
-3.196491730668658398e-05
1.195289532977765146e-05
-4.425190693067892670e-06
1.617470310979806901e-06
-5.819211467069003858e-07
2.053786850175867311e-07
-7.082719248411131596e-08
2.374495967613721635e-08
-7.680521887601435346e-09
2.373890213647972653e-09
-7.266651107373960161e-10
1.795026327281435134e-10
1.003111352458565531e+00
-3.111352458565514508e-03
-2.793131159598742705e-18
2.415054442686167032e-18
-1.967685044495284455e-18
1.508737921781570309e-18
-1.086753094674897038e-18
7.336400502629602407e-19
-4.627330915305419847e-19
2.715962110443682846e-19
-1.475536043729526068e-19
7.366803418905701173e-20
-3.345988928164278228e-20
1.362094252202251730e-20
-4.852240277068201221e-21
1.447356188459701681e-21
-3.239715445448797648e-22
2.848561798860431322e-23
9.898314387785764828e-24
7.850000000000000311e-01
