7.487729597338063092e-01
-3.361630113937143574e-03
4.095736842273997416e-06
1.915920149220974310e-09
-2.343072733438506757e-11
5.404193997613112034e-14
-9.775945949002699724e-18
-1.258368580410724605e-18
6.015957100124420492e-19
-3.148738758646400860e-19
3.354043815279162954e-01
-3.654393766697103807e-01
8.281603839223479480e-02
1.380961033614494515e-02
-1.869559650291601621e-02
6.718875778340087715e-03
-3.016554357062217100e-04
-8.817343339700826118e-04
4.361201955989711210e-04
-4.825400876955980822e-05
-5.286913946463332151e-05
3.260696153641732712e-05
-5.539527575734860206e-06
-3.403889683599466482e-06
2.656540205549593879e-06
-6.484327170256072877e-07
-1.663449148983172757e-07
2.003782810268160138e-07
-6.633667184564762954e-08
2.117741537055592080e-02
-2.297621143830066645e-02
7.418429153756736331e-03
-1.784681690087384790e-03
3.581412159497283942e-04
-6.394211118479325702e-05
1.050385014873088052e-05
-1.602004643788705285e-06
2.234569717606866876e-07
-2.701026596842818072e-08
2.339533706053188222e-09
3.390625250880793616e-11
-8.350853020713897169e-11
2.733786290178795418e-11
-6.712467973560933547e-12
1.435708669323478288e-12
-2.801380791663037732e-13
5.204969833507528376e-14
-8.515666844300376186e-15
5.504941254933820756e-04
-1.038232731642891931e-03
8.720489291937006575e-04
-6.554252660817288688e-04
4.438258170024943173e-04
-2.730345631501950574e-04
1.539946936881576866e-04
-8.039398024780214673e-05
3.922581974353237026e-05
-1.806044039775790371e-05
7.920780617418079296e-06
-3.338756694137643217e-06
1.363929578332193738e-06
-5.440417057918319001e-07
2.132953664023747258e-07
-8.279443133567572437e-08
3.240439175382499084e-08
-1.406583065989524549e-08
4.669398723914982674e-09
-2.701515106326115490e-10
5.157701488959793190e-10
-4.483510737492396232e-10
3.541675559951866760e-10
-2.532734737966714286e-10
1.630016720395877930e-10
-9.356837628868219445e-11
4.725528730899623897e-11
-2.053837527318789050e-11
7.385041712298676823e-12
-2.016579809111582019e-12
3.120851393235721731e-13
3.746815447958041556e-14
-3.892247680404541947e-14
8.826097123869180621e-15
1.225335882072979593e-15
-1.213698452292995664e-15
1.077727096299486938e-16
1.072731931260024772e-16
5.463809326722537385e-01
1.743739736743763228e-03
-3.393756903519783104e-06
4.732974416808225055e-09
-3.014446417547440642e-12
-2.068063138405689776e-15
-1.105030528650244432e-17
5.811263682484953873e-19
-7.753999553213093042e-20
-5.666222965150492828e-20
7.403628398775631281e-01
1.719890189830425020e-01
-3.475129506949718727e-02
-3.901553752660422581e-03
7.174994272513559972e-03
-3.259125537199200357e-03
6.013658322906258223e-04
2.008088932302869287e-04
-1.936805609761584588e-04
6.134964603523085694e-05
2.418928851670864900e-06
-1.125692339153221494e-05
4.754858211652207029e-06
-2.166947784872315206e-07
-7.497268642122537878e-07
3.890198100892099577e-07
-4.554146009578168333e-08
-6.019585878906097297e-08
3.394964853928430123e-08
9.125661546238715838e-01
2.867583334794360228e-02
-4.696144878745507970e-03
7.664103410342161960e-04
-1.242013551668586771e-04
1.988762689219647999e-05
-3.126647589496160982e-06
4.786168035866727312e-07
-7.045607134211284722e-08
9.760431834449278014e-09
-1.215687739510866835e-09
1.194326945242820253e-10
-3.492585290634482863e-12
-2.566182101725620207e-12
1.012067778117824145e-12
-2.729851319757978726e-13
6.332444738898413433e-14
-1.391967251340952741e-14
2.649312638737336189e-15
9.715579184574285598e-01
2.141812590964566748e-02
-8.064392532161724497e-03
3.036426656015694080e-03
-1.143287921683126731e-03
4.304781522342544797e-04
-1.620877918617574483e-04
6.103143031994790038e-05
-2.298048688325611099e-05
8.652898277620495873e-06
-3.257975705504593030e-06
1.226576705375060605e-06
-4.617072433938135439e-07
1.737503745492583666e-07
-6.537639980885544586e-08
2.463985408939798879e-08
-9.432898578201914746e-09
4.020600503423502142e-09
-1.320682449373108960e-09
9.935483531534889945e-01
6.441224216438914268e-03
1.040579232179967953e-05
1.681054877242998338e-08
2.715742742628005579e-11
4.387281950345589286e-14
7.086251218979607630e-17
1.246197175100483117e-19
-6.659269871730639690e-21
4.461604683526503416e-21
-2.698023273053961452e-21
1.562195058205418178e-21
-7.930784481814800610e-22
4.177510907695730091e-22
-1.786825004444848976e-22
8.407392923137993227e-23
-2.206631261673344532e-23
1.998321737216109076e-23
2.385470402205609894e-24
1.162646650287171290e+00
-1.824464164001375502e-04
5.648860001038941033e-08
-1.044482115459544850e-09
7.467577402133292425e-12
-2.865000599199458453e-14
7.414209204772324070e-17
-1.413255528769089477e-19
3.765894141150181473e-20
-1.761012371881562002e-20
1.113313325200140591e+00
-5.337803260513836190e-02
1.144639878023368234e-03
4.434560690966250947e-03
-1.374694388460510159e-03
-1.818429658798431322e-04
2.596692762349977362e-04
-5.105177557874653993e-05
-3.279364412816354992e-05
2.441504044388851584e-05
-3.857790165708142778e-06
-3.510870260861007119e-06
2.558395896780415369e-06
-5.181368148663881693e-07
-2.872139698041372270e-07
2.588288912150796080e-07
-7.249663082305855164e-08
-2.638626471955264270e-08
2.392575109954376063e-08
1.045668658751387481e+00
-1.546028237128405612e-02
2.553160293804142538e-03
-4.029471119138427928e-04
5.914047423761770162e-05
-7.733778376752508183e-06
8.145763375475917980e-07
-4.166183382250570782e-08
-1.005723074570153470e-08
4.503102225461698073e-09
-1.181230709472211747e-09
2.553771066624794637e-10
-4.905674311227342826e-11
8.559398631886067032e-12
-1.353069272991079796e-12
1.881667562022485611e-13
-2.083391901110670648e-14
9.058220251520787994e-16
3.177352691715624614e-16
1.014495913968327390e+00
-1.107347279600231528e-02
4.229310751981250720e-03
-1.615135579007916881e-03
6.166762618053373132e-04
-2.353622927597955462e-04
8.976822979653742863e-05
-3.419989801097304637e-05
1.300690044854596426e-05
-4.934119619947942551e-06
1.864998414322699120e-06
-7.015150020820682540e-07
2.622185427130775784e-07
-9.724624231391311061e-08
3.572453110538043106e-08
-1.299126319135146093e-08
4.718112822634259753e-09
-1.862186477946434786e-09
5.786394394671865668e-10
1.003241463025252411e+00
-3.241463025252272478e-03
-1.715610754010707070e-19
1.519177147595814443e-19
-1.280435435524605651e-19
1.026452114262281034e-19
-7.818280506155162292e-20
5.650752648392791752e-20
-3.869039166780599851e-20
2.504363099886904843e-20
-1.528462006772895503e-20
8.766860162593077422e-21
-4.705828001375593136e-21
2.350926995302070120e-21
-1.084972011409231940e-21
4.577985344330084537e-22
-1.745707299677103696e-22
6.201419918075521637e-23
-1.625959624786158744e-23
6.650000000000000355e-01
