7.411562571409935005e-03
-6.320280177107976061e-08
1.813055120507317454e-13
-4.515994692511246488e-19
-8.950486418306214759e-22
-4.020422303318691929e-22
6.744971677111032158e-22
-5.388292195930950076e-23
-3.753364977198034602e-22
1.776892982675773763e-22
7.381319464706054788e-03
-3.918966991367480639e-05
-8.981215799280833678e-06
3.222346589815371769e-08
3.657487823298316683e-09
-1.724192225641581618e-11
-1.287540640388503944e-12
7.716178318488401489e-15
4.245595564755725288e-16
-2.923205903375113365e-18
4.365052644043845084e-21
-1.268401412890715710e-19
-1.354213902033605373e-19
6.797115200675129618e-20
6.779892326084474091e-20
-2.395880149804835581e-20
-2.054420070156404641e-20
3.092754805657128567e-21
5.556763245746626279e-21
7.227752969731679987e-03
-1.144646272068984859e-04
-8.937974901135001938e-06
9.877752941425525185e-08
3.543395233358220975e-09
-5.468881597932647743e-11
-1.141978736505445999e-12
2.493000884903482947e-14
3.135668964981407849e-16
-1.014916202260911865e-17
4.725337957248660590e-20
4.031299075711350608e-20
-6.232151524712933349e-20
-3.949061119631679774e-20
1.210557088939956103e-21
4.371691548364451888e-21
7.296938445758140379e-21
5.401777519127928902e-21
-1.998517825475828649e-21
5.105658577119791090e-03
-2.138012961348463841e-03
-6.639229566018039043e-05
6.788702795190555629e-05
-5.989063563568904633e-06
-8.360918790606355992e-07
2.115697760777892453e-07
-5.734660790714131626e-09
-3.469359064758821816e-09
4.718071155002282915e-10
1.530404554402198415e-11
-1.032466660607609914e-11
8.018929779492976610e-13
1.043554057298232085e-13
-2.556028451487661313e-14
7.975062746753621386e-16
3.815289016881882808e-16
-5.353109314157594423e-17
-9.731901448738235881e-19
1.037334996655384957e-03
-1.530685744461539452e-03
5.079000212984339764e-04
6.052039866021572973e-05
-7.482886693133007758e-05
-1.579981471523523971e-05
1.197919610460609852e-05
6.246274452158461114e-06
-7.868247995158718559e-07
-1.799266233750110657e-06
-5.654453152939673071e-07
2.115714096108471376e-07
2.669861002385715658e-07
8.710325600988938565e-08
-2.936083096538279219e-08
-4.554898125314063728e-08
-1.855901829361156683e-08
6.008591300714289309e-09
6.874759217309593597e-09
9.903133035479252388e-01
4.710917807680640557e-08
-1.219880528800054303e-13
2.948874997848465693e-19
8.304107573041278111e-24
-5.995872202458198103e-24
5.027067586524480969e-25
1.151626946009416338e-24
-1.763938822982325481e-24
1.836762088689906265e-24
9.903358571146800848e-01
2.922864554052721745e-05
6.702972853862795086e-06
-2.168836161459431300e-08
-2.462970592560608897e-09
1.124832340243929244e-11
8.404999979462025297e-13
-4.929264527196090080e-15
-2.715745279065878508e-16
1.959334824051908937e-18
8.378906516712016795e-20
2.327917636213658362e-21
7.144695041544332998e-22
-1.346118749943410593e-21
-8.039245724494049965e-22
-5.404519294326047519e-22
1.042717591758156140e-21
5.400092471799092453e-22
-4.473495645381770838e-22
9.904505800870437859e-01
8.560898611444618732e-05
6.729318612104954432e-06
-6.661088659699409873e-08
-2.401609912912770689e-09
3.575985314660242222e-11
7.518973917373460450e-13
-1.598821844595157567e-14
-2.041967284405876186e-16
6.389161401083960127e-18
4.393459023118523076e-20
-1.131312083353717801e-21
1.153986181483619692e-21
-6.853474838540245170e-22
-2.394175188467147724e-22
-5.232792558278234323e-23
-7.180817853646591371e-22
2.446940151412141929e-23
5.035300611563565982e-22
9.921072943543652878e-01
1.698370419156406243e-03
8.312987775460114993e-05
-4.772121079159138870e-05
3.790536837655964411e-06
5.767863737921418676e-07
-1.386591593946753116e-07
3.284948192217621505e-09
2.306351794313367543e-09
-2.982788412638045180e-10
-1.195952927996190472e-11
6.639946222847039946e-12
-4.614248965480365331e-13
-7.157637266755705027e-14
1.550650716879559332e-14
-3.197542349873032303e-16
-2.408011420157506627e-16
2.957441218680523510e-17
1.223593666098508789e-18
9.967667865885817546e-01
3.125798364000005429e-03
1.523644858330300766e-04
-5.234354924139395985e-05
4.317297818762870555e-06
4.422557855261940623e-06
-9.337877824499069499e-07
-6.351833717669958511e-07
1.284621559914949282e-07
1.269927886603473650e-07
-6.361106105775803274e-09
-2.725206930071415998e-08
-4.967489778644049174e-09
4.777697195653702815e-09
2.600070051828782300e-09
-2.961613268333393255e-10
-7.233694168962777792e-10
-1.073574977749550273e-10
1.011483079207862248e-10
1.004853524348533922e+00
-2.355705862641342140e-08
6.073995903816355351e-14
-1.460019495364655966e-19
5.473656281474601580e-24
-3.032306856097244790e-24
-6.169362437705481441e-24
6.017386148943438479e-24
-9.089361786313126560e-25
-1.316631317286960376e-25
1.004842246158122343e+00
-1.461621006333756773e-05
-3.352008670072526511e-06
1.079967383843521617e-08
1.226543515392444291e-09
-5.569276705880229053e-12
-4.162354570202460132e-13
2.423517275438577951e-15
1.335752891068872097e-16
-9.560104489529379675e-19
-4.192244820657742841e-20
-1.980451108172328623e-22
6.198922033865083996e-22
6.703478110585485846e-23
1.931515468884420276e-23
2.908767378800370747e-22
-2.333586443331936415e-22
-1.646706586867607962e-22
6.080602702174684804e-23
1.004784873613573160e+00
-4.281460643912064139e-05
-3.366295091168612014e-06
3.317996063550820415e-08
1.197325476390318189e-09
-1.771872973340452400e-11
-3.733957320004361987e-13
7.871862698223282889e-15
1.010724278882682068e-16
-3.123058484765072351e-18
-2.286987931707227451e-20
1.537938005888851331e-21
5.324226742517358671e-23
9.181076090370506864e-24
1.465205548848718694e-22
-9.770379922444436415e-23
-1.915155863071364039e-22
9.581638459041949297e-24
9.109858446430875469e-23
1.003955423992710649e+00
-8.506073713131520695e-04
-4.190202420245176922e-05
2.388044294068416673e-05
-1.880832981033302108e-06
-2.898641758241138043e-07
6.888462889440933794e-08
-1.544861615893079855e-09
-1.150046639671601954e-09
1.459743469673350477e-10
6.254937237418922591e-12
-3.270119182818123543e-12
2.182860968027336419e-13
3.600936686615751987e-14
-7.490785100891690975e-15
1.253199303317890995e-16
1.184380355504406059e-16
-1.383286164230019905e-17
-6.597910978216025359e-19
1.001619869436614518e+00
-1.566885373404120190e-03
-7.575664091433029950e-05
2.651216497474234585e-05
-2.178530339861519354e-06
-2.241720293752279490e-06
4.711250396612648188e-07
3.224606512422093055e-07
-6.471479543397418555e-08
-6.448481864104206475e-08
3.130270234138015866e-09
1.382896587463589618e-08
2.542446013484312477e-09
-2.420138771272677322e-09
-1.323379031886784352e-09
1.481355883939671565e-10
3.669359733470389700e-10
5.497495662944073801e-11
-5.092464034477671833e-11
9.949999999999999956e-01
