6.352887647547947880e-01
-2.587795786135608372e-03
3.841027261208942535e-06
-3.488990828851448698e-09
-2.126324693613618046e-12
1.846763849749126922e-14
-4.745050201596906934e-17
1.229058539056517391e-19
-7.269693148365048132e-19
3.844151620385500213e-19
3.038645371460075295e-01
-3.017699291651136373e-01
5.745014667966183430e-02
1.334111029173436908e-02
-1.336524004876490750e-02
4.233357303592696214e-03
-1.405746592504302601e-04
-4.833912348588202787e-04
2.209718766068280698e-04
-2.719256016285980242e-05
-1.897495100199600914e-05
1.163413877634818155e-05
-2.080727753103800102e-06
-8.537642294547529622e-07
6.781550028050083148e-07
-1.616233748179998847e-07
-3.221139651921580140e-08
3.912673695796467554e-08
-1.224118964035902662e-08
2.656647544460359958e-02
-2.672291896232744171e-02
7.900730130822583575e-03
-1.741555713265543733e-03
3.209079562614371639e-04
-5.248686494115374613e-05
7.795238011598374837e-06
-1.038528096822881442e-06
1.159588312623119113e-07
-8.068994824360541158e-09
-7.043375943058971435e-10
4.633957089686468516e-10
-1.310260527904569545e-10
2.936101106946025404e-11
-5.782011941394867383e-12
1.033287817110814475e-12
-1.686676793409564848e-13
2.517928914018702465e-14
-3.171684439344176825e-15
8.818967188673053782e-04
-1.651414331459504945e-03
1.358605961049974119e-03
-9.884185967919708986e-04
6.417953939145960547e-04
-3.759755046486562688e-04
2.010280674518668599e-04
-9.927134710341644936e-05
4.581114126229667244e-05
-1.998421913330001386e-05
8.331714219976237034e-06
-3.353674119042325812e-06
1.315081993204351275e-06
-5.061825777252953880e-07
1.924083488286257598e-07
-7.266591184595301176e-08
2.770866753103720133e-08
-1.170451682529385906e-08
3.821364523369827108e-09
-2.728887464999853151e-11
5.185742600922742229e-11
-4.444356151198834938e-11
3.426063706379973544e-11
-2.363552586919540707e-11
1.447359226158275689e-11
-7.767232887990455363e-12
3.577760078800333838e-12
-1.363427687170582647e-12
3.977252261797199336e-13
-6.953750068752583546e-14
-4.457744454586173549e-15
7.307314971101942347e-15
-1.809196485132133546e-15
-2.182227449990569639e-16
2.390985478967379647e-16
-2.804452967777213070e-17
-2.047373225167849028e-17
6.735868533173118394e-18
6.199524965952818434e-01
1.199179341569194023e-03
-2.188421986290564074e-06
3.431753546053140544e-09
-4.014135387430398751e-12
2.020761677500140237e-15
4.637405083057277623e-18
4.075639664910283006e-19
-4.246537579470490741e-19
1.584582777419780830e-19
7.691217542103405691e-01
1.377518308217835497e-01
-2.217896833907525775e-02
-4.846729245787824263e-03
5.190354859282575971e-03
-1.934247933325984690e-03
2.494808341450105004e-04
1.423530713374000550e-04
-1.008868839770168528e-04
2.689571055046797066e-05
1.795792180825748103e-06
-4.542213177083873359e-06
1.730650395259457368e-06
-9.860467355241677643e-08
-2.088216209006477638e-07
1.041831961808592394e-07
-1.372626389224514838e-08
-1.159746222169485766e-08
6.559639642358084256e-09
9.161126692552424844e-01
2.742161022663007833e-02
-4.436966493094170183e-03
7.052610423276819366e-04
-1.092122246575834678e-04
1.633316252239791825e-05
-2.333121176819857061e-06
3.123720942521770705e-07
-3.762567496854854950e-08
3.623415285424826181e-09
-1.297084792119881846e-10
-6.123929183421977521e-11
2.424162933799663390e-11
-6.319136651838947464e-12
1.401481832004386950e-12
-2.820592064492292656e-13
5.272691500459285528e-14
-9.448215684103843274e-15
1.499417039571202977e-15
9.727039437913382880e-01
2.056666573213984661e-02
-7.747925862914470038e-03
2.918648705136051794e-03
-1.099332569420425048e-03
4.139870513878984859e-04
-1.558443273735475761e-04
5.863383099488862955e-05
-2.204097587835236266e-05
8.275150304063164225e-06
-3.101628576328222709e-06
1.159997149271839176e-06
-4.326666493811416285e-07
1.608681549792318255e-07
-5.960704936822923495e-08
2.203945640741201764e-08
-8.235320269804398891e-09
3.402803331922373143e-09
-1.094862280778999725e-09
9.938118033708747134e-01
6.178608366098456602e-03
9.573406551925443895e-06
1.483345562268098553e-08
2.298360615113961926e-11
3.561180633037673532e-14
5.517871203958222766e-17
8.534143186511420075e-20
2.173274410536984228e-22
-6.648796700904011530e-23
2.852734362663828426e-23
-5.977821795467761561e-24
1.637115651257256239e-23
-2.012829542946541795e-24
7.010098134300626661e-24
-2.451569925078747572e-24
-3.419275034405332963e-25
8.796465294870286541e-24
3.823037170049399571e-24
1.145404586488772081e+00
-1.586282631625225215e-04
-3.291906097655385812e-08
1.905148733367363725e-10
4.931044926770027141e-13
-4.318855983204367263e-15
1.576871852792125039e-17
9.821504187674777243e-20
6.773552427472188459e-20
-8.930518816146415294e-20
1.103447615804052484e+00
-4.548658638921077024e-02
5.729152255481811647e-04
3.475651946858741327e-03
-1.030932218617528840e-03
-8.340115361654312071e-05
1.496759159552137682e-04
-3.413296323466672951e-05
-1.159299868814863661e-05
9.909450468682837358e-06
-1.959441245769882901e-06
-8.901834757332204657e-07
7.152345392630524151e-07
-1.546915566156621097e-07
-5.696012914514680477e-08
5.300128448609228045e-08
-1.416680072249821224e-08
-4.258308005090667739e-09
3.862148239200942250e-09
1.043645086647436937e+00
-1.460908491627990746e-02
2.347576086599866690e-03
-3.520051063526417152e-04
4.740287771725187725e-05
-5.325207276358085709e-06
3.824688702116717733e-07
2.425729251597316106e-08
-1.785003504222463107e-08
4.908559564696244680e-09
-1.048010001504914693e-09
1.936662893375271572e-10
-3.181287639960780410e-11
4.598915993629396690e-12
-5.506107460684382581e-13
4.187447358566697634e-14
3.005454027202854261e-15
-2.445969918069182667e-15
6.690862382285137153e-16
1.013900615201007938e+00
-1.061785379895326467e-02
4.054544010123518546e-03
-1.547784776409888170e-03
5.904997843087277445e-04
-2.250448592379787908e-04
8.561601246573585615e-05
-3.248254860754246965e-05
1.227420995201013966e-05
-4.612063266907169543e-06
1.720096095659628363e-06
-6.354382059404110021e-07
2.320013575284671235e-07
-8.351392382026904988e-08
2.956139600141484245e-08
-1.026283972800710222e-08
3.507456602622759720e-09
-1.269841288793153608e-09
3.690174480168871081e-10
1.003108513110947397e+00
-3.108513110947310615e-03
-2.037062704605072021e-21
1.779753751678330421e-21
-1.472923836045952900e-21
1.153113910956853258e-21
-8.524553114991761026e-22
5.940341773297139632e-22
-3.893789511497677873e-22
2.393527042769128280e-22
-1.374203276528008113e-22
7.332500392208132100e-23
-3.612549633907542805e-23
1.627989346016484419e-23
-6.618084775738132653e-24
2.375334063788869674e-24
-7.225216239841239548e-25
1.712757141026494068e-25
-2.489419070235770685e-26
7.399999999999999911e-01
