9.364714843512133013e-01
-3.956810731636313983e-04
-6.556814400054785443e-07
-3.989785050103638602e-10
3.245602783244301371e-13
5.147183530481652542e-16
1.951071279578836664e-19
-2.498848389869073014e-19
2.463384324907309451e-19
-5.556228764843625077e-20
5.786749707732653514e-01
-4.526131367578641318e-01
-5.703058147946431927e-02
5.681189330803684823e-02
1.235638835231350416e-02
-1.047452828111362227e-02
-2.885940842398780973e-03
2.256419484474103589e-03
6.519237231663981827e-04
-5.064758530001113460e-04
-1.509411805109059769e-04
1.174651514697235786e-04
3.537004013831231955e-05
-2.768775308606282414e-05
-8.492870660853447858e-06
6.484929242550858069e-06
2.282467694770303703e-06
-1.159447102037466218e-06
-5.570045407864025169e-07
4.221456457703895437e-02
-5.458842420372814197e-02
2.193759527278632895e-02
-6.527621261111528177e-03
1.570353645496877547e-03
-3.170323794633280248e-04
5.271016813960783626e-05
-6.094086606663282418e-06
-1.174023931112713608e-07
3.679895584979729326e-07
-1.523340237652011705e-07
4.618410058414426533e-08
-1.178531614113414420e-08
2.597835102494600419e-09
-4.807374104520762056e-10
6.475748890069737700e-11
-9.630448376564486816e-13
-3.830084304396132783e-12
1.540190016505550153e-12
5.002086619811016953e-04
-9.577088323030318734e-04
8.407775194791918850e-04
-6.782741911169847373e-04
5.043896531527953565e-04
-3.471663925933930598e-04
2.222148537324574607e-04
-1.329671674420722545e-04
7.478993283023008482e-05
-3.976913608187068467e-05
2.010716293389284436e-05
-9.721925171723650716e-06
4.520604399625416031e-06
-2.032722587115208678e-06
8.888725466451825761e-07
-3.809608924136245030e-07
1.634487540000104864e-07
-7.749714814775117628e-08
2.702793373918386914e-08
-1.213489391118394186e-09
2.340195366514462831e-09
-2.097325370045990918e-09
1.745272272811137631e-09
-1.346078054658890039e-09
9.596763641730956433e-10
-6.300561707830985995e-10
3.789139586667494081e-10
-2.072049686298898077e-10
1.019417729806726356e-10
-4.440779015833147686e-11
1.668768831531556184e-11
-5.152006488390072156e-12
1.161203923883583634e-12
-1.079183006019565319e-13
-4.827162781933710383e-14
2.614800027059647631e-14
-3.818955920610006398e-15
-1.014618260927533211e-15
4.460562932769031597e-01
6.128674839953422975e-04
8.416092940964201329e-09
-3.346932136532710036e-11
-8.554351284254481421e-14
-5.543308278162480513e-17
-8.578352679007857293e-19
-3.775910216292625327e-19
1.098715422412019694e-18
-4.829331391885995310e-19
6.333141522641976273e-01
2.068230811382015255e-01
-2.733138104935411029e-03
-2.265983293574005963e-02
3.211597027881386932e-03
3.116143458402205989e-03
-4.382210945184457276e-04
-6.568732734496947291e-04
7.077367479070697598e-05
1.531575634572883795e-04
-1.182427072194717300e-05
-3.722636610235743345e-05
1.893546919822406317e-06
9.218902096300672904e-06
-2.482032054412522764e-07
-2.246316985960886545e-06
-1.872528721917086641e-08
4.046698998422642981e-07
2.986809515334654733e-08
8.711384706516345222e-01
4.211342524652147978e-02
-7.175771254278312007e-03
1.331336393242702311e-03
-2.762805563145109551e-04
6.247992336383471597e-05
-1.443116615294292389e-05
3.186218640518585277e-06
-6.316066721855789634e-07
1.014616202193514341e-07
-8.609860514123603590e-09
-2.225529263869604546e-09
1.562164654110221115e-09
-5.872742778792878070e-10
1.758009176661734049e-10
-4.515467083099693460e-11
1.001953842626337039e-11
-1.847345140167630636e-12
2.373363453462566199e-13
9.576990851917254188e-01
3.162949959409663836e-02
-1.182526689081945213e-02
4.421245304594326186e-03
-1.653144376715502597e-03
6.182215579589370440e-04
-2.312651525590168813e-04
8.656189518150879468e-05
-3.243362412761893011e-05
1.217431173022650555e-05
-4.583313780751254093e-06
1.733558426685230359e-06
-6.602880466264292490e-07
2.540288466139416050e-07
-9.911298005404181616e-08
3.949350754274945802e-08
-1.643468900744166558e-08
7.872087589915980859e-09
-2.791412805171696603e-09
9.903373332467428902e-01
9.639268064127451061e-03
2.334202789240769416e-05
5.652402885153088355e-08
1.368761008727953008e-10
3.314557856898300118e-13
8.005025553707711580e-16
3.603720235904124966e-18
-1.237480423410687872e-18
8.926482454165901729e-19
-6.153732511323882367e-19
4.053729990058398873e-19
-2.552676047381491188e-19
1.536186221335242109e-19
-8.811499401850964368e-20
4.851509704195265181e-20
-2.613797641488619372e-20
1.451887216409245337e-20
-5.307966244411670732e-21
1.067232093772711554e+00
1.281256643634867882e-04
4.771606386688788805e-08
-4.298642581276250165e-11
-5.336096837397854750e-14
-4.541161445712760631e-17
1.720699350353006039e-18
-1.021056408326697954e-18
9.024623881602068025e-20
7.141083870982006755e-20
1.092190702661034463e+00
1.917681413012366914e-02
-1.342156596142937870e-02
-6.492609419828326497e-03
2.865310385579706437e-03
1.415729805267765132e-03
-5.562918790376538553e-04
-3.557218400448336937e-04
1.196218036237312119e-04
8.996065678544545993e-05
-2.657977925588768953e-05
-2.300954899238021143e-05
6.074860478078481894e-06
5.902696120443503641e-06
-1.419477411419770716e-06
-1.473447772590709362e-06
3.331355811567926160e-07
2.673370041318020273e-07
-5.827040008463493002e-08
1.068316480246463085e+00
-2.275823207741743681e-02
3.511405596337141988e-03
-4.267307997055389338e-04
9.129371134310168960e-06
1.816184056367354046e-05
-8.343367542939769313e-06
2.626494070916584996e-06
-6.797819843099399567e-07
1.492740739571069341e-07
-2.681409723412538478e-08
3.220344092894604700e-09
1.411332949705032083e-10
-2.559007773568993206e-10
1.075038914376702521e-10
-3.342682953261566346e-11
8.718805831228765027e-12
-2.000858514096108775e-12
3.610009095588844075e-13
1.021764132208790032e+00
-1.662607054041460863e-02
6.350363817509631532e-03
-2.425421809955843368e-03
9.262598860419997762e-04
-3.536641289713306929e-04
1.349831083453120566e-04
-5.148159824266039725e-05
1.960923789071910834e-05
-7.452482449207072851e-06
2.821865415458666693e-06
-1.062167253705547610e-06
3.960979682350864712e-07
-1.455914428782244179e-07
5.231955435169132697e-08
-1.812904147069461687e-08
5.917498023434996282e-09
-1.827967707371971693e-09
4.338734402636549203e-10
1.004866653308573943e+00
-4.866653308573904574e-03
-2.395952257695396301e-18
2.180321418304985494e-18
-1.909987574899176898e-18
1.610113404899907760e-18
-1.305563363255085220e-18
1.017656934391659537e-18
-7.619988906629789117e-19
5.476188144574737310e-19
-3.773285873427997087e-19
2.489656311974775676e-19
-1.570771642897598831e-19
9.462061534883222882e-20
-5.437152502129277452e-20
2.988495425030094182e-20
-1.599695634668693767e-20
8.947536769181919289e-21
-3.297095585611831656e-21
2.500000000000000000e-01
