7.217880705478940673e-01
-3.214935646988151350e-03
4.291082833468009600e-06
-2.230926163989284394e-10
-1.741073243221985196e-11
5.130822647694050252e-14
-5.964637507878822722e-17
-5.638036204671251188e-19
7.935586909128482051e-19
-2.725081806089198562e-19
3.274400300776874606e-01
-3.501898712902326016e-01
7.703739039052472093e-02
1.343663369139096002e-02
-1.731254821238914499e-02
6.138516462171831299e-03
-3.135088292123539943e-04
-7.537937595544691232e-04
3.768951654160500818e-04
-4.709802135483554517e-05
-4.030835473801292498e-05
2.586987570705247827e-05
-4.781827502761786416e-06
-2.347774407343632172e-06
1.949582004457808478e-06
-5.039147693701462564e-07
-9.991365144134922548e-08
1.390727913301445645e-07
-4.799310925562580516e-08
2.229939587676801893e-02
-2.377650871363104490e-02
7.521486281717331725e-03
-1.773353010877369183e-03
3.490852208806759010e-04
-6.115686044640651696e-05
9.843699373326219952e-06
-1.464197388015257125e-06
1.969896216897238088e-07
-2.229011173710239951e-08
1.565892930310293315e-09
1.467134469430665375e-10
-9.687213528624578189e-11
2.816546828147528308e-11
-6.536985103333924394e-12
1.342796216748250920e-12
-2.526984739458809948e-13
4.512632891466952562e-14
-7.090459870942443121e-15
6.154642173076815348e-04
-1.158897377680387060e-03
9.688429946464842402e-04
-7.228068221918047560e-04
4.847763048755973918e-04
-2.948877724662413331e-04
1.642745869969878343e-04
-8.465460469488798650e-05
4.076660558231024573e-05
-1.853089136783464639e-05
8.029050892370721837e-06
-3.346813574365179817e-06
1.353621737778550778e-06
-5.352256615160105579e-07
2.082572853670669272e-07
-8.030715320480076595e-08
3.124138102113670861e-08
-1.347983993320134981e-08
4.459061553877864261e-09
-2.456096304151439052e-10
4.684148552929315956e-10
-4.058654392363374696e-10
3.188242752581927021e-10
-2.261418665615482948e-10
1.439130248840746489e-10
-8.137344143584272010e-11
4.026968537464512376e-11
-1.701459030362561812e-11
5.863302418291474410e-12
-1.482046683732277570e-12
1.768022523324099178e-13
5.128834673984663228e-14
-3.218392115410284422e-14
5.072005713928797234e-15
1.752490567974772683e-15
-9.630760304391030415e-16
-2.913627047989160206e-18
1.062235521379118138e-16
5.651618402125923035e-01
1.615178122313371554e-03
-3.148373573159337021e-06
4.631486690545610026e-09
-3.646745523449587497e-12
-2.099109889965770068e-15
2.555636781655156829e-18
1.378663044318243969e-19
2.797460001394735567e-19
-1.969484934212554810e-19
7.480948679246330890e-01
1.634599205867200145e-01
-3.169576050295552089e-02
-4.109227497431613280e-03
6.668614855185188081e-03
-2.925785337753931351e-03
5.179434899423941479e-04
1.804782489535820627e-04
-1.676097248162323301e-04
5.260634215169942635e-05
1.459588701184101931e-06
-9.025885743482764636e-06
3.878277998404386884e-06
-2.598069175669076985e-07
-5.417975715363295337e-07
2.938895609883756794e-07
-4.095110631488946910e-08
-4.019519813772148954e-08
2.377350129808751526e-08
9.138387014883649906e-01
2.825392840600846403e-02
-4.619242527817202237e-03
7.505601105289497589e-04
-1.206437242749636428e-04
1.907386672678863197e-05
-2.945503576562448359e-06
4.401213107224948448e-07
-6.267895478480897408e-08
8.265878751491874428e-09
-9.425702917313674310e-10
7.219687046833007819e-11
4.139140637406801661e-12
-3.683990670599517405e-12
1.149378898254579101e-12
-2.832156523338741868e-13
6.209698539658319902e-14
-1.302484547041462475e-14
2.389061060656219880e-15
9.719772662377069716e-01
2.110679903590741147e-02
-7.948826740946988642e-03
2.993517469351344908e-03
-1.127344264819041871e-03
4.245445432834373954e-04
-1.598727899085389183e-04
6.020018806464253288e-05
-2.266589258533529186e-05
8.532347373143217423e-06
-3.211001011257041685e-06
1.207892536973923922e-06
-4.541051121725420257e-07
1.705869888112004363e-07
-6.403311626928511367e-08
2.405826372603585632e-08
-9.172295330162797765e-09
3.888336542034811914e-09
-1.272611416645902899e-09
9.936448114593507963e-01
6.345075444761416432e-03
1.009700278406151661e-05
1.606749456471417547e-08
2.556841738365502371e-11
4.068736841806528886e-14
6.474141254317278942e-17
1.065319712154453359e-19
-2.165523653167167993e-21
1.438416678767915896e-21
-8.523346776961833267e-22
5.197618424281943293e-22
-2.662756038636728020e-22
1.079110800585680415e-22
-4.914749898137027120e-23
2.871545385153341167e-23
-1.505119747876667027e-23
2.219123825819042041e-24
5.321291381679960728e-24
1.158222833477395852e+00
-1.759380414052602376e-04
1.920493179759825993e-09
-5.137334126222088996e-10
4.887720290013033531e-12
-2.074760412333730977e-14
5.842917126741548122e-17
2.132983936179409652e-20
-2.098577348065029077e-20
-1.256306776065324196e-20
1.110597710493192558e+00
-5.149440275401470646e-02
1.077197650835052091e-03
4.193061805527838540e-03
-1.309389080378264804e-03
-1.439526947237888116e-04
2.301236669669659150e-04
-4.984428578516397225e-05
-2.476474406837375034e-05
1.990210388708707733e-05
-3.615654676088492790e-06
-2.455185946761057265e-06
1.911860590066435591e-06
-4.195900601649560862e-07
-1.869877802075154513e-07
1.803826440297457990e-07
-5.266830614152085246e-08
-1.633315952833720035e-08
1.575961090069299559e-08
1.044954803380716779e+00
-1.518695527131746527e-02
2.495109401168644873e-03
-3.899417943577133819e-04
5.630623610423081079e-05
-7.165964743695055105e-06
7.134038022318603899e-07
-2.621429568467181284e-08
-1.188601441091191946e-08
4.595083433573435544e-09
-1.147636538966499938e-09
2.398981867379091028e-10
-4.467931465199612055e-11
7.536261684336594568e-12
-1.141091569226918126e-12
1.484056459211714492e-13
-1.409795436437226497e-14
-1.057028838018404335e-16
4.379291971948044035e-16
1.014278088088384822e+00
-1.090694203266548770e-02
4.165591658577894214e-03
-1.590707008928972160e-03
6.072762961130418738e-04
-2.317221019881493863e-04
8.834418549637645804e-05
-3.363458781591830587e-05
1.277817030653641281e-05
-4.839519917021897638e-06
1.825003362725006644e-06
-6.842875722425930703e-07
2.547042827624348892e-07
-9.395150626418367465e-08
3.428200176205022349e-08
-1.236235635288952921e-08
4.441214537208938520e-09
-1.726990076270095994e-09
5.307775428444375559e-10
1.003192779890388797e+00
-3.192779890388768547e-03
-1.469515565561676082e-19
1.297416822421332153e-19
-1.088991003836169728e-19
8.682591728104356646e-20
-6.568601947828921003e-20
4.708483794957190269e-20
-3.192253178175092686e-20
2.042381487915714829e-20
-1.229572585451812848e-20
6.940199388438445685e-21
-3.655605326125567611e-21
1.785765399440512004e-21
-8.021575445992298979e-22
3.272701283603907669e-22
-1.192665713420470194e-22
3.941659258800659622e-23
-9.586438658953091067e-24
6.850000000000000533e-01
