9.338106721779679820e-01
-1.872643711160739246e-03
-2.153318877818352376e-06
1.955198656447293036e-09
1.768243627670200388e-11
-4.291607531392177136e-14
4.852790192751891254e-17
-2.344600736649746529e-17
-9.972754187568659913e-19
1.065881822291043312e-17
4.447148342484276151e-01
-4.874518219761105886e-01
7.215930091816379066e-02
5.097702294278062818e-02
-2.855793178753038633e-02
-6.816844824836551346e-04
6.051834686879518400e-03
-1.809359391759587194e-03
-7.962693196020686082e-04
7.215649028712423476e-04
-7.200618981633555684e-05
-1.498992716179526805e-04
7.382248465372624876e-05
9.394000113506438521e-06
-2.174074867279468336e-05
5.704859327342463632e-06
2.977019774472585078e-06
-1.893351061184601071e-06
8.404054976585143993e-08
1.907671731814095106e-02
-2.370364304960040011e-02
9.056845940791388369e-03
-2.578060932622603350e-03
6.056328815627630468e-04
-1.248470400524396694e-04
2.340128237187054022e-05
-4.046407824761665925e-06
6.406157273578390604e-07
-8.904083482774927911e-08
9.384729482162648280e-09
-1.576772992907424727e-10
-3.011463594559930969e-10
1.208024083971516746e-10
-3.436142766276080543e-11
8.402256047027581325e-12
-1.866339665633207194e-12
3.969308368372953815e-13
-7.316525367938643183e-14
2.812593311216992449e-04
-5.367078659917253608e-04
4.665558886427949368e-04
-3.704300189370433286e-04
2.696469046366914706e-04
-1.808368028495328144e-04
1.123587149498026319e-04
-6.507315048875167375e-05
3.535382549241983436e-05
-1.813612004356080935e-05
8.842327003208065003e-06
-4.123986732835800836e-06
1.851543740703056652e-06
-8.051152574345576532e-07
3.411230410675681291e-07
-1.419446930326592243e-07
5.921388782202725459e-08
-2.732223072738132320e-08
9.387124903903864069e-09
-4.590700872655806589e-10
8.833348735431514021e-10
-7.863253822015780186e-10
6.468596291786328992e-10
-4.907043620554512352e-10
3.421568145707646202e-10
-2.182759571417079106e-10
1.265607659764383191e-10
-6.606844597649303168e-11
3.061728444230048120e-11
-1.231579223973729783e-11
4.131084790955722442e-12
-1.057923562687252442e-12
1.511313172291151883e-13
2.182591298741292036e-14
-2.028242459263798272e-14
4.936660348188967026e-15
4.644154448047592854e-16
-5.779404249920099258e-16
3.885745166995979161e-01
1.693438390329227725e-03
-1.380843014347120186e-06
7.561845459861782194e-10
-4.050828391492240506e-12
1.139693997745421902e-14
-2.019913692859922369e-17
2.810825961082049638e-18
4.153484078966280468e-18
-2.895183548762359274e-18
6.451303055425242627e-01
2.389402649947243995e-01
-4.277648269900934802e-02
-1.273215334680569306e-02
1.264271525691401839e-02
-3.221627706979755031e-03
-9.490172386028422613e-04
9.032525602156009099e-04
-9.515770946264512332e-05
-1.667516965084946546e-04
7.550396160818020755e-05
1.580924285144226458e-05
-2.452073592761246846e-05
4.623106578819675243e-06
4.650537528496714901e-06
-2.902890732125974582e-06
-1.554531801899680829e-08
6.518984824376831592e-07
-2.402093709460948758e-07
8.830523638227654182e-01
3.789177026530932829e-02
-6.179769318710007057e-03
1.022244465783427730e-03
-1.729966963928983661e-04
3.010985479184894589e-05
-5.377031444236025378e-06
9.747758141378547246e-07
-1.764986051333704670e-07
3.131331898034568869e-08
-5.320361432432262119e-09
8.369938139800023023e-10
-1.136880702533957634e-10
1.046512159570652414e-11
5.968970946954596143e-13
-6.822227125821019630e-13
2.489615709361645249e-13
-7.483468757123446796e-14
1.764086140922554903e-14
9.616198423017332519e-01
2.875543416530269847e-02
-1.077220202582622639e-02
4.035459730624040356e-03
-1.511784744077662290e-03
5.663747372249778103e-04
-2.122024547983416317e-04
7.951638712957476444e-05
-2.980348762020748301e-05
1.117509178954612674e-05
-4.192867658189612889e-06
1.574675440992105542e-06
-5.922212091098472395e-07
2.231773920103968329e-07
-8.435723814922593223e-08
3.207904578075196073e-08
-1.247131477904460248e-08
5.443614781204215922e-09
-1.818278637674136441e-09
9.912502394531216288e-01
8.730577363701088126e-03
1.914112551010555216e-05
4.196545893064425702e-08
9.200607014793930775e-11
2.017165962395125392e-13
4.420087087754975065e-16
1.151642939832946381e-18
-1.317004384192126283e-19
9.422011512506733812e-20
-6.287271503800193735e-20
4.030074999373432670e-20
-2.496914323280479143e-20
1.419593614726545117e-20
-7.777586915903335738e-21
4.060586793433417698e-21
-2.012469097199504184e-21
1.013295269250937240e-21
-4.063938584693012050e-22
1.178049425480701018e+00
-1.327244562192155344e-04
7.823722920001775459e-07
-2.854131226023348485e-09
4.684934823813220256e-12
-8.813478875327181631e-15
3.458241804049339418e-17
8.141776551190146331e-19
6.984535337046678068e-19
-3.579490579127683139e-19
1.139446624540512820e+00
-4.895499709659352494e-02
-7.936172509749936724e-03
4.758881293365682837e-03
1.467854812875155198e-03
-1.358192824967706814e-03
-1.461268583381023119e-04
4.707913479590570475e-04
-1.338730576383773986e-04
-8.155019031958169894e-05
6.891491347491293738e-05
-5.039475217037919951e-06
-1.625123299016189676e-05
7.494487066385026742e-06
1.432914665964148612e-06
-2.540434710185446195e-06
6.612968211782320720e-07
4.327609659452813826e-07
-3.044047656358542659e-07
1.062172505461383976e+00
-2.118710749784865482e-02
3.554094040151653099e-03
-5.753396838420846452e-04
8.674771825153584470e-05
-1.134092552469698865e-05
1.023276685425077589e-06
4.060965292189770210e-08
-5.326837548733007772e-08
1.827627336335979535e-08
-4.794497981636787809e-09
1.095045029029776539e-09
-2.263134650963203438e-10
4.269104939260404404e-11
-7.260217033960819541e-12
1.062163445846012421e-12
-1.126181258024561031e-13
-2.106759227981957017e-15
4.778107512366814154e-15
1.019695853722674572e+00
-1.504622105431201000e-02
5.747066615601934339e-03
-2.195116163220511753e-03
8.384035483912586620e-04
-3.201972198038596134e-04
1.222708644093669543e-04
-4.667901436709892576e-05
1.781295466278306886e-05
-6.792745837421536462e-06
2.587447636634790207e-06
-9.839251092054113555e-07
3.732276271463301650e-07
-1.410792705546298572e-07
5.308014513222407917e-08
-1.987665864109204347e-08
7.486837642320511279e-09
-3.096837170204109956e-09
9.940215167064130885e-10
1.004404137883295745e+00
-4.404137883295801761e-03
-3.746159110442670034e-19
3.388605330082278540e-19
-2.943378829838783012e-19
2.454032933074866361e-19
-1.962832294953987405e-19
1.505034290333650080e-19
-1.105318099595624150e-19
7.766768597225486548e-20
-5.214862994136656639e-20
3.340523208839411112e-20
-2.037686264940927389e-20
1.181031142113766051e-20
-6.490319886418734283e-21
3.382538491791177139e-21
-1.694701002329899231e-21
8.766583870685345947e-22
-3.083121603391751684e-22
4.150000000000000355e-01
