8.976065401342890882e-01
-2.978541990233370476e-03
-9.052944207097026698e-07
9.378271275041696223e-09
1.049033829118728615e-11
-1.398428086224022546e-13
4.253741294881694861e-16
-1.135221251519077207e-19
1.951754483098538542e-18
-8.080625682749855234e-19
3.985767870870246532e-01
-4.575819426291396486e-01
9.894821657362801171e-02
2.942376670527793725e-02
-2.899176961938843347e-02
6.895336426539950235e-03
2.533409636059947255e-03
-2.389947520249388613e-03
4.647008203705124815e-04
3.278247507919541579e-04
-2.532858695743247764e-04
4.051173505662828892e-05
4.014428240076228056e-05
-2.824182783244912875e-05
3.734010318728422611e-06
5.054701922097993297e-06
-3.241147022587063586e-06
-1.054529203645408508e-07
6.633538845181768274e-07
1.723908396957269176e-02
-2.064462923870317643e-02
7.519901572150430175e-03
-2.039372481050197305e-03
4.579981829684162849e-04
-9.080490360196409301e-05
1.650822612906606941e-05
-2.801277909359103840e-06
4.435394414016530151e-07
-6.412379535934935688e-08
7.934297416899528826e-09
-6.572083463481643132e-10
-3.729376358959089092e-11
3.648268124358879582e-11
-1.195663397881938328e-11
3.068330948429964604e-12
-6.967124455988774758e-13
1.508511903887185026e-13
-2.834273473795463404e-14
3.026193804054731372e-04
-5.757286085304213260e-04
4.960515190031327456e-04
-3.882597949166665730e-04
2.772968576558084157e-04
-1.817385456671888431e-04
1.100056027431283725e-04
-6.192299668119815236e-05
3.264922406753412463e-05
-1.624219101225664856e-05
7.679346351281885369e-06
-3.475487733026955854e-06
1.516046776633066315e-06
-6.415951440356548875e-07
2.651027360450204200e-07
-1.077929605716716996e-07
4.400367213550278167e-08
-1.988370005635728245e-08
6.752260835473588719e-09
-3.545103538262728230e-10
6.807874184518391164e-10
-6.023790885015767150e-10
4.904775830041852783e-10
-3.665859438935000910e-10
2.505445882438933575e-10
-1.557189424615309315e-10
8.731229904090860098e-11
-4.364925932297414800e-11
1.910466822131288423e-11
-7.099084443900468535e-12
2.107423192186839423e-12
-4.236681165403611495e-13
1.296868363944280632e-14
2.906126862281526791e-14
-1.104473267580108215e-14
8.726963036748497929e-16
8.031430931976274713e-16
-3.006470138729682883e-16
4.215110763865070886e-01
2.120589638464463571e-03
-2.962597371737296982e-06
2.504091170598364489e-09
-6.953011360282046509e-12
3.883197714165555800e-14
-1.214001069621881031e-16
1.881942449706555892e-18
-1.003529677275398302e-18
2.527560131982059145e-19
6.767997445378359789e-01
2.261786554413942607e-01
-4.863234495555524006e-02
-6.239844496569734583e-03
1.124541519729778394e-02
-4.738505714728591042e-03
3.682717381553378367e-04
6.635104691633603646e-04
-3.531672949098710345e-04
1.939807999532218444e-05
6.414605105197999110e-05
-3.076904766818571981e-05
-1.545085437961817815e-06
7.888801504463579565e-06
-3.083536442584466339e-06
-5.722392529981549349e-07
9.788828341291776576e-07
-1.688640808204549012e-07
-1.171802957197609985e-07
8.959143154463734549e-01
3.391969849599768549e-02
-5.548745950882800343e-03
9.146011747836967597e-04
-1.524113200434949354e-04
2.570022773199200425e-05
-4.371814545844405391e-06
7.450068328063990510e-07
-1.259247550331556445e-07
2.084921313452843821e-08
-3.326051254446556214e-09
4.981768690109252991e-10
-6.650316395731796570e-11
6.791633698812090614e-12
-1.041461169404007272e-13
-2.140180108697632971e-13
8.535850821567190104e-14
-2.570556749998278841e-14
5.985172226373222026e-15
9.659765316696330428e-01
2.554827853520627925e-02
-9.592151969940372960e-03
3.601424265987140071e-03
-1.352198598499861635e-03
5.077177767576129602e-04
-1.906485955734178348e-04
7.159735294846453484e-05
-2.689355540801465909e-05
1.010509547921943939e-05
-3.798810941863322807e-06
1.429116618868064499e-06
-5.381746210344057784e-07
2.029425788244081122e-07
-7.668454028773247359e-08
2.910985790053221790e-08
-1.127189204814783949e-08
4.886080236445679333e-09
-1.623834440301315939e-09
9.922605255206162767e-01
7.724470235139693948e-03
1.497515604870580716e-05
2.903180306973463592e-08
5.628292514724603988e-11
1.091138463243023118e-13
2.114254819465266504e-16
4.926568068149477189e-19
-5.866687371912916685e-20
4.095769273651383249e-20
-2.683280690195812491e-20
1.673421591654691587e-20
-9.866209887516598124e-21
5.519988992513982540e-21
-2.880106835204799030e-21
1.452384033498466693e-21
-6.714183659401162907e-22
3.304530755698040619e-22
-1.059608546449224035e-22
1.188902870432063441e+00
-2.319630048154194813e-04
9.916536211121575072e-07
-5.650244888149107061e-09
1.746579489600255078e-11
-3.866685539113286164e-14
1.143473404715771640e-16
-8.034410434059125847e-19
-7.322362491982271448e-19
5.956963116641088541e-19
1.135128459389899591e+00
-6.059976578742741482e-02
-1.623602773618109708e-03
5.722639482430761856e-03
-6.466980369516310122e-04
-9.176086686349208552e-04
3.365022449191434764e-04
1.622597639859086813e-04
-1.727665052980374672e-04
3.566816151811267791e-05
3.060093297248493157e-05
-2.499599283331338588e-05
4.519082719660770568e-06
4.122097074246651831e-06
-3.123127054594788543e-06
4.763179606527827535e-07
4.964213946661128725e-07
-2.758888169266572312e-07
2.530432483867897250e-08
1.054950984162668304e+00
-1.873197614924842699e-02
3.148290546788546501e-03
-5.136686547791446435e-04
7.942680510928292056e-05
-1.119266750113646565e-05
1.320905642820770328e-06
-9.346690478371688532e-08
-1.112788292707064312e-08
7.051588000222584614e-09
-2.115605115211770801e-09
5.101807735173464040e-10
-1.089890473398084475e-10
2.128008383327323645e-11
-3.824770285024753937e-12
6.263999468884470429e-13
-8.997496938906371408e-14
9.848116148902895124e-15
-3.902219909276591523e-16
1.017407301337547088e+00
-1.329790062200411974e-02
5.079249741039378388e-03
-1.940018074708374203e-03
7.409533767704836599e-04
-2.829663693957176285e-04
1.080444456652808949e-04
-4.124159399645792361e-05
1.573410994500307878e-05
-5.997717912865205984e-06
2.283354666285168154e-06
-8.676462178420652104e-07
3.288188720351716006e-07
-1.241665264578065681e-07
4.667291180850855724e-08
-1.746840598819955887e-08
6.583559068780757443e-09
-2.730325792450832843e-09
8.785984161665330274e-10
1.003892406465040743e+00
-3.892406465040680174e-03
-2.405259647767820903e-19
2.163999445535939744e-19
-1.865437091550817433e-19
1.539990712159603504e-19
-1.216703864204073481e-19
9.192154450949866479e-20
-6.633802218871863093e-20
4.567354408713559954e-20
-2.995336488722518702e-20
1.867571377628561293e-20
-1.104449300500666188e-20
6.177539560307575484e-21
-3.257419431040887973e-21
1.615799639059142345e-21
-7.605501670715893452e-22
3.638571583944474032e-22
-1.216262630238150167e-22
5.050000000000000044e-01
