8.460104903307671398e-01
-3.462963093178979181e-03
1.481848395678716118e-06
1.068330978552605478e-08
-2.126054314892795252e-11
-5.915813225012601334e-14
4.576589160566616538e-16
-4.650520626297667875e-18
-1.385692249117181254e-18
1.491222815942862417e-18
3.700414990739023802e-01
-4.229427392604740987e-01
9.921467790640255136e-02
1.932505788299230393e-02
-2.485065572024951555e-02
8.136314002553025893e-03
5.797946121971901982e-04
-1.691783205647203782e-03
6.347183299478723452e-04
4.967789675975270376e-05
-1.540487139819437168e-04
6.274374157081712860e-05
2.650391071462924230e-06
-1.480641355443218338e-05
6.664734224926755225e-06
-6.498255274644713270e-08
-1.328588301631137052e-06
5.331668649902584981e-07
-1.944872577661026009e-08
1.800370434454794805e-02
-2.078907554058298177e-02
7.235135062963259783e-03
-1.874583809782335783e-03
4.033661009889624727e-04
-7.691920815588114933e-05
1.349518884978092846e-05
-2.214140175592511669e-06
3.388822559132043277e-07
-4.720805561819338043e-08
5.572346152863641076e-09
-4.186198255265078466e-10
-3.540165135010446415e-11
2.627970754004993762e-11
-8.106027319849374138e-12
1.992184361867271650e-12
-4.352272814462162382e-13
9.060607316542299444e-14
-1.645909269787856616e-14
3.694648148559055820e-04
-7.007180692900804230e-04
5.982553894161314048e-04
-4.614619799802927480e-04
3.232722158617174347e-04
-2.070245675945518867e-04
1.220911125059561102e-04
-6.682704338429549390e-05
3.422316684542541583e-05
-1.653149156342259747e-05
7.593054335920533632e-06
-3.342202470874358882e-06
1.420369555904346776e-06
-5.868794289923400345e-07
2.373126473040285720e-07
-9.464336830424589075e-08
3.795796679205938789e-08
-1.686595532257969569e-08
5.673955722891101788e-09
-3.179838920097707814e-10
6.093709208617123007e-10
-5.357853614618396701e-10
4.315680757251731091e-10
-3.175362568247981062e-10
2.124590396834575708e-10
-1.284178207463494692e-10
6.944184304555271254e-11
-3.310239519911386383e-11
1.358240199580985391e-11
-4.593199975705876921e-12
1.159972629436693131e-12
-1.489235454271861003e-13
-3.348509970764576590e-14
2.411899723924042768e-14
-4.737971838717211606e-15
-8.713212046000820399e-16
6.475544164241339791e-16
-7.633704197038455094e-17
4.696528609490934203e-01
2.114858148901590986e-03
-3.640785831041690429e-06
3.692217093356494155e-09
-3.288282088226484089e-12
2.410676695218175024e-14
-1.295025609381145388e-16
1.607468309643054222e-19
4.484175065281458005e-19
-3.379483645699534612e-19
7.047827551826080228e-01
2.057667948120630308e-01
-4.525095883806067032e-02
-4.092699942945170720e-03
9.452128565239957883e-03
-4.448036616907599487e-03
7.329876569547766514e-04
3.891231161144363248e-04
-3.128276740998839366e-04
7.543448340744399400e-05
2.369626968346207326e-05
-2.519419482295478588e-05
6.586255653144343636e-06
2.247180667348591030e-06
-2.444856811801829991e-06
6.623602378510373709e-07
1.968418117253104077e-07
-2.252424800964525883e-07
6.855347216119039309e-08
9.044846787219987805e-01
3.124939957882417671e-02
-5.124197784101816935e-03
8.435849212302283648e-04
-1.394963549757324503e-04
2.312957393923941813e-05
-3.828430751547146764e-06
6.282796383144665094e-07
-1.013039963834999543e-07
1.585430267665509345e-08
-2.364035723628957563e-09
3.245827794028928062e-10
-3.780704979153182858e-11
2.664539355240368816e-12
3.327795256155376884e-13
-2.146660374732881779e-13
6.723149425356376616e-14
-1.797273099112264717e-14
3.902742157026624287e-15
9.688612088932613275e-01
2.341669234449449480e-02
-8.804827180820876814e-03
3.310702679062663741e-03
-1.244880858468150591e-03
4.681136304845484489e-04
-1.760368678443102156e-04
6.620723809775563460e-05
-2.490506027664746955e-05
9.371151195077061623e-06
-3.527583693385950499e-06
1.328642922704215704e-06
-5.007984037109274200e-07
1.889450465867055603e-07
-7.138850559705425046e-08
2.707260479979085901e-08
-1.045855055545840377e-08
4.515040509553457868e-09
-1.496065147477499786e-09
9.929270353432432250e-01
7.060436137368808832e-03
1.250632730787825296e-05
2.215277069142659516e-08
3.923975728455797630e-11
6.950644410602002307e-14
1.230564283725494815e-16
2.642520119387500211e-19
-3.215888484948058653e-20
2.197285353933665118e-20
-1.397626917883914450e-20
8.492210376544861500e-21
-4.794091271347719144e-21
2.640759866245490612e-21
-1.286056786769340962e-21
6.371846707438325040e-22
-2.391248500553128281e-22
1.342834531594640287e-22
-3.294075569846862726e-23
1.180481697977471267e+00
-2.185108337337030818e-04
5.748198131112661071e-07
-4.395750816976885414e-09
1.852697677105000905e-11
-4.908860903140430663e-14
1.017996533289830226e-16
-8.132663032492066176e-19
8.617321200856351064e-21
7.612959360447487534e-20
1.125995665266496637e+00
-5.970483983999622102e-02
4.933799562426805863e-04
5.356019679126342893e-03
-1.310451847144716592e-03
-4.984073353923471148e-04
3.660649369627798073e-04
5.559613821022024705e-06
-9.912761257865266760e-05
4.475307004388874934e-05
3.836117839198789757e-06
-1.353823597159030867e-05
6.140370334892970793e-06
8.695534691404986106e-08
-1.519052903939951544e-06
7.799108737377485354e-07
-6.416549744390674914e-08
-1.609147199801121680e-07
8.651965820730576843e-08
1.050167453914544247e+00
-1.707382523960674151e-02
2.858009468056723484e-03
-4.629335713396084441e-04
7.088829443338243608e-05
-9.902557574285895120e-06
1.172549397421571194e-06
-9.044680586954104448e-08
-5.885764929949453878e-09
4.850167930506264825e-09
-1.472350972055597761e-09
3.505972613220965294e-10
-7.341564742791174101e-11
1.400851789349628857e-11
-2.457499751366140315e-12
3.928287937451036741e-13
-5.518674086051559252e-14
5.978560750977580619e-15
-2.607340787947496177e-16
1.015899362873253331e+00
-1.214587265522842213e-02
4.639157688147006915e-03
-1.771870568724560327e-03
6.766893914765817952e-04
-2.583918611356220249e-04
9.863820359979746238e-05
-3.763567128131715522e-05
1.434854905457852794e-05
-5.463583654545637321e-06
2.076572788696845662e-06
-7.871897976253630500e-07
2.973442230682296228e-07
-1.117899434352942174e-07
4.178494087042273044e-08
-1.552882377947496533e-08
5.800044954007561118e-09
-2.377271517607480736e-09
7.588435215911969927e-10
1.003555233870255803e+00
-3.555233870255715672e-03
-2.087081025863008381e-19
1.867123880346831387e-19
-1.596677898450887753e-19
1.304428461412152394e-19
-1.017294180365643029e-19
7.566009572844423121e-20
-5.359742059973207066e-20
3.610877075721055114e-20
-2.309161717163370092e-20
1.398486794443559336e-20
-7.997764795895880499e-21
4.303346764409834611e-21
-2.168705202149538585e-21
1.018774775050202925e-21
-4.472470750627905235e-22
1.950752403175322577e-22
-6.103321639971618003e-23
5.749999999999999556e-01
