8.849118762368606284e-01
-3.159932284846084932e-03
-3.033935050598531227e-07
1.057239930481630233e-08
1.552098668288659662e-12
-1.321183586054354994e-13
4.908799939813310961e-16
4.690086048178878682e-18
-1.959800090189454411e-18
9.084040936064523437e-20
3.900490560811321616e-01
-4.485362110914277722e-01
1.004504909600764662e-01
2.592807241972272178e-02
-2.796993301083227842e-02
7.560137557425635792e-03
1.849348975678430200e-03
-2.218588627493426214e-03
5.680438668980954727e-04
2.271172034062649361e-04
-2.301241365665932198e-04
5.615417359774111994e-05
2.589368250471523717e-05
-2.519945119924962780e-05
6.023249773897786543e-06
3.022144104119488972e-06
-2.764900189055643010e-06
2.675380724867292385e-07
3.882300618653725729e-07
1.730570850215688156e-02
-2.052626631133457752e-02
7.386334744973874732e-03
-1.978753264788948776e-03
4.393106841220922485e-04
-8.620217778634975511e-05
1.552802547504056568e-05
-2.613504450499654458e-06
4.108116506459056229e-07
-5.902806273390640730e-08
7.277308819700008149e-09
-6.078738557490418225e-10
-2.987960531520531102e-11
3.160167092668066330e-11
-1.035978064357266576e-11
2.645463825851307897e-12
-5.969114320277436930e-13
1.283263928709146449e-13
-2.396368963003430556e-14
3.170212901755948827e-04
-6.026410269179598373e-04
5.180082162100529313e-04
-4.039046142400682738e-04
2.870181193634133003e-04
-1.869723634219233718e-04
1.124011430106730026e-04
-6.280482879646131480e-05
3.285910113901563813e-05
-1.621875420488521374e-05
7.608892214225165107e-06
-3.417817395559448548e-06
1.480333173539691056e-06
-6.223717617636270052e-07
2.556241149396436682e-07
-1.033775265403596812e-07
4.199115436037404992e-08
-1.888422805488382616e-08
6.395856556273743512e-09
-3.419419169915446621e-10
6.562972513959716638e-10
-5.797597687948946078e-10
4.707446874772275264e-10
-3.504162848573873523e-10
2.381866503988065194e-10
-1.469824808323887513e-10
8.165384739452013684e-11
-4.033038786894067235e-11
1.736826396004927671e-11
-6.306182226717729567e-12
1.802566418015387093e-12
-3.318801084668524793e-13
-4.453160763103588469e-15
2.845540137894087911e-14
-9.183452227630304592e-15
2.595168941181313010e-16
7.923072467341749700e-16
-2.359767789545253329e-16
4.338674386054297560e-01
2.147550796593288534e-03
-3.222111188044188398e-06
2.842828170128847143e-09
-6.135651898781179962e-12
3.846086713414780012e-14
-1.367991697699862307e-16
1.378835742109307678e-18
-1.177877167105370990e-18
8.550286129444756555e-19
6.847215407468000281e-01
2.210112814556433325e-01
-4.821280603915850671e-02
-5.396419810085074931e-03
1.074472333231680544e-02
-4.743007654620283800e-03
5.284362519853004307e-04
5.766722366187519060e-04
-3.533016727104825718e-04
4.439499481613175003e-05
5.117643153732983599e-05
-3.110305748818631373e-05
2.227243186878752843e-06
6.083417845027419621e-06
-3.233102712226341713e-06
2.256226996486615581e-08
7.158653092044152494e-07
-2.423687387733444099e-07
-2.715272762380245386e-08
8.985426978163471023e-01
3.310407101289815357e-02
-5.419784376009252787e-03
8.931798797269468017e-04
-1.485392068992682211e-04
2.493047828279246390e-05
-4.208343562267806678e-06
7.095995574653290200e-07
-1.183913619096511719e-07
1.931083140070279501e-08
-3.029100104953784764e-09
4.448661964874997589e-10
-5.785617886178359869e-11
5.612533252002669669e-12
-2.773479744627979806e-15
-2.039725367743137407e-13
7.691820315664841758e-14
-2.254751614074258466e-14
5.167118310265275527e-15
9.668631011642188078e-01
2.489384988498784604e-02
-9.350690164013278696e-03
3.512361295344286656e-03
-1.319358437045836446e-03
4.956125379588235220e-04
-1.861878065388738665e-04
6.995392077073476307e-05
-2.628812116399820010e-05
9.881992596032513606e-06
-3.716523032979773621e-06
1.398707000537491989e-06
-5.268966613967602357e-07
1.987351426645149741e-07
-7.510012193181031072e-08
2.850373230005345311e-08
-1.103140218430180651e-08
4.777082931268349775e-09
-1.586435641063848535e-09
9.924655760832784557e-01
7.520205291584193714e-03
1.419179238899087538e-05
2.678211078078990830e-08
5.054199188859016496e-11
9.538068792821601369e-14
1.799041312967349256e-16
4.101657729062023542e-19
-4.995742184151080765e-20
3.454325402087103922e-20
-2.252865749289112974e-20
1.397363371580417631e-20
-8.169340242600496217e-21
4.510709935981744180e-21
-2.357923660828983888e-21
1.127586764743194602e-21
-5.214427216035736074e-22
2.454894231829442135e-22
-8.959936320240083239e-23
1.187377262404213818e+00
-2.326651427212105374e-04
9.033432726656648218e-07
-5.588430887531806727e-09
1.893723027868369642e-11
-4.348442837443035402e-14
1.129368197643092641e-16
2.543993782582429119e-19
-5.002517248780561838e-20
-1.256862779554480369e-19
1.132742530594132324e+00
-6.090847931263351084e-02
-8.180503219710936287e-04
5.669809056091255385e-03
-9.096367109877339817e-04
-7.859955973377790112e-04
3.641125832842471684e-04
1.051743995857322119e-04
-1.528783489531983231e-04
4.339396149646280017e-05
2.055669808955619084e-05
-2.215982874666499189e-05
6.031348925754282506e-06
2.523202329499998592e-06
-2.750857503098247668e-06
7.542151757316763842e-07
2.561066714462206385e-07
-2.704111248202844922e-07
7.362837647782145327e-08
1.053480655837716995e+00
-1.822524628310756914e-02
3.060919821450670993e-03
-4.988561644339899659e-04
7.706679865751410257e-05
-1.087331943551935066e-05
1.295620136374058558e-06
-9.749627260299193795e-08
-8.375607612841084673e-09
6.125214762977180906e-09
-1.865818129817850092e-09
4.508232033430315103e-10
-9.613749185292915156e-11
1.871670784813259341e-11
-3.355188095227123920e-12
5.489983306131518382e-13
-7.918395180649964436e-14
8.893730414244367676e-15
-4.389526680496766284e-16
1.016943034014110570e+00
-1.294321896185095591e-02
4.943762295161735314e-03
-1.888257165488329377e-03
7.211751013142593970e-04
-2.754062348510821702e-04
1.051528450137641333e-04
-4.013450903053365868e-05
1.530960776633228884e-05
-5.834599984766497851e-06
2.220502395342880701e-06
-8.433489265693187559e-07
3.193935997470263437e-07
-1.204988393777571044e-07
4.524230991195510268e-08
-1.690889853434480553e-08
6.361407229234841517e-09
-2.632294635376924993e-09
8.457823740649052822e-10
1.003788595674348194e+00
-3.788595674348080918e-03
-2.282365403041594627e-19
2.050428471960929521e-19
-1.763882825652408842e-19
1.452235294109212157e-19
-1.143534053025440749e-19
8.604511092034702042e-20
-6.180087298945837943e-20
4.231280476318352587e-20
-2.757053830845312497e-20
1.706249958523213412e-20
-1.000441491220041896e-20
5.540807165492810364e-21
-2.888252580106200445e-21
1.413052761112542027e-21
-6.535329659508380476e-22
3.056169814732443663e-22
-1.005711366059861356e-22
5.249999999999999112e-01
