7.158802729206606430e-02
-9.185802339744410155e-06
4.603594766763924452e-10
-2.213444384949156584e-14
1.045219366347007081e-18
8.488758557843608061e-21
-7.459769149048586497e-22
-3.372811055038126147e-21
6.804748746118905431e-21
-3.805348080076452114e-21
6.753544243409596859e-02
-5.157588282938936446e-03
-1.052812512867640476e-03
6.737468858517726294e-05
5.420248527173042647e-06
-6.015707735857022704e-07
-1.890686657775660940e-08
4.504256430406093087e-09
-4.044645882458983820e-12
-2.965015188074047866e-11
8.795594408908017676e-13
1.713344803220483263e-13
-1.077990867976967778e-14
-8.291428598944395414e-16
9.508407191897306949e-17
2.767526500131715382e-18
-3.700910063297434649e-19
1.007043406643489212e-20
3.683399927154091071e-20
5.139830955959249353e-02
-1.017375795377287520e-02
-9.615633043074390250e-05
7.446923667137758597e-05
-4.398116118185356748e-06
-1.400925348052203433e-07
3.512864690054450789e-08
-1.624740325578236488e-09
-9.036844234352173586e-11
1.580882102004791390e-11
-5.859135750714808634e-13
-5.124106965296238675e-14
7.062329593747220838e-15
-1.979080999939442523e-16
-2.746177836846942664e-17
3.026676396291719467e-18
-4.124285263653262849e-19
2.284733925460557936e-20
1.701391684040444500e-19
1.168592022449472557e-02
-1.778515374644858496e-02
8.609137214419379167e-03
-2.751378215231697552e-03
5.020131636718980217e-04
2.815165891240403154e-05
-6.445183507202113208e-05
3.052097218958520268e-05
-9.769442551413772940e-06
2.254189992866961582e-06
-2.698595533258833555e-07
-7.146329486710419083e-08
6.464408330257029644e-08
-2.802642703634791034e-08
8.868536032409474925e-09
-2.057580601176016353e-09
2.342413208318114763e-10
1.032321183496128843e-10
-6.480190172280987470e-11
5.006766248512735758e-05
-8.908307743183141458e-05
6.209644561379272878e-05
-3.269369382903043010e-05
1.178694013870980713e-05
-1.973368137106987421e-06
-4.874755970509625687e-07
3.130789888918894596e-07
9.027190477227057525e-09
-4.164722165308071605e-08
6.067629606157054102e-10
6.343188005047171212e-09
1.899153420599322997e-10
-1.072222426713339609e-09
-1.663855306340693513e-10
1.776471795553543115e-10
7.059348065778076113e-11
-2.238812839375022894e-11
-1.931120832569112668e-11
9.232252980409912935e-01
5.454224123411266431e-06
-2.327904289938217495e-10
1.021504823156521809e-14
-4.645097271609857104e-19
-7.060007166621079412e-22
1.593849227270735027e-21
9.629788641458628053e-23
2.277811719709220709e-22
-4.240639320792468628e-22
9.256623230495915067e-01
3.110484546614976538e-03
6.474001858225589615e-04
-3.468456235588678743e-05
-2.898884059028803126e-06
2.841412058998222960e-07
9.821346125534812601e-09
-2.002802088254509688e-09
-4.828044591744703483e-12
1.262154157715666307e-11
-3.288163137547901240e-13
-7.078054127669267180e-14
4.150145704386892358e-15
3.365843631880194765e-16
-3.681671681995777189e-17
-1.113678297909051886e-18
3.578806213231754239e-19
-7.467483586848143085e-21
-1.987365902858149296e-20
9.357429139962518683e-01
6.544303135089940548e-03
1.396847280845924801e-04
-4.270462655658600914e-05
2.028114267749994193e-06
9.449888703240689001e-08
-1.696386151216166540e-08
6.210542398995973425e-10
4.957478663302728652e-11
-6.753404516793113081e-12
1.929224420382800265e-13
2.403246856713746523e-14
-2.762444346849112035e-15
5.900341548010328481e-17
1.152259235715713064e-17
-1.156528607379999795e-18
3.547300427736600288e-20
1.122250006902010935e-20
-1.225296869027182533e-20
9.697153976502883577e-01
2.009902792570006716e-02
-5.854259221297432314e-03
1.336805499882367642e-03
-1.543778273981819807e-04
-5.025280361317539986e-05
4.211559307618324233e-05
-1.723922489401344489e-05
4.940022030768017273e-06
-9.340994320083444764e-07
2.456380697868131443e-08
7.254120561810491919e-08
-3.951506498522147637e-08
1.382021419682441008e-08
-3.579007698355910415e-09
6.044215341053976334e-10
1.511253234574994255e-11
-7.546252620512322853e-11
3.272901085824613989e-11
9.925466832020835017e-01
7.439375629270661427e-03
1.393596434760847926e-05
-8.597748869524053657e-09
2.155708276281736689e-08
-1.137194712635395665e-08
4.932778818385999932e-09
-1.635479403650421700e-09
3.363449160257295236e-10
7.023366020383012973e-12
-3.279157651118624081e-11
8.881407483072830389e-12
1.241676484268899250e-12
-1.283641237056049256e-12
8.710284423907658624e-14
1.499420199284112945e-13
-3.152376392850760472e-14
-1.532285888394402139e-14
5.739257103351697058e-15
1.038749461629196791e+00
-2.654638709451969245e-06
1.062943585215002927e-10
-4.287127814612849459e-15
1.745423351635065425e-19
7.689261399839548727e-22
-4.287869682076973579e-22
-3.137203183166330638e-22
-1.570177763930966974e-24
1.331691920641871430e-22
1.037558276080852604e+00
-1.521788432641176404e-03
-3.186912758935805121e-04
1.606440727840089585e-05
1.380809002545314326e-06
-1.229797914466230721e-07
-4.729850706821968175e-09
8.041123042978915343e-10
6.874600763073887090e-12
-4.699230331521964253e-12
7.637740528393416806e-14
2.473617088367626420e-14
-1.033688712530708062e-15
-1.153924606789600711e-16
8.605078414967228039e-18
4.904411236952374068e-19
-5.299780311748410257e-20
-1.884986658772555307e-20
-1.606042853598384129e-20
1.032579252045154883e+00
-3.255345289449261201e-03
-7.759659626860486502e-05
2.105466251918244102e-05
-8.919283568977549069e-07
-5.264612350586853382e-08
7.715538175087964714e-09
-2.054530038591333657e-10
-2.651986685181990879e-11
2.691188524746089402e-12
-3.154491124307142977e-14
-1.191271358149235800e-14
9.094691256735009677e-16
5.162522787833911668e-18
-5.097789323147509727e-18
2.936726366197623441e-19
1.676848409304099758e-20
-4.723580449079496500e-21
-9.218214660443407975e-22
1.015354410815354491e+00
-1.025603030739632819e-02
2.982439696815189674e-03
-6.688611135953625867e-04
6.897623774664299529e-05
2.998974289058335300e-05
-2.269905145366591702e-05
8.893996321665883505e-06
-2.408811041990701434e-06
3.963877784676739995e-07
2.069988163604671002e-08
-4.662710216161107126e-08
2.178702202972094240e-08
-6.869412012306159510e-09
1.534713146897862329e-09
-1.619013318613518352e-10
-5.844559318777980696e-11
5.091976059972576485e-11
-1.839846954890380414e-11
1.003747592120222576e+00
-3.747576419356880243e-03
-2.771140330622925595e-08
1.995926251688438044e-08
-1.242699912470872440e-08
6.564127791726720953e-09
-2.842924568471314631e-09
9.399276230044755217e-10
-1.918296712800081811e-10
-4.891196502317926884e-12
1.906182743841052745e-11
-5.083836143386501649e-12
-7.470726837079230638e-13
7.443091870501916851e-13
-4.710560583209446812e-14
-8.765817705671399573e-14
1.792586183508296630e-14
9.025091429490981809e-15
-3.304750486807867069e-15
9.599999999999999645e-01
