7.287393591350633804e-01
-3.255876324806797339e-03
4.259943575016668615e-06
2.785719388957660554e-10
-1.899210229099751141e-11
5.283358140283269801e-14
-5.157867349948970972e-17
-6.721963185743650786e-19
7.333451624261678040e-19
4.615082559556791493e-20
3.294522785679756538e-01
-3.541042148360324937e-01
7.855097183152563722e-02
1.350757796440896046e-02
-1.765947370368220123e-02
6.290258828477654496e-03
-3.152703541747700058e-04
-7.840464974074924133e-04
3.917067557857232510e-04
-4.783616110391207868e-05
-4.315811143519942232e-05
2.748454751584608312e-05
-5.000812592940629648e-06
-2.577177590709715664e-06
2.113334306802107049e-06
-5.408639856435405776e-07
-1.132102610996846339e-07
1.530220712269108074e-07
-5.245762992548985358e-08
2.200109967742941083e-02
-2.356431737096378876e-02
7.493816541969606712e-03
-1.776059057476113250e-03
3.513670817244547305e-04
-6.186197963711693342e-05
1.001107769527849410e-05
-1.499169058706911007e-06
2.037084677325170707e-07
-2.348777197649932406e-08
1.761913333435883391e-09
1.182035772500187843e-10
-9.350991264935129174e-11
2.796042789546301556e-11
-6.581886945545362795e-12
1.366236545485680457e-12
-2.595782929954349452e-13
4.685200836933485786e-14
-7.443902699055247986e-15
5.980153024713784826e-04
-1.126513941277085783e-03
9.429200221132904517e-04
-7.048202559852442773e-04
4.738918724951615073e-04
-2.891086855862410958e-04
1.615714568604025654e-04
-8.354111315606639078e-05
4.036654121072804757e-05
-1.840958584841687003e-05
8.001364444332500602e-06
-3.344813389313906926e-06
1.356267395414088819e-06
-5.374678863966642742e-07
2.095326242250553176e-07
-8.093489878407861678e-08
3.153441749087545876e-08
-1.362741511843182918e-08
4.512035295692270652e-09
-2.529459956307410736e-10
4.825400240137841727e-10
-4.184569805454508672e-10
3.291916130041437580e-10
-2.339920610733459549e-10
1.493449857636863581e-10
-8.477769794669763747e-11
4.217785625183903417e-11
-1.795364777241714133e-11
6.257118954145323248e-12
-1.615142059243664277e-12
2.083244264304342291e-13
4.899735480398579470e-14
-3.413342306458315665e-14
5.980964796322261816e-15
1.663009094397344726e-15
-1.035807237841655922e-15
2.207132884802304721e-17
1.084441461692332142e-16
5.604105299262430728e-01
1.648655508870883754e-03
-3.215867327677793807e-06
4.673759966517899118e-09
-3.496572891092843203e-12
-2.259307882247637886e-15
6.728618291928652481e-19
2.023347220967838200e-19
-1.941755772594659950e-19
1.162125518960746440e-19
7.461675017549916911e-01
1.656293776714695687e-01
-3.248150841870851152e-02
-4.051898842392282624e-03
6.796026262844804232e-03
-3.010817925904533867e-03
5.399433195629971347e-04
1.850599616149215389e-04
-1.740419453059556065e-04
5.487051776428729041e-05
1.617840198964684676e-06
-9.549205219974451654e-06
4.096876023265505503e-06
-2.577366330670505912e-07
-5.883456877504380205e-07
3.166162978869100935e-07
-4.275610107957914735e-08
-4.458449929254944467e-08
2.612272663787839416e-08
9.135406393477925047e-01
2.835381652017921611e-02
-4.637873343425297570e-03
7.545118215189089168e-04
-1.215502534824887290e-04
1.928347819705167717e-05
-2.992289899707659201e-06
4.500458514248093313e-07
-6.467574346562175059e-08
8.647575843953801433e-09
-1.011893672891541269e-09
8.410027410322817473e-11
2.233258137624744989e-12
-3.408445425191856895e-12
1.116348658205841513e-12
-2.809780033101522316e-13
6.247084669962756934e-14
-1.326101995107898608e-14
2.456023196060352747e-15
9.718793584677345443e-01
2.117950198862759287e-02
-7.975821909739151325e-03
3.003544867280788337e-03
-1.131072682791723879e-03
4.259337592389348813e-04
-1.603924347139396554e-04
6.039585575675227171e-05
-2.274033607898349969e-05
8.561093693219005413e-06
-3.222318936488139711e-06
1.212451837679515798e-06
-4.559866784452505602e-07
1.713812391958940620e-07
-6.437483987295560051e-08
2.420785299119666440e-08
-9.239898768141434364e-09
3.922857565784721893e-09
-1.285190085768290162e-09
9.936222950194693038e-01
6.367520047386869379e-03
1.016866822362881627e-05
1.623894588047040965e-08
2.593293019219025135e-11
4.141383457549539386e-14
6.612919130267459631e-17
1.106007883428997007e-19
-3.213917053644704113e-21
2.134817107464610815e-21
-1.281987374176125264e-21
7.361526561202332301e-22
-3.794107886314404999e-22
1.713622598636677391e-22
-9.214363843262494303e-23
2.477970784473435198e-23
-1.947716446746674520e-23
4.336855896171471297e-24
1.783759797247498253e-24
1.159340171882163428e+00
-1.775168637227643031e-04
1.318634938569249215e-08
-6.328464255441543959e-10
5.495084873234485607e-12
-2.270255175741984913e-14
6.282574659406770285e-17
-2.895514417029204244e-19
1.652738362170229725e-19
-4.290615679966205082e-20
1.111271048845244636e+00
-5.197967138404312876e-02
1.100187760474263723e-03
4.254419308357553636e-03
-1.327808122089877904e-03
-1.524947403411442456e-04
2.375449945252808281e-04
-5.045304703711764256e-05
-2.657624865725239250e-05
2.099102311528857603e-05
-3.707051892824280821e-06
-2.688264576178241979e-06
2.062565722445756507e-06
-4.456956289191622993e-07
-2.083375462965453779e-07
1.981614062088369398e-07
-5.746182212636373489e-08
-1.843099951878736902e-08
1.756371097808443350e-08
1.045122466401526395e+00
-1.525223772772809662e-02
2.509339241054528956e-03
-3.932054968382850185e-04
5.702837458466843552e-05
-7.311869699733193963e-06
7.395328852427716486e-07
-3.022335834654985245e-08
-1.140632056854871474e-08
4.569080144240760104e-09
-1.155688490810288201e-09
2.437339805689755557e-10
-4.577036787357359223e-11
7.791413534671653240e-12
-1.193863472392832238e-12
1.582710767308483007e-13
-1.576071010059924601e-14
1.418224055062922512e-16
4.089628175396740619e-16
1.014328938468384678e+00
-1.094582408873817116e-02
4.180474385934317486e-03
-1.596417118223084032e-03
6.094768144151257961e-04
-2.325765836433721476e-04
8.867997200775370038e-05
-3.376880215263950428e-05
1.283298649327317302e-05
-4.862454389807818777e-06
1.834823881743271316e-06
-6.885713941797327204e-07
2.565941324537367070e-07
-9.478792767700663546e-08
3.465083274050107393e-08
-1.252397246048944972e-08
4.512608821722048079e-09
-1.761917800569099407e-09
5.431514224918348067e-10
1.003204143529741632e+00
-3.204143529741503276e-03
-1.544246112558034045e-19
1.364554731987517831e-19
-1.146589647448578320e-19
9.154520809186064809e-20
-6.937844654488353600e-20
4.983921906359298268e-20
-3.387671297608620579e-20
2.173962874673234393e-20
-1.313466334263658678e-20
7.444956435766578570e-21
-3.940878840310104697e-21
1.936442893172831299e-21
-8.760636655136523236e-22
3.606218657492119032e-22
-1.330077339919644905e-22
4.482347070654721426e-23
-1.113600523672211815e-23
6.799999999999999378e-01
