9.302558549912796071e-01
-1.365272463707420880e-04
-1.916443296424667557e-07
-1.146309970392204033e-10
-1.437499621272715622e-14
2.724395075479187990e-17
1.671466322847377851e-19
-2.774002802010282645e-19
9.456348945946665540e-20
-1.226193324959887710e-20
6.936972488891688382e-01
-3.401525455941826759e-01
-1.104987966944881994e-01
6.418464483999156318e-03
1.825593035797624247e-02
4.105053387561890567e-03
-2.136384353444758556e-03
-1.310714909403819326e-03
4.652021557427928170e-05
2.610487090293252678e-04
6.037194671044321577e-05
-3.455286104867859634e-05
-2.101825520053034269e-05
1.196298746450354490e-06
4.472350548557281953e-06
9.457762009936400259e-07
-5.992381594619249211e-07
-2.704339995828185633e-07
1.562415886720664052e-08
9.000064650305428238e-02
-1.165524122709388488e-01
4.618883059061938690e-02
-1.302760224588699750e-02
2.687196012497662396e-03
-3.294713229741544911e-04
-3.213828884554701168e-05
3.732081187586287264e-05
-1.500738158484582401e-05
4.317439743068351549e-06
-9.237768854598968105e-07
1.115626966067467204e-07
1.831261419888965499e-08
-1.780040926353071556e-08
7.265726685328734305e-09
-2.139324269705705483e-09
4.620270104622034256e-10
-4.554053292558180049e-11
-1.023215319801670403e-11
1.022003823758859580e-03
-1.958789159049180353e-03
1.724920442644726874e-03
-1.398427281387301310e-03
1.046782061231417080e-03
-7.262178935861945440e-04
4.690152077370191908e-04
-2.833658563066781210e-04
1.609904212249339090e-04
-8.647434354223326139e-05
4.415485356950702475e-05
-2.155010970587660084e-05
1.010727097015827163e-05
-4.579517814225550030e-06
2.015296941779452656e-06
-8.678882049665265002e-07
3.734055160343406148e-07
-1.771130756633917970e-07
6.173196704688920209e-08
-2.662886962953032508e-09
5.139975502677344257e-09
-4.619142486149031668e-09
3.861633313554338526e-09
-2.998278900122310825e-09
2.156699908786274185e-09
-1.432213809384207848e-09
8.738365664886345084e-10
-4.865761194442680865e-10
2.449361557018425030e-10
-1.099142405506516684e-10
4.300454828068573214e-11
-1.410179760052361076e-11
3.553658867658849392e-12
-5.066120723102969146e-13
-6.897363030088740039e-14
6.605490312380444974e-14
-1.526231206374180997e-14
-5.450412015790463656e-16
5.193790555244139906e-01
3.052748496240450735e-04
3.666522520151952756e-08
-7.108768553541810660e-13
-6.837663800344634463e-15
-5.680064930815038608e-18
-1.642360000836273544e-19
1.074154196565359911e-19
4.138813518073632488e-20
-1.910209405790944327e-20
6.556123732003467097e-01
1.673806898868175352e-01
2.145603951082301550e-02
-1.391828764970970411e-02
-3.902572087330157848e-03
6.824377659390531070e-04
8.603564325906835984e-04
1.331457186000335497e-04
-1.219563152301444872e-04
-6.304921197489222790e-05
5.409323454186891662e-06
1.448615486635941458e-05
3.222483007831010833e-06
-2.054724982866203617e-06
-1.281412341527413223e-06
6.330929007402665067e-08
2.818645613080562334e-07
3.977821207771137059e-08
-3.493427487650055017e-08
8.819893878040324653e-01
4.186466090718213989e-02
-8.831385302223970432e-03
2.291931209554135852e-03
-6.495123850336640076e-04
1.722216830440678834e-04
-3.731953782680705605e-05
4.881746004491376312e-06
6.459132566689991655e-07
-7.411809667062105240e-07
3.214759771545908273e-07
-1.000259165237525773e-07
2.330098124717642508e-08
-3.256253593810117013e-09
-3.500953875420451653e-10
4.590196895734484429e-10
-2.033251919081550870e-10
6.636424783254253295e-11
-1.505713633770485251e-11
9.621652285551288708e-01
2.835634215013791218e-02
-1.062702302334411417e-02
3.983365336251404321e-03
-1.493674025891968647e-03
5.605416835347681870e-04
-2.106908426461916509e-04
7.942887131641378066e-05
-3.010503347492240941e-05
1.151504606144895201e-05
-4.469387851032692944e-06
1.773012830217012767e-06
-7.247178971475509574e-07
3.074657741691136840e-07
-1.360827026058211441e-07
6.314829445510601002e-08
-3.133105630119538271e-08
1.804629550524755919e-08
-7.041047497617911978e-09
9.913772724283532733e-01
8.604098926353697871e-03
1.858839974167739045e-05
4.015860441345126910e-08
8.675911991645203303e-11
1.874493685349735446e-13
3.936267260451157108e-16
9.747759320897709158e-18
-6.692638393656151791e-18
4.852291306757125432e-18
-3.375663843418080182e-18
2.252614509297963472e-18
-1.439329348010830335e-18
8.797049473559759801e-19
-5.138910642522841017e-19
2.883238114393703180e-19
-1.582305072586591221e-19
9.078047712407665515e-20
-3.388534280429295997e-20
9.799701010663089962e-01
1.309421572876000935e-04
1.244730996607451077e-08
-2.238546090457194269e-12
-4.735141150618008282e-15
-3.406092808959084261e-18
-6.530674991120366058e-19
2.353130675344148572e-19
1.294000341684241365e-19
-7.916549791499692880e-20
1.028697201011815165e+00
5.592554750135609459e-02
8.420654632013349497e-04
-8.272329618745133395e-03
-1.459087854599912509e-03
7.496845502066193335e-04
4.973991090094310790e-04
1.431826787421391724e-05
-9.261622793408344132e-05
-3.146444259462282582e-05
9.308676768065607705e-06
9.324510774198995730e-06
8.555555572660748028e-07
-1.702709326594456797e-06
-6.831584868032932756e-07
1.655240130921668606e-07
1.919694758980655102e-07
4.137507094043353730e-09
-3.115507528633055176e-08
1.059190696909489526e+00
-1.738227787386182818e-02
1.315146755030929815e-03
4.994927598441261307e-04
-3.344747446661882739e-04
1.245412595238540256e-04
-3.448810747591692533e-05
6.912731689752093233e-06
-6.018240897968225628e-07
-2.681818832117167964e-07
1.822309686594194132e-07
-6.824722869053190612e-08
1.879177610253795577e-08
-3.659687252394127620e-09
2.467328523271633246e-10
1.868529134189957776e-10
-1.154778006252282220e-10
4.471401741218740678e-11
-1.151797518406574058e-11
1.019406164825592986e+00
-1.482394390676887094e-02
5.661327520010826786e-03
-2.161631272501065779e-03
8.249933593865411367e-04
-3.145732438300800535e-04
1.197328869298032537e-04
-4.541860677221499007e-05
1.712265044937295847e-05
-6.384773433633450972e-06
2.335567140786672900e-06
-8.260373066467721490e-07
2.746375533436553424e-07
-8.037508690104667429e-08
1.632595809795073774e-08
2.153258027238140900e-09
-5.953268309542367059e-09
5.957441269329880851e-09
-2.774019789633721526e-09
1.004339554470366824e+00
-4.339554470366844240e-03
-1.104367096858858751e-17
1.007408248917408535e-17
-8.855134121501970105e-18
7.497942952176646321e-18
-6.113100028097007008e-18
4.796439925612970299e-18
-3.619315795289337426e-18
2.624436716845388953e-18
-1.826976187815491550e-18
1.219630137169333261e-18
-7.797730695235208407e-19
4.768834151021673103e-19
-2.788600984387868015e-19
1.564901241748885928e-19
-8.592661190551157359e-20
4.946339098689183362e-20
-1.852493419668456283e-20
8.499999999999996447e-02
