1.229742927841532369e-03
2.747796967430432037e-03
4.251493793110057082e-03
5.732184142781333175e-03
7.194048803788200691e-03
8.635862990767677327e-03
1.004829216180342169e-02
1.143982679683408672e-02
1.282238611420111717e-02
1.416952055160140660e-02
1.549925525101499696e-02
1.681037510870219201e-02
1.809297088496008774e-02
1.934034810103698460e-02
2.057337503622898300e-02
2.177757388008516592e-02
2.296374821722143786e-02
2.412010566307945525e-02
2.523304978105066210e-02
2.632318137777188080e-02
2.742067110167522789e-02
2.844164092198080140e-02
2.950026877288981775e-02
3.046089442300275660e-02
3.145382065243038788e-02
3.237774165717983987e-02
3.327607802648507862e-02
3.420421802202989331e-02
3.504106895487582585e-02
3.590445137894172911e-02
3.665975483784859879e-02
3.743712403779450582e-02
3.824054698469393082e-02
3.899456534894793491e-02
3.969280478119813910e-02
4.032882571184351339e-02
4.107493650646695110e-02
4.166569528616782120e-02
4.227661015936944044e-02
4.291050433481331805e-02
4.357029558996348972e-02
4.415190458043472682e-02
4.464753732812719311e-02
4.516286221982539206e-02
4.569990236900116354e-02
4.626070203503741818e-02
4.684733755428027724e-02
4.733420287939108656e-02
4.784341205923751256e-02
4.824232071296810642e-02
4.879711474704011981e-02
4.923746906562248560e-02
4.969871888102302127e-02
5.003438674694054428e-02
5.053699023871512791e-02
5.090930741350770117e-02
5.145703937137387912e-02
5.186918304156470233e-02
5.230072995387403251e-02
5.275234428430689015e-02
5.305328977235784088e-02
5.354319003287372203e-02
5.387687958098823920e-02
5.440722106808475872e-02
5.477529575377287213e-02
5.515957920431899253e-02
5.556038192302414913e-02
5.597802291624741355e-02
5.641283187734874582e-02
5.666353200194507167e-02
5.712983670196539882e-02
5.740621358634995924e-02
5.790494544012977224e-02
5.820753047501060762e-02
5.873970740880486013e-02
5.906909739187064801e-02
5.946678236033628440e-02
5.984982692922229119e-02
6.024603916347130023e-02
6.062619314627983730e-02
6.101891624836077582e-02
6.139413280214118390e-02
6.181189412392706917e-02
6.218047310623061458e-02
6.259179130561186299e-02
6.298344956611766354e-02
6.335426244115327510e-02
6.376848118438313562e-02
6.412801921651278825e-02
6.453109460365030747e-02
6.494506711345274241e-02
6.533557858065514035e-02
6.570142357417836643e-02
6.611189510119544477e-02
6.649696426885429168e-02
6.689151068949705792e-02
6.729558323306328305e-02
6.770923613357832105e-02
6.809511858888224467e-02
6.848981756766332751e-02
6.889337303645262645e-02
6.930582954883743318e-02
6.968811950649968223e-02
7.011806880976997891e-02
7.051706619361211570e-02
7.092426248682386081e-02
7.129886015722894377e-02
7.172211979852756436e-02
7.211199370067000736e-02
7.250934057600261218e-02
7.295673733379588743e-02
7.332656197336512305e-02
7.374649861508951465e-02
7.417403240573426648e-02
7.456490508259853989e-02
7.500728176894654042e-02
7.541217935058670829e-02
7.582391780700996342e-02
7.624252260630282052e-02
7.666802161337873955e-02
7.705353449114139830e-02
7.749245256567149909e-02
7.789057002185688361e-02
7.834301547572017355e-02
7.875382549780786390e-02
7.917080380466853806e-02
7.959397136069945589e-02
8.002335091261159050e-02
8.045896696174434370e-02
8.084999308945561847e-02
8.129769653774311655e-02
8.169998685264871774e-02
8.215986803236006997e-02
8.257349328665691823e-02
8.299260336670227778e-02
8.341721408534971682e-02
8.384734250858429105e-02
8.428300693006648969e-02
8.472422684656261138e-02
8.517102293420115988e-02
8.562341702549537692e-02
8.602530586622014752e-02
8.648849216826218211e-02
8.690033691663671955e-02
8.731697555942992406e-02
8.779624890703247031e-02
8.822292646433724239e-02
8.865443549683713065e-02
8.909078844217602211e-02
8.953199846977202836e-02
8.997807945669333840e-02
9.042904596362573433e-02
9.088491321087686925e-02
9.128436214856440467e-02
9.174961754116034429e-02
9.221981768006079494e-02
9.263232939234825047e-02
9.311199535179079390e-02
9.353313117380299135e-02
9.395839248872155103e-02
9.445211218193337588e-02
9.488604843285070034e-02
9.532413069987222265e-02
9.576636500076153580e-02
9.621275755401471896e-02
9.666331474654403511e-02
9.711804310035591914e-02
9.757694923813048371e-02
9.804003984759071533e-02
9.843917406520565072e-02
9.891020847748221989e-02
9.938544318482234186e-02
9.979548518618791553e-02
1.002786826673030540e-01
1.006958749071752979e-01
1.011164566844465762e-01
1.016113791131132288e-01
1.020390965909491326e-01
1.024701900677552902e-01
1.029046531635369466e-01
1.034150435367180848e-01
1.038566090636846573e-01
1.043015244786453938e-01
1.047497808459239149e-01
1.051272480045341295e-01
1.055817598986326655e-01
1.060395778756272889e-01
1.065006893187282894e-01
1.068894645825574086e-01
1.073567132701454679e-01
1.078272075812512776e-01
1.082241924175407072e-01
1.087007082802692176e-01
1.091029486021816569e-01
1.095076216412728676e-01
1.099927783218827559e-01
1.104025350944210365e-01
1.108146275870319497e-01
1.112290188329113361e-01
1.116456696283255196e-01
1.120645384056079275e-01
1.124855811028836888e-01
1.129087510308463965e-01
1.133339987369478968e-01
1.136803156786713453e-01
1.141092320159109857e-01
1.145400584343581607e-01
1.148909090175212339e-01
1.153250362311817323e-01
1.156785076481405550e-01
1.160330723021960192e-01
1.164714496132528282e-01
1.168281761986334766e-01
1.171857487222892347e-01
1.175440767155704752e-01
1.179030656027387630e-01
1.182626166170946957e-01
1.186226267292337239e-01
1.189829885889476246e-01
1.193435904823354626e-01
1.196195740391902962e-01
1.199800873851078198e-01
1.202554261854227036e-01
1.206153529481695380e-01
1.208895339901561450e-01
1.211628869693459343e-01
1.214352723805376816e-01
1.217921863769986790e-01
1.220622940738601558e-01
1.222451739593581332e-01
1.225122229598372831e-01
1.227775551156209954e-01
1.230410115857368397e-01
1.232163867643231714e-01
1.234755229380216646e-01
1.236462064057790022e-01
1.239003674295762331e-01
1.240657044699039341e-01
1.242281417855295861e-01
1.243875147803985282e-01
1.245436587002001216e-01
1.246964088985458990e-01
1.248456010901203145e-01
1.249910715879707507e-01
1.251326575226150983e-01
1.251845852694104810e-01
1.253179761044043161e-01
1.253616265475333558e-01
1.254009964795072263e-01
1.255209532719546994e-01
1.255511322005564978e-01
1.255765848253478922e-01
1.255971671656649913e-01
1.256127373714710782e-01
1.256231557589757020e-01
1.256282848460822943e-01
1.255442846650442756e-01
1.255386272985667684e-01
1.255272840728254014e-01
1.254271255858111778e-01
1.253215406672724130e-01
1.252927900001876704e-01
1.251756900116899052e-01
1.250528202367272856e-01
1.249240737408324059e-01
1.248705701840863158e-01
1.247294470719070431e-01
1.245015693136233281e-01
1.243483360479310240e-01
1.241887626283675050e-01
1.240227741520044114e-01
1.238503029650693810e-01
1.235924344413952825e-01
1.234071561706875791e-01
1.231371479866678609e-01
1.229388991200601050e-01
1.226566291529159053e-01
1.224453233273897629e-01
1.221507497146069321e-01
1.218502510130487632e-01
1.216195481601260731e-01
1.213068417778169067e-01
1.209883065919820366e-01
1.206639954147874505e-01
1.203339708725631729e-01
1.199983049623729314e-01
1.196570785371938728e-01
1.193103807327683258e-01
1.189583083501618010e-01
1.186009652083471894e-01
1.182384614810453732e-01
1.178709130313577436e-01
1.174984407567582073e-01
1.171211699557073715e-01
1.167392297255785832e-01
1.163527524000380620e-01
1.159618730322333896e-01
1.155667289285582933e-01
1.150995419353096211e-01
1.146967165143659151e-01
1.142900472687198299e-01
1.138796768861513042e-01
1.134657487910951668e-01
1.129827051596559717e-01
1.125625187458050430e-01
1.121392070998026985e-01
1.117129154777079941e-01
1.112837895254518011e-01
1.108519752993916974e-01
1.103545219371004082e-01
1.099181885332645714e-01
1.094796066206519258e-01
1.090389242839304579e-01
1.085962902493597948e-01
1.081518539199716605e-01
1.077057653972842699e-01
1.072581754866686332e-01
1.068092356843215046e-01
1.063590981444893502e-01
1.059079156263574156e-01
1.054558414207275863e-01
1.050030292572528140e-01
1.045496331934514800e-01
1.040958074873188088e-01
1.036417064556148654e-01
1.032440884363047540e-01
1.027895089218412022e-01
1.023351179673673700e-01
1.018810685600281402e-01
1.014826292792807838e-01
1.010293368091856048e-01
1.006312559418639646e-01
1.001793298100623758e-01
9.978221939737894064e-02
9.933225862379792270e-02
9.893671949657405207e-02
9.848931021108255079e-02
9.809592959481773511e-02
9.770368959228582784e-02
9.731273290826075728e-02
9.692320008674083776e-02
9.648409520955382457e-02
9.609812292443339898e-02
9.571398022647417680e-02
9.533179810877015492e-02
9.500165051590385434e-02
9.462348046926014056e-02
9.424765073212668098e-02
9.387428186400978425e-02
9.355233456842691753e-02
9.318395515197730461e-02
9.281838422498231433e-02
9.250378237711276430e-02
9.214387811569961506e-02
9.183465573622974498e-02
9.152817181482406084e-02
9.122453126754688502e-02
9.087694667139603610e-02
9.057951310968510861e-02
9.028521918589275941e-02
8.999415877373712069e-02
8.970642296694661399e-02
8.946792832025167452e-02
8.918689797194014057e-02
8.890945094910959745e-02
8.863566716810010460e-02
8.841068795484229026e-02
8.814426200069025441e-02
8.792644234261438874e-02
8.771223968683893035e-02
8.745730095752529687e-02
8.725068957870843467e-02
8.704790159521409720e-02
8.684900093357093842e-02
8.665404875580784427e-02
8.646310345298033329e-02
8.627622063941828290e-02
8.609345314772216817e-02
8.595818591971957079e-02
8.578366951798173379e-02
8.565653914043382111e-02
8.549046014735976751e-02
8.537164988939874299e-02
8.525702383326194678e-02
8.510384348853597403e-02
8.499777304060424088e-02
8.489599509010435641e-02
8.479854087610709523e-02
8.470543887876072486e-02
8.461671481668012196e-02
8.457477107688692042e-02
8.449480962372114823e-02
8.441928871657243538e-02
8.439047290951201541e-02
8.432382102024112147e-02
8.430383509903444095e-02
8.428827764329886729e-02
8.427715828954028543e-02
8.422831113508970347e-02
8.422608687977360675e-02
