9.305456788752480835e-01
-1.440964039668587136e-04
-2.045360328908895434e-07
-1.233220974326968173e-10
-1.346005950345248026e-14
3.240821477435362910e-17
-1.056585151860689139e-20
1.038138961496791715e-20
1.716099215954763642e-20
-5.868554034887451183e-21
6.873695517003773903e-01
-3.477503166360959019e-01
-1.096892590129078804e-01
9.127321653576346561e-03
1.899093172674573907e-02
3.629846808155980879e-03
-2.480216534130602092e-03
-1.295158345884935523e-03
1.359393767869723508e-04
2.834615332821617453e-04
4.538640962559022460e-05
-4.416050103230503143e-05
-2.022037775411561573e-05
3.669867662361877477e-06
4.983472394922015094e-06
5.045116488189346460e-07
-8.494119953295725437e-07
-2.222127604812992437e-07
7.714132209039042524e-08
8.636455038468610068e-02
-1.119186889004021024e-01
4.446532545825396254e-02
-1.262660570308276470e-02
2.653394886042295415e-03
-3.507119885402424178e-04
-1.780627973334726673e-05
3.177339487582310246e-05
-1.342216484558899141e-05
3.998676731528698395e-06
-9.033231338569012527e-07
1.304434190178061248e-07
6.452502777439234709e-09
-1.329748941549329178e-08
5.989717257201214614e-09
-1.882947495864880717e-09
4.455570130501969499e-10
-6.365926649097199855e-11
-1.123455267502960236e-12
9.802040749495937681e-04
-1.878606013233631968e-03
1.654132254673200712e-03
-1.340807122189524841e-03
1.003424241981220807e-03
-6.959521116709976515e-04
4.493365461244750109e-04
-2.713934563926223521e-04
1.541415890379543721e-04
-8.277172376395791609e-05
4.225333014005724973e-05
-2.061760509336936769e-05
9.668364566429849785e-06
-4.380257423628317650e-06
1.927606704236426108e-06
-8.302239241965264394e-07
3.573086979635866920e-07
-1.695702895007070280e-07
5.912597165818087374e-08
-2.555718125728197040e-09
4.932912672610477149e-09
-4.432510431781922900e-09
3.704827360548023846e-09
-2.875660229428545133e-09
2.067664719993994056e-09
-1.372377772382139712e-09
8.367843392469438459e-10
-4.655655016833153784e-10
2.341197566954014899e-10
-1.049221577869817762e-10
4.097888018756376286e-11
-1.340291060856885144e-11
3.362240539884757189e-12
-4.726687348289528436e-13
-6.832845860811981849e-14
6.309241204155636621e-14
-1.432151389877782210e-14
-6.141273241359657491e-16
5.153237763183938780e-01
3.160647920538350777e-04
3.739054449216726382e-08
-1.233748368190230699e-12
-7.826175353966053961e-15
-6.898685556232986932e-18
-1.661398070223248859e-20
3.482577457165531994e-20
1.552983629140840130e-21
-7.289033506533309135e-21
6.540876622882961788e-01
1.696504939079542806e-01
2.050491670684686379e-02
-1.462665728041644304e-02
-3.767230235050098193e-03
8.748389428055555923e-04
8.912832920071977029e-04
9.528845361668521609e-05
-1.424230846974441011e-04
-6.029541110813844209e-05
1.145116840061008425e-05
1.575426238922355394e-05
2.127740179970297557e-06
-2.715717605587474010e-06
-1.221448715691139782e-06
2.468234234150271506e-07
3.297305876849206221e-07
9.224517176704492752e-09
-5.445252838917260929e-08
8.810466007269269761e-01
4.183968833891899691e-02
-8.656973047234995527e-03
2.196958169833371916e-03
-6.152232482194849254e-04
1.636194362314472256e-04
-3.634041374746286646e-05
5.289099249615042510e-06
3.092365843266488640e-07
-5.959403815746389375e-07
2.757739215576413049e-07
-8.964060659054969191e-08
2.220597023457244802e-08
-3.692084430972933579e-09
-5.668701193076757327e-12
3.155609996323135673e-10
-1.597910899804572577e-10
5.707062925475919931e-11
-1.404589728060298240e-11
9.617660549468556308e-01
2.864948919424641083e-02
-1.073455216596104662e-02
4.022730069741242698e-03
-1.508028150213457791e-03
5.657338655339017247e-04
-2.125381846794614381e-04
8.006400786640118601e-05
-3.030773818949518720e-05
1.156864009956658919e-05
-4.475320512542244267e-06
1.766430325708532615e-06
-7.169015770460225528e-07
3.013693656918487597e-07
-1.319615710568623074e-07
6.053978436678119644e-08
-2.969761485471941558e-08
1.693409108360829671e-08
-6.576994677832771300e-09
9.912845090023156835e-01
8.696458879605014486e-03
1.899055742378345142e-05
4.146989900237757946e-08
9.055828103933082728e-11
1.977659223768087531e-13
4.214634384655296788e-16
9.076804363375600018e-18
-6.131459308676912740e-18
4.443929547003090034e-18
-3.090865476602549011e-18
2.061246101780894099e-18
-1.316317016501603748e-18
8.038918631457508089e-19
-4.694002524969801671e-19
2.628803726110598497e-19
-1.440001117847371087e-19
8.267255799613872335e-20
-3.093754277759036184e-20
9.843962181073643292e-01
1.321197789911642310e-04
1.299334767610740675e-08
-2.598643884512895454e-12
-5.403106159790854290e-15
-4.375423895136155640e-18
2.881881348215219907e-21
1.539934278864068870e-21
4.453301205591864770e-21
-4.978745617119187697e-21
1.032475328086871702e+00
5.465491676295940876e-02
-3.262377419858692172e-05
-8.465479382187104593e-03
-1.307557872186222540e-03
8.601738925298750863e-04
4.989254372484609604e-04
-1.430168030965542419e-05
-1.029594886141520699e-04
-2.759405402285004000e-05
1.322587784981645366e-05
9.618605963664445931e-06
-3.048606612352100186e-08
-2.055164436019515625e-06
-5.757491903676816272e-07
2.861173667548223974e-07
2.068871830473752877e-07
-1.876499400055474473e-08
-4.170892828830618914e-08
1.060020704124599922e+00
-1.788759173440303968e-02
1.524480939264252896e-03
4.128655619222645770e-04
-3.040206745353419768e-04
1.161492977967067705e-04
-3.297673661006428320e-05
6.948946918528496699e-06
-7.775743972157921875e-07
-1.754769415108707181e-07
1.492822036983470814e-07
-5.954845425718354577e-08
1.732435455789975006e-08
-3.717130064027077344e-09
4.199345471456974593e-10
9.952568975293470680e-11
-8.548699647917154204e-11
3.701029836775062001e-11
-1.024360798774385739e-11
1.019616453893277486e+00
-1.498467340067923502e-02
5.722791797573049781e-03
-2.185171003963814161e-03
8.340374022349892778e-04
-3.180703726581013673e-04
1.211017766742815340e-04
-4.596618899890713474e-05
1.734954795462040141e-05
-6.483696981649979438e-06
2.381511504155985139e-06
-8.488263884486277560e-07
2.865949214392005966e-07
-8.690080489161507933e-08
1.997170636799275986e-08
8.106750770090240563e-11
-4.733196902289807158e-09
5.154162774825601758e-09
-2.442566160179467204e-09
1.004386560082419333e+00
-4.386560082419412726e-03
-1.019526193470040388e-17
9.299118060741935865e-18
-8.172673806016676763e-18
6.918697325120135016e-18
-5.639440454788667138e-18
4.423480775522156454e-18
-3.336720416802277088e-18
2.418543607428055119e-18
-1.682865960221257209e-18
1.122834520995786847e-18
-7.174573294970144787e-19
4.384746183411501623e-19
-2.561989662439101945e-19
1.436391364978358959e-19
-7.878064535012706303e-20
4.529231817966854403e-20
-1.695082709242710673e-20
1.000501253132832780e-01
