9.157024453708280110e-01
-2.595532352317765461e-03
-1.692464764051515034e-06
6.428832127185393677e-09
2.039965429997396590e-11
-1.187772103627902739e-13
2.666146326431206296e-16
-6.192689204822406307e-19
-4.210174469478509615e-19
1.533512982447613917e-19
4.145760747836203519e-01
-4.714934288511993810e-01
9.294799375317090717e-02
3.673151519955026451e-02
-3.012046502556965308e-02
4.944146012326808802e-03
3.917687840124357661e-03
-2.522247448427154815e-03
1.350388908755943002e-04
5.267325556492521120e-04
-2.577321604931769538e-04
-1.293584703125488145e-05
6.746108874815900556e-05
-2.683447540810714210e-05
-4.409210997460764791e-06
8.700631254216900838e-06
-3.005117504668328693e-06
-1.136831131065028224e-06
1.093106469009269322e-06
1.746925728126589791e-02
-2.124519238929724330e-02
7.893166753820424555e-03
-2.183833118334534053e-03
4.997063026336593869e-04
-1.007379964555370151e-04
1.857540885750561885e-05
-3.187955216404349789e-06
5.086074886896689887e-07
-7.360315843147378382e-08
8.960671892488207029e-09
-6.671423785083650410e-10
-7.614309760223165532e-11
5.221197219162413166e-11
-1.653640681901578569e-11
4.217418096789749333e-12
-9.589791019004756338e-13
2.084216146000629729e-13
-3.928328641408005570e-14
2.857204923969391898e-04
-5.442728932783285267e-04
4.707130063819676990e-04
-3.706566363634795675e-04
2.668556750695704805e-04
-1.765938491933526891e-04
1.080685291668958853e-04
-6.155973806844927806e-05
3.286486852990669528e-05
-1.655879765020314425e-05
7.928839482605799736e-06
-3.632918521424955725e-06
1.603442652142474649e-06
-6.860652960611383992e-07
2.863475244226610081e-07
-1.175066554023338610e-07
4.838080773018112873e-08
-2.204166403431066619e-08
7.519390671195130722e-09
-3.832770937969576454e-10
7.366537104826945448e-10
-6.534876629345432708e-10
5.344256690283260607e-10
-4.019735716101571472e-10
2.770909781553414741e-10
-1.741514834513154524e-10
9.906330854535011108e-11
-5.045681709112274998e-11
2.263904624042981678e-11
-8.710804048810832869e-12
2.732091481516584974e-12
-6.166471258300406654e-13
5.277425613350341420e-14
2.838859155909633833e-14
-1.438863584191358901e-14
2.159840011452350519e-15
7.522970939304987191e-16
-4.102238774442122794e-16
4.036893483912571412e-01
2.014419485765887082e-03
-2.407622052724744247e-06
1.865532960855766549e-09
-7.042173214824947327e-12
3.146696591067451647e-14
-7.448746356905672255e-17
-1.080032536662511595e-19
4.569923813325520473e-20
2.909274853505388584e-20
6.634993235167949699e-01
2.334637259374481300e-01
-4.804241699473894844e-02
-8.217349402700612968e-03
1.202685081680695926e-02
-4.490527904373512076e-03
-3.295077590898813673e-05
8.104834705760241911e-04
-3.132528126978892120e-04
-4.314646686146657637e-05
8.393217327518221599e-05
-2.281013546994592337e-05
-1.093348128324095926e-05
1.013962047391657384e-05
-1.505512574278543932e-06
-2.001014181864702553e-06
1.271537381904260602e-06
1.257454945027648868e-07
-3.165031578933063827e-07
8.910686508059688649e-01
3.541820074617929581e-02
-5.785308862974758784e-03
9.540354361394081132e-04
-1.596262355950517743e-04
2.716334870703964729e-05
-4.689533697947918280e-06
8.151763122338752068e-07
-1.410661165061132219e-07
2.396389499595681892e-08
-3.926307409662576590e-09
6.042651037764189632e-10
-8.296864439400313916e-11
8.765377048080861280e-12
-1.726922924953809050e-13
-2.744987084040888334e-13
1.132805182968965290e-13
-3.496622300373210083e-14
8.281827537368828175e-15
9.643383012095378959e-01
2.675594970939213987e-02
-1.003714070771314498e-02
3.765332992068978323e-03
-1.412552504772638046e-03
5.299335382279885551e-04
-1.988235022417744725e-04
7.460485882402703738e-05
-2.799995653804498687e-05
1.051224989945109986e-05
-3.948789869456022831e-06
1.484477005839188632e-06
-5.586862688643681086e-07
2.105899536677842022e-07
-7.956406404657208581e-08
3.021226619659392332e-08
-1.171022796172229510e-08
5.085530113920639843e-09
-1.692462085951006498e-09
9.918811435313862335e-01
8.102342574362840499e-03
1.648030470492002571e-05
3.352122434670396393e-08
6.818274893594834957e-11
1.386850702427055700e-13
2.819437541195489086e-16
6.829659060658501672e-19
-7.826735590273324481e-20
5.513598590961410009e-20
-3.648168505722110850e-20
2.298721486608921006e-20
-1.375396654683104334e-20
7.798836774184408617e-21
-4.185628838966920409e-21
2.125845412915654242e-21
-1.023670463144599061e-21
4.965785513144339192e-22
-1.741212991740957340e-22
1.188854755961109566e+00
-2.148511662613308273e-04
1.035988835586916921e-06
-5.072946299819594805e-09
1.306364855652503084e-11
-2.754073281754221473e-14
9.859569238583600176e-17
-3.591618059454069725e-19
-1.060446415496292866e-19
2.105138437266237254e-20
1.138406906545457842e+00
-5.845718039375019659e-02
-3.516935927028549524e-03
5.651138885725259624e-03
-1.808955610402536990e-05
-1.146953436341197801e-03
2.311901839082712486e-04
2.820518491035753340e-04
-1.931802207126426783e-04
6.848426529979594804e-06
5.093149868126686444e-05
-2.594070323303445969e-05
-1.253220275204447588e-06
7.262008356706458004e-06
-2.946526360293874255e-06
-5.647925600717486529e-07
9.731421479672579949e-07
-1.417348947729325240e-07
-1.400870044063445650e-07
1.057669170937987735e+00
-1.966323088277446493e-02
3.306109100572118559e-03
-5.393648025184477135e-04
8.316719648285218996e-05
-1.158436569156929397e-05
1.310716706546822278e-06
-7.102977162533780750e-08
-1.989104287150790411e-08
9.609720618333649260e-09
-2.760345355222881721e-09
6.570344774352021812e-10
-1.397354964887169027e-10
2.720961460229672134e-11
-4.865207112181662667e-12
7.862237545788893809e-13
-1.089282235379336741e-13
1.031369902145325585e-14
1.347065002423457249e-16
1.018266982571336410e+00
-1.395465361117328475e-02
5.330119657072500926e-03
-2.035852390954596709e-03
7.775671371496910766e-04
-2.969577598660986823e-04
1.133930115559747407e-04
-4.328742317125607356e-05
1.651732291714635230e-05
-6.297914323710590184e-06
2.398584560366924614e-06
-9.119466309714842833e-07
3.458734776658820072e-07
-1.307364661640184373e-07
4.920246994886083288e-08
-1.844137212646866852e-08
6.961397841305990661e-09
-2.892107401140951159e-09
9.316535196765808061e-10
1.004084634068762583e+00
-4.084634068762613840e-03
-2.724953874189171385e-19
2.457253571528872493e-19
-2.125109889330233912e-19
1.761783774263125079e-19
-1.399255987342385883e-19
1.063839032267837857e-19
-7.735129900834355631e-20
5.372252928791862079e-20
-3.558893354411600484e-20
2.244816518838605925e-20
-1.345326814535624966e-20
7.640915274873444354e-21
-4.101406965259447136e-21
2.078259187888823298e-21
-1.005016559669089575e-21
4.976148752827164055e-22
-1.701852596248952157e-22
4.702355889724311178e-01
