4.030696870111012686e-02
-2.386433809142913373e-06
5.201324390677089180e-11
-1.054193450203934593e-15
2.049487132106185454e-20
2.252591681273869826e-22
1.020714068508695023e-22
-2.136552996086864421e-22
8.654687239450444023e-23
1.800759063059122245e-23
3.920267727154499310e-02
-1.420425816552896379e-03
-3.108579980059786351e-04
8.553890261051014777e-06
8.580835119170588508e-07
-3.519354181020464287e-08
-2.038062585798800592e-09
1.241437391289864513e-10
4.242010697014500410e-12
-4.011562912973948024e-13
-7.041108747148738749e-15
1.216984021942420266e-15
4.903311962699033587e-18
-3.510878990395669114e-18
3.496998180585018615e-20
1.592758808364294140e-20
-9.906230711818417783e-21
-7.118659543797744893e-22
6.135952480383840774e-21
3.417243483056821296e-02
-3.488734911531861990e-03
-1.631572506284712475e-04
1.723994381883746510e-05
-5.405317098228613159e-08
-4.820050077194662842e-08
1.717675710542272855e-09
7.815925641716809672e-11
-7.357890761060317488e-12
2.786662130800646621e-14
1.951012724761635054e-14
-7.316813116053262722e-16
-2.974919247391697995e-17
3.043288058807157952e-18
-3.054192931831043093e-20
-4.671732238939222170e-21
-4.014548244200738009e-21
-2.987569386807614872e-21
6.540916815967947295e-21
1.125193925641379371e-02
-1.430840574176582558e-02
4.666240686697916730e-03
-6.171236058656414227e-04
-1.582577440927139035e-04
1.123715135615946706e-04
-3.218758563183474251e-05
4.471597100142369887e-06
5.304265108405712091e-07
-5.275329931368379252e-07
1.735146802700238130e-07
-3.231850603112209593e-08
6.653087840145066512e-10
2.052886946009289666e-09
-8.846756975848412301e-10
2.128335432962353881e-10
-2.270220923504924723e-11
-7.562706079393333896e-12
4.258393153406411949e-12
2.117196926936583705e-04
-3.654439680229178101e-04
2.302908646937494835e-04
-9.762996363833740285e-05
2.016389090719981965e-05
3.579996657032153449e-06
-2.940389767217730331e-06
-1.183304404336531513e-07
4.223365749576480602e-07
2.361104593020656326e-08
-6.900704198804952708e-08
-1.212490118909526407e-08
1.110829353570785034e-08
4.628840721819754143e-09
-1.206809131071301199e-09
-1.344416480235649106e-09
-1.763030343239277873e-10
2.516474599696182367e-10
1.299864841984025734e-10
9.526908759558233575e-01
1.566197190183380416e-06
-2.957762770958582791e-11
5.535219475583632960e-16
-1.029586148346229414e-20
-4.993361395332206633e-23
3.644485003183660657e-24
1.313504008310786333e-23
-7.935770855304313307e-24
2.721132086665192628e-24
9.534193562974384584e-01
9.381052976763919497e-04
2.068083297333460173e-04
-4.897229601338316402e-06
-4.969441583523259454e-07
1.865377839877100315e-08
1.102759739484100795e-09
-6.190001980024361045e-11
-2.197465904149294646e-12
1.898659171986017782e-13
3.605348644938083441e-15
-5.512918771956641561e-16
-3.069322286272440558e-18
1.529342584247593945e-18
-9.721798683118459223e-21
-3.937303292728302904e-21
4.241380162314978468e-22
9.052070774654791984e-23
-3.354907998826461265e-22
9.567940762007323130e-01
2.368301929190289121e-03
1.229032309880336037e-04
-1.025164955095444836e-05
-5.613704754469643997e-09
2.730885870084388587e-08
-8.345471451529580798e-10
-4.516244865316384196e-11
3.601927119365467949e-12
2.995814460622905916e-15
-9.535158898397585574e-15
3.021574028128153348e-16
1.532952904395322621e-17
-1.309896256314735981e-18
4.631740700402537945e-21
3.135856091237543322e-21
1.315235026574933935e-22
1.116552959708074655e-22
-7.860756470395139002e-22
9.757616340691059875e-01
1.370743180320361035e-02
-2.805421774010797946e-03
1.952520776813451145e-04
1.330161589470498461e-04
-6.949060590044354698e-05
1.793579315751872544e-05
-2.008367339595851162e-06
-4.934158040754479308e-07
3.309696740945749214e-07
-9.375738525570606883e-08
1.363483787630676192e-08
1.084591476843683562e-09
-1.347528169493116867e-09
4.537854380046028538e-10
-8.679025757619933677e-11
3.236229480902534603e-12
5.257917732392312575e-12
-2.127472883063419281e-12
9.934564272958332776e-01
6.532036875218858937e-03
1.209055796058992106e-05
-8.861328906028838092e-07
4.822727073680001501e-07
-1.997359753316399460e-07
5.648660196108088122e-08
-5.684674713491923587e-09
-3.312463351353833882e-09
1.496721134322488380e-09
2.844713033503540322e-11
-1.871019368567552259e-10
2.360893543724495974e-11
2.327491732803430691e-11
-5.148884631347559870e-12
-3.312921716409695179e-12
8.711060468994259114e-13
4.443602612448177278e-13
-1.218927313704966580e-13
1.023846178145040309e+00
-7.769843155745361969e-07
1.423921673026579635e-11
-2.559816338549789685e-16
4.516335467901101950e-21
2.636194633967823547e-23
-1.401295944392218861e-24
-5.923231784866795070e-24
4.497179066674782732e-24
-2.072372819660905260e-24
1.023484434293431056e+00
-4.659364341800208945e-04
-1.028539052606114126e-04
2.365024382869013821e-06
2.412400382070951488e-07
-8.684066636012818327e-09
-5.206173952297214814e-10
2.758334394981689878e-11
1.013136719121304723e-12
-8.052245326189431117e-14
-1.669535331158562896e-15
2.215588993108347156e-16
1.772240258692994580e-18
-5.806907166302388563e-19
1.250892555579492274e-21
1.105489117172411077e-21
-1.770774101886479829e-23
6.358127520277365801e-23
2.620624541671461110e-22
1.021803890528047765e+00
-1.181567989152588084e-03
-6.221226682649418820e-05
5.028364640657004976e-06
9.576390598784333640e-09
-1.323538450737176169e-08
3.687149615217409403e-10
2.239930469598520859e-11
-1.594266022599230611e-12
-8.193592535056258625e-15
4.241981906431689464e-15
-1.082971252231413417e-16
-7.364847049591361465e-18
4.989460740320675738e-19
2.642921210356284432e-21
-1.391671626775599810e-21
-6.930028024505841832e-23
-1.490780335778846466e-22
2.259319225724180206e-22
1.012236244284294484e+00
-6.940393539056434469e-03
1.411563354854452040e-03
-9.141149369653517375e-05
-6.989694770342575500e-05
3.537017170253684082e-05
-8.837566163758333419e-06
8.792679901046650282e-07
2.871051786086568716e-07
-1.705556202940381240e-07
4.522461221820637939e-08
-5.638242876841811775e-09
-9.018421392152548694e-10
7.250576247360288245e-10
-2.179399633500790787e-10
3.518486096106727404e-11
1.133726054419256446e-12
-3.078327515568002844e-12
1.047734391992378252e-12
1.003287877135688566e+00
-3.287437195922234857e-03
-7.504447097923964873e-07
4.901666088443825599e-07
-2.613565149916070317e-07
1.080877138877404236e-07
-3.046665023665183869e-08
3.006639909101466873e-09
1.814603653858395387e-09
-8.097290852509195650e-10
-1.842490948989391744e-11
1.020112411305444592e-10
-1.249383941942626728e-11
-1.275529857352609740e-11
2.760274321433462138e-12
1.821036151360513272e-12
-4.679381012106742846e-13
-2.447884823642238383e-13
6.550474681250786521e-14
9.754887218045112940e-01
