9.296463574016639031e-01
-1.215844073058695537e-04
-1.665231204006879829e-07
-9.775510946933322672e-11
-1.517488187653957785e-14
1.853834505524081437e-17
-1.678693067137839785e-21
2.422136392721899827e-20
2.607196152730757342e-21
-7.692230556356603171e-21
7.073975526087935561e-01
-3.232281031131941651e-01
-1.113884785291876095e-01
8.502778220466494785e-04
1.640009178734330025e-02
4.896760801484567951e-03
-1.392968131067186472e-03
-1.265169632761180057e-03
-1.182893817033168137e-04
1.986299872277177590e-04
7.975884460947584172e-05
-1.414466086617934694e-05
-1.927920756788633700e-05
-2.938508383934690194e-06
2.840283729754248423e-06
1.411154027370245860e-06
-9.619446438723983588e-08
-2.722752641376994721e-07
-7.413270178027189498e-08
9.839756747009713311e-02
-1.271914961023852542e-01
5.007673222579677591e-02
-1.388380528406677264e-02
2.728260157829796688e-03
-2.653112950932545819e-04
-7.001239221214781657e-05
5.116443518485557933e-05
-1.869873555296164118e-05
4.944115842282301148e-06
-9.014932412328114643e-07
3.954749834806565392e-08
5.439876056509523740e-08
-3.005813204287578137e-08
1.032334902708402368e-08
-2.593344267342852120e-09
4.098621654812684110e-10
3.495865616307886548e-11
-4.212574832278479230e-11
1.120104449655803499e-03
-2.146967084652133886e-03
1.891035447342702272e-03
-1.533621814008883505e-03
1.148491638648353351e-03
-7.971964385167623060e-04
5.151490931128372211e-04
-3.114214697710203546e-04
1.770313542143895562e-04
-9.514100087580770271e-05
4.860241193480742503e-05
-2.372926067786011573e-05
1.113186156509987483e-05
-5.044082275974872124e-06
2.219418277551692041e-06
-9.553793061751239490e-07
4.106863397495037617e-07
-1.945076886503721630e-07
6.772416122533477853e-08
-2.908306547237413619e-09
5.614178447784390594e-09
-5.046619812751643473e-09
4.220885269354279355e-09
-3.279307743140351681e-09
2.360857810756234591e-09
-1.569503156358544792e-09
9.589164909958275517e-10
-5.348680510207878530e-10
2.698275423919674205e-10
-1.214202764678131427e-10
4.768307885225552338e-11
-1.572070800634392925e-11
3.999209641794244812e-12
-5.865536530277552338e-13
-7.001212146766289656e-14
7.284410741802496126e-14
-1.746323708905642600e-14
-3.698896839606652447e-16
5.281902182797578726e-01
2.833985621834006073e-04
3.490834720023155976e-08
1.865302080660024917e-13
-5.095312879814041654e-15
-4.445461042353364730e-18
2.965257244739395156e-21
1.902046725456838828e-21
-2.386616485278695050e-21
6.660778520664010852e-22
6.590041123658185729e-01
1.623908844404802210e-01
2.334646087944340295e-02
-1.234703745514056927e-02
-4.087802688540299184e-03
2.887482016036557742e-04
7.647580819858163957e-04
1.957810118932067848e-04
-7.606524372804727714e-05
-6.232554380333622085e-05
-5.614208290438274086e-06
1.051761871217695027e-05
4.550781841782340169e-06
-6.485854491477021856e-07
-1.131514130162996137e-06
-2.305372676018110169e-07
1.450370494715081124e-07
7.509462671121173528e-08
2.504675009088645882e-09
8.841495103745911077e-01
4.197598106947593444e-02
-9.266004692393435549e-03
2.522583377636672050e-03
-7.301963835983326908e-04
1.909579808496293088e-04
-3.852516235175232996e-05
3.405628557698892169e-06
1.619579598219331160e-06
-1.127966608080911802e-06
4.333387479783022443e-07
-1.214056549908108981e-07
2.349228569707713045e-08
-1.171280462431249974e-09
-1.506765567197217891e-09
8.769982107470363850e-10
-3.126426899078183279e-10
8.182374871132189634e-11
-1.389263613939838784e-11
9.630931328108208733e-01
2.767445774033000169e-02
-1.037674773729737460e-02
3.891697822266192153e-03
-1.460240566346316434e-03
5.484529114237030566e-04
-2.063972863414134261e-04
7.795980400423402920e-05
-2.964205987426030280e-05
1.139744948206182161e-05
-4.460847507067143654e-06
1.791978601971522799e-06
-7.453119680842755300e-07
3.231753280189766142e-07
-1.466061907424075538e-07
6.977906885687116961e-08
-3.547250834517603555e-08
2.086180171369145689e-08
-8.215103535301315038e-09
9.915927693228977491e-01
8.389522665305756619e-03
1.767071370227638093e-05
3.721953386313968088e-08
7.839487267407751539e-11
1.651385802775535472e-13
3.341684296364179051e-16
1.142720051301900224e-17
-8.071604002049148472e-18
5.857206397423311615e-18
-4.079401074954389597e-18
2.725197712297196812e-18
-1.743368402100292320e-18
1.067201031487655632e-18
-6.244531960170377412e-19
3.509284720544098381e-19
-1.927843287514636677e-19
1.112543785582628632e-19
-4.164314541062814899e-20
9.704791368321619149e-01
1.281658121630163271e-04
1.142174255057058369e-08
-1.617468826817388812e-12
-3.564863519139203920e-15
-2.814649472925190692e-18
2.559392703081686180e-21
1.042435762853387408e-21
-3.301210790269962115e-22
-4.633029036476967948e-22
1.020385076361773891e+00
5.838096746015667554e-02
2.701034272523081085e-03
-7.768746445683006978e-03
-1.725250157235821372e-03
5.117565287792015614e-04
4.716637013795936051e-04
6.582270359930930258e-05
-6.711137794924670300e-05
-3.527165580044881179e-05
1.617591657911178220e-06
7.612930630711768489e-06
2.155423230248200060e-06
-8.519759839952030143e-07
-7.136800507326933377e-07
-5.170341978149959073e-08
1.237671735046778915e-07
3.654122354624584780e-08
-7.454553597448471629e-09
1.057242064172134288e+00
-1.617522006907146440e-02
8.110552619409111064e-04
7.066923649933090981e-04
-4.057292403589107441e-04
1.431714451582202785e-04
-3.726951103221459044e-05
6.458941902586492246e-06
-5.387762923884654101e-08
-5.230114692567195972e-07
2.654232230910750426e-07
-8.763164362519361761e-08
2.090818478966548372e-08
-2.857320623330009617e-09
-3.988623744811275806e-10
4.551530853755721196e-10
-1.953702864527509397e-10
6.042920182882194811e-11
-1.264770676183634769e-11
1.018917689006105798e+00
-1.445057426406026919e-02
5.518535304172281740e-03
-2.106933315418173421e-03
8.039689185001610856e-04
-3.064360776116500625e-04
1.165419903231095091e-04
-4.413800131917672509e-05
1.658914719513552221e-05
-6.150348728355711438e-06
2.225626094766146724e-06
-7.709438458708323676e-07
2.454628481442702881e-07
-6.433664968495364239e-08
7.318419861160572699e-09
7.291455545744276718e-09
-8.985750459152506206e-09
7.956898770042071436e-09
-3.599474077471860760e-09
1.004230369074577967e+00
-4.230369074578025496e-03
-1.311026895570156053e-17
1.196197807415200058e-17
-1.051802563078383014e-17
8.909748881332179820e-18
-7.267958491836315380e-18
5.706143357731167858e-18
-4.308941442940763204e-18
3.127167644184179722e-18
-2.179077213105309570e-18
1.456300078462176494e-18
-9.322643909345416411e-19
5.709618492901741613e-19
-3.344266890465665700e-19
1.880422343963753859e-19
-1.034992796911816566e-19
5.973834163026780025e-20
-2.240623435872298115e-20
3.501754385964916949e-02
