1.183273371838203802e-01
-3.224081490425952622e-05
3.639539494734480763e-09
-4.029393313645302496e-13
4.471392905576091993e-17
-4.006541372806691512e-21
-8.133835244159165944e-22
-2.657468204243554940e-23
4.709149727081420393e-22
-2.538403610935599287e-22
1.054120724342256787e-01
-1.608056562022681935e-02
-2.803472411730691637e-03
4.173230616964471477e-04
1.612753765838121245e-05
-7.025113104719365576e-06
2.012569196313545998e-07
8.895296443944261635e-08
-8.457941893024232080e-09
-7.628101265635741348e-10
1.705382709448739733e-10
4.658132521992298700e-13
-2.513066356983274238e-12
1.495425748194070540e-13
2.734339022447825167e-14
-3.874497228723041520e-15
-1.587171330467269944e-16
6.515358432590732874e-17
-1.625192211913770032e-18
6.421926048009866939e-02
-2.184790489998495247e-02
1.040585451205145199e-03
1.250485314107662208e-04
-2.612684214200773687e-05
1.896671247379830723e-06
3.531266076820439258e-08
-2.419735624377085035e-08
2.685616275426422078e-09
-8.518219183141095792e-11
-1.763726479999908665e-11
3.149567389500898187e-12
-2.129560753090165968e-13
-6.522839647828146976e-15
3.109415859270284635e-15
-3.261209863753867114e-16
8.155031844842142432e-18
2.496194321527827851e-18
-3.972490310430356066e-19
1.004392703818512630e-02
-1.674025042142112188e-02
1.006996992330456107e-02
-4.574604427708281462e-03
1.607991989866824380e-03
-4.285323581289418354e-04
7.220546750796809268e-05
4.438477116905968167e-06
-1.056284832091706802e-05
5.945800521980866252e-06
-2.502239457623388119e-06
8.955328519143278007e-07
-2.790441546622857143e-07
7.338256705067422948e-08
-1.408117433582095200e-08
3.134514242746496920e-10
1.532296123505103664e-09
-1.187214897476713240e-09
4.668521838397218296e-10
8.916379394241440268e-06
-1.618524167949345996e-05
1.203149682002892091e-05
-7.181283999963446874e-06
3.289941787873153440e-06
-1.033526331549914167e-06
1.363589248696529349e-07
4.939279710672245464e-08
-2.533890257888931001e-08
-8.607335766465275006e-10
3.205668613937910731e-09
-1.647946707587347012e-10
-4.462174932845248033e-10
2.721656899151449779e-11
7.170783404713206033e-11
-9.645484760473336096e-14
-1.277952996064352211e-11
-8.486073455325154908e-13
2.066781689861263364e-12
8.870569703712755105e-01
1.700926042053437607e-05
-1.631744301764122011e-09
1.663620808459657652e-13
-1.762412838501723146e-17
1.920429630117635538e-21
4.827627416204936771e-23
7.244890388099725914e-23
-1.321738366120874979e-22
7.611104750907930637e-23
8.940576912109139407e-01
8.772643746305789844e-03
1.606696975802956572e-03
-1.941139538804397674e-04
-8.828302504761599098e-06
3.025295226899630634e-06
-6.633312667610758431e-08
-3.671021085551671339e-08
3.199689970738166271e-09
3.097324416758701305e-10
-6.476365837764719828e-11
-2.863220434588211195e-13
9.489279646504473603e-13
-5.659784367534091493e-14
-1.018447160733268153e-14
1.479669810355849115e-15
5.472729399284632873e-17
-2.487165893525291301e-17
7.584894242791522033e-19
9.180496141031065926e-01
1.358071834121688491e-02
-3.261167984153660947e-04
-8.118507243086534476e-05
1.239414503731983313e-05
-7.016951574072322634e-07
-3.283915680922975155e-08
1.066124909992017572e-08
-9.920433535084309936e-10
1.864155359838409775e-11
7.560036617451046570e-12
-1.148599959905467988e-12
6.938052996857469335e-14
2.975014467956405912e-15
-1.108673872367901712e-15
1.121662792190373532e-16
-2.798858624332153137e-18
-8.434519483046212984e-19
1.392189772854804182e-19
9.667069831189598617e-01
2.388536167309457739e-02
-8.165056279880490708e-03
2.573526353091530865e-03
-7.084991953539224044e-04
1.503144705663077329e-04
-1.203037627860197252e-05
-9.847008968115544020e-06
7.430834962950986391e-06
-3.439303526367916515e-06
1.271614007887161047e-06
-3.962934789109110111e-07
1.027739174181404028e-07
-1.972935596096496491e-08
9.444688490993243819e-10
1.562528381960651525e-09
-1.083335790333107045e-09
5.594799417697249587e-10
-1.895064170463277169e-10
9.921976312591008762e-01
7.787119199334562210e-03
1.522018568738166102e-05
2.897681851793989516e-08
5.828070064017489237e-10
-3.169478957052681567e-10
1.669799910427345054e-10
-7.482908005870224266e-11
2.730324180859533322e-11
-7.333532554653980671e-12
9.752709412418440734e-13
2.380675015925641439e-13
-1.667504940467837893e-13
2.751937944930376911e-14
9.626864838117166039e-15
-5.280764885638655629e-15
4.438870844699844940e-17
5.536517132379598731e-16
-1.035547886297140228e-16
1.056750802226384067e+00
-7.900390094251681072e-06
6.658865407596996901e-10
-5.731557635972778328e-14
4.931625698063530543e-18
-3.443816154429589814e-22
-1.686610703489548824e-23
-3.545514122271754958e-23
5.192543573812023217e-23
-3.085456469027028160e-23
1.053445119565602051e+00
-4.157468228528093251e-03
-7.816251592391958158e-04
8.382417331128225234e-05
4.587599106212202782e-06
-1.184034696179747045e-06
6.385981865262238424e-09
1.337955058947610570e-08
-7.331642214602869315e-10
-1.201874297411897688e-10
1.422235796358386755e-11
7.452120658908842359e-13
-1.975510691604369703e-13
-4.330061557700520074e-16
2.296483847156155147e-15
-7.462525024034396193e-17
-2.454484017649815301e-17
1.486055676994628485e-18
2.738050996213542126e-19
1.041765286602809093e+00
-6.754762565838881051e-03
1.230445729749681677e-04
4.382315633822934665e-05
-5.791488700706929923e-06
2.372424111299204113e-07
2.575336549376007844e-08
-4.939932922993930287e-09
3.103941384758801581e-10
1.090680497694271685e-11
-4.096934595539000640e-12
3.559025691091352725e-13
-9.985982288159807394e-16
-3.309489820414935014e-15
3.827993449883170170e-16
-1.069602692891434161e-17
-2.596980484866263224e-18
4.007407656483824960e-19
-1.931180884939107734e-20
1.016943410139320880e+00
-1.228054670269264348e-02
4.215148487037715871e-03
-1.320801425001029948e-03
3.547969652168607522e-04
-6.948945721777804074e-05
1.866259479336033958e-06
6.920055043605189482e-06
-4.452808444204702969e-06
1.925470560836909172e-06
-6.686680491844790989e-07
1.913284677734649108e-07
-4.229612568701643982e-08
4.708367284621859914e-09
1.755328274334117378e-09
-1.582705655261865103e-09
7.799698334629124460e-10
-3.316855313146171693e-10
1.003854654706841744e-10
1.003924132476085473e+00
-3.924132125218211982e-03
-6.332075392372227702e-10
4.849789541148160479e-10
-3.313299399138617268e-10
2.000878541491405281e-10
-1.052733477451802357e-10
4.710797081123957276e-11
-1.714777133640308753e-11
4.583802190272160888e-12
-5.980369384629320315e-13
-1.546296582008025284e-13
1.053962541513524973e-13
-1.696669473316169409e-14
-6.230150345212760137e-15
3.332589432294210336e-15
-8.845095549132454962e-18
-3.533970225058030849e-16
6.410698799018984204e-17
9.404711779448621245e-01
