6.524909798001858885e-01
-2.724352177549034266e-03
4.026117445500251675e-06
-3.241380910869428810e-09
-4.221647183854316038e-12
2.473702155737496466e-14
-5.853703770999211212e-17
1.960738101534051983e-19
4.352782890590330621e-19
-3.377474887369722326e-19
3.084025278493173206e-01
-3.113992634532387616e-01
6.140082943813700983e-02
1.329713507727781768e-02
-1.410976836904401753e-02
4.606650409796627516e-03
-1.876348706269499549e-04
-5.255997921411419268e-04
2.478980737638809394e-04
-3.177380386482944708e-05
-2.174468903769294101e-05
1.373465245033576393e-05
-2.545071877047258024e-06
-1.023290166833046018e-06
8.439190582533554689e-07
-2.099837310421528723e-07
-3.828309472351332508e-08
5.100356129663739046e-08
-1.668214820011056859e-08
2.563308122959613577e-02
-2.609525868727795642e-02
7.822778600935449689e-03
-1.748503717553566037e-03
3.267112209739772718e-04
-5.424624203407400503e-05
8.207187852219563159e-06
-1.123369917223733321e-06
1.319098723498563778e-07
-1.081624186327586423e-08
-2.784949828212790727e-10
4.069874443935726965e-10
-1.256816014355240981e-10
2.940185653957730185e-11
-5.978162163117406398e-12
1.100829632874519972e-12
-1.857576629858049022e-13
2.902719068718388304e-14
-3.896733600894279404e-15
8.207361580791555297e-04
-1.538662784687297447e-03
1.270081877011995522e-03
-9.288444985244355585e-04
6.071561487769290078e-04
-3.584435920697525021e-04
1.932668930883417132e-04
-9.626891237763812866e-05
4.480961831316601868e-05
-1.970944584511508625e-05
8.280446643118755985e-06
-3.356182870431333379e-06
1.324112359086356700e-06
-5.123686120983254067e-07
1.956670668707655951e-07
-7.421036652216431790e-08
2.841732828049484562e-08
-1.206016100245143759e-08
3.949198973050282827e-09
-9.941607603771668370e-11
1.890613566662280919e-10
-1.623974179897085017e-10
1.256762052049119723e-10
-8.720016057597426995e-11
5.382706856367799925e-11
-2.920401323150453386e-11
1.365815184547867497e-11
-5.322688386852251836e-12
1.612608170673969684e-12
-3.103138681988348553e-13
-4.061832540392760742e-15
2.698613736796622825e-14
-7.979158591442196620e-15
-3.718076878317651598e-16
9.061373071151197536e-16
-1.628735388532092615e-16
-6.768622191645926159e-17
3.072288968239960786e-17
6.096356814514567457e-01
1.280131330827200811e-03
-2.386006565323866537e-06
3.739005380806148709e-09
-4.171866672741080590e-12
1.373715844023121714e-15
6.339975163442143492e-18
5.530402153672352324e-20
3.882734519705268805e-20
-1.165271640461536287e-19
7.653125511463610975e-01
1.427019868043507278e-01
-2.401879035630966747e-02
-4.711989305414632581e-03
5.473689408705971308e-03
-2.120259642196245173e-03
2.995591943545709802e-04
1.485465860143855875e-04
-1.124633610180788320e-04
3.145747226911627733e-05
1.582150638526854653e-06
-5.210053171861987266e-06
2.071475291120334406e-06
-1.382232696935810201e-07
-2.503247920991651644e-07
1.302027025783597830e-07
-1.835617709986645427e-08
-1.475305534392216812e-08
8.621728164864152292e-09
9.158499795848361602e-01
2.753460442512018283e-02
-4.467551143462532813e-03
7.140425150054092139e-04
-1.115755450272725016e-04
1.690982796746733665e-05
-2.461320795068667471e-06
3.386924865262371012e-07
-4.267514593397724619e-08
4.534289938213066750e-09
-2.839998619198073594e-10
-3.699687985358724491e-11
2.082245010072888633e-11
-5.924109956548852583e-12
1.377492211204681493e-12
-2.871205927857442729e-13
5.539079765585411580e-14
-1.027242700684277050e-14
1.687668533207936927e-15
9.726248580856837744e-01
2.062555111476267744e-02
-7.769906518174245734e-03
2.926900548458954976e-03
-1.102464635778170176e-03
4.151987230966539292e-04
-1.563270694636634142e-04
5.883393350186139309e-05
-2.212777595010090908e-05
8.314467403845877800e-06
-3.120039391216111608e-06
1.168784019043079548e-06
-4.368821709667870100e-07
1.628794119176135500e-07
-6.055523424926395947e-08
2.248117277776866417e-08
-8.442546854138710718e-09
3.510534868063608087e-09
-1.134297926492567657e-09
9.937936510676541602e-01
6.196704298023173775e-03
9.629646610585137538e-06
1.496442130929377568e-08
2.325463375868915265e-11
3.613757856616242210e-14
5.615954564142066227e-17
8.593309590563785637e-20
1.044912920128697156e-21
-5.540010333706068200e-22
3.327308382167156235e-22
-1.870161034555882130e-22
1.048773864087748729e-22
-2.101709904733637916e-23
2.601986976317376705e-23
-1.312511411263038407e-23
5.323810371099847875e-24
1.005225104712440893e-23
3.190201229801784619e-25
1.147815476947532831e+00
-1.620096097846754856e-04
-3.657481819305792962e-08
1.387723479776629837e-10
9.630793281243376979e-13
-6.366554547319465684e-15
2.196042080585682881e-17
-1.147045003095261901e-19
7.233548575697113651e-20
-2.246654810864519129e-20
1.104713670703390216e+00
-4.667748823108233691e-02
6.975193279195807724e-04
3.612111228770404844e-03
-1.090488834117957564e-03
-9.058477929506876850e-05
1.639393007513799535e-04
-3.782936528749567250e-05
-1.324422380573513484e-05
1.145106047037385017e-05
-2.297305374367362236e-06
-1.069153852315170542e-06
8.749583331382478827e-07
-1.949423519501444671e-07
-7.057786143171036310e-08
6.823840959186119478e-08
-1.901555660842151319e-08
-5.458434993977219875e-09
5.166326872311354596e-09
1.043803559095491273e+00
-1.469449322495609139e-02
2.373626656760376760e-03
-3.593626977364566171e-04
4.919522500397379198e-05
-5.699046112503424258e-06
4.492743313812495161e-07
1.424053665175435112e-08
-1.670883357895020638e-08
4.859753976968208356e-09
-1.070477580017494852e-09
2.031897184116647885e-10
-3.436647458736698800e-11
5.164200111168255987e-12
-6.605784302865727861e-13
6.092893940392272810e-14
1.178918962216427011e-16
-2.093364969082124890e-15
6.437824790645035865e-16
1.013941743280514007e+00
-1.064946988739839430e-02
4.066789870437521881e-03
-1.552598513105238722e-03
5.924404319444388344e-04
-2.258573078843229248e-04
8.597277163419418634e-05
-3.264716052903537805e-05
1.235330713603522260e-05
-4.650997373530767491e-06
1.739381652159155756e-06
-6.449113024591670123e-07
2.365695397536043947e-07
-8.566403191014466932e-08
3.054688467320416248e-08
-1.070375767830860452e-08
3.703657731113332608e-09
-1.365571419147687767e-09
4.027933044384062999e-10
1.003117671877620021e+00
-3.117671877619909715e-03
-2.641399885607367533e-20
2.312710833540567852e-20
-1.919564394627301419e-20
1.508467591728376021e-20
-1.120501473021256077e-20
7.854066829384816168e-21
-5.184429000584474890e-21
3.213618811104652957e-21
-1.863492776360872493e-21
1.006167189136649505e-21
-5.028018192907814480e-22
2.305524440501856697e-22
-9.578983722700928466e-23
3.537592217340892296e-23
-1.122124735130021609e-23
2.895597666097216259e-24
-4.984725672582176645e-25
7.299999999999999822e-01
