9.246626166976364969e-01
-2.311573505104967327e-03
-1.999343983704991085e-06
4.404760516058951570e-09
2.171611333247309049e-11
-8.884348991908631564e-14
1.545303831701626798e-16
4.957736901705011361e-19
-9.026735322680661059e-19
3.286159769494548989e-19
4.260248456167517461e-01
-4.790554673726938328e-01
8.632908140781515860e-02
4.224616082046577653e-02
-3.013864222348775282e-02
3.040986813297791389e-03
4.867663956947008985e-03
-2.410298403436524160e-03
-1.931349067608515422e-04
6.452405453210161490e-04
-2.174813735440152187e-04
-6.559107920311866213e-05
8.026955849650553967e-05
-1.781549854728888213e-05
-1.209638613110822848e-05
9.658855021326760078e-06
-1.458570218302182882e-06
-1.817066546281777284e-06
1.058808746235850283e-06
1.790668788284459356e-02
-2.197807395035059411e-02
8.263380399846623550e-03
-2.314088289134345541e-03
5.355126738432784087e-04
-1.090192983749732283e-04
2.025911659244548658e-05
-3.494250941106884087e-06
5.577993255260245781e-07
-8.006514874943949535e-08
9.430385393537328371e-09
-5.772269055467090478e-10
-1.323459019856859627e-10
7.083451861193313387e-11
-2.156842749271354994e-11
5.429063298376677211e-12
-1.227466403377051043e-12
2.656728148772747983e-13
-4.986994265292659415e-14
2.803832066182719053e-04
-5.345060756731778153e-04
4.632870067838616105e-04
-3.661068529801714613e-04
2.648300232044836062e-04
-1.762585725338105278e-04
1.085670569090621719e-04
-6.228329360015486232e-05
3.350023284400554553e-05
-1.700859210253766139e-05
8.206857100502954570e-06
-3.788633553330116357e-06
1.684256725055952403e-06
-7.255462879382373914e-07
3.047344823758607678e-07
-1.257778709531130586e-07
5.206832421168648137e-08
-2.384647466693114026e-08
8.158930204934775623e-09
-4.085725787616798952e-10
7.856589089985149148e-10
-6.980036483590587403e-10
5.722866381534248719e-10
-4.320403951761178065e-10
2.992991799101001060e-10
-1.893290468621165977e-10
1.085949471433729046e-10
-5.590725718018008429e-11
2.544122096940695313e-11
-9.982144027465793110e-12
3.225907058881507957e-12
-7.716078914344299295e-13
8.655159701345651934e-14
2.664120130453247178e-14
-1.667027715687065870e-14
3.163912235311669638e-15
6.686787676791605432e-16
-4.790878119323471905e-16
3.952861905521560804e-01
1.904673927325691235e-03
-1.996517848681954500e-06
1.409322775481092282e-09
-6.131139825877774708e-12
2.322635419477188042e-14
-4.551653054240816789e-17
3.447796727872007015e-19
2.260954894054291157e-19
-2.346666424660448018e-19
6.554622362573251371e-01
2.367337923983232895e-01
-4.659930384482535715e-02
-9.864867447116103943e-03
1.241083152970755624e-02
-4.121079782916233294e-03
-3.746973711881071141e-04
8.826514083985653215e-04
-2.501876983560570328e-04
-9.396161998717744560e-05
8.951226533936330757e-05
-1.086953825746367096e-05
-1.786308197368261438e-05
9.795448269276551946e-06
6.303485877838918152e-07
-2.862304640747202912e-06
1.103023478152064546e-06
3.958207269503561370e-07
-3.976804468711523971e-07
8.878048025801676957e-01
3.642518151885125455e-02
-5.944776579637114054e-03
9.810323762923444605e-04
-1.647253324302972984e-04
2.824086700509793115e-05
-4.932559556752131630e-06
8.703666842161895090e-07
-1.531797730331883089e-07
2.647175403802673823e-08
-4.406603888861564374e-09
6.869097346684599278e-10
-9.487671596057265962e-11
9.851620087399766178e-12
-6.721721756588047737e-14
-3.693673102262847001e-13
1.480248979562444716e-13
-4.561841806366943679e-14
1.083608770017508941e-14
9.632324742377541549e-01
2.756997853201357054e-02
-1.033664858705119621e-02
3.875491891808983871e-03
-1.453054246630360730e-03
5.448195380666696593e-04
-2.042931041329422090e-04
7.661423299264815995e-05
-2.873820643260312644e-05
1.078363688017985339e-05
-4.048691972593874260e-06
1.521352683530857299e-06
-5.723625439711416817e-07
2.157012309955269492e-07
-8.149715096249002964e-08
3.095760923276961313e-08
-1.200980982481958763e-08
5.223898625198499048e-09
-1.740530449252257807e-09
9.916247039795973439e-01
8.357720766860365913e-03
1.753837251302016299e-05
3.680363570265169079e-08
7.723108830535417135e-11
1.620668440283532491e-13
3.399170053850502124e-16
8.464473161239320437e-19
-9.556254610344390821e-20
6.763410214970900284e-20
-4.503638960755966845e-20
2.859358602073055531e-20
-1.724242299102482604e-20
9.887105299297717630e-21
-5.326833438967673775e-21
2.731421186747071299e-21
-1.341515527420195637e-21
6.735281868482532489e-22
-2.389179693300053416e-22
1.186325395865209797e+00
-1.897834462539885777e-04
9.767470919980491185e-07
-4.286187815195291086e-09
9.509766326203146800e-12
-1.932033270964121188e-14
7.486307215709713966e-17
-2.660558845920088112e-19
-1.919725655825913041e-20
8.228805182509656816e-21
1.139616431004845998e+00
-5.563507431534383402e-02
-5.118277647496280620e-03
5.438308382763696811e-03
5.174366394699672373e-04
-1.272608437170827259e-03
1.120950094949732924e-04
3.662615901344943811e-04
-1.872805970340798987e-04
-2.394140906063210115e-05
6.292431624581636812e-05
-2.152575901358873712e-05
-7.138012374110573679e-06
8.679283321423733331e-06
-1.830614565690087160e-06
-1.528849874136196282e-06
1.132797895510650614e-06
6.927532878730796785e-08
-2.682460465596705481e-07
1.059503560417497381e+00
-2.028739598366400762e-02
3.409610431676439804e-03
-5.552644440505794844e-04
8.513058540489806608e-05
-1.166065084286699687e-05
1.247614571853416979e-06
-4.057383576459747098e-08
-2.965668351005638758e-08
1.223772588902840418e-08
-3.392369594299222404e-09
7.961162778935330888e-10
-1.679281536950869729e-10
3.243953967334207150e-11
-5.730220732223034618e-12
9.043368774951107251e-13
-1.183094705479685935e-13
8.552757315592922306e-15
1.117735329903370010e-15
1.018848198942209127e+00
-1.439866868426309572e-02
5.499722593328888048e-03
-2.100638471744247990e-03
8.023159431408859784e-04
-3.064129333183203538e-04
1.170058945045174357e-04
-4.466825072046932201e-05
1.704522651338632560e-05
-6.499799292513764004e-06
2.475804999526116836e-06
-9.414770764721722346e-07
3.571548152858524851e-07
-1.350355314632599329e-07
5.083307313976223235e-08
-1.905560242827816618e-08
7.192719242244043684e-09
-2.986659996689129055e-09
9.616104486300157045e-10
1.004214596926352732e+00
-4.214596926352755062e-03
-3.040244187796084869e-19
2.745229607581575098e-19
-2.378641306726493104e-19
1.976815535375796196e-19
-1.574831707102055247e-19
1.201731616521720353e-19
-8.775715160811743417e-20
6.125840540352800593e-20
-4.081856300954843340e-20
2.591985435191055158e-20
-1.565353158361042388e-20
8.969266787697582408e-21
-4.863926109132417266e-21
2.494969629463251513e-21
-1.225302825880285017e-21
6.184852952004057435e-22
-2.141735005664217859e-22
4.477243107769424135e-01
