9.365157529851964036e-01
-1.674033000357983726e-03
-2.118514531856571393e-06
1.140878417014414298e-09
1.465833194453772506e-11
-2.677721834878330313e-14
1.593899941260963526e-17
6.998134287504238155e-19
-1.220964089167267461e-19
-4.705409023141776855e-19
4.541034201290023442e-01
-4.900101793818663065e-01
6.384435411607781996e-02
5.495087804609993798e-02
-2.701305385882023236e-02
-2.680359787049981825e-03
6.379393419281795610e-03
-1.332353520529072849e-03
-1.077305006608161256e-03
6.859380573951748532e-04
2.627450558143415646e-05
-1.778009784985777218e-04
5.568890149611003388e-05
2.481236054984389274e-05
-2.255760722851787614e-05
1.410765639487114337e-06
5.088339802119441192e-06
-1.291953767537294999e-06
-6.467047953258793205e-07
1.986359040576705925e-02
-2.480862122520988491e-02
9.543509158892638997e-03
-2.735245190317226252e-03
6.465323710136763879e-04
-1.339194919580546732e-04
2.516484647149013195e-05
-4.345230281112893788e-06
6.817979147939374619e-07
-9.221585332377040926e-08
8.792991011593391398e-09
2.338878184920196172e-10
-4.356930048050430612e-10
1.583094840108260946e-10
-4.363904340477397048e-11
1.050140575184104207e-11
-2.305017414331173028e-12
4.835258193983819387e-13
-8.777671119885654749e-14
2.853829642444690872e-04
-5.448010368662324285e-04
4.741666543372744002e-04
-3.772113676473577790e-04
2.753038563935646956e-04
-1.852190778689076685e-04
1.155007456523642642e-04
-6.715980024324925512e-05
3.664187983911843557e-05
-1.887902305525919578e-05
9.245132677538696502e-06
-4.330655063882630393e-06
1.952552852179168452e-06
-8.524571112866102740e-07
3.625467370640265813e-07
-1.513918981306651658e-07
6.336706816977929329e-08
-2.933445916967034482e-08
1.009687323596862244e-08
-4.889029443644799531e-10
9.409911579987809253e-10
-8.383308847104473415e-10
6.905952529108645083e-10
-5.249293563607771313e-10
3.670048869970361694e-10
-2.349441482315600185e-10
1.368329662202179943e-10
-7.183886026340433950e-11
3.353925470002499715e-11
-1.362749726093288682e-11
4.639172500638002772e-12
-1.219358843149409224e-12
1.883070598841088423e-13
1.852825684045728612e-14
-2.208296724731632960e-14
5.896007784542931366e-15
3.332477266089329018e-16
-6.228977998849099531e-16
3.879176689589823868e-01
1.582729634481663556e-03
-1.118420642060614397e-06
5.050133792952890176e-10
-3.103870607390133904e-12
7.343082896215362960e-15
-6.350466000655178127e-18
1.399296857582948579e-19
-8.851428185622358277e-20
-5.459824837156553584e-20
6.411629798912066303e-01
2.388283033165706781e-01
-4.034894133899034896e-02
-1.416164493527199454e-02
1.256020799673753310e-02
-2.665549251044371619e-03
-1.211153991709786309e-03
8.605752191078534221e-04
-2.828147411227694958e-06
-1.902097707419582874e-04
5.746639780469748942e-05
2.933427424605917504e-05
-2.407284322022985913e-05
3.511733172866271639e-07
6.104098735329626997e-06
-2.099959199998605812e-06
-7.898828200319414952e-07
5.997156507239113838e-07
-3.172295963002633787e-08
8.809752200773567354e-01
3.853484092912194681e-02
-6.284899556964410397e-03
1.041649404538304508e-03
-1.771996505892065943e-04
3.113037294100814181e-05
-5.632027144600630034e-06
1.036373976432254868e-06
-1.904214680285064027e-07
3.419824416672956623e-08
-5.853772823382254557e-09
9.194801776775420430e-10
-1.219858475741239332e-10
9.826154777283925662e-12
1.298577993280572538e-12
-9.535303682857738487e-13
3.309323574664684307e-13
-9.770746805305360566e-14
2.285395779559986868e-14
9.609145943855288419e-01
2.927326418371182723e-02
-1.096223599196281644e-02
4.105171460653727310e-03
-1.537348384115262180e-03
5.757463400647220685e-04
-2.156376472047525413e-04
8.077582756374970395e-05
-3.026561284173215395e-05
1.134497900989005311e-05
-4.255549269708098429e-06
1.597949081449982270e-06
-6.009509411122120298e-07
2.265021601559782819e-07
-8.565130755065538354e-08
3.259877266151058294e-08
-1.269210681772141791e-08
5.552820734125540564e-09
-1.857779097650819356e-09
9.910862935973161481e-01
8.893797913170475161e-03
1.986402451351174616e-05
4.436568873387280791e-08
9.908940291350927293e-11
2.213134870632679346e-13
4.940175649496788917e-16
1.318090828473899365e-18
-1.551273745993673007e-19
1.108873671765166287e-19
-7.467259515648178836e-20
4.798533505447359228e-20
-2.930045080220059846e-20
1.706102604613022603e-20
-9.426279159093982117e-21
4.937080901395049865e-21
-2.468641844537709900e-21
1.304144010544409024e-21
-4.764505887892666376e-22
1.172296552886939347e+00
-1.007043822786387607e-04
6.696860551428928102e-07
-2.220720942152425500e-09
3.013311326270694186e-12
-5.471050776104258820e-15
2.406813820070072402e-17
-2.292505388801956049e-19
-1.029225431827469254e-19
1.293460488583563493e-19
1.138423849530589615e+00
-4.482079857508442650e-02
-9.333241458407083926e-03
4.257274933958059455e-03
1.944395042456554352e-03
-1.331684209255440529e-03
-2.937936548440128206e-04
4.974786134094020314e-04
-8.862155823172761162e-05
-1.076243177318848138e-04
6.336109189771459540e-05
5.900120482110188004e-06
-1.882178739836797162e-05
5.053112637745030645e-06
3.173552558376692969e-06
-2.432222726802474613e-06
9.620011554819376256e-08
5.155984501206930631e-07
-1.979315949265947104e-07
1.063335238712425079e+00
-2.157440314184350463e-02
3.613593728059570544e-03
-5.823262068284899709e-04
8.672611191125354846e-05
-1.094548728742876872e-05
8.458266339190671302e-07
9.831959137074143231e-08
-6.926896193669031325e-08
2.224942039893842411e-08
-5.694809660951442413e-09
1.281876156505747327e-09
-2.614344171591848660e-10
4.845604367905138008e-11
-7.995043026142866701e-12
1.094515037064052420e-12
-9.090386633596858392e-14
-1.364115928117587321e-14
8.164627634817472513e-15
1.020066240457552009e+00
-1.532916966427449665e-02
5.855141696654528674e-03
-2.236395636048591797e-03
8.541695388066291965e-04
-3.262181197955472066e-04
1.245696736939140429e-04
-4.755631018846102730e-05
1.814746314239456724e-05
-6.920085527286944847e-06
2.635784061517955058e-06
-1.002183536426550870e-06
3.800690977463064838e-07
-1.436095420101886745e-07
5.399641444466498267e-08
-2.019709622689236933e-08
7.592633086540584664e-09
-3.130084742883766715e-09
1.002061228436245710e-09
1.004486959169011762e+00
-4.486959169011933354e-03
-4.206127818530616481e-19
3.807396586523668022e-19
-3.310525560751044112e-19
2.763820164329652358e-19
-2.214264058450682175e-19
1.701197379820808945e-19
-1.252313387473168276e-19
8.823687779890052800e-20
-5.943148762616172406e-20
3.820764741214126105e-20
-2.340231418162161724e-20
1.362788818264415974e-20
-7.530137416220200521e-21
3.950097874265539735e-21
-1.995279966608805951e-21
1.042415750048906081e-21
-3.688620779501383998e-22
4.002005012531328898e-01
