9.298854631527946335e-01
-1.272929261050699784e-04
-1.760647880505410867e-07
-1.041524179115539944e-10
-1.501954482865533632e-14
2.158179152767253232e-17
5.286147155558959463e-20
-2.088866715502192954e-21
-1.475709000107626369e-20
7.675076668476407238e-21
7.019593716964692698e-01
-3.300222479547357812e-01
-1.111761319770442485e-01
3.007827657736238548e-03
1.717611025312238554e-02
4.621606730715887429e-03
-1.685700680066555199e-03
-1.295328388244624922e-03
-5.809924823830305571e-05
2.251358953639433929e-04
7.417408022514679583e-05
-2.200682480083669503e-05
-2.046507047662272845e-05
-1.526207949207266452e-06
3.542415689806179501e-06
1.304845544344996754e-06
-2.815217653164728362e-07
-2.864677844368138903e-07
-4.660433596957316654e-08
9.497555468444657256e-02
-1.228664043874089368e-01
4.850822153324248903e-02
-1.354689628936377871e-02
2.717851960809060212e-03
-2.940108817888634294e-04
-5.379076146211601579e-05
4.536483827904238067e-05
-1.719814442248416162e-05
4.710887260763324095e-06
-9.234847135817740498e-07
7.394344393523630922e-08
3.822355843954261169e-08
-2.478194358353615282e-08
9.079383541599901910e-09
-2.440320172850298374e-09
4.490619305708866751e-10
-4.933483809420317194e-12
-2.725302267583719771e-11
1.079853124210073843e-03
-2.069757365262829725e-03
1.822880586682839275e-03
-1.478156540181911572e-03
1.106767548615752257e-03
-7.680823557081578167e-04
4.962285341242858496e-04
-2.999172559645655917e-04
1.704551764523843272e-04
-9.158891527099779085e-05
4.678011317191993793e-05
-2.283672475591144000e-05
1.071239446869087646e-05
-4.853991019720062875e-06
2.135951082878757474e-06
-9.196347248520190270e-07
3.954744118802308619e-07
-1.874230767484578812e-07
6.528668939637298951e-08
-2.808646078341229619e-09
5.421609326157588445e-09
-4.873014993309555428e-09
4.074972808864702414e-09
-3.165149280368929245e-09
2.277909292089636057e-09
-1.513709035306171681e-09
9.243292633680725184e-10
-5.152283838344868319e-10
2.596995663723498343e-10
-1.167356818822227714e-10
4.577667046862024082e-11
-1.506025919332890976e-11
3.817093610626784789e-12
-5.537266358826523628e-13
-6.966274095456093842e-14
7.008631523736114843e-14
-1.656182661124260283e-14
-4.438074608222619378e-16
5.246864786476665987e-01
2.918512606288360938e-04
3.563120612210078143e-08
-1.346187456898064090e-13
-5.728448597235415346e-15
-4.943910021218310767e-18
-1.019902025160543742e-20
-1.152448624025502248e-20
1.609593530230613966e-20
-6.927686513812743534e-21
6.576428819722743846e-01
1.643848715566058050e-01
2.262416189118199999e-02
-1.297583556259898456e-02
-4.031659290899455503e-03
4.405926323078721441e-04
8.069050271651786489e-04
1.741616635778734919e-04
-9.429539030991335440e-05
-6.362826134725348473e-05
-1.632536439884955650e-06
1.224092265918960506e-05
4.192596176389215021e-06
-1.185890346119469628e-06
-1.229934755771271614e-06
-1.337323962650894725e-07
2.016467901658667179e-07
6.627544677108257942e-08
-1.083791322702051112e-08
8.832727380986132859e-01
4.192141230883482395e-02
-9.083571504257804269e-03
2.426762823724559759e-03
-6.971275886855599025e-04
1.835477597571368654e-04
-3.822593646400390433e-05
4.101393695766931501e-06
1.189396986667609209e-06
-9.621327833855743579e-07
3.870534275885922420e-07
-1.133118118907123106e-07
2.387398783032719277e-08
-2.220038328640266781e-09
-9.724138678856761325e-10
6.930338965626504856e-10
-2.675022079119047884e-10
7.699674958876782112e-11
-1.510380583538207680e-11
9.627141884018876050e-01
2.795300605955990808e-02
-1.047901052315489308e-02
3.929160891411765701e-03
-1.473905452516162309e-03
5.533929282175880683e-04
-2.081504858989644197e-04
7.855841823794604164e-05
-2.982967201011780189e-05
1.144424305143299821e-05
-4.463412806011553937e-06
1.783590547528953730e-06
-7.364768316481952254e-07
3.164904774370616755e-07
-1.421434253162256532e-07
6.697197218442010627e-08
-3.372099837336019920e-08
1.967178807898424504e-08
-7.718984726480203322e-09
9.915047863663598582e-01
8.477132568043872426e-03
1.804258216930718821e-05
3.840151948796853827e-08
8.173311074635644319e-11
1.739749016588045857e-13
3.575934065263636000e-16
1.072153555375017631e-17
-7.494934737437750295e-18
5.436713917110952516e-18
-3.785342905040580411e-18
2.527534395200047858e-18
-1.616233478760046019e-18
9.886570728090953236e-19
-5.782391084787860080e-19
3.245987120690822876e-19
-1.782706321837257837e-19
1.026628608892386523e-19
-3.843658693080789110e-20
9.742328378765486852e-01
1.293020655758655144e-04
1.180601428502222698e-08
-1.841167469940895192e-12
-3.989510064940158988e-15
-3.144010865344673273e-18
-1.639945200313142804e-20
4.144707657293830297e-21
1.352223397507445359e-20
-1.041115971579760437e-20
1.023707006718218571e+00
5.745463898440401201e-02
1.969960272078256826e-03
-7.981815967915594640e-03
-1.629886774878567656e-03
6.054384130024783803e-04
4.852903670427547887e-04
4.720657616739551367e-05
-7.757551590186207151e-05
-3.447736832283572049e-05
4.491415232715924194e-06
8.436238542866393640e-06
1.744925934886299769e-06
-1.191712224841853807e-06
-7.313365042096217617e-07
2.457283364333076878e-08
1.546678374366293212e-07
2.681590208163391060e-08
-1.644037723407055508e-08
1.058041127611825560e+00
-1.667368854991621227e-02
1.019869760222123171e-03
6.211202909200316249e-04
-3.765815377143778711e-04
1.357295140589497191e-04
-3.626520129754688134e-05
6.709082168458412924e-06
-3.014575276050076590e-07
-4.125392931941109835e-07
2.305479716910682759e-07
-7.996674453529827524e-08
2.030469250134291623e-08
-3.309967024445401641e-09
-9.221548132690698809e-11
3.349083016234128936e-10
-1.615038526645132044e-10
5.465788160511120743e-11
-1.258840218462960008e-11
1.019117108945548855e+00
-1.460300475090820470e-02
5.576833326820845350e-03
-2.129266883660389537e-03
8.125549792705034999e-04
-3.097604833566847170e-04
1.178466233595102059e-04
-4.466232181492034095e-05
1.680807954422866202e-05
-6.246864995342392352e-06
2.271073160864673462e-06
-7.938135239690164454e-07
2.576183920756116040e-07
-7.103836618969903199e-08
1.109004140316223406e-08
5.136986224216803162e-09
-7.713053834574136171e-09
7.117285254273019905e-09
-3.252781391626756759e-09
1.004274943433974387e+00
-4.274943433974441251e-03
-1.225036869543336506e-17
1.117637711202244144e-17
-9.825995412233356973e-18
8.322148970106002518e-18
-6.787237083358951910e-18
5.327408498950736754e-18
-4.021776769505638051e-18
2.917781743055403653e-18
-2.032391532243835134e-18
1.357674924487741209e-18
-8.686976720213764565e-19
5.317304679392531479e-19
-3.112451870630364630e-19
1.748725466099813963e-19
-9.616006305430881944e-20
5.544413319926645375e-20
-2.078352588860190282e-20
6.003007518796998898e-02
