2.980769779432267397e-01
-3.835484852264205613e-04
2.200933604429368677e-07
-1.234890336095243541e-10
6.770637455133804745e-14
-3.594645631770336541e-17
-3.239467834493711665e-19
3.531062844527024158e-19
-5.151798986869382029e-20
4.196494486227158394e-20
2.040829664290903789e-01
-1.038186228699503194e-01
-2.412178900946093402e-03
6.594391450655595968e-03
-1.366184019326727823e-03
-5.933537904397344137e-05
9.075970350818824447e-05
-1.734078300762305450e-05
-1.202418975743188009e-06
1.250421378606127849e-06
-2.110953983002257854e-07
-2.379966317159021704e-08
1.709297528837425442e-08
-2.369298529993686900e-09
-4.512631297153118189e-10
2.289140179774523172e-10
-2.299154170672182896e-11
-8.271697380485172859e-12
2.979965370404688610e-12
5.566640770123183063e-02
-3.901840443660431479e-02
7.395382518265290750e-03
-9.422264870899024845e-04
7.509550376121005904e-05
9.064422591724253069e-07
-1.802951930032860267e-06
4.400137017996471309e-07
-7.385696246103163433e-08
9.397889655802459817e-09
-7.985881001535255945e-10
-1.829614038490201255e-12
1.827830340550614726e-11
-4.703428187327706565e-12
8.116155892538474717e-13
-1.051217702877709373e-13
9.016740495763891654e-15
9.065079223884390852e-17
-2.135450942742702374e-16
4.002401755222563355e-03
-7.231013845231136494e-03
5.376036753551065132e-03
-3.353623866430713654e-03
1.796171561553699210e-03
-8.453117293830790654e-04
3.573308073307954733e-04
-1.384658589906379207e-04
5.008644743392816600e-05
-1.716681425296394143e-05
5.631370520607740833e-06
-1.773209035832075696e-06
5.320024370027037277e-07
-1.483987528891551062e-07
3.606353257274303341e-08
-5.973933082473563616e-09
-7.820199408801091038e-10
1.756382994947152973e-09
-8.607948385314145804e-10
1.107260695749837329e-07
-2.063860077946884865e-07
1.666859694277284322e-07
-1.158132841849780633e-07
6.824021981779753354e-08
-3.321694148052439491e-08
1.268522388264661036e-08
-3.345638858798765757e-09
3.217334681846969152e-10
1.729455700920093899e-10
-7.721520607869296589e-11
4.958829878792690876e-13
8.354635434502394217e-12
-1.361518686805982630e-12
-8.796452813673162588e-13
2.566926561734412722e-13
1.107272214889099634e-13
-3.436655073862110482e-14
-1.662414572770931451e-14
7.887546737657777918e-01
1.631708920318808952e-04
-8.727544005693919612e-08
4.998184880214257150e-11
-2.906056223274489459e-14
1.683929282348929845e-17
-2.602934061406833174e-20
8.383547758429848818e-20
2.008217940842401188e-19
-1.515227631085220667e-19
8.312302981273087532e-01
4.784072212545557867e-02
2.359672348522860470e-03
-2.720884635546131150e-03
5.110738607058131714e-04
2.364448474398657461e-05
-3.383333796302559975e-05
6.819892632600570159e-06
2.989443457982369549e-07
-4.679334868171086246e-07
9.434626647119721752e-08
5.101851076325766257e-09
-6.758237876817816422e-09
1.277305981504368035e-09
1.027967369445603067e-10
-9.885807421373474100e-11
1.648427222558103387e-11
2.343976190680646876e-12
-1.464614005824134712e-12
9.090945271124788452e-01
2.628286678187453929e-02
-3.264832118535752458e-03
3.160059124340282430e-04
-1.628198745866526662e-05
-1.933765874436938239e-06
7.807790023688527395e-07
-1.561285190165704892e-07
2.376476051475600825e-08
-2.874780248513199046e-09
2.444158656694576958e-10
-2.091407291010410652e-12
-4.807156165031583935e-12
1.322085067737234727e-12
-2.439775627277891959e-13
3.511960934077681703e-14
-3.804860485963124988e-15
1.949861448373575328e-16
3.221657057964219656e-17
9.692087969127715086e-01
2.309985317806680094e-02
-8.638713311592396971e-03
3.212806378411833461e-03
-1.183923575531478948e-03
4.302032063846819555e-04
-1.532512267109537485e-04
5.316237265245813022e-05
-1.782058466641089586e-05
5.717463188378822545e-06
-1.731794798860929435e-06
4.835218910940304064e-07
-1.180102333359834742e-07
2.119820798921742850e-08
1.182490207576537897e-10
-2.792499333080281777e-09
2.014443704735772235e-09
-1.228543064224112737e-09
4.698418588985296219e-10
9.929954763115038663e-01
6.992236328545137040e-03
1.226580545116342984e-05
2.151666522445534916e-08
3.778561307186024973e-11
3.732195277568042886e-14
1.885104061313799424e-14
-1.109176357548514665e-14
5.946070765456045876e-15
-2.851537821222451778e-15
1.200809938984264762e-15
-4.302378763790522735e-16
1.231315947620614563e-16
-2.359430349576204963e-17
3.557278643510245846e-19
1.753805900666226921e-18
-6.442488800028303196e-19
3.183113388631837066e-20
4.531007290506652064e-20
1.099360249777050047e+00
-5.440999839681620316e-05
1.678206877852577232e-08
-3.618521456354265598e-12
-7.146383320783866005e-16
1.711476820179664487e-18
3.110679140160734402e-20
-9.671547206559234319e-20
1.704134070499669034e-20
3.324230035623689283e-20
1.082546321976429526e+00
-1.967008335700146451e-02
-1.833078141784728410e-03
1.019342578912582490e-03
-9.224878054444773554e-05
-2.682983604876080041e-05
7.789572492645550580e-06
9.730648098366429041e-08
-3.775192188403652930e-07
4.364321039788506793e-08
1.543116231914279385e-08
-4.947650915179396463e-09
-1.924778308666891028e-10
3.647412500948578769e-10
-5.629416104644983443e-11
-1.346847185676988980e-11
6.531312964869754173e-12
-3.331571439369040274e-13
-3.507693843811302210e-13
1.046860547518649653e+00
-1.343605296152661915e-02
1.544446665754913538e-03
-1.150457157739814883e-04
-1.918829691407810340e-06
2.553922479259041450e-06
-5.472484004561303652e-07
7.742669761836436777e-08
-7.360510574242656207e-09
1.835032556270186318e-10
1.083207846841225374e-10
-3.028339409186318811e-11
5.120293568194960220e-12
-6.083272023914096382e-13
3.850188189902999023e-14
3.988052332396946133e-15
-1.890674240333246835e-15
3.978785045733108966e-16
-5.697959264726665202e-17
1.015703453773492138e+00
-1.194844305161634444e-02
4.524757072408178322e-03
-1.699324621857045345e-03
6.295840298499576649e-04
-2.285087691819369089e-04
8.054931728779352279e-05
-2.728074596365829573e-05
8.750479587313876608e-06
-2.598949497730523238e-06
6.835896246740263169e-07
-1.405387644882149971e-07
9.400336050584802020e-09
1.176429874471956395e-08
-9.528277036074001617e-09
5.210099539004113883e-09
-2.494253172601242733e-09
1.229064705789224255e-09
-4.297022595968006452e-10
1.003520748368583071e+00
-3.520748368552599657e-03
-5.670437593163034216e-14
4.694530991862934157e-14
-3.594120655740584033e-14
2.537142858586809491e-14
-1.644497760084837620e-14
9.729907919783930161e-15
-5.211476087957000874e-15
2.496408203773569192e-15
-1.049594664960660404e-15
3.751618038014724215e-16
-1.069212435363129688e-16
2.027319715750995338e-17
-1.900494391602287090e-19
-1.557379035651988653e-18
5.620848836250318403e-19
-2.494702653979199926e-20
-4.055769859665044641e-20
8.804411027568922465e-01
