9.332227174846030593e-01
-1.909318198975348260e-03
-2.153102086974393589e-06
2.125357826264370298e-09
1.819203635791392612e-11
-4.631274321480245608e-14
4.682710948157988237e-17
3.476071140650198378e-19
-1.882813416169476527e-20
8.947096458091850807e-20
4.430625654449933948e-01
-4.868926891299550919e-01
7.355114860219411077e-02
5.024158483957497784e-02
-2.877912796289617409e-02
-3.337852672802168563e-04
5.973422989580611832e-03
-1.882387214825430571e-03
-7.436393386937667580e-04
7.224052909151082663e-04
-8.809700202027303476e-05
-1.436008955390480498e-04
7.600910053245642055e-05
6.640049113401115545e-06
-2.125380205759324140e-05
6.333710861168343068e-06
2.558805250849172290e-06
-1.956208013157813842e-06
2.066650130318074625e-07
1.895160881899257688e-02
-2.352536474249952020e-02
8.977265090974512543e-03
-2.552109340087171420e-03
5.988322970408879687e-04
-1.233287301349541469e-04
2.310361802578147665e-05
-3.995175334867038998e-06
6.332797256299671741e-07
-8.836854901045197021e-08
9.442954112708444774e-09
-2.122538339261881863e-10
-2.813745869013121039e-10
1.151687977907835654e-10
-3.294924290763530268e-11
8.079186025692707780e-12
-1.797995548166481944e-12
3.831880199053088568e-13
-7.078928336907392954e-14
2.807676942087812978e-04
-5.357280231106416194e-04
4.655973099863708765e-04
-3.695321476396874749e-04
2.688602995639929666e-04
-1.802010856782458343e-04
1.118870262523296368e-04
-6.475139039178793817e-05
3.515107845742125375e-05
-1.801733943058203398e-05
8.777159380112634248e-06
-4.090254607128799636e-06
1.834948922205451028e-06
-7.973000372984146847e-07
3.375740898734881497e-07
-1.403757975927097603e-07
5.852292062232787965e-08
-2.698700606642160790e-08
9.268811959676607548e-09
-4.541323844450767226e-10
8.737894893237213691e-10
-7.777087023649298387e-10
6.396039320913018842e-10
-4.850168728669180071e-10
3.380192529899587913e-10
-2.154942725994628123e-10
1.248425153794643140e-10
-6.510105575749886123e-11
3.012646103445411080e-11
-1.209514174364304984e-11
4.045579788546702243e-12
-1.030799503700299498e-12
1.449302883118519559e-13
2.234530431179661696e-14
-1.996563119624353583e-14
4.772897148418826560e-15
4.855622015788512066e-16
-5.697469950273752360e-16
3.888593154304407773e-01
1.712875149153880424e-03
-1.430672672730347902e-06
8.063464790398222350e-10
-4.231737350909879272e-12
1.224322828923505841e-14
-1.665751119331424305e-17
8.582083746094253940e-20
2.355011167468005151e-19
-1.293588197157611995e-19
6.459091853152700846e-01
2.388836397909258336e-01
-4.317399765235594572e-02
-1.247725174276541858e-02
1.264333598348953668e-02
-3.313456806382369946e-03
-9.001048778739208960e-04
9.070141929609488009e-04
-1.107715722528454793e-04
-1.614980547394296413e-04
7.796371792339881551e-05
1.332634613081232666e-05
-2.430502616827989639e-05
5.288592908610780812e-06
4.330473801101052323e-06
-2.988158904316885652e-06
1.153510708453920600e-07
6.470253844966859078e-07
-2.698183361532590336e-07
8.834400050830542028e-01
3.777197714453212063e-02
-6.160369283679306349e-03
1.018744961105791120e-03
-1.722631613380954990e-04
2.993692054736508363e-05
-5.334651857846573108e-06
9.646456385821443617e-07
-1.742182077368864655e-07
3.083999847229523782e-08
-5.231988478111518635e-09
8.229390265492226949e-10
-1.121115134201875391e-10
1.049642389024753699e-11
5.040184126507515457e-13
-6.438455266218934467e-13
2.370804422328090284e-13
-7.147086141371378523e-14
1.686713506675748022e-14
9.617514490052797571e-01
2.865876126969997550e-02
-1.073670985909934081e-02
4.022434302602394610e-03
-1.507006243172004422e-03
5.646222408380243037e-04
-2.115598452048778999e-04
7.928072953440960769e-05
-2.971701390969246954e-05
1.114331213544132552e-05
-4.181153054945436202e-06
1.570334050681382189e-06
-5.905982206725527458e-07
2.225625477009024827e-07
-8.411978925954733650e-08
3.198469540014112732e-08
-1.243178651392479634e-08
5.424381071544574348e-09
-1.811385693438858142e-09
9.912808212535586527e-01
8.700129427453323627e-03
1.900770078479043296e-05
4.152727751239644564e-08
9.072716318907416907e-11
1.982174303395323558e-13
4.328254621210968968e-16
1.123560304295042275e-18
-1.280577049117313202e-19
9.138007624965951735e-20
-6.133019934876066844e-20
3.923139624504345349e-20
-2.386695757069100712e-20
1.378177306326759659e-20
-7.555622562155615690e-21
3.935069232088508412e-21
-1.961513982513220044e-21
1.019363091020343526e-21
-3.611356436925848082e-22
1.178963631920115995e+00
-1.382537666304016499e-04
8.019793079430210629e-07
-2.974718604185070068e-09
5.033533195645117116e-12
-9.536445658314725457e-15
3.958030639319747126e-17
-1.613827207663572425e-20
4.547009443857983230e-21
-3.067424652630956438e-21
1.139564942429183381e+00
-4.963523364200406185e-02
-7.685663956733595689e-03
4.836146200006074571e-03
1.382815938546874679e-03
-1.357782923881627754e-03
-1.209542261556693406e-04
4.640528664016629326e-04
-1.406974082835015557e-04
-7.656677593138324451e-05
6.926926154152841504e-05
-6.854558774917720536e-06
-1.561135268554321868e-05
7.803380733492806307e-06
1.111689336508165079e-06
-2.509850525500085595e-06
7.422759777175869022e-07
4.083559331444152553e-07
-3.144356718348224595e-07
1.061955164474795987e+00
-2.111433205494860077e-02
3.542689412269273749e-03
-5.738885550863807687e-04
8.669154120427331885e-05
-1.139351553876662717e-05
1.049790272405095584e-06
3.169065463898168850e-08
-5.075531182662074039e-08
1.764561586568601666e-08
-4.650233092667306225e-09
1.064766830607826353e-09
-2.205239138234635295e-10
4.171029543597217831e-11
-7.124952662682609986e-12
1.052046409006605938e-12
-1.147974959080734425e-13
-5.971389521397881320e-16
4.310268304129922744e-15
1.019626709979444046e+00
-1.499340006785037684e-02
5.726890949791161624e-03
-2.187409895597353191e-03
8.354601585510302696e-04
-3.190730746901895929e-04
1.218415925895822912e-04
-4.651514186636611180e-05
1.775043646433252867e-05
-6.768923432270848084e-06
2.578389945412753233e-06
-9.804942540887452167e-07
3.719363192471382953e-07
-1.405982463439983888e-07
5.290391266976279528e-08
-1.981378889361416086e-08
7.465266167822510222e-09
-3.089428511550207948e-09
9.920251381812748827e-10
1.004388676852577156e+00
-4.388676852577188744e-03
-3.673034590310701400e-19
3.321978235563031392e-19
-2.884944702129615673e-19
2.404713184309493491e-19
-1.922784459159921408e-19
1.473770961030223577e-19
-1.081877722109789452e-19
7.598143990780063113e-20
-5.098608581732685817e-20
3.263824212041550757e-20
-1.989349766262907961e-20
1.151987505983697794e-20
-6.324159551150149215e-21
3.291866223362100833e-21
-1.646719172478835719e-21
8.502311876515163188e-22
-2.986656395322872912e-22
4.177092731829573635e-01
