9.384444745512506847e-01
-1.478979850994254506e-03
-2.028193164210202761e-06
5.099968255094763776e-10
1.151194633741314638e-11
-1.475194252407779950e-14
1.339767502555298491e-18
-1.684909316371426918e-18
4.948318849212589140e-19
1.334675582551897810e-19
4.642701828168668277e-01
-4.916711475900985007e-01
5.420556493051068708e-02
5.877884183835748594e-02
-2.482260921173748067e-02
-4.819007581448431221e-03
6.490111353181223647e-03
-7.212684084400180877e-04
-1.326883165044668743e-03
5.894508628242809247e-04
1.366342041288955698e-04
-1.891702730990020510e-04
2.709002757108512426e-05
3.871078270090197568e-05
-1.940254156563273706e-05
-3.834222989460708765e-06
6.367831823519217824e-06
-3.009227572203399174e-07
-1.314732097899505954e-06
2.085685317924877366e-02
-2.617818821000847743e-02
1.013626344267675589e-02
-2.924202911303575448e-03
6.951932414554601010e-04
-1.446005210267549618e-04
2.720918181007708780e-05
-4.681093886494064165e-06
7.243781728356487367e-07
-9.405610666627490465e-08
7.542883282485763399e-09
8.439179794546803692e-10
-6.314284313189830131e-10
2.111751551371998884e-10
-5.644303000485197537e-11
1.334324217840428528e-11
-2.885271217734278329e-12
5.937891897316907550e-13
-1.054026568041142557e-13
2.921752186171859729e-04
-5.579879523802945508e-04
4.862100233777216286e-04
-3.875207404437522405e-04
2.835411996407955957e-04
-1.913457570813389909e-04
1.197397559147490896e-04
-6.989245653375558405e-05
3.828854582080534541e-05
-1.981078223550821485e-05
9.742861227660068625e-06
-4.583116362686790472e-06
2.074877574538468581e-06
-9.094199741083328255e-07
3.882023587070689311e-07
-1.626664410107470950e-07
6.831118008994162425e-08
-3.172543474891501364e-08
1.093948378735638047e-08
-5.246550978989070794e-10
1.010062930410771841e-09
-9.005681535043381053e-10
7.428477229601333935e-10
-5.657278974413045680e-10
3.965464276266066094e-10
-2.547020429047160118e-10
1.489718082785292256e-10
-7.863758452977413110e-11
3.697302680183336040e-11
-1.516619687286717654e-11
5.235014415031756758e-12
-1.409206090064410728e-12
2.325260516813535073e-13
1.427100725809918644e-14
-2.404450665972028936e-14
6.995290617274386183e-15
1.698495747261500345e-16
-6.689434064302523083e-16
3.888011224640804397e-01
1.465087939626364029e-03
-8.756931931309138294e-07
2.982683592766468180e-10
-2.270242303515759480e-12
4.341710637948268221e-15
-2.063740870971509149e-18
-1.128069203115820275e-19
5.627211103745842883e-19
-4.752694973946523806e-19
6.376804276686329764e-01
2.379845336807941969e-01
-3.746329502794697175e-02
-1.564465939630348829e-02
1.232222233140223625e-02
-2.014698521902408539e-03
-1.454039251823039704e-03
7.750352397136882256e-04
9.855020615732532486e-05
-2.013948566399649672e-04
3.162601976190489980e-05
4.138521272860644953e-05
-2.035034254113525745e-05
-4.624332049066390050e-06
6.718594279239737040e-06
-7.565767088771073669e-07
-1.524135320810618741e-06
4.015386066297562974e-07
2.209321536744700567e-07
8.789677258178569819e-01
3.915936661430265836e-02
-6.389220681279723750e-03
1.061866138365026319e-03
-1.818650358668160761e-04
3.232364083058202861e-05
-5.939826090156660287e-06
1.111935136386257269e-06
-2.075870783981487199e-07
3.773647653315638598e-08
-6.494379577232262619e-09
1.012656930515591674e-09
-1.289274412183505080e-10
7.950086096923890063e-12
2.486566472457653885e-12
-1.375789924819178131e-12
4.540980327738003057e-13
-1.312867130132427090e-13
3.038771034259567033e-14
9.602332032586591293e-01
2.977322866011090224e-02
-1.114558421171683682e-02
4.172383066500790980e-03
-1.561978155900250933e-03
5.847697708846962038e-04
-2.189434607486276808e-04
8.198747624574681786e-05
-3.071027081060612694e-05
1.150860212538852914e-05
-4.316059915366287142e-06
1.620517210316403386e-06
-6.094806996332269256e-07
2.297893759209826071e-07
-8.695253980202367423e-08
3.313320993717740304e-08
-1.292560330668289342e-08
5.672008157700930289e-09
-1.901635857965144197e-09
9.909277879052121873e-01
9.051589966585095459e-03
2.057525185472042038e-05
4.676979298146888262e-08
1.063128432528762983e-10
2.416611085626602581e-13
5.489907291162171772e-16
1.503072203205222720e-18
-1.848675587947888133e-19
1.325179004597732961e-19
-8.938644626869010798e-20
5.759661994929621594e-20
-3.540621793544850035e-20
2.074045545526382274e-20
-1.151201682635633570e-20
6.057848955052399569e-21
-3.084185075024365688e-21
1.604846059190789805e-21
-5.541005857296028851e-22
1.165167170812996700e+00
-6.630547768526338416e-05
5.528825699817734559e-07
-1.651191058375603113e-09
1.746954578126067156e-12
-3.122180179069854648e-15
1.385206494206806790e-17
-9.551747597391986690e-20
7.965703365716560453e-20
1.249031228564625261e-20
1.136698355488289680e+00
-3.991898117659067879e-02
-1.075543200301053333e-02
3.599508684584413858e-03
2.433287997331956727e-03
-1.246848803556538854e-03
-4.560528344311004728e-04
5.020347268200909272e-04
-3.009249046714717422e-05
-1.291929459689677420e-04
5.088540215659467184e-05
1.771962220261454570e-05
-1.915526366806130076e-05
1.425259637084788579e-06
4.593837684724556082e-06
-1.785397478759498282e-06
-5.996430057188603284e-07
4.804696264142670131e-07
-1.348316990038849721e-08
1.064455179584732125e+00
-2.194317743901753187e-02
3.667723704952146040e-03
-5.874152628732126581e-04
8.602207342361257840e-05
-1.032181600788091357e-05
5.989770786900778173e-07
1.752287004815373675e-07
-9.012423839875614877e-08
2.734599070071621682e-08
-6.831402662779946483e-09
1.512812988566134678e-09
-3.033714372789202142e-10
5.487249579077231548e-11
-8.654434258052846752e-12
1.059211293205847662e-12
-4.335833244915682108e-14
-3.343668358976592266e-14
1.359051250411915670e-14
1.020423999017282313e+00
-1.560246942401603658e-02
5.959529708234852577e-03
-2.276265438919585545e-03
8.693959749532644086e-04
-3.320320480793854793e-04
1.267887572352255528e-04
-4.840266524268664285e-05
1.846981156799090308e-05
-7.042550571761498371e-06
2.682109611098420509e-06
-1.019580841807891987e-06
3.865254676068212080e-07
-1.459597999701760829e-07
5.482504798423107051e-08
-2.047319902559915678e-08
7.674738671319800561e-09
-3.148867742047402677e-09
1.004316558877402462e-09
1.004566957059458643e+00
-4.566957059458771201e-03
-4.796760481210547721e-19
4.345049686398086983e-19
-3.781715321573011872e-19
3.161220695002346365e-19
-2.536649613629727814e-19
1.952591035375971586e-19
-1.440598724887767771e-19
1.017681859590098623e-19
-6.875150515563403878e-20
4.435152724374580922e-20
-2.727230603604809429e-20
1.595303023460661416e-20
-8.860900494210005375e-21
4.677137135793735538e-21
-2.380947821581237658e-21
1.255593146304651076e-21
-4.468505745572449866e-22
3.851929824561404203e-01
