9.381636445423127135e-01
-5.293098388056496646e-04
-8.904640007027109727e-07
-4.957402531437983147e-10
8.244402110586105099e-13
9.072682006817183864e-16
-3.639143313370347673e-19
4.589787621449061372e-21
-1.096889089354773831e-19
8.287133650603729014e-20
5.512310905927393367e-01
-4.699489544575771727e-01
-3.337081196034644842e-02
6.442077162219991826e-02
4.308403410342004879e-03
-1.274527501972443598e-02
-4.058344723049988126e-04
2.886882728882088703e-03
-1.041152930392822676e-04
-6.615907136936433411e-04
7.205668682939976686e-05
1.523171069154758881e-04
-2.887186941962781214e-05
-3.463196299818491197e-05
9.842727571003583766e-06
7.519490353591343994e-06
-3.266773668005387117e-06
-1.181511043745309764e-06
8.079792020610006426e-07
3.523147188147981307e-02
-4.537142775852285453e-02
1.815589996410705426e-02
-5.395567474962038867e-03
1.306018891913804901e-03
-2.697586813445943931e-04
4.783951006664745488e-05
-6.841240225658915767e-06
5.429656180994457281e-07
1.054054314565143080e-07
-7.099376728374390969e-08
2.469444639069753278e-08
-6.874494431482839528e-09
1.661077801537669138e-09
-3.537522243052343870e-10
6.480540330026039346e-11
-9.155145912273140349e-12
3.606271470320513445e-13
2.696459163951595068e-13
4.285260649039709067e-04
-8.201302799846719180e-04
7.191328662669447180e-04
-5.790159930529242870e-04
4.294600454423712181e-04
-2.946605121363033374e-04
1.879264768484312546e-04
-1.120056399817206223e-04
6.273590023381071606e-05
-3.321531927496503364e-05
1.672041894619673012e-05
-8.049655513728820255e-06
3.727445081511593963e-06
-1.669456440932689391e-06
7.273374447462003379e-07
-3.106728212475078227e-07
1.328753095857863469e-07
-6.281876004266099090e-08
2.187490840693226281e-08
-9.937658476911690205e-10
1.915900951901821264e-09
-1.715544155410210088e-09
1.425430721355655977e-09
-1.097015161772258399e-09
7.798468826753808698e-10
-5.100861220794412016e-10
3.053190336942280693e-10
-1.659685621683619962e-10
8.103633609179358010e-11
-3.495168600995943248e-11
1.295493801429131918e-11
-3.915702704117725597e-12
8.459976827537176247e-13
-6.220396901450355593e-14
-4.218001760061076122e-14
2.013123765996939510e-14
-2.401023330183979231e-15
-9.698081215680415194e-16
4.289822793543055512e-01
7.440760490474498945e-04
-4.209650414825321586e-08
-5.064168286344202704e-11
-1.686733218391397982e-13
-7.334973862778966503e-17
6.163020684613068836e-20
4.939539487122251478e-20
-3.207693274954356821e-20
8.167985282497793542e-21
6.305654860331412204e-01
2.158298452849424509e-01
-1.045008832595093785e-02
-2.272553906162634932e-02
5.872140413982027997e-03
2.671816614606553619e-03
-1.121922309484754687e-03
-5.158860369830791564e-04
2.661408469707406631e-04
1.105439386753035574e-04
-6.899561800077123007e-05
-2.400330404175969194e-05
1.849895866572245359e-05
5.098550713237481804e-06
-5.069673715155785853e-06
-9.934521993314491024e-07
1.490077798079509149e-06
1.272353272050882849e-07
-3.573779535802720707e-07
8.709185569193882426e-01
4.193232925693305552e-02
-7.007572134493480695e-03
1.244090074476650537e-03
-2.412474391566881088e-04
5.082717502740981519e-05
-1.115369846243974919e-05
2.414646734686782834e-06
-4.900655096135105245e-07
8.779671047844422644e-08
-1.213510680632031676e-08
5.093956198810229402e-10
4.602342569433600921e-10
-2.367829776452468783e-10
8.053152486882997674e-11
-2.276796614110775325e-11
5.652654137391933898e-12
-1.280242802553958316e-12
2.361222178811813409e-13
9.575620233229843459e-01
3.172958091534364145e-02
-1.186173483611082172e-02
4.434480201290981471e-03
-1.657907074224154080e-03
6.199047618255450372e-04
-2.318371124507436322e-04
8.673938994972172105e-05
-3.247621649282943343e-05
1.217468293182366723e-05
-4.573446402003879932e-06
1.723595087550542373e-06
-6.527419608893061083e-07
2.489463353988763998e-07
-9.590447271136626216e-08
3.753820808149120202e-08
-1.523904264749659035e-08
7.070310732586528330e-09
-2.458783586311281663e-09
9.903053134997582552e-01
9.671130204130492028e-03
2.349905866608423469e-05
5.709836870760254047e-08
1.387384791601202315e-10
3.371105745685532081e-13
8.177270553236079158e-16
3.067156921362152545e-18
-7.990206175714073931e-19
5.758446810598353802e-19
-3.952330318677476905e-19
2.596376719055080074e-19
-1.629750650709670831e-19
9.761123589876447010e-20
-5.570359142307357656e-20
3.038300335836565224e-20
-1.609903259397602274e-20
8.906318087418995087e-21
-3.251362098561929762e-21
1.090625789443449678e+00
1.106667548126881565e-04
8.152048245596477673e-08
-9.893422081437759593e-11
-8.490627350798823904e-14
-7.837418256799425427e-17
1.198164651498296217e-19
2.921693594224422818e-20
-1.974276334914459251e-20
4.145091619916599630e-21
1.105481886574358086e+00
6.263121207406188544e-03
-1.506194464578313602e-02
-4.336592885767828233e-03
3.656799073399835329e-03
8.691442984975990054e-04
-8.778658221515635426e-04
-1.839646794079028238e-04
2.258001373065866596e-04
3.522262207422385464e-05
-5.865279372497530586e-05
-5.943520761806818537e-06
1.537495621383512160e-05
6.733799078069228059e-07
-4.062558932879478088e-06
6.453828315793958925e-08
1.138902524207705037e-06
-5.474408549295438938e-08
-2.659873383596595531e-07
1.068702140452769234e+00
-2.309299528637731927e-02
3.686178396770959861e-03
-5.095498628277535637e-04
4.265916359585017031e-05
6.508231322151799014e-06
-4.825480784250688262e-06
1.701370250233319885e-06
-4.713257807625520159e-07
1.116441177255852487e-07
-2.284261923843396366e-08
3.857385109779386367e-09
-4.336061790730466788e-10
-2.241326542541755542e-11
3.387855795458778906e-11
-1.370035675284561373e-11
4.173907457264281233e-12
-1.131135341369919763e-12
2.448350569101191776e-13
1.021838785500135627e+00
-1.668316946183444685e-02
6.372232818494954348e-03
-2.433826979166620226e-03
9.295141377430563186e-04
-3.549425115102568576e-04
1.354988492510356883e-04
-5.169904846344647970e-05
1.970695526420654039e-05
-7.499916876230308037e-06
2.846700980200321123e-06
-1.075959207551756510e-06
4.040335347380953057e-07
-1.502255089949359907e-07
5.503163564075472128e-08
-1.971900610303818116e-08
6.873092644440010707e-09
-2.465400657868838872e-09
6.981617392435183001e-10
1.004883332655659656e+00
-4.883332655659756300e-03
-1.627213629145433039e-18
1.479602237327797417e-18
-1.294712971105527598e-18
1.089868710797728450e-18
-8.821473284634461161e-19
6.861420900219024521e-19
-5.124746268777675713e-19
3.672206445241638770e-19
-2.521802150497233865e-19
1.657554983221680148e-19
-1.041237551499710957e-19
6.241142163261551568e-20
-3.565782830567431479e-20
1.946552498986926051e-20
-1.033209598849959811e-20
5.723307343447892264e-21
-2.097261585895544272e-21
2.801403508771930229e-01
