9.310125569016577396e-01
-1.569540905420360559e-04
-2.266572912822855214e-07
-1.382518237631213288e-10
-1.103879862805318879e-14
4.240968340934658047e-17
9.764741187627055092e-20
-4.335254136045506185e-20
4.342981384871591555e-21
1.230425503850483898e-21
6.774261822904232844e-01
-3.593986322587502391e-01
-1.079052746355929487e-01
1.352736426291451313e-02
1.996162495520712246e-02
2.747722198656210590e-03
-3.004021467499715537e-03
-1.218473963151695200e-03
2.886156754103376713e-04
3.065233388599170744e-04
1.440890846798018962e-05
-5.803645572554077815e-05
-1.651000138051041764e-05
7.954360981379289750e-06
5.245031206246524370e-06
-4.517443243379977070e-07
-1.190940181911701018e-06
-8.046978224504703721e-08
1.854691796617070804e-07
8.093862754666554526e-02
-1.049756903067369240e-01
4.185088219664067494e-02
-1.199578281952166578e-02
2.585549920313524527e-03
-3.751316336437586214e-04
1.170802871942429411e-06
2.408305837601683612e-05
-1.112054560723431095e-05
3.490987053491707766e-06
-8.461643819369960104e-07
1.465492829838310329e-07
-7.174136019485268930e-09
-7.611312256777622374e-09
4.240407750342628495e-09
-1.479280471302303342e-09
3.927681540265059544e-10
-7.581934399753214442e-11
7.773754427329112201e-12
9.185511793795648940e-04
-1.760336586950633862e-03
1.549713409910052821e-03
-1.255802837360457972e-03
9.394504386971410997e-04
-6.512861756364949836e-04
4.202874260532024121e-04
-2.537144778717426012e-04
1.440244033754211749e-04
-7.729964586034406742e-05
3.944154342808354249e-05
-1.923781421104619956e-05
9.018430987872998514e-06
-4.084918518421903826e-06
1.797485524923807113e-06
-7.742516288459837025e-07
3.333371258915776613e-07
-1.583036925837002312e-07
5.522550195955165658e-08
-2.394825846925054933e-09
4.622061946816901327e-09
-4.152364249296693024e-09
3.469499105249653559e-09
-2.691691881543982593e-09
1.934133949122248292e-09
-1.282682751609356404e-09
7.812770247052551759e-10
-4.341142861854472434e-10
2.179442755210527695e-10
-9.746603152616520963e-11
3.795838481910905033e-11
-1.236326100611497967e-11
3.078607469654904388e-12
-4.228591120696033165e-13
-6.713170376425703063e-14
5.864752864010140147e-14
-1.293328594142408791e-14
-7.090379262616845671e-16
5.089621201160409170e-01
3.339934778963995761e-04
3.837635378777334670e-08
-2.221349112091002721e-12
-9.671498494217452102e-15
-8.540038653309939734e-18
8.114976982969852781e-20
-7.152934811842072231e-21
-3.516307217289266505e-20
2.341948242961662608e-20
6.517455128365200467e-01
1.731796921846109616e-01
1.891371033897394638e-02
-1.571003657067218673e-02
-3.489503151443329367e-03
1.185246567218495523e-03
9.195999400240296474e-04
2.537942098759532488e-05
-1.717582089690342334e-04
-5.159845061256816332e-05
2.161855272647935779e-05
1.665492433312867410e-05
-1.631801895960462391e-07
-3.627536786638545771e-06
-9.244644340880631021e-07
5.628848651205343641e-07
3.611624470733281934e-07
-5.255518243474635195e-08
-8.098883384451216514e-08
8.796365638090422046e-01
4.182720217114200417e-02
-8.412444710228747166e-03
2.061229120007208090e-03
-5.651573098877575412e-04
1.504382521730629474e-04
-3.445132661985641814e-05
5.662160311856660638e-06
-1.012219781733636273e-07
-4.060485641768184902e-07
2.124921236136884636e-07
-7.384449584489598072e-08
1.980935004712306465e-08
-3.926259524611691951e-09
3.513659080428881132e-10
1.460130860652493310e-10
-1.030142210789948198e-10
4.261442731003374148e-11
-1.162759240384727106e-11
9.611751251919067318e-01
2.908324784806132907e-02
-1.089358581414971196e-02
4.080927606219619461e-03
-1.529245479407999450e-03
5.734104035224855001e-04
-2.152726280392879693e-04
8.100720234004674147e-05
-3.061131367347389570e-05
1.165099907527654276e-05
-4.486389540553626352e-06
1.758287821869543417e-06
-7.063930891893792522e-07
2.930196117421392237e-07
-1.262755716754383303e-07
5.692781502203829765e-08
-2.743127481802534172e-08
1.538912569614595217e-08
-5.932100594501195699e-09
9.911471184968564385e-01
8.833243926759715148e-03
1.959401605763415414e-05
4.346370015168290309e-08
9.641172932615252311e-11
2.138728743147721130e-13
4.653495728678659920e-16
8.138886576525746593e-18
-5.338406843052625888e-18
3.867125263546398442e-18
-2.687640286276197292e-18
1.790735223969514673e-18
-1.142433443652656816e-18
6.969965537066394916e-19
-4.064733225537900450e-19
2.272584587026228051e-19
-1.242622686991036454e-19
7.121168504490487057e-20
-2.659749539032033680e-20
9.914159109176988727e-01
1.338122960268144427e-04
1.396825765558612437e-08
-3.285923763932589124e-12
-6.653275256083636903e-15
-5.483401303741102371e-18
1.459227675439578020e-20
8.836804673924487835e-21
-2.037532995005169456e-20
1.132465616097469691e-20
1.038340231003213709e+00
5.248311419960957624e-02
-1.419132919154149743e-03
-8.712918984553737201e-03
-1.034552151204280864e-03
1.030308253962139257e-03
4.864065611912385444e-04
-6.431678378527581647e-05
-1.161092907174677544e-04
-1.871017513829040127e-05
1.940887248334696082e-05
9.233658650192581337e-06
-1.717249317505927180e-06
-2.459263680993822773e-06
-2.749239393978220181e-07
4.738710057036069629e-07
1.946689830886076920e-07
-6.030463530625959422e-08
-5.292141389267178109e-08
1.061240469148772458e+00
-1.862065870550484725e-02
1.826167623830888924e-03
2.875040316928718009e-04
-2.592993115797889324e-04
1.034039278116014320e-04
-3.043546056718254917e-05
6.841129801481918152e-06
-9.737064150844705400e-07
-5.787108066885708018e-08
1.046812371807344861e-07
-4.684433460418026963e-08
1.476724578791653875e-08
-3.555295261323993865e-09
5.753312431306535838e-10
1.438461418979277182e-12
-4.790096532250871752e-11
2.590110203122887795e-11
-7.964804143956355227e-12
1.019927877649069892e+00
-1.522269639808774937e-02
5.813808235970060502e-03
-2.220023852490503758e-03
8.474239125033923266e-04
-3.232433613802809195e-04
1.231241379063849426e-04
-4.677334000547294854e-05
1.768274462520216358e-05
-6.628164898688129415e-06
2.448141953291018015e-06
-8.816297507624258771e-07
3.036892224195546607e-07
-9.617870738403707503e-08
2.513410715445014121e-08
-2.844947473887622200e-09
-3.013655139897453153e-09
4.023377563639234980e-09
-1.976173297194771251e-09
1.004456173454319146e+00
-4.456173454319263538e-03
-8.983436378591554332e-18
8.192367876560373528e-18
-7.198202697430559415e-18
6.091781648454927934e-18
-4.963441708469967886e-18
3.891378136241244830e-18
-2.933696870270548360e-18
2.125039840178932231e-18
-1.477540262096601150e-18
9.850030320841906232e-19
-6.287821870534764239e-19
3.838601961992144463e-19
-2.240047664901944946e-19
1.254010612869137687e-19
-6.865192552951465482e-20
3.938846371787251563e-20
-1.472450253850561749e-20
1.200601503759398669e-01
