9.342449078148455932e-01
-2.738246915029184970e-04
-4.351842683106994477e-07
-2.747112186010884659e-10
7.526308135771097808e-14
2.101383742968573820e-16
7.713531437878698860e-20
3.446270669953601337e-20
-7.237951890278023729e-20
4.097780348151040530e-20
6.158723923854665383e-01
-4.227333064991158351e-01
-8.301108669701298681e-02
4.203498160223959057e-02
1.931794781818821360e-02
-5.396453107642779946e-03
-4.524117134146368735e-03
6.644578857912073356e-04
1.023286445671272010e-03
-4.239162251131362328e-05
-2.286635548873672448e-04
-1.248673551249846818e-05
4.994125705165193167e-05
7.540976837240772536e-06
-1.061840406248415595e-05
-2.594198261759088078e-06
2.221269669396847007e-06
5.273283137354397638e-07
-3.800913612496342394e-07
5.400242831932147020e-02
-7.006365046045953671e-02
2.820362249838028607e-02
-8.349998515506187186e-03
1.967296127987197552e-03
-3.742272623595186386e-04
5.197864884508385193e-05
-1.715265818296612518e-06
-2.189312351306523396e-06
1.067072803240578787e-06
-3.465704036049273647e-07
9.145543999105847072e-08
-2.013151197500344346e-08
3.471658542899000137e-09
-3.191945490772772492e-10
-7.494729811477164724e-11
5.569839930775169272e-11
-2.258792010692467242e-11
6.166742624214382725e-12
6.238861913431296372e-04
-1.195025608968585795e-03
1.050470269950348279e-03
-8.492006957374675707e-04
6.332527850806282752e-04
-4.373311352319145923e-04
2.810029264554013591e-04
-1.688485093027060813e-04
9.539111182540265205e-05
-5.095292402612444459e-05
2.587794204863526972e-05
-1.256725160307516806e-05
5.868209882923812299e-06
-2.649013050812463496e-06
1.162483612936646430e-06
-4.997955013345742560e-07
2.150158134053794942e-07
-1.021770002250918083e-07
3.567472577774530328e-08
-1.579338954954828334e-09
3.046758009905091736e-09
-2.733348130650274824e-09
2.278475598438405858e-09
-1.761707019637691449e-09
1.260184897118948327e-09
-8.309006095785368193e-10
5.024132109203044557e-10
-2.766170742418909542e-10
1.372739643058402818e-10
-6.047673143741008425e-11
2.307961170281688423e-11
-7.294054716603831133e-12
1.719244550079760178e-12
-1.944296303186323943e-13
-5.630302662373304594e-14
3.618218155286043201e-14
-6.405673098766672033e-15
-1.005575762552807371e-15
4.696703952407669247e-01
4.803364363600243301e-04
3.437595507220474634e-08
-1.559683405218279656e-11
-3.647795526196110040e-14
-2.914522202024246935e-17
2.192214695815518607e-20
-2.598655842182174219e-19
1.570181584337369084e-19
-4.734735573805925216e-20
6.389974931420696613e-01
1.943544575569509936e-01
6.602736507779615772e-03
-2.108718056877708844e-02
-4.133501796385303064e-05
2.865998277241351647e-03
4.021362395771198479e-04
-5.211030653036521085e-04
-1.538252810104130306e-04
9.501492244425555100e-05
4.709593401807053026e-05
-1.602332061964009254e-05
-1.303538090050087802e-05
2.209098600323615031e-06
3.395951488377413281e-06
-1.638991952674972631e-07
-8.815122440225331915e-07
-7.713013945595062689e-09
1.867429618620260235e-07
8.730470487177942607e-01
4.207103547024188678e-02
-7.471289343261635144e-03
1.507200037884902236e-03
-3.482928767430911506e-04
8.602701168212490736e-05
-2.071677771704454881e-05
4.490574575988963940e-06
-7.888879643675532630e-07
7.657524861441303880e-08
1.681526647506273058e-08
-1.329725330479921049e-08
5.232524773734636911e-09
-1.599915844905607723e-09
4.085223628897945224e-10
-8.596164568197571799e-11
1.296897814417004203e-11
5.348497480435537380e-14
-7.310896644601231818e-13
9.584861148552411558e-01
3.105385993019334559e-02
-1.161496665058641721e-02
4.344552703265838582e-03
-1.625270869509876483e-03
6.081593541605900041e-04
-2.276819917276744600e-04
8.532094030929917748e-05
-3.202833134134701131e-05
1.205899655416244066e-05
-4.562733062740362096e-06
1.739734690307409533e-06
-6.709622977237034034e-07
2.629458273933913882e-07
-1.052910404652897290e-07
4.344523597661854095e-08
-1.892067353279117785e-08
9.568090451531526487e-09
-3.499458235133010980e-09
9.905209447975138470e-01
9.456540035542741751e-03
2.246168769554218871e-05
5.335222103379423350e-08
1.267250887205294176e-10
3.010089343997736025e-13
7.112210837365481961e-16
4.620673242916337178e-18
-2.189760005544664459e-18
1.581127645071201214e-18
-1.093197608519704502e-18
7.240365393019209678e-19
-4.588394216574332854e-19
2.777685929555241412e-19
-1.604852963211172930e-19
8.881895488861136760e-20
-4.794275655945859716e-20
2.707239476617297067e-20
-1.003379753520634137e-20
1.037182737856030768e+00
1.372708206650349980e-04
2.642126644188531043e-08
-1.518567589764734610e-11
-2.470362325844100799e-14
-2.048819531413791501e-17
3.102627409096536895e-20
-1.094690462915279120e-19
2.852553295390179651e-20
2.359169359874040362e-20
1.072864334888542936e+00
3.422094660524126891e-02
-9.648569616943035790e-03
-8.399891181487841724e-03
1.346412987591456270e-03
1.671603492389690674e-03
-2.428203971468542377e-05
-3.699519603112051041e-04
-4.499265555114173717e-05
7.910369179700320536e-05
2.080672715200512668e-05
-1.607684687329449647e-05
-6.955096949624053601e-06
3.020014966999732411e-06
2.050323007436015088e-06
-5.059205364330761458e-07
-5.922008481625891666e-07
6.678665744065795972e-08
1.364483074598370948e-07
1.066685127393878219e+00
-2.178118168457433834e-02
3.102927719949138616e-03
-2.491926613998749949e-04
-5.991644206420801395e-05
4.137612942309669542e-05
-1.503953736130179367e-05
4.251787640488122800e-06
-9.881598451194810340e-07
1.806864915837447350e-07
-1.926586507608754880e-08
-2.908209757689968268e-09
2.634609594247161231e-09
-1.042487593270254005e-09
3.142748799611972324e-10
-7.815912066172419895e-11
1.565790776857085400e-11
-1.974037713967083405e-12
-4.534591048485799635e-14
1.021345875949693616e+00
-1.630640853447369934e-02
6.228141547109774558e-03
-2.378629665140720439e-03
9.082963928273824449e-04
-3.467295305023204515e-04
1.322775439162262212e-04
-5.040581831343572656e-05
1.916796149188053678e-05
-7.262974030242168189e-06
2.735545431819869928e-06
-1.020256944915543179e-06
3.745464630948011546e-07
-1.340250846355668022e-07
4.593962726407008833e-08
-1.453618369416216051e-08
3.815951308932530124e-09
-4.503777439917693878e-10
-1.336246256047861779e-10
1.004773156658918198e+00
-4.773156658918276465e-03
-3.996814115746165872e-18
3.640393764837971218e-18
-3.193096151306166701e-18
2.696231467800645330e-18
-2.190730994019113639e-18
1.711833316421404280e-18
-1.285498414980294821e-18
9.269421703956083239e-19
-6.411590110998786323e-19
4.249043488524543573e-19
-2.694211129441733944e-19
1.632206847626548866e-19
-9.440945866875801193e-20
5.229884129142208846e-20
-2.826517088873648250e-20
1.598349044948470608e-20
-5.926612640968907419e-21
2.076040100250626796e-01
