6.212324350668003703e-01
-2.474113013251636340e-03
3.667516554896390140e-06
-3.575962946854737780e-09
-7.822472747517500585e-13
1.403277773112890061e-14
-3.944774657360049718e-17
4.654721738791947595e-20
-1.734237275100052068e-20
2.348202811416703528e-20
3.001856827914399228e-01
-2.938845855767099891e-01
5.422417997269121659e-02
1.337957212518223193e-02
-1.276653295226110735e-02
3.933369753054854513e-03
-1.009405621784953985e-04
-4.516353095889909805e-04
2.003509862213067867e-04
-2.351124347594006484e-05
-1.704270371093847652e-05
1.012569250900383465e-05
-1.740952263819275557e-06
-7.402242933559150410e-07
5.648464456047805720e-07
-1.286729371487263991e-07
-2.822140068019950179e-08
3.131278290799004441e-08
-9.355086961043113119e-09
2.736234519030576393e-02
-2.724971423910230867e-02
7.964147779260502893e-03
-1.735239861257324321e-03
3.159908583342589086e-04
-5.101503125761510651e-05
7.453124565516875506e-06
-9.685637243071642640e-07
1.029238370079998358e-07
-5.852878471087964361e-09
-1.041067069311686862e-09
5.064046278453974491e-10
-1.346908632043343324e-10
2.918902740414370210e-11
-5.598045885493406459e-12
9.747683999318642089e-13
-1.543992620048593807e-13
2.205884182415687393e-14
-2.597519975476215663e-15
9.353986458126723738e-04
-1.749906897714110588e-03
1.435617408922334505e-03
-1.039910158269789645e-03
6.714812395040647237e-04
-3.908459591195146202e-04
2.075314012264847644e-04
-1.017508790881124103e-04
4.662291884902777052e-05
-2.020049027987820203e-05
8.368978605514453974e-06
-3.349621678785688438e-06
1.306950343657141832e-06
-5.008658975671611946e-07
1.896562449897762889e-07
-7.137215265593007962e-08
2.711703713671560674e-08
-1.140775484178649596e-08
3.714659393357506713e-09
4.979799704408796322e-11
-9.457373880280039672e-11
8.090118743998284144e-11
-6.216375478329215796e-11
4.268036421216924056e-11
-2.596200515996946426e-11
1.380521670262784792e-11
-6.277888256463072945e-12
2.347102602131420126e-12
-6.622815232709738632e-13
1.055609521913252745e-13
1.229365753410822028e-14
-1.297985353492922876e-14
2.738759164042061460e-15
5.431160667741573034e-16
-4.125740261636740948e-16
2.719959619592905650e-17
3.880007719206141713e-17
-9.532271772457843105e-18
6.281940653005835262e-01
1.134327628979632562e-03
-2.028941546060692351e-06
3.170561403553040884e-09
-3.819339978208321532e-12
2.385062626229017747e-15
2.972810839012455137e-18
-5.817742257544957709e-21
-1.589422547338554522e-20
4.469303681374700959e-21
7.721227354391447806e-01
1.337551886245324784e-01
-2.070088862922032924e-02
-4.946506696777638878e-03
4.961003141989857659e-03
-1.786939646851101520e-03
2.106642001049846395e-04
1.373347383451744934e-04
-9.195221822922813502e-05
2.342270888678774790e-05
1.964580539246788161e-06
-4.052238353165171036e-06
1.481643885957175588e-06
-6.865255012684262290e-08
-1.802272168704678136e-07
8.619222177137984499e-08
-1.048830814582614007e-08
-9.535302827489433156e-09
5.206222782800233657e-09
9.162656067360755996e-01
2.734538474545719980e-02
-4.413325374921578219e-03
6.980061389701672269e-04
-1.072157289016369879e-04
1.584475331311116275e-05
-2.225179574277298378e-06
2.904282770411701793e-07
-3.346748826503869491e-08
2.884413019186988765e-09
-6.858711928274015463e-12
-8.004648501501342272e-11
2.678455355237658707e-11
-6.586463128588639455e-12
1.409973138737527317e-12
-2.758995317542757342e-13
5.022123011118490750e-14
-8.729753956857146188e-15
1.341365070241902069e-15
9.727469578141610951e-01
2.053457682002443954e-02
-7.735895551611248443e-03
2.914090673133114609e-03
-1.097571496745242039e-03
4.132843748193543556e-04
-1.555508256409984542e-04
5.850435879246614312e-05
-2.198075298627578209e-05
8.245980744259031930e-06
-3.087180624638102398e-06
1.152805205527747829e-06
-4.291155007456326234e-07
1.591429974555933732e-07
-5.878547699449196625e-08
2.165501026773107152e-08
-8.054881992322915662e-09
3.309210906992007449e-09
-1.060664965483239561e-09
9.938216641066496271e-01
6.168778182345818761e-03
9.542925495812653135e-06
1.476263602397679390e-08
2.283738068404327459e-11
3.532878132636595398e-14
5.465352323928783075e-17
8.401942814373231826e-20
4.521747444505070522e-22
-2.238514950150981498e-22
1.438349464453505341e-22
-6.410936048007440993e-23
3.584147098234525260e-23
-1.652656309275222442e-23
-2.596059738632206211e-24
3.211914796918580618e-25
3.827326468570104637e-24
-1.807681046625204770e-24
8.203010071241636157e-26
1.143474850540978194e+00
-1.557795529444700106e-04
-2.800288590076124212e-08
2.123899581595373856e-10
2.164495673692001919e-13
-3.027244744613134127e-15
1.179474768321002248e-17
-2.349238937101997667e-20
-5.967815903871081628e-21
2.175922899765038110e-21
1.102459726174851884e+00
-4.451333519460762972e-02
4.649980717089929601e-04
3.366079583979065745e-03
-9.817856554518234521e-04
-7.863997647648935199e-05
1.386278279884613218e-04
-3.110657848872001055e-05
-1.045564884127697377e-05
8.778785136554350871e-06
-1.698194197967313233e-06
-7.714617491490089698e-07
6.048460131714528715e-07
-1.264378493344114582e-07
-4.810475147116657975e-08
4.292612972780955414e-08
-1.098670156483128158e-08
-3.487109190967715576e-09
3.026097646209318904e-09
1.043548546573787483e+00
-1.454812758718479829e-02
2.327036687531038386e-03
-3.459681789408653721e-04
4.591511681549392685e-05
-5.015179628884973320e-06
3.274993177346697371e-07
3.237686511064755588e-08
-1.874506043289317405e-08
4.938161901986333229e-09
-1.027560802607571658e-09
1.855598339921142526e-10
-2.969583599453208909e-11
4.139665721317564605e-12
-4.630974551541188345e-13
2.708931658672145581e-14
5.163702758448926076e-15
-2.688571612197375925e-15
6.813067132210078444e-16
1.013878205472536154e+00
-1.060054612184679196e-02
4.047771433463063541e-03
-1.545068492628632901e-03
5.893658605273815630e-04
-2.245448197688925491e-04
8.538165702609236049e-05
-3.236676763792214199e-05
1.221507999330755333e-05
-4.581537267085878839e-06
1.704457699785756806e-06
-6.275863991272877012e-07
2.281650061715510392e-07
-8.169572385861198707e-08
2.872579000660325826e-08
-9.889051333699713580e-09
3.341504295609378058e-09
-1.189176550763202285e-09
3.406275917332504311e-10
1.003103538217336776e+00
-3.103538217336707528e-03
-6.910082578735629549e-21
6.030993389013491669e-21
-4.979485410250904972e-21
3.885267849294099914e-21
-2.860793220828450496e-21
1.984074681425947013e-21
-1.292904996048543460e-21
7.891341961059700812e-22
-4.493226745495837610e-22
2.373980479432782553e-22
-1.155556855995662745e-22
5.130622323084854068e-23
-2.047505987557872105e-23
7.169085937684705096e-24
-2.099600260361133031e-24
4.587738175941709549e-25
-5.463125539455216906e-26
7.478746867167920254e-01
