9.939095582016045649e-02
-2.067459304217318539e-05
1.745471389948336326e-09
-1.435718925830220290e-13
1.182625600356395639e-17
-6.692378027735780767e-22
9.365351530867950858e-23
-3.674769191406396261e-22
-9.671289916139368576e-23
1.996691149844135974e-22
9.075098698037929734e-02
-1.086200521034709661e-02
-2.035523327674757573e-03
2.229588102384520850e-04
1.275049555274553987e-05
-3.053482688856399814e-06
3.592430354654436408e-09
3.334579881056193341e-08
-1.625043113515832970e-09
-2.901398598023077522e-10
3.178630103641620454e-11
1.693524125594422162e-12
-4.328106251273720393e-13
1.848294158107991217e-15
4.712753921426923155e-15
-2.445176494674254153e-16
-4.072175830899638569e-17
4.550469461802744101e-18
2.563482807480576945e-19
6.057955650809935394e-02
-1.721448836964722950e-02
4.308858935413717450e-04
1.223452114713201051e-04
-1.597392044559907762e-05
5.559048204770027490e-07
7.994080547727221028e-08
-1.303473605401208239e-08
6.660196944309777289e-10
4.351134690863900869e-11
-1.035986559345157646e-11
7.064975784992381217e-13
1.658451329580739555e-14
-7.943455274552787619e-15
6.887058869232258815e-16
-2.434448867357281113e-18
-5.813892241365645315e-18
6.368461488044443942e-19
-1.942320991968905848e-20
1.084669066823981502e-02
-1.761257654971363010e-02
9.934223777391112259e-03
-4.083910388110313476e-03
1.229556408162256519e-03
-2.406480088631356390e-04
2.290163336543243832e-06
2.434997792775315701e-05
-1.428898266721923735e-05
5.787762287637684497e-06
-1.908340390292316350e-06
5.187669035940359796e-07
-1.045529137009437309e-07
6.065288131084146331e-09
7.984878602116638767e-09
-5.560618880084248086e-09
2.513175609102528357e-09
-9.821748920229307773e-10
2.775096561263906790e-10
1.705104890067130985e-05
-3.075546180742446745e-05
2.240421461620040568e-05
-1.286540842293394440e-05
5.495855294816331400e-06
-1.484823488057577519e-06
7.246904557744295668e-08
1.182699158092412842e-07
-3.251947293258019762e-08
-8.882293936627078529e-09
5.098887782634065664e-09
9.415778796075803845e-10
-7.699974219622471683e-10
-1.674610640017900734e-10
1.171790889148019611e-10
3.985940042472563192e-11
-1.574759245094531088e-11
-7.703996420328666164e-12
1.118133719294192279e-12
9.007864478251590423e-01
1.139547112818580586e-05
-8.161632868823895410e-10
6.144874749775310416e-14
-4.787331687884667311e-18
2.168742888147882623e-22
6.335232614956304288e-23
2.090044801798423347e-23
3.637611065469608421e-23
-3.362718812577332625e-23
9.056498410598651239e-01
6.144161088940162073e-03
1.192850866604031231e-03
-1.073517838770306237e-04
-6.706226591405501625e-06
1.353872268947082846e-06
5.429983871908962426e-09
-1.405230639252978889e-08
6.053273470144776950e-10
1.187007120540174645e-10
-1.212883767694632985e-11
-6.883738109914382473e-13
1.647163395143163206e-13
-5.035914666317823468e-16
-1.783307571353039063e-15
9.254355924720438156e-17
1.525583516349030248e-17
-1.744456896725936823e-18
-9.174165650437470180e-20
9.236552436708280744e-01
1.079401967212035435e-02
-6.744396922513404096e-05
-7.276767288694035703e-05
7.479872196801306397e-06
-1.614845689020282167e-07
-4.241723205819351573e-08
5.487354106393568615e-09
-2.150118242438902313e-10
-2.241804220089162893e-11
4.078622287044608346e-12
-2.390713135650559367e-13
-9.128853925261075199e-15
2.989174399965764238e-15
-2.388538164197321793e-16
-3.282876459968003426e-19
2.104211880774827099e-18
-2.231324314500106363e-19
7.147458682417911480e-21
9.674078995582428009e-01
2.289260846793438053e-02
-7.495737831707406651e-03
2.176900730117418623e-03
-5.080759173112092816e-04
6.536986644015763462e-05
1.732114237879195235e-05
-1.742491968449790763e-05
8.334701974770683696e-06
-2.994790423041138899e-06
8.611503528344033798e-07
-1.877823887250179156e-07
2.016051524961269700e-08
7.525995500840474312e-09
-6.438370977783939082e-09
2.985447139393029283e-09
-1.086930914983674692e-09
3.473523450012730288e-10
-8.336361426550471306e-11
9.922574550904192936e-01
7.727526719166411505e-03
1.499094165382327465e-05
2.588097016555503367e-08
2.171096473421985263e-09
-1.226910311192254905e-09
6.103152141282074716e-10
-2.516800615502767908e-10
8.033716459861439693e-11
-1.626894989461362644e-11
-1.456919408349502107e-13
1.473097275982093099e-12
-4.409062457127804834e-13
-2.914721679932350772e-14
5.488560421511969576e-14
-8.135763594411708987e-15
-5.202943847323761958e-15
1.486158507224899498e-15
4.532981821526937527e-16
1.049984004959468864e+00
-5.407380373767903077e-06
3.501539789098489230e-10
-2.310149255540670921e-14
1.532537004001623065e-18
-3.142912227153535316e-23
-5.733228975353244478e-23
-6.440430159938667361e-24
-1.480369645829821969e-23
1.836301229000415401e-23
1.047652383431117329e+00
-2.952337887347098767e-03
-5.822199843519463387e-04
4.769485869279179981e-05
3.254545506925239539e-06
-5.498864799337885980e-07
-7.646895636382312094e-09
5.241032691465773387e-09
-1.350055303123725822e-10
-4.222705746858059474e-11
2.836519546194928244e-12
2.762461703296126219e-13
-3.578840985477142096e-14
-1.219942124818936376e-15
3.630573194749450442e-16
-8.404174002515396154e-19
-3.207037041541536219e-18
9.267918324112365538e-20
2.791927853570790549e-20
1.038834166501430900e+00
-5.365128589064623726e-03
9.546746676485586119e-06
3.722436437443885993e-05
-3.390670212936547325e-06
2.894533450840499002e-08
2.238655108364294814e-08
-2.232840911080480310e-09
3.559380937760771537e-11
1.357435776081118259e-11
-1.517153249511863182e-12
3.551518537124982428e-14
8.478507710317405490e-15
-1.060944380632312089e-15
3.119028750076995164e-17
5.556259059912284226e-18
-7.635679925670915369e-19
2.637639776811123416e-20
2.728294033696759981e-21
1.016566471988496367e+00
-1.174017774713094139e-02
3.851640827470816618e-03
-1.107761807010892215e-03
2.492111744368275547e-04
-2.613534530530821137e-05
-1.228330939847325783e-05
1.010135899455448521e-05
-4.540074427035392889e-06
1.541018629282995899e-06
-4.072042368296379680e-07
7.303723394646211388e-08
1.817002992269469028e-10
-7.616370520240832472e-09
4.365269902852569288e-09
-1.734261925598368972e-09
5.502302529993826972e-10
-1.406182292508323944e-10
2.456066966344471983e-11
1.003893869068104738e+00
-3.893867625552357818e-03
-2.585095154219380684e-09
1.942181753628673582e-09
-1.289233938906672658e-09
7.474782327972224578e-10
-3.713740229989877201e-10
1.528752049686429635e-10
-4.864202398087195064e-11
9.767044822032612247e-12
1.361447658121197636e-13
-9.046435451153710535e-13
2.664687633120252108e-13
1.931764792400429643e-14
-3.366944971786171493e-14
4.827641826743633613e-15
3.231897485636205648e-15
-9.014753372404336600e-16
-2.843330310894124966e-16
9.479749373433583592e-01
