9.326535500392263422e-01
-1.943202510696110828e-03
-2.150989002179638694e-06
2.288160575582058732e-09
1.864364524237352290e-11
-4.953712526023732056e-14
5.526463540649212436e-17
1.018667417896942695e-18
-6.153245910976493340e-19
-1.425389291669513867e-19
4.415549052781544970e-01
-4.863529104418104487e-01
7.480036184044301650e-02
4.956243191758840511e-02
-2.896736952469802784e-02
-1.832082867917861251e-05
5.896815399498127851e-03
-1.945885879497180442e-03
-6.951005142561135323e-04
7.217829153754683723e-04
-1.023460250345077367e-04
-1.375597750601595143e-04
7.772699017917065231e-05
4.150250204028866130e-06
-2.072955053890752344e-05
6.865610073041042531e-06
2.172819906894995526e-06
-2.001394282530281825e-06
3.145065401219404222e-07
1.884101644986141411e-02
-2.336697172070300796e-02
8.906239611819506338e-03
-2.528874404780324242e-03
5.927299364521144845e-04
-1.219636693389470722e-04
2.283535783503731813e-05
-3.948810011875563764e-06
6.265754353862879996e-07
-8.772992511828125372e-08
9.485458716396206224e-09
-2.586877738316689343e-10
-2.642580360086875202e-10
1.102586342833555936e-10
-3.171355797530448250e-11
7.795617621998294943e-12
-1.737812567660213082e-12
3.710294110259911584e-13
-6.867488085123187497e-14
2.803838843069630937e-04
-5.349568946957843161e-04
4.648277734457842664e-04
-3.687942030764609002e-04
2.681997956658018520e-04
-1.796579413278980670e-04
1.114786344802622532e-04
-6.447002306010661055e-05
3.497246981724567793e-05
-1.791212708101845206e-05
8.719202360011430261e-06
-4.060165550195307451e-06
1.820114104748197618e-06
-7.903026354349459182e-07
3.343929069632155053e-07
-1.389683415938587402e-07
5.790269141761829521e-08
-2.668597028927069685e-08
9.162544347913635658e-09
-4.497078644990674270e-10
8.652354049398874466e-10
-7.699848374011929179e-10
6.330972750411504524e-10
-4.799136696785793912e-10
3.343042739385985353e-10
-2.129948522289397754e-10
1.232974443812280810e-10
-6.423052720335545952e-11
2.968449613308862234e-11
-1.189636149331611294e-11
3.968537629013878790e-12
-1.006371647731331382e-12
1.393581306001451262e-13
2.280347601687748053e-14
-1.967640120198244747e-14
4.624723528243348062e-15
5.043498903510334602e-16
-5.621896183999555357e-16
3.891670256229991520e-01
1.730551486419758082e-03
-1.477039246259464894e-06
8.536025631288855872e-10
-4.399531839833002117e-12
1.305715948822605086e-14
-1.764836108557689574e-17
3.762044955259766162e-19
-3.418258900672181232e-19
1.599617042792525290e-20
6.466418305480604589e-01
2.388104445278595445e-01
-4.352794853985978568e-02
-1.224425322697302032e-02
1.264026818124521293e-02
-3.395435680410901266e-03
-8.549205084241410114e-04
9.094671496563067276e-04
-1.247776195992377629e-04
-1.564474486706759853e-04
8.000720093704771654e-05
1.105595570369339095e-05
-2.403528045924849621e-05
5.866201622964061567e-06
4.026241590222271587e-06
-3.050391855468016453e-06
2.312588718909746094e-07
6.390265916939378241e-07
-2.944494496446587297e-07
8.837994197676468655e-01
3.766095089640079246e-02
-6.142431116971164805e-03
1.015528300087968063e-03
-1.715948279673103650e-04
2.978065646097199337e-05
-5.296573262765714424e-06
9.555723373744338063e-07
-1.721784362808291299e-07
3.041650470551272825e-08
-5.152726874475125040e-09
8.102443066512293468e-10
-1.106509899314153180e-10
1.050723421955366823e-11
4.261486776774436918e-13
-6.109585354594208744e-13
2.268225323911640993e-13
-6.855430377413875107e-14
1.619464046865355083e-14
9.618734659800309839e-01
2.856912124585024235e-02
-1.070379548971145574e-02
4.010353347692189631e-03
-1.502573660781867044e-03
5.629964070886702429e-04
-2.109636139297309384e-04
7.906206108433089480e-05
-2.963677152704180393e-05
1.111382422014398754e-05
-4.170285543962629527e-06
1.566308446548337660e-06
-5.890945379160594454e-07
2.219936669951204869e-07
-8.390053063408464941e-08
3.189781486542104564e-08
-1.239552147093848681e-08
5.406812896552787621e-09
-1.805105572224173171e-09
9.913091712253995214e-01
8.671903148310832268e-03
1.888441280585773834e-05
4.112373500099670276e-08
8.955330469499602419e-11
1.950164803527183543e-13
4.244524264030630083e-16
1.097820053805798695e-18
-1.249421469242625617e-19
8.901331331018477194e-20
-5.960161559527483911e-20
3.811214365577235190e-20
-2.323057965153045794e-20
1.339349465195494130e-20
-7.320745922452945572e-21
3.834301800403452724e-21
-1.909425918556649710e-21
9.659726491270173217e-22
-3.469387915988605367e-22
1.179769729440054871e+00
-1.432482255304230669e-04
8.196721928460180869e-07
-3.086686753149699889e-09
5.365971533621647057e-12
-1.023309969195836911e-14
4.274431076472027587e-17
-2.174732006375544031e-19
-8.714798766418583081e-20
8.345278492192850368e-20
1.139656091096965529e+00
-5.024227272617508289e-02
-7.456493659714470354e-03
4.903731911017874569e-03
1.305125711896096405e-03
-1.356118743607713723e-03
-9.828561633541698685e-05
4.574127371442737126e-04
-1.465938112653863144e-04
-7.195361688743880286e-05
6.943151354888868292e-05
-8.465888687828132951e-06
-1.498678521706509562e-05
8.050875969851587272e-06
8.191713968905742829e-07
-2.469777279175093470e-06
8.101184944208109913e-07
3.839908727669901066e-07
-3.211720157083597973e-07
1.061753568569091755e+00
-2.104673656580155483e-02
3.532042807986268598e-03
-5.725076789658790563e-04
8.662501921647420135e-05
-1.143720439172739028e-05
1.072797099377863181e-06
2.386260213421233627e-08
-4.853811800863810039e-08
1.708738903441968442e-08
-4.522185162772495196e-09
1.037808821310698155e-09
-2.153462587168548650e-10
4.082628014196097663e-11
-7.000783686507038025e-12
1.041917422281721732e-12
-1.164302200873913242e-13
6.642661601100842037e-16
3.912394403964947886e-15
1.019562597079653132e+00
-1.494442224750529638e-02
5.708183190988450235e-03
-2.180264272516793753e-03
8.327308765219505662e-04
-3.180306791407762389e-04
1.214435207601668234e-04
-4.636316726868120895e-05
1.769244865247081912e-05
-6.746821485884829509e-06
2.569982641890651742e-06
-9.773074075186526980e-07
3.707354324134102550e-07
-1.401500648356357366e-07
5.273922048216250433e-08
-1.975474260120379715e-08
7.444818046185619292e-09
-3.082265810097994531e-09
9.900534307617333441e-10
1.004374340763172002e+00
-4.374340763172090626e-03
-3.608217694496972747e-19
3.262940281757783096e-19
-2.833162602624908289e-19
2.360996453481570923e-19
-1.887279301668996491e-19
1.446050041029704110e-19
-1.061089123026256624e-19
7.448557127066462425e-20
-4.995458158936899007e-20
3.195760574298578476e-20
-1.946448151218138578e-20
1.126205337341339214e-20
-6.176653155885283545e-21
3.211380534839432075e-21
-1.604133618908450736e-21
8.267825943636638636e-22
-2.901086197239472748e-22
4.202105263157894788e-01
