6.517687488286613706e-02
-7.326570283482469292e-06
3.182938363340778394e-10
-1.320146013270863963e-14
5.451476770766052299e-19
6.528348699339420309e-23
2.191604893684002293e-23
5.564141935308409357e-23
-1.521893292518686230e-22
5.110291491690145371e-23
6.190883876177332573e-02
-4.169369048840562697e-03
-8.652249330784765125e-04
4.786694086211202106e-05
4.072804844165749515e-06
-3.765599925053368941e-07
-1.420255661200624945e-08
2.502292326458247007e-09
1.922389393325324690e-11
-1.480125117925651880e-11
2.587331429706406116e-13
7.856009467548077097e-14
-3.451678111480025387e-15
-3.662676955901916648e-16
2.904830970723849037e-17
1.387805536844778619e-18
-1.968852483465790949e-19
3.436630771884498233e-22
2.649351764897694430e-21
4.851050885755799763e-02
-8.628662143654682384e-03
-1.499952229918641126e-04
6.075970645267208978e-05
-2.794856710686141161e-06
-1.508445845458460553e-07
2.362216730714717145e-08
-6.766499664294362213e-10
-7.984625932108719570e-11
8.476531149469753285e-12
-1.162280715752871278e-13
-3.677839066099045424e-14
2.914473739258689581e-15
8.816501766016726324e-18
-1.578335791357597762e-17
9.525461655090029510e-19
9.469192768859521569e-21
-6.244434981101056231e-21
8.222565089918120589e-21
1.176409123315052922e-02
-1.749661108664378115e-02
8.036588184617513009e-03
-2.340144473577500297e-03
3.282256179618759208e-04
7.301704339383768600e-05
-6.772438479742249977e-05
2.690102797225344905e-05
-7.311240028023929868e-06
1.259538306952653519e-06
2.277636461476572188e-08
-1.274977258996931208e-07
6.394537945775879256e-08
-2.135243197772702409e-08
5.128483084964367590e-09
-6.647874713173976601e-10
-1.415318678281354632e-10
1.558521229284216328e-10
-5.917482209843392989e-11
6.582977732795211069e-05
-1.166180986302705095e-04
8.014133262872015820e-05
-4.099159930471806272e-05
1.389928292549864221e-05
-1.820587307731751761e-06
-7.965069508957186315e-07
3.583496959666197402e-07
4.736839871024121472e-08
-5.183220520029596166e-08
-5.453045167550879604e-09
7.995931848167933790e-09
1.412614389368630056e-09
-1.260173980315495525e-09
-4.379239290986638398e-10
1.699329631361677965e-10
1.270205292734705436e-10
-1.333061567870683697e-11
-2.760406873216000026e-11
9.288578089287203854e-01
4.433826533434418862e-06
-1.644134187511122300e-10
6.228272603905024832e-15
-2.405639783188022872e-19
-3.715906451606841190e-23
1.973438318811075702e-23
-1.573169748047921677e-23
1.105715992792723243e-23
-1.915017509598022241e-24
9.308573020853050384e-01
2.557289475797770457e-03
5.394977980220566410e-04
-2.510857966018787863e-05
-2.203545940965857215e-06
1.812917969237032007e-07
7.327275597598062919e-09
-1.132509518486290067e-09
-1.193555550934539560e-11
6.396388372045066335e-12
-9.214062969170425923e-14
-3.283255424696553277e-14
1.328369684870124096e-15
1.496964169028445724e-16
-1.121388731356722579e-17
-5.614073615015776573e-19
7.399117016126420365e-20
5.383405143418093487e-22
7.475858683872212498e-22
9.393336175578569369e-01
5.598189411640796045e-03
1.554721986793198001e-04
-3.489159498865337309e-05
1.275999331306450538e-06
9.166001642169539912e-08
-1.137609147188599360e-08
2.328850851891726740e-10
4.062324200192149050e-11
-3.575704148615726749e-12
2.010183623337144632e-14
1.634568781184568165e-14
-1.113620656002369284e-15
-1.219745634684797742e-17
6.372803786552245789e-18
-3.407165040186135290e-19
-9.615710089520319290e-21
2.488083234975411405e-21
-1.056198217384187168e-21
9.705708414004373674e-01
1.913203345703719249e-02
-5.335707570182026890e-03
1.103681112706736975e-03
-7.403415437322038658e-05
-6.793224699408742723e-05
4.188630022428532464e-05
-1.479446869714847453e-05
3.550092719061197347e-06
-4.304988558878888660e-07
-1.013841982433564899e-07
8.767031108709399898e-08
-3.450855404321612219e-08
9.500120661145600596e-09
-1.729329989198083159e-09
3.479572070043478710e-11
1.361227660175703741e-10
-7.896041515821465971e-11
2.501046412333668680e-11
9.926659423399920579e-01
7.320534683864104303e-03
1.353678686033086877e-05
-3.892244109558288469e-08
3.885542023690969671e-08
-1.988274269673238757e-08
8.213521194598220626e-09
-2.497198901196810902e-09
4.036792839509607743e-10
6.609956809378954346e-11
-5.884278962625393242e-11
9.466127998025532632e-12
4.240330993033956773e-12
-1.967778069300243752e-12
-1.997353341684208032e-13
2.841615398771852100e-13
-3.117934954330653550e-15
-3.366662882492091547e-14
2.447038112055926890e-15
1.035907973197431886e+00
-2.168302191502909362e-06
7.600825660289293449e-11
-2.672781587571446468e-15
9.430328719915613048e-20
2.751017872999795197e-24
-1.441821642996836902e-23
1.561044252713855600e-23
-1.298094184106546199e-24
-4.037638583522154442e-24
1.034926900847698228e+00
-1.255677286713582528e-03
-2.661639397873457962e-04
1.173670220401386482e-05
1.051720233657615041e-06
-7.967282319153877417e-08
-3.459556110021320823e-09
4.641712290967987594e-10
7.052859256843379380e-12
-2.437495848266495696e-12
1.758662089307869537e-14
1.168659072926830815e-14
-3.373300759312009821e-16
-5.081286082057017668e-17
2.745288649981304629e-18
1.946291617344885921e-19
-1.688230971879514103e-20
-4.465031669966028491e-22
4.997758138374734056e-23
1.030732537338391763e+00
-2.786022705307732768e-03
-8.315053781121528229e-05
1.714083090805808884e-05
-5.562606874995608516e-07
-4.781334512946552525e-08
5.111275047860937641e-09
-6.225372973069898218e-11
-1.974420515234886373e-11
1.372847150891254922e-12
1.403712709809865186e-14
-7.084857322780453268e-15
3.306714780064689525e-16
1.436966905412022110e-17
-2.341897285506003830e-18
6.424765370947143557e-20
6.388844416939165209e-21
-8.236244651352141316e-22
4.914919296407958839e-22
1.014909652430580289e+00
-9.748989921857175237e-03
2.712043838301789449e-03
-5.492951498473258370e-04
2.911692551923595774e-05
3.797497985769509037e-05
-2.206195407908719593e-05
7.477865279635466939e-06
-1.674774414894126475e-06
1.496198477838868924e-07
7.492650316609824113e-08
-4.955251320581608962e-08
1.764707245543803083e-08
-4.329188439216172024e-09
5.908777941805649318e-10
8.674651676742084856e-11
-9.517837183902893869e-11
4.239171308832077065e-11
-1.165961642078447829e-11
1.003687294704834088e+00
-3.687265601007753447e-03
-5.111705217044568424e-08
3.631610773918405714e-08
-2.213819269417350817e-08
1.133010204627744056e-08
-4.672518477498244931e-09
1.415871800508654397e-09
-2.262466639447291169e-10
-3.887943133449785543e-11
3.363809668232723081e-11
-5.291195417771173808e-12
-2.462149530354994916e-12
1.120258326085685012e-12
1.202964829187037924e-13
-1.629950288055914699e-13
9.601864417900052452e-16
1.943174346959985411e-14
-1.321397195341639730e-15
9.629824561403508287e-01
