9.393147030883721715e-01
-6.641343245384242729e-04
-1.113663616973223885e-06
-5.413558763152075665e-10
1.592216278803232392e-12
1.182105845311715776e-15
3.623249698125073179e-19
-2.033112474282431576e-19
-2.811659638592336961e-19
1.970685017262135748e-19
5.309130140762630123e-01
-4.799008536822467752e-01
-1.390966381036664277e-02
6.751104390224133001e-02
-2.736453691302648608e-03
-1.307074879333452316e-02
1.799782960575786435e-03
2.779821910478811296e-03
-7.626084550944080276e-04
-5.576025991166876083e-04
2.541479665173036143e-04
1.016186982206280452e-04
-7.564203789337111761e-05
-1.495676953055588729e-05
2.094132558979210128e-05
1.034389959697494465e-06
-5.825621586225182781e-06
2.101265260784072597e-07
1.329030948725596726e-06
3.088013168222714100e-02
-3.960658155386132667e-02
1.577258849018363038e-02
-4.671547892049704789e-03
1.131442867743350780e-03
-2.358659313821081897e-04
4.304589337138764845e-05
-6.682935977302812119e-06
7.554196607593513340e-07
-1.224377042690459859e-09
-3.477257352015807170e-08
1.444048675986144816e-08
-4.332183674259849292e-09
1.106764274700260486e-09
-2.511254735361251268e-10
5.077119555486077485e-11
-8.856524430804665672e-12
1.162278341638784080e-12
-6.071559919619340151e-14
3.847403662275192368e-04
-7.360652781889112997e-04
6.447319490852606357e-04
-5.182162032349844514e-04
3.834761669001322229e-04
-2.623700290313004725e-04
1.667933901222710361e-04
-9.905854178108399789e-05
5.527549005498414992e-05
-2.915153697122530979e-05
1.461693384762593558e-05
-7.009495365037094532e-06
3.233457084457724965e-06
-1.442947710908981805e-06
6.265055173639840931e-07
-2.667500489238333635e-07
1.137458979726590922e-07
-5.362030977667597755e-08
1.864254364734029126e-08
-8.552893267241964058e-10
1.648517484818740197e-09
-1.475006730719571827e-09
1.223997888101037354e-09
-9.402512434679297756e-10
6.667538963231848661e-10
-4.347238078662336247e-10
2.591591022927797234e-10
-1.401576165872761636e-10
6.798771174789445204e-11
-2.907248793703728440e-11
1.064739214379259148e-11
-3.158376816548247258e-12
6.562765093089966124e-13
-3.628395601244311834e-14
-3.772283798535854853e-14
1.633236291722735160e-14
-1.570520810872093600e-15
-9.168660535217241323e-16
4.169078158800085254e-01
8.658907861345735814e-04
-1.136746388608440983e-07
-5.893472143037022248e-11
-2.905739600883263062e-13
-4.047053479492680421e-17
4.895864095354425634e-19
-7.181425170891717033e-20
1.116448929467062506e-19
-1.016112084556733020e-19
6.296385405622428877e-01
2.222376340213512713e-01
-1.656159036468294807e-02
-2.208705243596399692e-02
7.815446520663979144e-03
1.962367684775539675e-03
-1.539177641436898251e-03
-2.715031644714927190e-04
3.656983525048917256e-04
3.017262098447845721e-05
-9.226699282644596140e-05
2.100251283743946098e-06
2.318557253695024888e-05
-3.080542849586507940e-06
-5.687362679731910791e-06
1.373578160057501934e-06
1.427325275893348255e-06
-3.376160504523899142e-07
-3.086421001711579730e-07
8.715056637845013388e-01
4.162801784938275490e-02
-6.888479791949560921e-03
1.193777598965679605e-03
-2.221195450641904841e-04
4.452018053669072736e-05
-9.351711061066995189e-06
1.970506117322361765e-06
-3.985078161776611422e-07
7.383872801399544230e-08
-1.159922764544754279e-08
1.190324176302816876e-09
9.595713765508881943e-11
-1.064807204672842339e-10
4.186514332990545262e-11
-1.273356738049893468e-11
3.360132738683524312e-12
-8.254182394469838623e-13
1.676946580667097358e-13
9.577318012503913680e-01
3.160537460895312262e-02
-1.181629675009582617e-02
4.417842139322775488e-03
-1.651798256499121100e-03
6.176477222681085255e-04
-2.309922525386740955e-04
8.641526338972313666e-05
-3.234657428871124969e-05
1.211953575788514919e-05
-4.548125486735985274e-06
1.711038700125126033e-06
-6.461184249282145621e-07
2.453128484179094585e-07
-9.387156115666315489e-08
3.638686860516491705e-08
-1.456692445406266341e-08
6.632574254733462980e-09
-2.279140922655395364e-09
9.903449238250467968e-01
9.631713054897902276e-03
2.330658654187197718e-05
5.639671501362139871e-08
1.364674069346777319e-10
3.302217742707583447e-13
7.980606494383098116e-16
2.708571136503662003e-18
-5.728428368288837587e-19
4.127368288467996701e-19
-2.823516099618610362e-19
1.848282618621375180e-19
-1.156078035354327005e-19
6.895486337775302214e-20
-3.918757273940772526e-20
2.125694320079883652e-20
-1.115024542941335160e-20
6.101583512789018750e-21
-2.233199991856481234e-21
1.108464595756787352e+00
8.867815736832848563e-05
1.262983176216159821e-07
-1.893268756476937864e-10
-9.713654065809984665e-14
-1.276669222744481492e-16
4.951361437559877495e-19
9.185272745731646756e-21
-4.716254252876235861e-20
8.646100794573603791e-21
1.114579526469220649e+00
-4.144735904451365451e-03
-1.544060250980696346e-02
-2.453687167948844037e-03
3.925137102332589868e-03
3.256093452426235850e-04
-9.970032677940427954e-04
1.028443478588117222e-05
2.537661445361715472e-04
-3.069369585709121978e-05
-6.167835578600223707e-05
1.487435597371796938e-05
1.435417617014535286e-05
-5.546571992632937338e-06
-3.123206753087148520e-06
1.770731010760824567e-06
6.436345848146593007e-07
-3.726143661787041076e-07
-1.172512583699677836e-07
1.068495931051186565e+00
-2.313109531578389638e-02
3.755915049565441890e-03
-5.500769887397569894e-04
6.013880688381610922e-05
2.438015204338552593e-07
-2.883663295266717510e-06
1.171808692102558460e-06
-3.441569976021886952e-07
8.534787154398628999e-08
-1.853108702298572157e-08
3.491653005445369841e-09
-5.327667517580117222e-10
4.681770519070883563e-11
7.709052043109258064e-12
-5.784709653099892158e-12
2.101808435747148761e-12
-6.386719481016866915e-13
1.504237700876323689e-13
1.021748148100637188e+00
-1.661396558653439534e-02
6.345831119533374212e-03
-2.423770383484701463e-03
9.256964086586375777e-04
-3.535033007420747102e-04
1.349638858084789106e-04
-5.150571611263297386e-05
1.964099489975243789e-05
-7.480159936690480414e-06
2.842766476717571650e-06
-1.076770719843263003e-06
4.057766686514479124e-07
-1.517519985259119182e-07
5.612002496296789851e-08
-2.043135301510239840e-08
7.330625791368156328e-09
-2.783069813113101026e-09
8.317729010914445597e-10
1.004863058225577532e+00
-4.863058225577558333e-03
-1.217872555339889834e-18
1.106652191547680349e-18
-9.674498266206069267e-19
8.133821629590288050e-19
-6.573543478779154258e-19
5.103605277705602227e-19
-3.803637951495601262e-19
2.718739835437584648e-19
-1.861674633648060617e-19
1.219653253894180706e-19
-7.633023706341281004e-20
4.555746370379213057e-20
-2.590060347227426339e-20
1.405633211149803222e-20
-7.407003323606437826e-21
4.068672679494562731e-21
-1.483670369020877850e-21
3.026516290726817271e-01
