4.012059692007826084e-01
-8.554403343262951187e-04
8.016476753470745213e-07
-7.078175184405947225e-10
5.792276751350131198e-13
-4.218090742764771045e-16
2.287987025431387869e-19
1.587516597584288634e-19
-1.403176193494093670e-19
3.143871353920375317e-20
2.399869332732343374e-01
-1.659286256603720033e-01
9.589231650271253654e-03
1.081242465200757917e-02
-4.196064928974897225e-03
4.493766751214135552e-04
1.984011095217420579e-04
-9.801710423479616219e-05
1.409504737017523273e-05
3.640659577061087531e-06
-2.231666844838903295e-06
3.662308849479566003e-07
7.405578752183328829e-08
-5.127862886462731644e-08
8.583436319239809055e-09
1.820372656068935861e-09
-1.228491523485527046e-09
1.513769396462167029e-10
5.768767406983691858e-11
4.445426301429343530e-02
-3.633782035559074419e-02
8.413206047377656815e-03
-1.415649358943066186e-03
1.886682065507381189e-04
-1.926769283463466170e-05
9.727215583918248199e-07
1.863160239898011078e-07
-7.743558314825072607e-08
1.777338654276532917e-08
-3.218842625886606541e-09
4.883285942712100966e-10
-6.075888742121206729e-11
5.308445155832982523e-12
3.482115122338772963e-16
-1.361302976902410614e-13
3.987987244494013775e-14
-8.390134164171170432e-15
1.374163598817394528e-15
2.441874532463940688e-03
-4.479502265855782490e-03
3.475172606658326769e-03
-2.310725296319406531e-03
1.339675185267125450e-03
-6.898086478550287176e-04
3.213072920200647103e-04
-1.378191402898455394e-04
5.536435581215707539e-05
-2.115536887578388134e-05
7.793397502088961583e-06
-2.797410268537658054e-06
9.853411932629841894e-07
-3.416934294108575486e-07
1.166012659530132941e-07
-3.901099737773297972e-08
1.277024131647156187e-08
-4.340085335766588448e-09
1.193771005336644863e-09
1.603786002120041687e-08
-3.011448307185180576e-08
2.488052538149166555e-08
-1.799511968389807253e-08
1.128102142397432502e-08
-6.025326005615946606e-09
2.659494065347397761e-09
-9.124586971623937904e-10
2.064673744295379430e-10
-8.049021776627724013e-12
-1.458888284803987716e-11
4.850374134717692006e-12
2.745653648009693390e-13
-5.777289141081512743e-13
6.889219239877642638e-14
6.030602018678167084e-14
-1.600681900006678913e-14
-5.836747681910041750e-15
2.531478227771504813e-15
7.409583714129898135e-01
3.574908060760159613e-04
-3.347336945314866384e-07
3.228790789324191555e-10
-3.034300608484079784e-13
2.705310705726840114e-16
-1.384395124890616807e-19
-4.778149430647617581e-20
-4.265746280433213442e-20
4.507007043987608636e-20
8.117590610024262299e-01
7.449799586164540521e-02
-2.037074232538356455e-03
-4.404925955895833481e-03
1.606419583428580827e-03
-1.905689277914948720e-04
-6.687728037672462144e-05
3.832421821003259761e-05
-7.148891947048208855e-06
-8.912634606318856846e-07
9.010147358185988089e-07
-2.151017014012461411e-07
-8.338427150770250364e-09
2.102017903666517747e-08
-5.832942732928410740e-09
-4.801971043833935792e-12
4.966100215775104496e-10
-1.338491031521901055e-10
-4.876986249507751258e-13
9.128550472595222676e-01
2.714005327432913658e-02
-3.941373732607523009e-03
5.158600258648843827e-04
-5.791017849806546260e-05
4.867239660945388763e-06
-9.001680726110165742e-08
-8.252196129578931181e-08
2.541994227222616532e-08
-5.374762979397929349e-09
9.537943291383014781e-10
-1.483844125512226360e-10
2.008548341491984591e-11
-2.211567534429235186e-12
1.441910954485453015e-13
1.438664849740948162e-14
-8.152424222073911454e-15
2.157103747989446384e-15
-4.135869200133030484e-16
9.712039728085588575e-01
2.166666656533187962e-02
-8.144714274971789209e-03
3.057000062884062796e-03
-1.144318721834512590e-03
4.264910996646205030e-04
-1.579243728224649721e-04
5.795024695903130144e-05
-2.101421568026289407e-05
7.508843715486771491e-06
-2.636302014703811073e-06
9.068582042086503195e-07
-3.046998785004163214e-07
9.962046101285668237e-08
-3.151820096130773277e-08
9.558113407970035790e-09
-2.730988652335749063e-09
7.395366327475580491e-10
-1.591780638642436933e-10
9.934641503636763016e-01
6.525152817860052461e-03
1.067931164684264074e-05
1.747816419558769169e-08
2.860601534904682365e-11
4.638281362553059826e-14
3.729231833871688224e-16
-1.870980620625356832e-16
1.088987190494839809e-16
-5.789234209096520497e-17
2.784696228686817105e-17
-1.193946608230911817e-17
4.454393722985608071e-18
-1.383828314907086035e-18
3.233572748785108264e-19
-3.746843312455704343e-20
-9.593381774588175425e-21
6.600755826689560491e-21
-1.532767851419041309e-21
1.114867062445092927e+00
-9.167194659048773979e-05
3.140488682282255428e-08
9.160845580977872685e-12
-3.551124095302614990e-14
4.805885902984613258e-17
-4.671254155100098134e-20
1.712729694164182328e-21
-1.278043331458162001e-20
9.264885317859629080e-21
1.089713628330033046e+00
-2.842784736901968895e-02
-1.382254515570999383e-03
1.761222955573223635e-03
-2.946872104900751508e-04
-4.488685182522039003e-05
2.746226825194236288e-05
-2.004801569893240215e-06
-1.789928494321508962e-06
5.606362471509434559e-07
3.506566435921065530e-08
-6.338175473360796871e-08
1.370604955092957286e-08
2.395273110731121927e-09
-2.025641128280520961e-09
3.513905814941861391e-10
9.221743674479304773e-11
-5.677053791940393672e-11
8.038742955079719597e-12
1.045075600983977893e+00
-1.409066759374181903e-02
1.947790758697500683e-03
-2.201317693103623050e-04
1.628856718877584933e-05
4.713420274400162304e-07
-4.787748501725364912e-07
1.164291702972394762e-07
-2.034708612535533518e-08
2.816365902801968654e-09
-2.895131544394192427e-10
1.190921610319854646e-11
3.852114771005612032e-12
-1.396336355522498491e-12
3.013013308713546916e-13
-5.069752459916104824e-14
6.814462015809411846e-15
-6.336259379113104442e-16
8.856221388618037316e-18
1.014674297510877565e+00
-1.119595865330875670e-02
4.264545171980527703e-03
-1.619701535041538501e-03
6.121241912966629952e-04
-2.295135250068569273e-04
8.505331536778229051e-05
-3.100981775017683272e-05
1.106445891344805421e-05
-3.839900030520071211e-06
1.286503823560380358e-06
-4.118548507499941425e-07
1.239279004593865232e-07
-3.394597600503990955e-08
7.804217951022804619e-09
-1.046254534357084021e-09
-3.366236377394808261e-10
4.704695726033054886e-10
-2.179558192673453810e-10
1.003284016261026590e+00
-3.284016261026014016e-03
-9.897534044585394216e-16
8.367819654002552066e-16
-6.602546677224909982e-16
4.852263973349284454e-16
-3.311945442751162405e-16
2.091492630571210248e-16
-1.215614916899927411e-16
6.456302466291191370e-17
-3.101730534151009594e-17
1.327659162862161453e-17
-4.941424690713299265e-18
1.529290181456164415e-18
-3.546105377353500475e-19
3.975051602270833381e-20
1.119044069924006639e-20
-7.365792766357691963e-21
1.667614950668480734e-21
8.454235588972430770e-01
