9.312125333359742019e-01
-1.627231242311625279e-04
-2.366642666003823723e-07
-1.450037200803119403e-10
-9.575111067112655594e-15
4.746364442186279551e-17
5.951884429507856880e-20
-3.272746659908643587e-20
1.502466700185430595e-20
-7.621238266318699610e-21
6.732594906180173755e-01
-3.641712016801623153e-01
-1.069712905955599314e-01
1.541485865870779667e-02
2.029472857144973275e-02
2.330864627775521870e-03
-3.213040367052708880e-03
-1.166421215909578795e-03
3.554847137643467672e-04
3.108530218921620064e-04
-1.028056007283624459e-06
-6.300636097816894588e-05
-1.401437677785712022e-05
9.779338250104851836e-06
5.107178007787089636e-06
-9.265827520964722417e-07
-1.293173446712981075e-06
7.715207963883669935e-10
2.294684113357183678e-07
7.876477570130757666e-02
-1.021848507436440706e-01
4.078963167913238208e-02
-1.173249440079520908e-02
2.552663435508778934e-03
-3.824976075510612525e-04
7.952144547786322264e-06
2.121493719306767928e-05
-1.022946576251157672e-05
3.281200077604441217e-06
-8.158948863425753531e-07
1.493852532451291398e-07
-1.133828999063055182e-08
-5.690574057597137946e-09
3.606988655418572080e-09
-1.318678532556304807e-09
3.652774483738539241e-10
-7.664686869606948995e-11
9.961950920426985000e-12
8.940842819257905066e-04
-1.713400576946173034e-03
1.508271743849243967e-03
-1.222063195880799874e-03
9.140547450914523770e-04
-6.335520217974838567e-04
4.087512410932449269e-04
-2.466918014111779797e-04
1.400042281518424129e-04
-7.512442157476571856e-05
3.832331295275888042e-05
-1.868878522498280839e-05
8.759653084630400699e-06
-3.967236573046878513e-06
1.745588336737318994e-06
-7.519007412930567677e-07
3.237485302630717957e-07
-1.537862202920328219e-07
5.365903392256582475e-08
-2.330044792916874573e-09
4.496906432374091028e-09
-4.039582632425441367e-09
3.374776814354926282e-09
-2.617661053507567322e-09
1.880417685702543863e-09
-1.246616054805045820e-09
7.589694026945817197e-10
-4.214830432133002116e-10
2.114535240081865768e-10
-9.447738151429304476e-11
3.674944219018650716e-11
-1.194801468910478974e-11
2.965716052617195975e-12
-4.032060986870003465e-13
-6.657006002870398755e-14
5.685883143748336247e-14
-1.238280765866742083e-14
-7.441705692974135747e-16
5.062988765024911686e-01
3.418864107933815288e-04
3.871994631500802065e-08
-2.703329835748172685e-12
-1.056830300716697687e-14
-8.921084316828812108e-18
-9.960666050688421675e-21
-8.258785543169992095e-20
9.507295624251543059e-20
-3.156722903681655672e-20
6.507840803671373076e-01
1.746464383108908280e-01
1.821249397765477979e-02
-1.615133714805642301e-02
-3.349299398842127320e-03
1.316779190447324270e-03
9.233488486176734704e-04
-7.318965877774696681e-06
-1.825365733065767882e-04
-4.632404592638060385e-05
2.595250896317859745e-05
1.655514270599254084e-05
-1.299384912670100162e-06
-3.924678867543472838e-06
-7.230118112066576876e-07
6.934097111200815023e-07
3.528131405442252355e-07
-8.121447881960894733e-08
-8.851557559854612123e-08
8.790721599189322832e-01
4.183009310075300885e-02
-8.319788199314085905e-03
2.008959525781057413e-03
-5.455462238288863583e-04
1.450852674759770878e-04
-3.356968110164723965e-05
5.738938706908984753e-06
-2.359878262311671359e-07
-3.391521399614744502e-07
1.890928186966911763e-07
-6.759522267123296841e-08
1.866875336020323306e-08
-3.904836543444779003e-09
4.473403866762854784e-10
9.264706024944721614e-11
-8.348982445514688046e-11
3.700769710353652212e-11
-1.049790747097045973e-11
9.609405093404681519e-01
2.925539257810062799e-02
-1.095667683904724167e-02
4.104007980132571252e-03
-1.537658522792868581e-03
5.764547707467455135e-04
-2.163580209554658148e-04
8.138253131432647992e-05
-3.073290505903968599e-05
1.168462938605815007e-05
-4.491493876832164473e-06
1.755553822577471873e-06
-7.025523951994284615e-07
2.899154277962720357e-07
-1.241477685762612234e-07
5.557187197505187718e-08
-2.657900794510008416e-08
1.480755049993681329e-08
-5.689253441676068507e-09
9.910925490852589004e-01
8.887570262602872626e-03
1.983628025968112523e-05
4.427284432531548260e-08
9.881310770544173679e-11
2.205527259496487434e-13
4.836988246933230906e-16
7.784757560141191869e-18
-5.035307797340109299e-18
3.646654939958213034e-18
-2.533582226628387476e-18
1.687525111811322392e-18
-1.076210506449266828e-18
6.562878316761774670e-19
-3.824205215583468166e-19
2.136982027451946531e-19
-1.167857566709153382e-19
6.685823490996402478e-20
-2.495652936010448379e-20
9.943831695326869058e-01
1.344569815705890523e-04
1.442671007196564564e-08
-3.626914139330705698e-12
-7.262585866788910426e-15
-5.993497233988114184e-18
1.464224826590778125e-20
-2.849880700012434663e-20
7.921321712252273210e-20
-4.147772351511119388e-20
1.040772777788514514e+00
5.150917405617744249e-02
-2.002294598574485499e-03
-8.794896003280037663e-03
-9.080595406993415431e-04
1.099225934817626635e-03
4.754183873362520692e-04
-8.673432430017654314e-05
-1.201814120542989459e-04
-1.399291852563931979e-05
2.188026816489124012e-05
8.724379642291434721e-06
-2.499801446483852889e-06
-2.549331618128002366e-06
-1.025972614130638978e-07
5.430613198734746827e-07
1.737765950910577043e-07
-7.789020279406741741e-08
-5.436921087861952329e-08
1.061721852402907507e+00
-1.890689795571447521e-02
1.943294050101052788e-03
2.386847820695134727e-04
-2.416835624264901427e-04
9.825367184706856145e-05
-2.933446119342089008e-05
6.747956266375365175e-06
-1.031018177418557871e-06
-1.776017371421696395e-08
8.852270202663661426e-08
-4.196081557826557309e-08
1.366961464634670858e-08
-3.424569970626669927e-09
6.074056515245839627e-10
-2.762437417218316218e-11
-3.544219291217747360e-11
2.179816810724818053e-11
-7.014091296598690672e-12
1.020051546580365676e+00
-1.531721529364102156e-02
5.849949138833487362e-03
-2.233861755559629798e-03
8.527376005900286693e-04
-3.252957276130819496e-04
1.239257208239598644e-04
-4.709269139692443597e-05
1.781418228694647203e-05
-6.684902798894306204e-06
2.474162921190965724e-06
-8.943620053320884685e-07
3.102864874119124627e-07
-9.974277335945020257e-08
2.711039999431064614e-08
-3.962395010227889280e-09
-2.358039430094354426e-09
3.592688974744747792e-09
-1.798602991487016027e-09
1.004483817890285957e+00
-4.483817890285943242e-03
-8.516570890417230183e-18
7.766029190643302973e-18
-6.822877314780882412e-18
5.773351558967854391e-18
-4.703190750687530055e-18
3.686585544502524319e-18
-2.778637064222263335e-18
2.012161986214234706e-18
-1.398610773723078088e-18
9.320467138641543492e-19
-5.947324526797652240e-19
3.629033671852850276e-19
-2.116607504942823818e-19
1.184146474012890405e-19
-6.477633215997568024e-20
3.713227418957445641e-20
-1.387428531099133316e-20
1.275639097744361017e-01
