9.300172060709933630e-01
-1.305221610103449170e-04
-1.814933659853923612e-07
-1.077996100784910517e-10
-1.485107011957933294e-14
2.384032388170614572e-17
-2.524206471753850681e-20
2.040176908621594267e-20
-7.245649182191043868e-20
5.727867340548073550e-21
6.989980596958577097e-01
-3.336800605861661717e-01
-1.109826698189331218e-01
4.212662695021894034e-03
1.757769348793468758e-02
4.450103037909053025e-03
-1.846838261087286942e-03
-1.305255530371672535e-03
-2.233829207588123043e-05
2.387213741168410833e-04
6.997576784583161549e-05
-2.645273179137439516e-05
-2.085216185577966358e-05
-6.259466968344462451e-07
3.900965445726008368e-06
1.204366671559272534e-06
-3.917778636717305406e-07
-2.863977182765849017e-07
-2.701549768595930281e-08
9.316201652433192537e-02
-1.205682574834308629e-01
4.766800318150909294e-02
-1.336159107282067215e-02
2.708789033020925913e-03
-3.077963247930656440e-04
-4.562862091371380698e-05
4.237586228824509308e-05
-1.639892164353999078e-05
4.574155977443481090e-06
-9.276982574365328876e-07
8.930816770613753149e-08
3.046875824864523326e-08
-2.213464086746824286e-08
8.414342976234781963e-09
-2.339506748443823581e-09
4.592684883332287926e-10
-2.201837416114089701e-11
-2.041966071066121128e-11
1.058674779276743945e-03
-2.029132754788371459e-03
1.787018935569212406e-03
-1.448970037456257009e-03
1.084809842904459719e-03
-7.527589562861433355e-04
4.862687070035125788e-04
-2.938602751578518074e-04
1.669920228791941207e-04
-8.971779960617307147e-05
4.581987511725085739e-05
-2.236623037343462553e-05
1.049117194096896831e-05
-4.753682120589601266e-06
2.091875284721670755e-06
-9.007417556405799603e-07
3.874232653062870570e-07
-1.836660873131843405e-07
6.399235156383154207e-08
-2.755629666721826058e-09
5.319170403325620168e-09
-4.780670126109407434e-09
3.997366507001089967e-09
-3.104441253416988470e-09
2.233807328790827442e-09
-1.484052248264166192e-09
9.059508189684862259e-10
-5.047968241737624511e-10
2.543228760490810587e-10
-1.142503720902323650e-10
4.476613959648559261e-11
-1.471060227828131850e-11
3.720869834982522238e-12
-5.364652559466322405e-13
-6.943683557859211408e-14
6.861970380742041543e-14
-1.608654044015234995e-14
-4.815837493457733378e-16
5.227822619084168121e-01
2.965794785720324745e-04
3.601166133954373119e-08
-3.282665525932740782e-13
-6.103312192340171425e-15
-6.104991876151962818e-18
7.325494648621518217e-20
2.374777346327632384e-19
6.458478540872099582e-20
-1.142375242693719296e-19
6.569099270010142488e-01
1.654630871488977639e-01
2.221520574593744551e-02
-1.331562362971083768e-02
-3.991525406005895678e-03
5.258595172164047364e-04
8.276312363340123691e-04
1.605832246348840758e-04
-1.042621806452924654e-04
-6.379324489785679914e-05
7.636408603770566871e-07
1.310790646016352356e-05
3.904926489705743123e-06
-1.493103427233031879e-06
-1.263491236235514576e-06
-6.961529471777489836e-08
2.318013741122027014e-07
5.860514936205877940e-08
-1.906677997776300347e-08
8.828059837561974543e-01
4.189765330416387462e-02
-8.989839314934753092e-03
2.376979895089916233e-03
-6.796934633612644909e-04
1.794876858959132382e-04
-3.795733643052739422e-05
4.416811354081809093e-06
9.800741979057287754e-07
-8.787180594092665435e-07
3.628326303205575394e-07
-1.086387898169558262e-07
2.380634028834234428e-08
-2.661428731201308106e-09
-7.246500807604750304e-10
6.028754222932553248e-10
-2.437039568327036765e-10
7.351668403423354861e-11
-1.530400494782136283e-11
9.625137633799358827e-01
2.810028919477912390e-02
-1.053306781001609599e-02
3.948960074181250175e-03
-1.481126700545168243e-03
5.560040091547429611e-04
-2.090779139876667236e-04
7.887579125390497333e-05
-2.992973037187687062e-05
1.146969012057217098e-05
-4.465291742770871295e-06
1.779517623216279642e-06
-7.320440950325564666e-07
3.131070580821386356e-07
-1.398763703849186845e-07
6.554332970209811472e-08
-3.282862615529264050e-08
1.906509129623467383e-08
-7.465989466127968482e-09
9.914582388859223272e-01
8.523481107571038301e-03
1.824088592797256197e-05
3.903685775913561520e-08
8.354177241510031652e-11
1.788005832987881565e-13
3.704553825035812824e-16
1.035943158483207852e-17
-7.196236733030375933e-18
5.220451523310749482e-18
-3.633608143663889484e-18
2.425946006668578473e-18
-1.550025040078809528e-18
9.487106383639398876e-19
-5.541759020285175337e-19
3.113842149824886069e-19
-1.704122432439183207e-19
9.842313889265797176e-20
-3.676908559644335288e-20
9.762841241123652036e-01
1.299024080303863517e-04
1.202736538129824353e-08
-1.975042120028072246e-12
-4.242174638131414146e-15
-3.394619044851898171e-18
7.587666377546302147e-20
6.497679045298080244e-20
-8.234765467115867263e-20
4.924637523577541142e-20
1.025503265838122235e+00
5.692348063428338822e-02
1.567862476598323252e-03
-8.090710193810565776e-03
-1.572239884553029363e-03
6.569808202685953856e-04
4.908775781966858657e-04
3.603784143304932929e-05
-8.311875375803657706e-05
-3.365586169688343239e-05
6.164460148458539465e-06
8.811532192059451688e-06
1.462648046553030978e-06
-1.377915757955783567e-06
-7.252560044999591133e-07
7.207265398328258896e-08
1.697823648717745693e-07
1.974658094581292357e-08
-2.166723042619444630e-08
1.058461928906558658e+00
-1.693424161512219889e-02
1.128668186481781178e-03
5.763865035420685226e-04
-3.611856553143169492e-04
1.316967197345044111e-04
-3.565892936237518017e-05
6.804728010931543126e-06
-4.190770343617325723e-07
-3.576269773402794453e-07
2.125578540281269893e-07
-7.574887605443864776e-08
1.983116215079175935e-08
-3.477230464704758042e-09
4.564157701350812695e-11
2.771596685744991059e-10
-1.441714542991239455e-10
5.118398760224779154e-11
-1.231297441280909889e-11
1.019222621849596555e+00
-1.468365412584054369e-02
5.607676950743115986e-03
-2.141081765183143817e-03
8.170962462302386840e-04
-3.115180587215405912e-04
1.185357998121159266e-04
-4.493888303833586193e-05
1.692327746222871670e-05
-6.297472222658337389e-06
2.294800442060074273e-06
-8.057002538953376873e-07
2.639113861979529602e-07
-7.449717122198191809e-08
1.303230713411263642e-08
4.029157685020594417e-09
-7.059269676253440084e-09
6.686229191540453377e-09
-3.074826559178027523e-09
1.004298527973419564e+00
-4.298527973419534985e-03
-1.180443540735292947e-17
1.076901738568932492e-17
-9.467188934556811850e-18
8.017519748815169328e-18
-6.538051805232590817e-18
5.131123318032494028e-18
-3.872979192462788830e-18
2.809310753065189054e-18
-1.956422125977310482e-18
1.306611990219568029e-18
-8.357974137967446220e-19
5.114332859173549681e-19
-2.992571612275142189e-19
1.680656796292895925e-19
-9.236917711764348953e-20
5.322764440005182484e-20
-1.994628156041470598e-20
6.999999999999995115e-02
