9.237753848517648025e-01
-2.344164088671826535e-03
-1.973454159277042115e-06
4.621588186603570311e-09
2.176532445769005919e-11
-9.247022883448413231e-14
1.662493669000764142e-16
-1.322663890481438033e-18
9.390945451180877554e-20
1.967698230759259224e-19
4.247016919715770333e-01
-4.782798108297020567e-01
8.718342418633284741e-02
4.160728807326541379e-02
-3.017380621388782852e-02
3.279287217146222531e-03
4.763685453934086642e-03
-2.433163406262471053e-03
-1.523434679167866041e-04
6.336343609172107212e-04
-2.241691425943821041e-04
-5.919934093200911900e-05
7.931395773133951112e-05
-1.921767926256810435e-05
-1.120169990596351503e-05
9.664847569774512805e-06
-1.698984931863639906e-06
-1.754459776419397653e-06
1.084674818694113740e-06
1.784492213162317334e-02
-2.188057607854924230e-02
8.216107881683240577e-03
-2.297835847775209651e-03
5.311046646737923671e-04
-1.080088863138310706e-04
2.005532454458213711e-05
-3.457572100440123565e-06
5.520235920718504128e-07
-7.934325464025917448e-08
9.391349666227808892e-09
-5.929363804986695811e-10
-1.243234736828833993e-10
6.829050124513638579e-11
-2.089435217377762836e-11
5.268697819783530378e-12
-1.192272164884876578e-12
2.582477721200174824e-13
-4.851199454878230998e-14
2.807485039367342366e-04
-5.351594101372986927e-04
4.637434064679767033e-04
-3.663276917776229287e-04
2.648549620435439720e-04
-1.761666618198931664e-04
1.084344188704751015e-04
-6.215967313485278836e-05
3.340678862769642921e-05
-1.694710553725192707e-05
8.170398033322366033e-06
-3.768727673703431138e-06
1.674093752986189432e-06
-7.206344752974040099e-07
3.024633073005155919e-07
-1.247611032514652002e-07
5.161651111012150066e-08
-2.362585195521082846e-08
8.080833346353260464e-09
-4.054358915186380411e-10
7.795860661258984242e-10
-6.924974290754401339e-10
5.676173839403478079e-10
-4.283464442118199281e-10
2.965826378031533055e-10
-1.874810923416922250e-10
1.074397124044325844e-10
-5.524941782263890889e-11
2.510416709118573221e-11
-9.829558929891365902e-12
3.166652953182095688e-12
-7.529488715698229541e-13
8.242738204026710825e-14
2.689207052965194892e-14
-1.641031300348356880e-14
3.044724202660258211e-15
6.800865646021386929e-16
-4.714968433105009832e-16
3.960785825781135139e-01
1.918415677924838582e-03
-2.043434345692784608e-06
1.460988714931484114e-09
-6.263063202776210796e-12
2.419382727829959871e-14
-4.846551921244248499e-17
1.812822170125199074e-19
1.663149206666584982e-19
-1.047344339434671690e-19
6.563242386846723786e-01
2.364356399039948264e-01
-4.680537839119376653e-02
-9.667677525397109020e-03
1.237521936225588308e-02
-4.171541468993147234e-03
-3.339088063012781338e-04
8.763057217311282779e-04
-2.588974764921876236e-04
-8.809882264209079581e-05
8.936706726822499366e-05
-1.248597791321834921e-05
-1.712042170562760724e-05
9.943487265450876096e-06
3.522269609278415930e-07
-2.785499333416024326e-06
1.143554565833711854e-06
3.657587461274048906e-07
-3.939461298124758996e-07
8.881699353918134365e-01
3.631257155200480480e-02
-5.926895794692925781e-03
9.779774178418306797e-04
-1.641385314051494913e-04
2.811439392924497635e-05
-4.903559211547870545e-06
8.637072720164869671e-07
-1.517091139295788342e-07
2.616677757447104957e-08
-4.348403028260546759e-09
6.770193868985841868e-10
-9.350187460453009657e-11
9.746054764094300542e-12
-8.837748216830470805e-14
-3.554626076389320952e-13
1.431765662348247080e-13
-4.416222717935281009e-14
1.049030915715728531e-14
9.633562669994696348e-01
2.747889751122877325e-02
-1.030315415334877652e-02
3.863179086260134891e-03
-1.448529625330492081e-03
5.431574329482755960e-04
-2.036827043185812191e-04
7.639009586821270657e-05
-2.865589053638179832e-05
1.075338465585930578e-05
-4.037555840544605765e-06
1.517240643200154099e-06
-5.708360502587238974e-07
2.151297158059519749e-07
-8.128037558716179080e-08
3.087366063689847908e-08
-1.197585418144619230e-08
5.208084317139046423e-09
-1.735008184505791502e-09
9.916534252722943865e-01
8.329119971016929469e-03
1.741825446572935641e-05
3.642588769175235781e-08
7.617556008421467473e-11
1.593021929145944000e-13
3.329695360159229302e-16
8.264471373337767926e-19
-9.324390940346041046e-20
6.607412573345812050e-20
-4.396391769857457386e-20
2.789558309382812092e-20
-1.680818796183391133e-20
9.625357250217078306e-21
-5.199435546214682689e-21
2.663130848594519953e-21
-1.292891034914802035e-21
6.445438866180434852e-22
-2.297100536854386163e-22
1.186722964250065848e+00
-1.931634070860956749e-04
9.867405383289485269e-07
-4.385786672623202166e-09
9.910792156588530383e-12
-2.023037772521062586e-14
7.781151413959606630e-17
-2.367429767812939087e-19
1.001028056141450790e-19
-9.497177317197037500e-20
1.139528052109302969e+00
-5.601445943365310209e-02
-4.925523724468442062e-03
5.470482385064937003e-03
4.528363840083804589e-04
-1.260467419848778931e-03
1.276089742979408573e-04
3.570051698395816089e-04
-1.889881469183391080e-04
-2.006233304530019237e-05
6.177736658775314271e-05
-2.227667466141363751e-05
-6.423656169314713122e-06
8.582526396013006218e-06
-2.003226811063804978e-06
-1.419671741237250139e-06
1.128954369640386423e-06
4.170539332287593448e-08
-2.555728334150828954e-07
1.059298301030675793e+00
-2.021775169664931718e-02
3.398169993959726087e-03
-5.535548565255961556e-04
8.493866849781387329e-05
-1.166165054672203254e-05
1.257581477279197173e-06
-4.478476542645188769e-08
-2.835994701418645206e-08
1.189564030306730873e-08
-3.311149636198164308e-09
7.784321777627785308e-10
-1.643839422783635366e-10
3.179212802778759607e-11
-5.625932278027357592e-12
8.909469898825151645e-13
-1.175482021534080733e-13
8.890166199806223173e-15
9.673298584222773100e-16
1.018783116126893873e+00
-1.434894941379668241e-02
5.480731189924641956e-03
-2.093384131237899237e-03
7.995448275719526038e-04
-3.053543186581040040e-04
1.166014482705079569e-04
-4.451371333577759166e-05
1.698617227274562224e-05
-6.477232553029624377e-06
2.467183896962715511e-06
-9.381865063536300517e-07
3.559013423601573519e-07
-1.345598683002134436e-07
5.065375647541886064e-08
-1.898866117351599623e-08
7.167862800831540022e-09
-2.976732514185249485e-09
9.585226505144886929e-10
1.004200044054482710e+00
-4.200044054482709142e-03
-2.999641961406692380e-19
2.708179585758391115e-19
-2.346065242050403966e-19
1.949230702284414497e-19
-1.552350045995870775e-19
1.184110971393574496e-19
-8.643030307575820446e-20
6.029963031670513006e-20
-4.015466030757228654e-20
2.548003980376883976e-20
-1.537531904585262969e-20
8.801577244709762763e-21
-4.767786710318724917e-21
2.442468341653960448e-21
-1.197549762777535529e-21
6.032462252296048636e-22
-2.086240125214921142e-22
4.502255639097744178e-01
