4.414317620128220820e-01
-1.098729119124992751e-03
1.184560600998133110e-06
-1.174238190108184132e-09
1.035198639649009670e-12
-7.373578417133272063e-16
2.092859642026338248e-19
3.863459431106840455e-20
-4.744699447618833285e-20
2.203106202058703234e-20
2.520198340979289964e-01
-1.900511931680484712e-01
1.630652491128554635e-02
1.195816042516605580e-02
-5.607583776148179766e-03
8.581962964516407768e-04
2.099162429122659456e-04
-1.479558137348477764e-04
3.052715877649773529e-05
3.243769909651586212e-06
-3.802196977984898292e-06
9.251231239183918346e-07
5.313858263277376228e-08
-1.015935722130397569e-07
2.662538237371234041e-08
1.348409975710338758e-09
-2.935540112814822266e-09
6.624424241902240815e-10
6.504036714832783120e-11
4.060369681641593648e-02
-3.470999384125223602e-02
8.486832252212127628e-03
-1.524968743358679759e-03
2.223976150964347156e-04
-2.664454325997754540e-05
2.298696868746530136e-06
-1.287535215661438771e-08
-5.427463438111406095e-08
1.647859861288646407e-08
-3.517113238197326558e-09
6.237831380034007775e-10
-9.502031007958783841e-11
1.214246649549887575e-11
-1.144235401492228120e-12
2.287567094681306924e-14
2.359143673022448024e-14
-8.070115039810670602e-15
1.712496994579567576e-15
2.033498650745662988e-03
-3.747077313663763933e-03
2.943917875562254531e-03
-1.995297717485635183e-03
1.184718565172675772e-03
-6.266861235363383820e-04
3.004027643167541078e-04
-1.326825006198507375e-04
5.486777376761363672e-05
-2.156208190562731143e-05
8.160371789999943450e-06
-3.007212487568887089e-06
1.087921304369911976e-06
-3.883118636917893270e-07
1.370172901389060002e-07
-4.779923227070006792e-08
1.658277077726101016e-08
-6.178934229474292296e-09
1.841573139363570554e-09
7.725201355731887025e-09
-1.454053043203816113e-08
1.210220185978481584e-08
-8.866825381157427686e-09
5.668768939814800353e-09
-3.115701945516204319e-09
1.434823739122271339e-09
-5.271593210558494587e-10
1.374318365848827228e-10
-1.492308783646369248e-11
-5.978386684390983952e-12
3.110486786602536269e-12
-2.344013935124325443e-13
-2.708033381746794110e-13
7.803015860469571631e-14
1.946119439398627922e-14
-1.253816757636794359e-14
-1.182168312592902519e-15
1.770177814709928057e-15
7.220033893593601482e-01
4.617932769761423813e-04
-5.115584587009309615e-07
5.718259154166879734e-10
-6.090075406376588734e-13
5.980497502707482751e-16
-3.836895431052182401e-19
4.656136797434429239e-20
-9.528025794593300690e-20
1.975154142877944247e-20
8.049283041221421131e-01
8.505730559998921081e-02
-4.647951515472257752e-03
-4.846799700044820448e-03
2.159356164169288703e-03
-3.672226462935067239e-04
-6.178968635312289662e-05
5.695401719350032341e-05
-1.493885958188346727e-05
-1.595783357993319350e-08
1.426850158020865901e-06
-4.996292942011115764e-07
3.704231918728122220e-08
3.502809576046788890e-08
-1.535684472130217214e-08
1.762215015766996361e-09
8.774107210730503040e-10
-4.272967834949305153e-10
5.787843612883072440e-11
9.141494072465294884e-01
2.716093145365592459e-02
-4.079020542019667905e-03
5.667215929135859150e-04
-7.063324139295628257e-05
7.427418215602216639e-06
-5.276704206146224600e-07
-1.853298153469707710e-08
1.783589003377151765e-08
-4.828167795665902816e-09
1.002997694228960673e-09
-1.807477912561802080e-10
2.912997861204257462e-11
-4.177242877430638851e-12
5.099217292689589804e-13
-4.493246492725774312e-14
1.382022391383609185e-17
1.322808587640650300e-15
-3.847929130720482097e-16
9.717780928811737828e-01
2.124656077696605166e-02
-7.993817661243265288e-03
3.004807645353903094e-03
-1.127602576540910617e-03
4.219877986131795712e-04
-1.572581487421819465e-04
5.825272641234976377e-05
-2.140572576567608906e-05
7.786383512195101347e-06
-2.797908058487795410e-06
9.912332227923734387e-07
-3.455938745144652967e-07
1.183592622628123325e-07
-3.973401347741145074e-08
1.304207442454493609e-08
-4.192134094082415392e-09
1.408677561138720434e-09
-3.868158556758414119e-10
9.935974219050778267e-01
6.392313405829975689e-03
1.024823262086440024e-05
1.643008786500221868e-08
2.634102771866124791e-11
4.214377182432113090e-14
1.276025910106735983e-16
-3.852080136943824238e-17
2.304262240973932406e-17
-1.263693901457735024e-17
6.319046553577249900e-18
-2.846929692592710643e-18
1.134728997154620812e-18
-3.879789838776610488e-19
1.070437405191602972e-19
-2.012898259129697164e-20
4.551768556305755967e-22
1.488547461747879053e-21
-5.511297769690123702e-22
1.120226361414695226e+00
-1.059544705319024314e-04
3.240075746528388536e-08
3.175338527799324712e-11
-8.268814417111057443e-14
1.071896498660562612e-16
-8.247886406610383075e-20
-2.027244442951334363e-20
5.845715930561986680e-21
4.462445700945198297e-21
1.091975805712940506e+00
-3.158417278017972007e-02
-1.080860917950008868e-03
2.050401700384522821e-03
-3.992848287509628965e-04
-5.049982036612983755e-05
3.997409431937711102e-05
-4.274509953149062030e-06
-2.754494653004154731e-06
1.123379223771053912e-06
-1.221422681071013329e-08
-1.194393106159113797e-07
3.760443901511174416e-08
1.451607247325875076e-09
-4.582996114103868668e-09
1.299350039040720337e-09
7.799852507796010261e-11
-1.626286159937000251e-10
4.359839041015523641e-11
1.044452903690359591e+00
-1.417419724676977424e-02
2.044399408345750138e-03
-2.509000762692279395e-04
2.288137709748023913e-05
-5.813862834270597809e-07
-3.617399522815269575e-07
1.128303151907474023e-07
-2.279314143786453641e-08
3.679985806470211437e-09
-4.832197820700692837e-10
4.604290759837705384e-11
-9.339994241967063783e-13
-9.333490145940304316e-13
3.012301046954158516e-13
-6.470002161432498260e-14
1.121781771417714958e-14
-1.620661810660553133e-15
1.783303811783376429e-16
1.014377776037735046e+00
-1.097449515146718506e-02
4.184136413182268539e-03
-1.592141351520425874e-03
6.037670505699879297e-04
-2.276873445895148717e-04
8.514426981796945028e-05
-3.146295782616431448e-05
1.144208288305234151e-05
-4.076409289175718441e-06
1.415269539953647041e-06
-4.757901673007572834e-07
1.535396634841614970e-07
-4.690790194467395930e-08
1.321454441600744361e-08
-3.216412861742745456e-09
5.140180285544769214e-10
1.130866050102551838e-10
-1.031524989843598390e-10
1.003216729636357440e+00
-3.216729636357184598e-03
-2.154346412444936371e-16
1.833749814565254615e-16
-1.460994542499618213e-16
1.087592879139868532e-16
-7.546045396876010442e-17
4.863612572589041137e-17
-2.898964257128475034e-17
1.588343078196682536e-17
-7.932825870164398361e-18
3.568284292951728411e-18
-1.419112918974161281e-18
4.836406653714079901e-19
-1.326749764042981423e-19
2.458956430324947879e-20
-3.772110526286312961e-22
-1.896180640518842080e-21
6.924516736031523999e-22
8.304160401002506076e-01
