6.302151389258088265e-01
-2.546934935751374654e-03
3.780432698465501432e-06
-3.531446899105746295e-09
-1.604249778747525838e-12
1.679121321980049349e-14
-4.491765965418149877e-17
3.367276080698213368e-20
7.524520301006194637e-21
8.059100227350246494e-21
3.025341488005054424e-01
-2.989258092429696312e-01
5.628504082131495501e-02
1.335512737848110545e-02
-1.314822606356931198e-02
4.124497159157218193e-03
-1.263286835647867113e-04
-4.716728017008431015e-04
2.133887202249270718e-04
-2.585300953791349013e-05
-1.824673310951692459e-05
1.106934870794240104e-05
-1.953924659062301631e-06
-8.105103489875096175e-07
6.351394136493803466e-07
-1.490818272581211334e-07
-3.069016431587878068e-08
3.612837882238326845e-08
-1.112833008479202450e-08
2.685025166955770648e-02
-2.691165472608701009e-02
7.923677803527944333e-03
-1.739351511290938065e-03
3.191535228446825052e-04
-5.195960014368199864e-05
7.672397147475818575e-06
-1.013350283511634237e-06
1.112545795850757073e-07
-7.265974533072889950e-09
-8.271145830943685027e-10
4.792588306733011510e-10
-1.324259385765555590e-10
2.931410370335341018e-11
-5.718193725694704106e-12
1.012527285262568913e-12
-1.635504320871717481e-13
2.405041942284509878e-14
-2.962482859335238204e-15
9.008290408361578237e-04
-1.686281851785218291e-03
1.385902201961099808e-03
-1.006704539135753595e-03
6.523641650668419263e-04
-3.812858877821678543e-04
2.033588554183793872e-04
-1.001638575311709467e-04
4.610498664006836965e-05
-2.006321201788090357e-05
8.345677060355360596e-06
-3.352432724555319450e-06
1.312230781223438046e-06
-5.042932547812595381e-07
1.914253907174773195e-07
-7.220273857969732250e-08
2.749665608148455051e-08
-1.159815640003502539e-08
3.783124568280781560e-09
-1.594405987734792243e-12
3.029203713852979685e-12
-2.594383799881417793e-12
1.997637415360102659e-12
-1.375752946703226388e-12
8.404487177667452752e-13
-4.495456261555165744e-13
2.061226282012346209e-13
-7.801696666392407686e-14
2.249256162582548860e-14
-3.809851114098316177e-15
-3.111571266300728254e-16
4.234749340710701409e-16
-9.916906684204359780e-17
-1.451880465588421989e-17
1.372422700952554978e-17
-1.357620750846621165e-18
-1.217343762045288267e-18
3.622476482307103192e-19
6.229463279706048962e-01
1.175624976926753799e-03
-2.130569508064743719e-06
3.338200798295914216e-09
-3.949943536948840886e-12
2.170262561431892411e-15
3.896402907075677081e-18
-5.256082412654092111e-21
-1.852262031442070351e-20
1.281019251708369004e-20
7.702160200251227939e-01
1.363044783969824536e-01
-2.164271368530467851e-02
-4.883925920586427299e-03
5.107372935359423376e-03
-1.880578557195836283e-03
2.352367431685851518e-04
1.405446641223781728e-04
-9.760909096358833957e-05
2.561507922667868219e-05
1.858184332039796756e-06
-4.360020635692190423e-06
1.637794045341338726e-06
-8.748264214462989797e-08
-1.980074487991574983e-07
9.737209339323452947e-08
-1.250036501695489140e-08
-1.080584392200226561e-08
6.039851402387646514e-09
9.161741242627075010e-01
2.739249263202573476e-02
-4.428309685546241367e-03
7.026544123805332975e-04
-1.084991175177276243e-04
1.615877913425401851e-05
-2.294506814810166004e-06
3.044983122380146417e-07
-3.612808105668301502e-08
3.356060099930133555e-09
-8.501005549523283736e-11
-6.813699346409998302e-11
2.518666976896992445e-11
-6.421595511035186178e-12
1.405734583266186633e-12
-2.800505586492853509e-13
5.185701347527772152e-14
-9.193511702262824099e-15
1.442777398595348969e-15
9.727216676875269918e-01
2.055345311213208417e-02
-7.742980547412750547e-03
2.916781540504150352e-03
-1.098615962330844837e-03
4.137043713739944721e-04
-1.557282469236971167e-04
5.858371766415129624e-05
-2.201819822430892379e-05
8.264347729097177163e-06
-3.096367102394849068e-06
1.157409431398834291e-06
-4.313989851637034462e-07
1.602552406647593170e-07
-5.931589094221620136e-08
2.190334084153888659e-08
-8.171425441415322709e-09
3.369632321950617689e-09
-1.082734403933959117e-09
9.938158683538008686e-01
6.174555983958368750e-03
9.560835048799269697e-06
1.480423322224814222e-08
2.292324050979524003e-11
3.549491201882135146e-14
5.496121570191862850e-17
8.510040206063281990e-20
1.194400785941147639e-22
-1.166251010977985812e-23
4.618090795961606069e-24
-3.388810915632324252e-24
1.402752183841837867e-24
7.770744070882376830e-24
4.006291082189702556e-24
-4.406587532248897226e-24
-6.487322188898073758e-25
2.416433460422493600e-24
-2.588560659843910111e-24
1.144704117426478929e+00
-1.576108184099845070e-04
-3.130815473394618822e-08
2.002798083161291443e-10
3.831159718032599385e-13
-3.815684100551877388e-15
1.431493289140861414e-17
-4.630078622218657828e-20
3.225467225987126141e-21
-1.086344236770715294e-21
1.103086427253152424e+00
-4.513535830592232262e-02
5.345424338393121779e-04
3.435910583038724424e-03
-1.013224732128806867e-03
-8.157961062860953833e-05
1.456260728135268191e-04
-3.303795209869270775e-05
-1.116293535983645047e-05
9.488651799584135575e-06
-1.863386318006306950e-06
-8.448133488622678681e-07
6.734635347963487770e-07
-1.440280431955700821e-07
-5.355924998388662455e-08
4.914125426048003980e-08
-1.294395056300999420e-08
-3.961190647057519467e-09
3.539100771036938962e-09
1.043606907814214502e+00
-1.458620780410281245e-02
2.340095027285419085e-03
-3.498307443917749761e-04
4.686860729716617449e-05
-5.213808756853007871e-06
3.626662123724598963e-07
2.719637995265983763e-08
-1.817748056903503532e-08
4.920427169429134270e-09
-1.040868204821809695e-09
1.907775969351776956e-10
-3.105236361368161220e-11
4.432912169054573496e-12
-5.187769105195512645e-13
3.645427488220996437e-14
3.805929457833569438e-15
-2.538378502607129199e-15
6.743933707802676302e-16
1.013891387698608204e+00
-1.061073973632991295e-02
4.051770916657880355e-03
-1.546680862308392806e-03
5.900447886884045874e-04
-2.248478832041234945e-04
8.552572363557398038e-05
-3.243892306826824158e-05
1.225234730058904836e-05
-4.600935118792873644e-06
1.714449755588304842e-06
-6.326203591500218582e-07
2.306293596188045770e-07
-8.286480074936622054e-08
2.926323691614056333e-08
-1.012943341769597585e-08
3.448179619714334355e-09
-1.240992915483274825e-09
3.588562951560020524e-10
1.003106462214331529e+00
-3.106462214331401524e-03
-7.993767290600560342e-24
6.012863680254799220e-24
-4.898275005337414819e-24
4.001060931534927359e-24
-2.963034880483966101e-24
2.006148548258714760e-24
-1.314552331681207940e-24
8.255240030721051030e-25
-4.693397754659051252e-25
2.429466251696307657e-25
-1.212255997216005676e-25
5.627329254040675277e-26
-2.177062657030130271e-26
7.293790739584982089e-27
-2.570494981605165815e-27
6.385713116406100146e-28
4.742715784770494433e-30
7.428721804511277949e-01
