8.722571399675115300e-01
-3.293598604160490745e-03
2.998189677873880161e-07
1.112766068599544328e-08
-7.125010765302284135e-12
-1.132605818740239851e-13
5.136658081181741720e-16
-1.213838394029448170e-18
2.089777202129318126e-19
-1.601490214387144886e-19
3.827659056783739300e-01
-4.399187308829836662e-01
1.007691074624751659e-01
2.324396855121590305e-02
-2.692711118065740580e-02
7.922516304424392919e-03
1.325412050278196308e-03
-2.038634984987848769e-03
6.181196524389743563e-04
1.515346707551437188e-04
-2.040649322285196154e-04
6.278638380637828562e-05
1.552448825666609140e-05
-2.157675015892860865e-05
6.895302090614694808e-06
1.580327394449113796e-06
-2.232260110720551586e-06
4.532230608150755197e-07
1.928843514299326668e-07
1.747029717316761488e-02
-2.053494203411716096e-02
7.306024598215173950e-03
-1.935072843255699346e-03
4.250528622470785690e-04
-8.259983758398925350e-05
1.474882907802396675e-05
-2.462057671610188963e-06
3.838981906511813426e-07
-5.469760165543825004e-08
6.677778231999447996e-09
-5.488579777352805045e-10
-2.878170871651198290e-11
2.882978128689220714e-11
-9.335548220611255859e-12
2.361241815263795795e-12
-5.280835907226955236e-13
1.124985631929549359e-13
-2.084453243391150593e-14
3.328192800652896846e-04
-6.321860042383638592e-04
5.421785717031750744e-04
-4.212252396237003375e-04
2.978978213546947993e-04
-1.929499522407458214e-04
1.152477666318394074e-04
-6.394864718756018078e-05
3.321589275928671007e-05
-1.627507817724547541e-05
7.580324065308860851e-06
-3.381385001540636616e-06
1.455007150401643689e-06
-6.080532260684282958e-07
2.483877223944389024e-07
-9.996125794077210831e-08
4.042215626605459028e-08
-1.810145744113498179e-08
6.116206756448588091e-09
-3.324731764109762230e-10
6.377949269280302553e-10
-5.625349682692837307e-10
4.555422026226064678e-10
-3.377893967148032322e-10
2.284037336541509049e-10
-1.399807103187955894e-10
7.707382719226036602e-11
-3.762619699718054725e-11
1.594987634897067571e-11
-5.660298687335552287e-12
1.556870843887331461e-12
-2.598176239350442805e-13
-1.703658339292021537e-14
2.735628660865720497e-14
-7.563687697164998055e-15
-2.097137875957964267e-16
7.593726369382553738e-16
-1.782419639101740945e-16
4.458713964089454085e-01
2.151745414084240034e-03
-3.410535809684425898e-06
3.140685494708466530e-09
-5.134611042542235189e-12
3.520689824325943338e-14
-1.437513973665442233e-16
3.606628399630080528e-19
4.001561638085033827e-20
-3.054740608862129185e-20
6.918359457629661424e-01
2.159374682479013319e-01
-4.744777883284533732e-02
-4.809746158426268792e-03
1.028737243479123549e-02
-4.681691225739131358e-03
6.309686690933078660e-04
5.039279278663440220e-04
-3.440267769253750434e-04
6.014472256956758018e-05
4.026929763682714832e-05
-2.976319305814892441e-05
4.527923261701560842e-06
4.535825009092474219e-06
-3.076262422805781110e-06
3.752178303164230911e-07
4.967648351797623865e-07
-2.604843949662505763e-07
2.632197313070752059e-08
9.007624297723765272e-01
3.241322274047311186e-02
-5.310183069081151827e-03
8.749153514559605610e-04
-1.452337588717904501e-04
2.427525280176582250e-05
-4.070115795951625442e-06
6.799053851774551952e-07
-1.121210178539638579e-07
1.803692099078503851e-08
-2.783452328809207103e-09
4.005146108633188996e-10
-5.052915983529110369e-11
4.562187706680074202e-12
1.069638522602660449e-13
-2.034684960122969491e-13
7.208290992084825946e-14
-2.051247311359752170e-14
4.620939198227327635e-15
9.676105910692031076e-01
2.434160974077863998e-02
-9.146754157081283740e-03
3.437072641931950522e-03
-1.291572040351311864e-03
4.853606514192063386e-04
-1.824063693294449581e-04
6.855939071892258065e-05
-2.577384195703905339e-05
9.692263866662496170e-06
-3.646454551455629329e-06
1.372774184418947115e-06
-5.172617283057489128e-07
1.951329186703000767e-07
-7.374018085651445045e-08
2.798200721055762149e-08
-1.082378053589951883e-08
4.682709844154514590e-09
-1.554005752924191395e-09
9.926383166867077668e-01
7.348109976401628191e-03
1.354831062045840950e-05
2.498012703389083060e-08
4.605790067745519268e-11
8.492081819101316127e-14
1.564937087519244288e-16
3.497455741029029496e-19
-4.309058802504509807e-20
2.973838297805451740e-20
-1.925169409235634382e-20
1.176900844654616717e-20
-6.820725940961380327e-21
3.750003209995094150e-21
-1.938932967686101689e-21
9.281919224985217280e-22
-4.242508301666628601e-22
1.954692804975404843e-22
-5.942152948688053949e-23
1.185341572178812974e+00
-2.295228563548051446e-04
7.983332931424885276e-07
-5.312082400737199557e-09
1.946421404673306414e-11
-4.662396786343921560e-14
1.085151112826752388e-16
-3.954649121989131152e-19
2.453722752181763117e-20
-2.486229776164445878e-20
1.130435775244903018e+00
-6.075762832474213698e-02
-2.484165984655464896e-04
5.583100610403061125e-03
-1.090701033544199229e-03
-6.756349486913787537e-04
3.738616226662456218e-04
6.283233763588987931e-05
-1.335379926231166563e-04
4.621915990512584889e-05
1.323402855192013334e-05
-1.911168933572394665e-05
6.534758347423219467e-06
1.398580335994194511e-06
-2.313867945913450987e-06
8.456336837940376975e-07
9.727456690740360904e-08
-2.388159992965261266e-07
9.146982529662969235e-08
1.052241318634686396e+00
-1.779631112955108382e-02
2.986111696472193780e-03
-4.858683844075915642e-04
7.490304622342014928e-05
-1.055173469373658290e-05
1.260119473072935285e-06
-9.733829817124294715e-08
-6.892642281806136165e-09
5.531039600069341141e-09
-1.694781770857846307e-09
4.087006195606215277e-10
-8.678853658559819760e-11
1.681135159317819581e-11
-2.997763743832341914e-12
4.880787208979722123e-13
-7.013867513708681884e-14
7.895732303285255213e-15
-4.081320309652723083e-16
1.016552172173011970e+00
-1.264461220319533334e-02
4.829691844478459055e-03
-1.844675392002069524e-03
7.045198522964676901e-04
-2.690381523944615602e-04
1.027159772515003392e-04
-3.920072175512059209e-05
1.495104827734005851e-05
-5.696517444979428191e-06
2.167124076608895624e-06
-8.226206701490450676e-07
3.113046376761022551e-07
-1.173273598057649803e-07
4.399390158799924892e-08
-1.641529842769309791e-08
6.162794962703737588e-09
-2.543187858299086046e-09
8.156359920893254769e-10
1.003701199201527228e+00
-3.701199201527217292e-03
-2.198519999461621357e-19
1.972339851873297044e-19
-1.693354439876060436e-19
1.390579948751168008e-19
-1.091480913401925834e-19
8.181116437468450287e-20
-5.849128689802849698e-20
3.983299489229327738e-20
-2.579414692614212707e-20
1.584927719505064950e-20
-9.216734900847530284e-21
5.056172049014992573e-21
-2.606491662072995853e-21
1.258294179417592823e-21
-5.721108693078431196e-22
2.615992628105409872e-22
-8.473318027103675175e-23
5.427719298245614610e-01
