9.228610567805006770e-01
-2.376529182310216891e-03
-1.945508990590392603e-06
4.841294667876289317e-09
2.176817196165243436e-11
-9.605581452507898860e-14
1.769775521383278004e-16
8.190500765345503652e-19
-3.823845852135664157e-19
-4.085873743894795207e-19
4.233920290243052831e-01
-4.774871964687991688e-01
8.800704480244335437e-02
4.097438531953703084e-02
-3.019880822692971173e-02
3.510804101459635580e-03
4.658917111779839124e-03
-2.453191272485381012e-03
-1.125800450115166455e-04
6.215177954160708241e-04
-2.302648762116254620e-04
-5.291620408890002205e-05
7.821416980153602521e-05
-2.051588158579849877e-05
-1.030960720228671389e-05
9.637533620203926607e-06
-1.921889780941559662e-06
-1.687154940329302206e-06
1.104257106006716971e-06
1.778663161210573482e-02
-2.178734683570744332e-02
8.170475901319921436e-03
-2.282060989254010124e-03
5.268121235914713504e-04
-1.070227290727302269e-04
1.985600807618450092e-05
-3.421594984619444090e-06
5.463273461124450566e-07
-7.862110536705341297e-08
9.348383363934227339e-09
-6.069992463047240984e-10
-1.168069553239289314e-10
6.588082616607819058e-11
-2.025266658595963907e-11
5.115554998656361020e-12
-1.158575170098755485e-12
2.511172764858636522e-13
-4.720377011680965701e-14
2.811719295361596684e-04
-5.359230623638410861e-04
4.642942056457177095e-04
-3.666216852558224350e-04
2.649315747602106049e-04
-1.761082906631548288e-04
1.083219640426053563e-04
-6.204741878721188315e-05
3.331938907197733087e-05
-1.688868059180017358e-05
8.135426981796574776e-06
-3.749520212718437572e-06
1.664249027995828639e-06
-7.158640654842890573e-07
3.002536445484105706e-07
-1.237706972698005240e-07
5.117605111792229986e-08
-2.341064760627246806e-08
8.004634429638692452e-09
-4.023868803996302905e-10
7.736820639653531393e-10
-6.871418941197436860e-10
5.630726837837161794e-10
-4.247477246489034010e-10
2.939333142059814401e-10
-1.856768185288956491e-10
1.063105106000557667e-10
-5.460573187757595522e-11
2.477407846067683629e-11
-9.680040196675161799e-12
3.108583250032963557e-12
-7.346771117000324431e-13
7.840202183741552876e-14
2.712814532486064506e-14
-1.615215512592958920e-14
2.927550184446701618e-15
6.909486183740924631e-16
-4.638935311997863268e-16
3.969078333550183912e-01
1.931779485838463865e-03
-2.090120792655041646e-06
1.512529728729372808e-09
-6.388334146815032004e-12
2.515642401422738758e-14
-5.139963081485480839e-17
2.422523068483625543e-19
3.439053156955360536e-20
-6.516267888212280620e-20
6.571947629659218304e-01
2.361204672219399114e-01
-4.699969635546145247e-02
-9.473952917602631793e-03
1.233762170077175487e-02
-4.219553327566528608e-03
-2.937685645421582708e-04
8.694664435514284960e-04
-2.671661312644154035e-04
-8.226709253099515810e-05
8.908564428242213664e-05
-1.403046498516711463e-05
-1.636400828444783259e-05
1.006088070985676695e-05
8.329650068508799755e-08
-2.702245832487903222e-06
1.178059853417909061e-06
3.353213442192305159e-07
-3.885625198105663910e-07
8.885346889028852280e-01
3.620007296742206587e-02
-5.909047481883928331e-03
9.749361493640537092e-04
-1.635571527497229922e-04
2.798977719535062383e-05
-4.875113080162414477e-06
8.571944765738073283e-07
-1.502731231604459416e-07
2.586910117207666627e-08
-4.291534618191860802e-09
6.673208743642423164e-10
-9.213969641013588067e-11
9.635746423772229276e-12
-1.067589552628227648e-13
-3.425341335635655248e-13
1.386130922550434015e-13
-4.278429823288987456e-14
1.016226421359364995e-14
9.634799119428050229e-01
2.738791369342932075e-02
-1.026969114480128474e-02
3.850876222588911317e-03
-1.444008061451449495e-03
5.414962335120007859e-04
-2.030725599589162272e-04
7.616602666197223349e-05
-2.857359189695880290e-05
1.072313717213658368e-05
-4.026421631790011866e-06
1.513129834222219071e-06
-5.693104634575273272e-07
2.145588456478339617e-07
-8.106403072517539283e-08
3.078998578315559695e-08
-1.194207097797286499e-08
5.192387832310237020e-09
-1.729535125150998825e-09
9.916821087766205522e-01
8.300556397956414950e-03
1.729869893797573953e-05
3.605119592017022113e-08
7.513216615616544395e-11
1.565787164716651649e-13
3.261492527088310760e-16
8.070247367154531968e-19
-9.115285554863444538e-20
6.454223492400345912e-20
-4.295136502532326505e-20
2.722379837611163804e-20
-1.637987953398674285e-20
9.348839464155376528e-21
-5.051123489428786066e-21
2.588385188068274458e-21
-1.269524078338354888e-21
6.279331566474664854e-22
-2.140263009177612786e-22
1.187089879587253094e+00
-1.963940248427125941e-04
9.959099751791715467e-07
-4.482789857336602693e-09
1.031223735952403497e-11
-2.114558849664557646e-14
8.087767429208861795e-17
-2.569581264242722723e-19
-2.313978290180576667e-20
-5.040945822977666679e-20
1.139427258040944357e+00
-5.637660383271554665e-02
-4.736414707987708812e-03
5.500328655019470596e-03
3.894969747042458354e-04
-1.247777375306297369e-03
1.425335555630535139e-04
3.476839586974846239e-04
-1.904067753033808551e-04
-1.629126300883415704e-05
6.056948498523886086e-05
-2.295812739501474007e-05
-5.720660495044303718e-06
8.466984991712644260e-06
-2.163345901104929237e-06
-1.309767821752995341e-06
1.120866254918638910e-06
1.497794244990547232e-08
-2.422224741955610964e-07
1.059093254879499568e+00
-2.014812698707563535e-02
3.386703419163670809e-03
-5.518281461153984021e-04
8.473934563573169492e-05
-1.166002270216781305e-05
1.266733764115453301e-06
-4.876829888918413835e-08
-2.712133966151761160e-08
1.156728913117762491e-08
-3.232937380540412518e-09
7.613555556870321198e-10
-1.609509144955677258e-10
3.116230490584383212e-11
-5.523700098022488267e-12
8.775766696115930004e-13
-1.166954570327985406e-13
9.184867957086816417e-15
8.290788976732325291e-16
1.018718113604916153e+00
-1.429929144152913834e-02
5.461763164928726613e-03
-2.086138690186590573e-03
7.967770866301142471e-04
-3.042969738766820040e-04
1.161974729619517742e-04
-4.435934586044684941e-05
1.692717620201256422e-05
-6.454683677376335239e-06
2.458566910215514496e-06
-9.348958872782676307e-07
3.546469133438238433e-07
-1.340833142220373236e-07
5.047381115154793390e-08
-1.892132153762056409e-08
7.142761103245337866e-09
-2.966641822527476258e-09
9.553675367673334797e-10
1.004185509144553512e+00
-4.185509144553602179e-03
-2.960565311360748834e-19
2.672516042231553314e-19
-2.314698960117415737e-19
1.922659940223927359e-19
-1.530685453208875375e-19
1.167122795920802730e-19
-8.515043423150273974e-20
5.937431655827303915e-20
-3.951359846056967629e-20
2.505515047458323107e-20
-1.510642671439281407e-20
8.639442033561018112e-21
-4.674804730062162560e-21
2.391683213608638962e-21
-1.170703887236711176e-21
5.885080221490856518e-22
-2.032578348833176793e-22
4.527268170426065330e-01
