5.791587010484728903e-01
-2.129631011983686064e-03
3.072570266012642340e-06
-3.370342732226994920e-09
1.551674639495826110e-12
4.739005086905082288e-15
-1.712911524474301695e-17
-5.127066782936759243e-20
1.268810318655961020e-19
7.015155886487124426e-20
2.892457996476555659e-01
-2.701395116388249362e-01
4.465658749067254879e-02
1.344620559184789461e-02
-1.101342065267270007e-02
3.071767462793206088e-03
1.460219255960631840e-05
-3.672187515150102631e-04
1.455437245766543852e-04
-1.342917427331711247e-05
-1.252097262896100745e-05
6.533610654564286052e-06
-9.347524423553568904e-07
-4.907474058113573294e-07
3.177718665378895443e-07
-5.942802832984507546e-08
-1.910541513043452542e-08
1.541664974280870520e-08
-3.764304965685332382e-09
2.993224669271098842e-02
-2.889529034501246707e-02
8.147438081226287751e-03
-1.711282089457020952e-03
2.999517081752907225e-04
-4.635218581082116266e-05
6.387906476044110570e-06
-7.543907498904807988e-07
6.387298049568942386e-08
5.872010688230199149e-10
-1.973997752188587256e-09
6.148983375591167412e-10
-1.411337163299854891e-10
2.779856391658877283e-11
-4.901321707770012166e-12
7.797896401112042618e-13
-1.100419025754452926e-13
1.290959619485503071e-14
-9.969208458432827248e-16
1.116970278215185164e-03
-2.083242917398066274e-03
1.694180675045900680e-03
-1.210635210715135281e-03
7.682989223112605091e-04
-4.383815180135452560e-04
2.278298566598065990e-04
-1.092678515732296932e-04
4.898937892379989095e-05
-2.078999591213887316e-05
8.449809331112444517e-06
-3.324280954830734160e-06
1.277523460689181183e-06
-4.830886433529852784e-07
1.807357037642441249e-07
-6.723841520012796447e-08
2.523778441806337945e-08
-1.046609010075043958e-08
3.375934211885479916e-09
4.315846182031887370e-10
-8.180878388010026418e-10
6.957705953206598016e-10
-5.292911070110945482e-10
3.580315620802512668e-10
-2.132897880127054697e-10
1.101881144228700641e-10
-4.809906130921548831e-11
1.689379075724781315e-11
-4.247644976248245339e-12
4.476686473432960317e-13
1.804558367783034098e-13
-9.592515507001420365e-14
1.002616094186712749e-14
7.164675027953701522e-15
-2.631483470642229099e-15
-3.064773896679883923e-16
3.154174476757495537e-16
-8.295560053164390411e-18
6.519336416003591594e-01
9.489512504521999559e-04
-1.574780455659174466e-06
2.385309542523724249e-09
-3.009553528196464843e-12
2.650733411154496910e-15
-4.774562871564573372e-19
4.202199546149336822e-19
-2.507682337867921303e-19
1.300694693381021733e-19
7.805884548174727433e-01
1.220133332285266020e-01
-1.643251610228276677e-02
-5.172468088842622005e-03
4.282586242416667154e-03
-1.373348319691054375e-03
1.079780332298077014e-04
1.215422801820190477e-04
-6.781579934296742764e-05
1.447596076701446697e-05
2.324214120219808962e-06
-2.822081982658930348e-06
8.805172586153780177e-07
1.064800213726187672e-09
-1.150448875641214903e-07
4.650513876011940228e-08
-3.619288007219549258e-09
-5.268584957547041169e-09
2.474274700024838400e-09
9.164146410360353157e-01
2.719279805588988713e-02
-4.346959635518235325e-03
6.751983490647008729e-04
-1.007587020878395666e-04
1.426960551726364423e-05
-1.882372399357389572e-06
2.222207443314797128e-07
-2.087541156494884573e-08
7.164942014689777134e-10
3.389474936040583328e-10
-1.298851551822007517e-10
3.283016998643161994e-11
-7.049983787698831097e-12
1.369841654262919605e-12
-2.459245600664834433e-13
4.093439319046214149e-14
-6.357759322670725194e-15
8.529105426016246017e-16
9.727659859657725727e-01
2.051986707934804616e-02
-7.729939166194659504e-03
2.911481590958121465e-03
-1.096304125713613766e-03
4.126040198339454216e-04
-1.551601933427040956e-04
5.827408713746308244e-05
-2.184572060524627568e-05
8.168673645182237693e-06
-3.044366971882985856e-06
1.129948625546152093e-06
-4.173563895088311707e-07
1.533041029344494807e-07
-5.597876797594924725e-08
2.034019015331226846e-08
-7.440595188608732262e-09
2.993211835500961519e-09
-9.458082620628310433e-10
9.938259265596522951e-01
6.164528913631105514e-03
9.529771791501128898e-06
1.473211524664352475e-08
2.277444055540287432e-11
3.520698155635505531e-14
5.451695701605795844e-17
2.250588246502100463e-20
3.955675655008371826e-20
-2.371497605389839752e-20
1.309587297669429647e-20
-6.746349533300661612e-21
3.115306299671633561e-21
-1.370645204713438813e-21
4.908072797481680903e-22
-1.793715213833849818e-22
1.527928152260669879e-23
-3.249587726430443570e-23
-6.436217171832971348e-24
1.137873769078864727e+00
-1.465190692717836059e-04
-8.348259250127809791e-09
2.061965343174520397e-10
-1.969333819074103070e-13
-7.452999190326065759e-16
3.990520343353875216e-18
-8.884825494607679431e-20
7.629289978526039994e-21
6.061882744871891457e-20
1.099715983838201572e+00
-4.158965364739483639e-02
1.175188970643158782e-04
3.046900477503164568e-03
-8.347638152262251525e-04
-6.855583954359768350e-05
1.086706250717582708e-04
-2.247905905882285776e-05
-7.836387184240448239e-06
5.981242977333511549e-06
-1.023252135268757118e-06
-5.162016888367525204e-07
3.583889243939034436e-07
-6.368963614563274333e-08
-2.959079427838611042e-08
2.216664107471093699e-08
-4.695305459197345739e-09
-1.913366978599327386e-09
1.395148346612225736e-09
1.043423520911864966e+00
-1.440631238836232939e-02
2.267849585709661494e-03
-3.274083392563073526e-04
4.128206915110187294e-05
-4.057644897562058492e-06
1.612527048468116133e-07
5.603031575975663505e-08
-2.113315670531794419e-08
4.951659734304741873e-09
-9.514985514883090859e-10
1.590134202658011116e-10
-2.313820215157848490e-11
2.778217448345337864e-12
-2.152721693722825782e-13
-1.241860408371596670e-14
1.042118933306634983e-14
-3.148430786813012612e-15
6.695891317313264974e-16
1.013867951960688796e+00
-1.059195960951809894e-02
4.043847087098378576e-03
-1.543057064527486458e-03
5.882192323264659678e-04
-2.238471205459871191e-04
8.494907242425561451e-05
-3.210241111949650413e-05
1.205877656042589341e-05
-4.492890297214405703e-06
1.656376522225957576e-06
-6.026461600124861193e-07
2.157734190620409750e-07
-7.578376580061055886e-08
2.600836422888580938e-08
-8.678436481445323278e-09
2.807880611638600596e-09
-9.322696574472385967e-10
2.507433971467541655e-10
1.003101390104693680e+00
-3.101390104693693261e-03
-5.499868231312992566e-19
4.774462984544006071e-19
-3.912564181771859138e-19
3.022958525786326634e-19
-2.198448472297451799e-19
1.501702649787921021e-19
-9.608001278671793916e-20
5.737089055814285747e-20
-3.181968681225255623e-20
1.628941960108075515e-20
-7.630612046390936481e-21
3.230186302873408484e-21
-1.212075315834066785e-21
3.898788692075025752e-22
-9.977360049314658188e-23
1.525895543846071949e-23
3.253640703537359117e-25
7.700000000000000178e-01
