9.381759079419732528e-01
-1.510853435521278482e-03
-2.046613792963672003e-06
6.021141905184629050e-10
1.202498186985892244e-11
-1.645533025981046341e-14
4.812481139721604131e-18
9.221897273844852757e-19
-2.063876856437383156e-18
6.847090332420694371e-19
4.625298833762852002e-01
-4.914641138075930837e-01
5.589382837235883777e-02
5.816303847063095805e-02
-2.523313795315118915e-02
-4.458846875253714807e-03
6.489825181407934095e-03
-8.311481445782934342e-04
-1.289317410124913091e-03
6.099918177856282183e-04
1.180446546417534409e-04
-1.887755460043382533e-04
3.248039134125540897e-05
3.667449402884420900e-05
-2.023727829776508815e-05
-2.946731744922543867e-06
6.248575989052066078e-06
-4.850281096231858750e-07
-1.220754506981086879e-06
2.067665669541323553e-02
-2.593116166445190093e-02
1.002996159793427891e-02
-2.890468194806733882e-03
6.865387720906896600e-04
-1.427089685073097680e-04
2.684961769488818900e-05
-4.622878055337711976e-06
7.173118260708914848e-07
-9.388391465352656433e-08
7.809284970086181627e-09
7.237481767464034164e-10
-5.937294181233366501e-10
2.011084360291435305e-10
-5.402484171104570261e-11
1.281086832464318159e-11
-2.777706412989962578e-12
5.737221775891019203e-13
-1.022841834880022855e-13
2.908530051730284977e-04
-5.554271296870865295e-04
4.838868791211069068e-04
-3.855510436903784454e-04
2.819843833369912621e-04
-1.902003219233932587e-04
1.189550985402822321e-04
-6.939101246760163121e-05
3.798858339948800998e-05
-1.964206188852189445e-05
9.653163987752129768e-06
-4.537789785676332613e-06
2.052978776900587622e-06
-8.992445212917754667e-07
3.836267783131348590e-07
-1.606580268890203143e-07
6.743120609539873633e-08
-3.130015133704403894e-08
1.078965301228922010e-08
-5.182782591365375879e-10
9.977445490256096857e-10
-8.894724359781276545e-10
7.335372317423976422e-10
-5.584636254254977474e-10
3.912911049358523098e-10
-2.511906144342125325e-10
1.468166364110993424e-10
-7.743168329314603010e-11
3.636447355869066655e-11
-1.489364226835219139e-11
5.129466524530171072e-12
-1.375535522843682976e-12
2.246484059972352040e-13
1.505223314148581466e-14
-2.370730149500066088e-14
6.802328552472434933e-15
1.994290275046527716e-16
-6.612346859991136780e-16
3.885469917830391418e-01
1.484919350343406538e-03
-9.141784281932875843e-07
3.290408367035817084e-10
-2.398053672079072954e-12
4.767788874733235166e-15
-3.469802702916788747e-18
1.415253547251454801e-19
3.338812402204309960e-19
-2.104377177507326748e-19
6.382207238952245509e-01
2.381757695983131029e-01
-3.797236307574105435e-02
-1.539715516503426494e-02
1.237362804993543189e-02
-2.128642195837350710e-03
-1.416059980799697429e-03
7.924093060453074730e-04
8.143735677551039345e-05
-2.006119300339883065e-04
3.640181793870647697e-05
3.959746715539234598e-05
-2.121455798290927417e-05
-3.786333271633619348e-06
6.695821818331374182e-06
-1.009850795464500777e-06
-1.416149267830758030e-06
4.442108313731963924e-07
1.792110734347266131e-07
8.792936189030567951e-01
3.905769553349458523e-02
-6.372041922855137958e-03
1.058455362731864757e-03
-1.810548501126626835e-04
3.211186135324752152e-05
-5.884513672646251187e-06
1.098276101058794624e-06
-2.044797608338736468e-07
3.709792753557985795e-08
-6.379963137410684685e-09
9.965278730149338434e-10
-1.279492517117563683e-10
8.380574690480808732e-12
2.244815583888429278e-12
-1.292158815512541042e-12
4.300090115092163382e-13
-1.247782679553920067e-13
2.893705640375068093e-14
9.603437846134278422e-01
2.969211423441947550e-02
-1.111584648427462775e-02
4.161485042380704338e-03
-1.557985698865695144e-03
5.833074605390502860e-04
-2.184078356591604656e-04
8.179117244432408250e-05
-3.063821789181686057e-05
1.148207260724044045e-05
-4.306235944822385456e-06
1.616844314625849718e-06
-6.080868703550308580e-07
2.292489027089930256e-07
-8.673675323282525157e-08
3.304360026764271732e-08
-1.288592882342415271e-08
5.651464606921229112e-09
-1.894019488633780155e-09
9.909535185883636688e-01
9.025975971986547122e-03
2.045896046783419529e-05
4.637382868384411595e-08
1.051144304388486517e-10
2.382607273878725706e-13
5.397378704949847370e-16
1.471175266353405370e-18
-1.792914886349142479e-19
1.284858780254447130e-19
-8.676682400551619333e-20
5.587887386946310060e-20
-3.426550410493157717e-20
2.003916236598176025e-20
-1.111512068830604590e-20
5.847366593842219781e-21
-2.950856303112892269e-21
1.553179778745165940e-21
-5.607711700371900327e-22
1.166443664675990366e+00
-7.209777796251867613e-05
5.721294967127306325e-07
-1.739688923267528198e-09
1.928113064096515634e-12
-3.446113326076072238e-15
1.589392063201280779e-17
-1.109972443709757565e-20
-1.266467264261110226e-19
8.826856983564084389e-21
1.137035825352135321e+00
-4.078393470220662009e-02
-1.052091163164268865e-02
3.720093012247298499e-03
2.352447508968394472e-03
-1.265475202119671757e-03
-4.285171671947884541e-04
5.031326109513767223e-04
-4.061138755448599535e-05
-1.261209398574145157e-04
5.345479408740040227e-05
1.577574585024713762e-05
-1.929351499548379503e-05
2.092448921031082274e-06
4.401801829555444932e-06
-1.930975886775311070e-06
-4.827126230060766126e-07
4.958918478847406888e-07
-4.786350281127673953e-08
1.064273670039674213e+00
-2.188377097248975223e-02
3.659220555131183130e-03
-5.867300185688154729e-04
8.619444923054743674e-05
-1.044364193665404912e-05
6.454793462017093988e-07
1.609403644616451927e-07
-8.627957606912862150e-08
2.641212695776082536e-08
-6.624524218590859748e-09
1.471177672094946201e-09
-2.959358742895109372e-10
5.377632327752825036e-11
-8.556910820511272305e-12
1.072045603929936247e-12
-5.370742084136277574e-14
-2.939450281316332925e-14
1.250694179111257010e-14
1.020365932130297137e+00
-1.555811097751671340e-02
5.942586936463268611e-03
-2.269794452053918495e-03
8.669247714878382770e-04
-3.310885391940712264e-04
1.264286914640731362e-04
-4.826537829181231021e-05
1.841755296507544524e-05
-7.022716787217265354e-06
2.674620167085649193e-06
-1.016776637652892790e-06
3.854900193283185025e-07
-1.455860666938169611e-07
5.469522531801019199e-08
-2.043116416642234889e-08
7.663089646372128260e-09
-3.146936726736677362e-09
1.004413225925126906e-09
1.004553972775471538e+00
-4.553972775471453426e-03
-4.688324979222756579e-19
4.246345020450976758e-19
-3.695218974531956508e-19
3.088277022754022710e-19
-2.477481186294858627e-19
1.906456597862931615e-19
-1.406048826332639886e-19
9.928541209248256323e-20
-6.704150379261081657e-20
4.322426021407997810e-20
-2.656219335513852521e-20
1.552631325797875501e-20
-8.616600949919533664e-21
4.543601970758795742e-21
-2.310057365821652971e-21
1.216367642043184044e-21
-4.324910470941004084e-22
3.876942355889724245e-01
