8.096565805574330588e-01
-3.529062016700939153e-03
2.822534712310234502e-06
7.884673963608663195e-09
-2.974180246176067679e-11
9.309571410053781451e-15
2.562691101230500576e-16
-1.374598572518741513e-18
1.055851213567069435e-19
-1.630505285399912842e-20
3.555270048756720702e-01
-4.007426199660414357e-01
9.433080514947277118e-02
1.613176113015186638e-02
-2.228325549029865765e-02
7.830007216853895891e-03
1.728036137412477773e-05
-1.307977698047325336e-03
5.767405465127640367e-04
-1.853066024359183143e-05
-1.023875084911061490e-04
5.199557592809512412e-05
-4.352506322952829163e-06
-8.467806532038047059e-06
5.039677437758005974e-06
-7.582302173842998280e-07
-6.084878084750870231e-07
4.145724780451321141e-07
-9.355283191121976702e-08
1.901274728662697561e-02
-2.144333922133801959e-02
7.251589728392936370e-03
-1.826091288435012158e-03
3.825840215952921726e-04
-7.117043683894583306e-05
1.219156443984517175e-05
-1.950657736342709337e-06
2.898322461280033442e-07
-3.875751892581243161e-08
4.249909593090199006e-09
-2.412047905655181467e-10
-5.199668511125991597e-11
2.579400719868140167e-11
-7.295782659743539920e-12
1.706632173966791651e-12
-3.586305161099678065e-13
7.188427812030148231e-14
-1.263025555603882673e-14
4.284311584929707600e-04
-8.108675728956812531e-04
6.881038166115443578e-04
-5.256537607251268295e-04
3.635878917684798209e-04
-2.293486953481626894e-04
1.329933846836768184e-04
-7.149593374568929515e-05
3.594214424076141372e-05
-1.704371066159039933e-05
7.689023687505724879e-06
-3.327475196914078284e-06
1.392150681077278962e-06
-5.671655919115600858e-07
2.264977751095223911e-07
-8.934360512477969810e-08
3.547902314292802881e-08
-1.561716456259540523e-08
5.226148496035916545e-09
-3.023856872168494564e-10
5.786705955815376373e-10
-5.066390919311353404e-10
4.051433360760947965e-10
-2.949619792734417351e-10
1.945389936532753898e-10
-1.153749440533385016e-10
6.085225651160447385e-11
-2.805818452751119361e-11
1.099012598060984344e-11
-3.460035049027413957e-12
7.599145094475089826e-13
-4.834471751544751058e-14
-4.292381157749450848e-14
1.854440430697683234e-14
-1.743791711255545267e-15
-1.304937827410542637e-15
4.447547417241916988e-16
2.783831697147608099e-17
5.002391878431818872e-01
2.003973216216782365e-03
-3.706681828278513918e-06
4.310685280852095081e-09
-2.148382532021409158e-12
8.884400086837648076e-15
-8.123308595364367075e-17
3.211654342583738020e-19
7.152568797243951531e-21
1.049818029518860055e-21
7.198774105393463962e-01
1.924835674103435312e-01
-4.154404916705312784e-02
-3.735765147261778558e-03
8.485508597608567780e-03
-4.024489138247051845e-03
7.390800682818542697e-04
2.872867074719915670e-04
-2.644336687261126867e-04
7.687335879479897330e-05
1.060056732988926279e-05
-1.880774906406944023e-05
6.622868034406306061e-06
6.016039476681995276e-07
-1.601367740181656069e-06
6.376776393791994336e-07
1.415585280417301591e-08
-1.461867704227763225e-07
6.463003568533078249e-08
9.083165816797482695e-01
3.004113706217522578e-02
-4.927841741302104416e-03
8.095538194558116575e-04
-1.330474542445244973e-04
2.180709032413820361e-05
-3.546302192497586694e-06
5.681282828567351876e-07
-8.881152958559405775e-08
1.335997605947580886e-08
-1.888761031629407086e-09
2.388213052870374946e-10
-2.334840939463039091e-11
4.514794782124290754e-13
6.187266444276519762e-13
-2.380097140694577776e-13
6.496762277899408428e-14
-1.602984766846993127e-14
3.310272302207731794e-15
9.701441306509862583e-01
2.246662071983497946e-02
-8.453122128401482568e-03
3.180535623506100008e-03
-1.196715338944059990e-03
4.502933416508320759e-04
-1.694435819698277674e-04
6.376704164618654123e-05
-2.400117824490830744e-05
9.035765833526037950e-06
-3.402755422663924886e-06
1.281948444528211792e-06
-4.831982131589810582e-07
1.822397441893483064e-07
-6.879691225825403485e-08
2.605039581171872939e-08
-1.003878177336482864e-08
4.317751608011627629e-09
-1.426998598578718732e-09
9.932228323924441327e-01
6.765665885221545939e-03
1.148220243682928072e-05
1.948676967463618282e-08
3.307154648126980646e-11
5.612670767517461602e-14
9.521292531057566142e-17
1.919503292307016358e-19
-2.085077184951589153e-20
1.401241517224941754e-20
-8.791500511679653348e-21
5.215731061152970903e-21
-2.891830688559773518e-21
1.511161093738916228e-21
-7.572323949335512782e-22
3.387870604085980440e-22
-1.279989483749562420e-22
5.235344402653583201e-23
-1.714416547463648055e-23
1.173522936907979597e+00
-2.025022908290366550e-04
3.145321624924160980e-07
-2.945198451496365640e-09
1.478634556159856191e-11
-4.531745917436852033e-14
9.572886772617861070e-17
-1.753054791726936708e-19
-5.084382861291466547e-21
5.187841764597620179e-21
1.120627422431416331e+00
-5.753466009591144681e-02
9.825337304022725791e-04
5.008663906622595578e-03
-1.421111285529009583e-03
-3.337799595443536184e-04
3.305007804466263892e-04
-3.368560659012202464e-05
-6.497557355619790447e-05
3.723302163989763151e-05
-1.891220318197628039e-06
-8.163433356772024720e-06
4.681456198549909584e-06
-5.246361528008289766e-07
-8.105476836535075988e-07
5.510781353425041181e-07
-1.102762038933364230e-07
-8.309492470277892792e-08
5.790360074803303184e-08
1.048036103891464954e+00
-1.632173424452199387e-02
2.720646543096489397e-03
-4.371305860702412579e-04
6.607516615657040232e-05
-9.055813762862389998e-06
1.040766842486581518e-06
-7.441189267278063801e-08
-6.658967748233994950e-09
4.499640433627650659e-09
-1.308667317438972355e-09
3.024757157610406598e-10
-6.164035566013387693e-11
1.143804156666065678e-11
-1.944980423848401313e-12
2.991545628026720716e-13
-3.971287907658506009e-14
3.761073024484760670e-15
-2.446241221917085275e-17
1.015231043996814408e+00
-1.163525183420449464e-02
4.444056415210377413e-03
-1.697297364705581011e-03
6.481648664408166732e-04
-2.474668304844643524e-04
9.444455181385423266e-05
-3.602023310717719445e-05
1.372303655941602775e-05
-5.219669147314650051e-06
1.980620883781307198e-06
-7.490658339649280703e-07
2.820422624031968441e-07
-1.055921581913947848e-07
3.925675508621448428e-08
-1.449074843910314339e-08
5.365170375089580877e-09
-2.173484260015942436e-09
6.881253293081990350e-10
1.003405806793080890e+00
-3.405806793081007488e-03
-1.982815651334548158e-19
1.767111694726428976e-19
-1.503037298846115325e-19
1.219329635695135668e-19
-9.426400874384346328e-20
6.936911637117591062e-20
-4.852675150530819093e-20
3.221395096332839917e-20
-2.025015398309631954e-20
1.202216204985733857e-20
-6.718320837047987645e-21
3.518983051121864422e-21
-1.718152968074635280e-21
7.767746578416057333e-22
-3.244690767388129276e-22
1.320269218114343824e-22
-3.910930918259211497e-23
6.128070175438595779e-01
