9.334831730178025366e-02
-1.766065276801119771e-05
1.346050446847075424e-09
-9.968538593032193574e-14
7.388007983270115487e-18
-2.269339050942663721e-22
8.856719636100818186e-23
1.149659618312819177e-22
9.145377233053572759e-23
-1.485332349875266554e-22
8.587404089175680599e-02
-9.423508900353325460e-03
-1.802701477645305556e-03
1.775225229378417640e-04
1.112386989588452610e-05
-2.246943790528611093e-06
-1.498026453212147368e-08
2.299615441156853694e-08
-8.424663168087227550e-10
-1.932640298416849461e-10
1.679698310566854874e-11
1.210136400624359474e-12
-2.209987378002029442e-13
-2.595987675779410183e-15
2.334313360784159735e-15
-7.472780654369681889e-17
-2.027498503906096230e-17
1.595909477821081762e-18
1.402798984053400659e-19
5.900762144256808256e-02
-1.567882798597018679e-02
2.761142502598372059e-04
1.151980667845692796e-04
-1.292815465296839539e-05
2.861648187054554897e-07
7.583711671115443978e-08
-9.568021223564508065e-09
3.167919848622908692e-10
4.636437085007733165e-11
-7.079049011696909859e-12
3.140972826476173586e-13
2.694127692290811403e-14
-5.192456518388066677e-15
2.872782505535942588e-16
1.441625304657200507e-17
-3.739261195534706425e-18
2.327981234780835275e-19
-3.119579728524751959e-21
1.107665166840097679e-02
-1.779496736713609417e-02
9.781112260581037443e-03
-3.859704716573014293e-03
1.084925024071178249e-03
-1.778937329072420429e-04
-1.755542515107050443e-05
2.852842926179999006e-05
-1.436613271929561892e-05
5.301085422788137694e-06
-1.584105617470271790e-06
3.706330325126360041e-07
-4.981031693879364984e-08
-1.051933403019959689e-08
1.174102530977145530e-08
-5.876416629221491461e-09
2.229485438405962860e-09
-7.228443773179613984e-10
1.720635254396465836e-10
2.125395259278824473e-05
-3.824326303606466292e-05
2.764270020469172771e-05
-1.563625364573060318e-05
6.494458621737588630e-06
-1.642009277504351788e-06
1.881590015483642410e-08
1.511835099626001685e-07
-3.225886456559377089e-08
-1.348555902159879835e-08
5.474314231222397081e-09
1.652762979892707671e-09
-8.314715000303997008e-10
-2.946115250034395713e-10
1.182261424008257697e-10
6.420345792434549371e-11
-1.182427856130155924e-11
-1.151075676739613967e-11
-5.351992622386867175e-13
9.054133703967374158e-01
9.882422434601850249e-06
-6.390572288590521308e-10
4.326182294980385608e-14
-3.024786624689349867e-18
8.097496269519772375e-23
7.407793171200479837e-23
-4.979481174002452595e-23
-7.567660562490051305e-23
7.660924122205249714e-23
9.096765763293284124e-01
5.398876093833915833e-03
1.065806857457287987e-03
-8.657120228092036172e-05
-5.839894347841055135e-06
1.007698204656539632e-06
1.147579515178930387e-08
-9.778437090344524507e-09
3.085992228595853898e-10
7.951182882667561933e-11
-6.415075459409329277e-12
-4.908831617702640631e-13
8.432020706899972722e-14
1.124165307550993093e-15
-8.860548727317788527e-16
2.796967952810425436e-17
7.639637787608119582e-18
-6.095958185235832127e-19
-4.799513708199826402e-20
9.258515747984944477e-01
9.871731220514668934e-03
-3.538575759663956239e-06
-6.750235141909879564e-05
6.036950477802912483e-06
-5.636492936389796303e-08
-3.866611388952903018e-08
3.980906784271232897e-09
-8.579424208679638611e-11
-2.178602218104239134e-11
2.742207062564938733e-12
-9.749976373798097936e-14
-1.184838970937220643e-14
1.927366898759292353e-15
-9.580415716429940567e-17
-5.927685415233537494e-18
1.358589805214879268e-18
-8.456814901861156595e-20
-3.142937015814797708e-21
9.677550072484373267e-01
2.244447244389208632e-02
-7.214178088158111797e-03
2.020902262589597837e-03
-4.352366626834453683e-04
3.763992589731821720e-05
2.536506580175549195e-05
-1.876053515842390277e-05
8.084685082118026162e-06
-2.655632311217079334e-06
6.785297377766089610e-07
-1.155045584647672287e-07
-2.694156439834869927e-09
1.309289285578829553e-08
-7.194344362180901575e-09
2.801052018265541907e-09
-8.802833351603942005e-10
2.268707089319905572e-10
-4.104081230988743365e-11
9.922957542719923474e-01
7.689374345108150946e-03
1.484574644390503440e-05
2.346308170490510258e-08
3.452501368054460779e-09
-1.939846302487306186e-09
9.431303656123931387e-10
-3.757876771600367256e-10
1.130444096893124912e-10
-1.961048389301315321e-11
-1.877561697454570679e-12
2.385940750476248287e-12
-5.303804142115417446e-13
-1.083919121814759515e-13
8.385488693959184758e-14
-3.954802568984968553e-15
-9.837476174737006160e-15
1.476573039257488317e-15
1.096356327989701974e-15
1.047682110006331824e+00
-4.718305775178632137e-06
2.782310627629241733e-10
-1.668858937325710826e-14
1.007275933232835009e-18
1.501816698145904033e-23
-8.266009221988345315e-23
5.082075091728261857e-23
3.889087495684435606e-23
-4.379536848987921001e-23
1.045628932492874918e+00
-2.605100079336003429e-03
-5.210346950798391439e-04
3.881600342374268961e-05
2.807278842896879046e-06
-4.147017937005476717e-07
-8.145824222123775140e-09
3.694633868525955631e-09
-6.469420588369672220e-11
-2.824819945556892443e-11
1.529989126893525400e-12
1.809226868824106291e-13
-1.882682202241882241e-14
-8.678350721602559655e-16
1.827833052395941708e-16
1.457543569538327315e-18
-1.532324107932511191e-18
2.982056396112919214e-20
1.120354951792550845e-20
1.037692201001423342e+00
-4.906644400746834091e-03
-1.802018096356480193e-05
3.413659821881030341e-05
-2.716250156554434068e-06
-8.465140532648602206e-09
1.936605819029266314e-08
-1.566734247089935940e-09
-2.178281496607218088e-12
1.116321296607801149e-11
-9.383450557273780690e-13
8.495999699528170912e-16
6.670905328073062301e-15
-5.792917321260874997e-16
1.060819485464927828e-18
4.173237698130859293e-18
-3.669825646004900160e-19
-2.282756707418811192e-22
2.644662161943950549e-21
1.016382327390070506e+00
-1.149939379548637133e-02
3.700719722683959000e-03
-1.025162989072804596e-03
2.114874191946809236e-04
-1.231800866079069014e-05
-1.597476943622257444e-05
1.052604357125040186e-05
-4.297390113577658426e-06
1.329279634929920360e-06
-3.055760274467629766e-07
3.636105746380873785e-08
1.041890135179695195e-08
-9.513181929438427224e-09
4.316227143671873942e-09
-1.481095353965594588e-09
3.996934577813024005e-10
-7.209100739085399313e-11
3.493719161460530937e-12
1.003874495743367401e+00
-3.874493402999243039e-03
-4.182693837610877710e-09
3.119194318385597876e-09
-2.047533737094705088e-09
1.168292013317808373e-09
-5.673023620142997313e-10
2.256077263654986225e-10
-6.762055113405171034e-11
1.159860556538236078e-11
1.194827142427741932e-12
-1.443706441866748934e-12
3.150995005414849846e-13
6.752530912773173547e-14
-5.065191939082244173e-14
2.139943687278908662e-15
6.001242958506250785e-15
-8.734983652185052931e-16
-6.725503205394720894e-16
9.504761904761904745e-01
