9.403936348666009915e-01
-1.020256084461851559e-03
-1.613263493478135170e-06
-3.757416882820852147e-10
4.924545886498399896e-12
-5.511148182709631462e-16
-5.297766781177101942e-18
-1.848310550526037056e-19
1.275709773927626841e-18
-7.644354894158400949e-19
4.945417973055506455e-01
-4.907273103297608019e-01
2.337689239228125243e-02
6.646172670322110509e-02
-1.582842526753825557e-02
-1.018735727401171021e-02
5.309327966317607499e-03
1.256664011002816498e-03
-1.541785515342980906e-03
5.326429960652170426e-05
3.624322228725775324e-04
-9.850912592780548414e-05
-6.646313796130969790e-05
4.054535776612002552e-05
6.716214015488011976e-06
-1.169127211459194944e-05
1.536770303045784463e-06
2.075106742141000431e-06
-8.563261462561738269e-07
2.464706525836894355e-02
-3.130057322272120773e-02
1.230822227603287598e-02
-3.604828307091112547e-03
8.676281569445159310e-04
-1.816422648027081423e-04
3.402612753762057662e-05
-5.702915230159351928e-06
8.175681286154570182e-07
-8.265566746235578523e-08
-2.009165632478209306e-09
4.361275479153324999e-09
-1.657581249590887598e-09
4.737201458193991370e-10
-1.172553313044113224e-10
2.617908685592088923e-11
-5.322607900071984580e-12
9.951616853587136741e-13
-1.546918155511399084e-13
3.245286893997499406e-04
-6.203602642567549634e-04
5.420646680675305284e-04
-4.339853207388571447e-04
3.194571152155654828e-04
-2.171696977405534253e-04
1.370459160229837298e-04
-8.073541815904949285e-05
4.466459227496377845e-05
-2.334595958578497847e-05
1.160034822571539264e-05
-5.513014653432042802e-06
2.520879469978713786e-06
-1.115511616438111222e-06
4.804934341707977345e-07
-2.030546335997412345e-07
8.596777142372023374e-08
-4.024445996269897912e-08
1.393846376525163247e-08
-6.531480199925718490e-10
1.258211118675509269e-09
-1.123909879071632846e-09
9.300172923254465328e-10
-7.115166464733887744e-10
5.018066441340214039e-10
-3.248802140109147009e-10
1.919499739952275472e-10
-1.026379670037763669e-10
4.906719897960954898e-11
-2.058055201126292387e-11
7.334871452854679312e-12
-2.082733734402224851e-12
3.927115577833019384e-13
-3.207518194836525177e-15
-3.005735493526998991e-14
1.072029701418507358e-14
-4.611036426886925440e-16
-7.931427436670723828e-16
3.982165420266178812e-01
1.151836923817557007e-03
-3.862578700115469865e-07
-1.862671610891741069e-12
-8.587017199550786095e-13
6.582834228343661837e-16
-3.595376636172502377e-19
1.247500077841628386e-19
2.683713955917987236e-19
-2.164284009933501594e-19
6.313852218457051135e-01
2.323718577380295136e-01
-2.805538805650982168e-02
-1.937192446431202503e-02
1.079911806978855679e-02
-1.175240340515814855e-05
-1.826319679122511992e-03
3.385943470300136707e-04
3.354720875596227630e-04
-1.425285166509009907e-04
-5.404786440350236871e-05
4.723065602570474073e-05
3.779580848603351070e-06
-1.315690929545349522e-05
2.010641356903783260e-06
3.032481746492851455e-06
-1.386088729030112486e-06
-4.513603786941671455e-07
4.337221405879275564e-07
8.744229771283185126e-01
4.060228847713252126e-02
-6.648470729021675567e-03
1.119585086509034292e-03
-1.972865920559594018e-04
3.668044653664168228e-05
-7.124312386165895168e-06
1.409141492006056646e-06
-2.750819980484455668e-07
5.129869678849603950e-08
-8.773975686837017222e-09
1.271976080286334667e-09
-1.172378556969053883e-10
-1.185252726533396220e-11
1.073631699280201640e-11
-3.980568706886720390e-12
1.167794583207606157e-12
-3.160256295131675650e-13
7.012111605184772180e-14
9.586957255186019378e-01
3.089999783380657436e-02
-1.155830141450107755e-02
4.323498123592267768e-03
-1.617293115923709767e-03
6.050164086411737377e-04
-2.263571647119442534e-04
8.470557418082572500e-05
-3.170961757140532806e-05
1.187802468612644805e-05
-4.453929326372296931e-06
1.672770541774464743e-06
-6.297463868328563723e-07
2.379004332291149893e-07
-9.032977561970901753e-08
3.460896470012122769e-08
-1.361764196214475254e-08
6.051623743193408870e-09
-2.046481193903985893e-09
9.905697312950310085e-01
9.407986558750091460e-03
2.222949723764718524e-05
5.252458051056472674e-08
1.241067897376354674e-10
2.932442509845856012e-13
6.923362639347780523e-16
2.061365668228913249e-18
-3.106519493829946201e-19
2.235416372947257258e-19
-1.519030353364564763e-19
9.878058144900734331e-20
-6.133412072036009977e-20
3.615729301982961530e-20
-2.026818638607659086e-20
1.090993250274980313e-20
-5.657181206032444927e-21
3.014106834473566518e-21
-1.093376466813068781e-21
1.140533867816071689e+00
2.161234749514093079e-05
2.879020720001771119e-07
-6.279541419076537764e-10
1.603958198242420159e-13
-5.535798724345747732e-16
2.652259993206715470e-18
-2.200597952087711587e-20
4.669339180570000530e-20
-1.843128138708405903e-20
1.128534819396362465e+00
-2.386197951111024632e-02
-1.401238350161926501e-02
1.079333208890980280e-03
3.549557643213695473e-03
-6.853489080460912391e-04
-8.612360357084696341e-04
3.641687538472589223e-04
1.521463071442706323e-04
-1.319928221558967134e-04
-9.838039757956011135e-06
3.699819820992831577e-05
-5.788895194519875682e-06
-8.545908428487748113e-06
3.534379098766922032e-06
1.518975014081350082e-06
-1.405554741350434447e-06
-1.477692726246227006e-07
3.659559958290735259e-07
1.066967632181033077e+00
-2.273894196787334954e-02
3.765520779455584343e-03
-5.865621811023559841e-04
7.930459971930416358e-05
-7.090438680776856729e-06
-5.282589871859924192e-07
5.082835187779143166e-07
-1.775077864351271463e-07
4.806649936898993069e-08
-1.127859760506869848e-08
2.362751791929353538e-09
-4.403847043967400783e-10
7.004991655075047101e-11
-8.107866942733237424e-12
3.201928939734885997e-14
3.759146492573514694e-13
-1.702173737061808788e-13
4.750198877130278764e-14
1.021233972755207997e+00
-1.622121459543488659e-02
6.195851827009365119e-03
-2.366516999530370730e-03
9.038558975019077117e-04
-3.451838927073371346e-04
1.318039617143015364e-04
-5.031202033566893513e-05
1.919457648617414874e-05
-7.316223958333737143e-06
2.784524266448788461e-06
-1.057330434956622379e-06
4.000901222942589783e-07
-1.506246556389546514e-07
5.630258585379918677e-08
-2.085998459698328677e-08
7.716015433956395468e-09
-3.094583934968427480e-09
9.692572242279844403e-10
1.004748076489270669e+00
-4.748076489270626130e-03
-7.259719512784358685e-19
6.586986347127767153e-19
-5.746428383099396420e-19
4.818220625894986625e-19
-3.880897988404974308e-19
3.000927016119864698e-19
-2.225930896570584362e-19
1.582274566824615981e-19
-1.076615715198408980e-19
7.002338283491087572e-20
-4.346239856068472399e-20
2.569659673903284390e-20
-1.445047072384370911e-20
7.740887581082162257e-21
-4.013720683931852433e-21
2.163450560881451955e-21
-7.801684798557274605e-22
3.451729323308271313e-01
