9.352492431815548901e-01
-1.774241072853187428e-03
-2.143529851574755338e-06
1.529378571898517630e-09
1.622870653254161954e-11
-3.445174086889330215e-14
2.668613211681392336e-17
-4.113680717495134000e-19
3.663092278672036791e-19
-2.675302989719262705e-19
4.492654872519551423e-01
-4.888206910078347622e-01
6.821045266149622366e-02
5.294963945685512985e-02
-2.786935838890748293e-02
-1.648043588932605235e-03
6.236408492660616004e-03
-1.590624512417419378e-03
-9.370145795457691332e-04
7.108779417468438690e-04
-2.554039377099909689e-05
-1.652443309919419360e-04
6.620035728632538607e-05
1.699424551488377342e-05
-2.256909540961617519e-05
3.754201554416209451e-06
4.074345500407552007e-06
-1.650803193469058657e-06
-2.689245410451554425e-07
1.944214226768305534e-02
-2.421981846025639262e-02
9.285425734137155510e-03
-2.652180475183818584e-03
6.249760478703299477e-04
-1.291497756265241957e-04
2.424085202898296936e-05
-4.189681570699543915e-06
6.607142677942816001e-07
-9.072745723563563815e-08
9.156575832875612819e-09
1.392076853807734483e-11
-3.614207246543192600e-10
1.377626927193624027e-10
-3.858114504108218300e-11
9.361744162929213470e-12
-2.067977254543435591e-12
4.370788413008206249e-13
-8.001771185935717422e-14
2.829835738453093216e-04
-5.401092652269096506e-04
4.697976687911201285e-04
-3.733693342174515344e-04
2.721425555873290296e-04
-1.828007508026500570e-04
1.137853209125001418e-04
-6.603047648269781027e-05
3.594957955732186992e-05
-1.848187987326011891e-05
9.030692166333682228e-06
-4.220978251487470740e-06
1.899075052359037871e-06
-8.274365060968350111e-07
3.512385658130643284e-07
-1.464099321277208062e-07
6.117836447605419893e-08
-2.827455353588289481e-08
9.723112116628637927e-09
-4.731516698830652608e-10
9.105525284468325603e-10
-8.108833945658749583e-10
6.675231515717864292e-10
-5.068855772356878673e-10
3.539143703604985441e-10
-2.261701508617388763e-10
1.314303603600190975e-10
-6.880644523492883466e-11
3.200484127435687020e-11
-1.293904126431824122e-11
4.372537412290136834e-12
-1.134586959259338175e-12
1.687311503567629744e-13
2.030158630975490652e-14
-2.115465738514435224e-14
5.395379090666928142e-15
4.031756746642503617e-16
-6.000549568825536913e-16
3.880602403512571352e-01
1.639732588662544356e-03
-1.249146970067801340e-06
6.271433307342292044e-10
-3.572735811622775352e-12
9.262510788701933093e-15
-9.181339300600692672e-18
-4.090895054813477365e-19
-2.163032730121046237e-19
7.161401680599573400e-20
6.431120190849017870e-01
2.389744876391471928e-01
-4.163341930505914251e-02
-1.343006281183758456e-02
1.261945837142326374e-02
-2.958828496614820166e-03
-1.079809636234200024e-03
8.870730926979980904e-04
-5.099576898727837735e-05
-1.795579100468572644e-04
6.758510523878549770e-05
2.253876596813900011e-05
-2.466548268767881642e-05
2.639186829347175560e-06
5.442577490975430935e-06
-2.578347140259609938e-06
-3.894892663222467628e-07
6.436173175515748293e-07
-1.463039702653738951e-07
8.820188015208384469e-01
3.821146960171826340e-02
-6.231804972403068299e-03
1.031748541043344975e-03
-1.750250453502768502e-04
3.059597751077330864e-05
-5.497475724029046365e-06
1.003740022201069886e-06
-1.830344333356463398e-07
3.266883105408013734e-08
-5.572143050820172214e-09
8.764442890184070053e-10
-1.178713518449966228e-10
1.026177595504332464e-11
8.973584584163532507e-13
-8.016562269026525126e-13
2.854272055493614910e-13
-8.507542358055796684e-14
1.998444553938018722e-14
9.612689189819849656e-01
2.901314604249121548e-02
-1.086679442670257338e-02
4.070166089269409634e-03
-1.524513999267653125e-03
5.710420533407464371e-04
-2.139135236265116266e-04
8.014377510164169202e-05
-3.003369549703919071e-05
1.125970749194941818e-05
-4.224073652412375937e-06
1.586251897623745380e-06
-5.965566948684199613e-07
2.248245305722517457e-07
-8.499604198006164749e-08
3.233435309200249552e-08
-1.257909267587912162e-08
5.496531813380802803e-09
-1.837340193437803989e-09
9.911686756751461047e-01
8.811781916498107742e-03
1.949916391029423655e-05
4.314875206938294874e-08
9.548177584297168416e-11
2.112873024674443837e-13
4.672895461720025901e-16
1.231865733711551623e-18
-1.425041087895391122e-19
1.019431898745090064e-19
-6.854243090582524032e-20
4.384774776313915867e-20
-2.681029697314470145e-20
1.560997583925502426e-20
-8.550758210802054432e-21
4.475484945784724333e-21
-2.246574509662068927e-21
1.151353980369838649e-21
-4.119189705496454441e-22
1.175373935735152475e+00
-1.172808568657309050e-04
7.277288252944539492e-07
-2.535271955676441211e-09
3.809871349394928866e-12
-7.035593690941609354e-15
3.019074227988815290e-17
-2.231577941317239389e-19
-8.096955855296038681e-20
8.923357793356803043e-20
1.139023637137480005e+00
-4.700528343882004467e-02
-8.620326429813040398e-03
4.528918404290693638e-03
1.700731302422243095e-03
-1.351530861997002298e-03
-2.169236548025937081e-04
4.862773207159584764e-04
-1.132319975366803341e-04
-9.474753345162859324e-05
6.697363414615490989e-05
1.683700709186888979e-07
-1.774063887395963825e-05
6.448818951611167959e-06
2.304850057574722169e-06
-2.548964734522351503e-06
4.064734594258330693e-07
4.856934459912620181e-07
-2.627924244875938190e-07
1.062751496342667190e+00
-2.138042761236987402e-02
3.584066776004312792e-03
-5.789957976584567644e-04
8.681052530024587833e-05
-1.117009859198692856e-05
9.430611872948078519e-07
6.705918192324553072e-08
-6.065113537972611926e-08
2.011778656610503034e-08
-5.213520746532681213e-09
1.182445232079428285e-09
-2.428727492916457515e-10
4.544976787180088999e-11
-7.625557092577333158e-12
1.083811904226565864e-12
-1.042517211271621534e-13
-7.021833154008323131e-15
6.254199132806748859e-15
1.019880181099932281e+00
-1.518703401812789532e-02
5.800851734525135257e-03
-2.215659646853065500e-03
8.462499144230267549e-04
-3.231937870142106311e-04
1.234150488609344872e-04
-4.711572868948238314e-05
1.797951268885430372e-05
-6.856178328494109732e-06
2.611543754017255341e-06
-9.930384196509598408e-07
3.766493358475284062e-07
-1.423489198295069326e-07
5.354238391259510089e-08
-2.003981229541751619e-08
7.541692714450312878e-09
-3.114840874849618398e-09
9.986240150050193409e-10
1.004445354842607552e+00
-4.445354842607532678e-03
-3.959483111563668908e-19
3.582835391177970692e-19
-3.113677565069296104e-19
2.597751831655970497e-19
-2.079500382196978286e-19
1.596074149072049589e-19
-1.173553188489473271e-19
8.257494945759910471e-20
-5.553070169644605988e-20
3.563576601418147051e-20
-2.178223906471756398e-20
1.265466431128976569e-20
-6.973347846738339714e-21
3.646140951033223682e-21
-1.834255116415854260e-21
9.535746025235765957e-22
-3.363986071063916831e-22
4.077042606516291245e-01
