9.364784932572745024e-01
-3.961430038543041965e-04
-6.565100627270727071e-07
-3.993915184796587346e-10
3.258611166497264028e-13
5.166571125093459558e-16
1.439404363408546619e-19
-2.969375207046741644e-20
2.487281627520098364e-21
4.086656509793559109e-21
5.785615730241667753e-01
-4.526933775246999581e-01
-5.694006959572597143e-02
5.685017562327694673e-02
1.232771469318813366e-02
-1.048733352602761702e-02
-2.877626864706290827e-03
2.260424848014516274e-03
6.495118712789247359e-04
-5.076458584125323904e-04
-1.502561499467214680e-04
1.177966146250705601e-04
3.517797960298529631e-05
-2.777939904341904538e-05
-8.439169819909338489e-06
6.508794242735729768e-06
2.266773940389227270e-06
-1.163715654999437049e-06
-5.533613654536094382e-07
4.218290456279702449e-02
-5.454672026506304783e-02
2.192056362038113243e-02
-6.522572365597409036e-03
1.569201152596764754e-03
-3.168390865608210314e-04
5.269646504609961599e-05
-6.100431230561814999e-06
-1.134786686830282376e-07
3.665400105878008780e-07
-1.519027479512870486e-07
4.607450689819702813e-08
-1.176164696997196040e-08
2.593812911805461581e-09
-4.803872887622375961e-10
6.485667259870821009e-11
-1.033887951540921541e-12
-3.800776290417487189e-12
1.531975021313981668e-12
4.998807047939305380e-04
-9.570794676300604367e-04
8.402212373692978737e-04
-6.778205249128954699e-04
5.040474132332375392e-04
-3.469267551928229953e-04
2.220584861448392493e-04
-1.328716513179540606e-04
7.473504791375069380e-05
-3.973931649289268474e-05
2.009176371911621192e-05
-9.714326252273810432e-06
4.517002341937381753e-06
-2.031073791543756429e-06
8.881397990922756331e-07
-3.806422623589454569e-07
1.633102703577520395e-07
-7.743073146423476743e-08
2.700463284743543127e-08
-1.212498777113643048e-09
2.338282357839709141e-09
-2.095603776870788116e-09
1.743829608890185508e-09
-1.344954206737385973e-09
9.588644861890218363e-10
-6.295141564712084775e-10
3.785811531979042407e-10
-2.070182641921337960e-10
1.018469664876781295e-10
-4.436481178326894863e-11
1.667066939387970776e-11
-5.146342177557760093e-12
1.159746570888220504e-12
-1.077007431996943163e-13
-4.824652416179636618e-14
2.612086761587834851e-14
-3.812313366677353367e-15
-1.014510168116937507e-15
4.459848003457548282e-01
6.133431776897918346e-04
8.279525656167502184e-09
-3.353689281131400607e-11
-8.577156107137530164e-14
-5.718890326727293651e-17
2.126161950813496774e-20
4.478593501104309252e-20
2.865637978703754930e-20
-2.974762026027945392e-20
6.332999223678412726e-01
2.068607552066621391e-01
-2.763630611404468713e-03
-2.266215028183965474e-02
3.222347124701956632e-03
3.115495094624749252e-03
-4.410916591404955033e-04
-6.567558699426222484e-04
7.160626121146980428e-05
1.531530620722148020e-04
-1.206940680478785808e-05
-3.723258370928585415e-05
1.965296331101896350e-06
9.222507554096620502e-06
-2.692579708428310402e-07
-2.247575176497846193e-06
-1.214237244397622022e-08
4.048649401554225123e-07
2.822214006392306966e-08
8.711353673567371336e-01
4.211312236569688533e-02
-7.175022372607850474e-03
1.330915612337502758e-03
-2.761089310789687596e-04
6.242294904335562772e-05
-1.441537007361911019e-05
3.182629465263510550e-06
-6.310106746514693916e-07
1.014351618344581705e-07
-8.641616808145417062e-09
-2.207572646907678002e-09
1.555504736726315552e-09
-5.852578064198719065e-10
1.752784630949790097e-10
-4.503996618818156674e-11
1.000008406536767591e-11
-1.846182393253356079e-12
2.379165421055159032e-13
9.576977121979972640e-01
3.163050303241665001e-02
-1.182563312220022596e-02
4.421378670895066178e-03
-1.653192729504303262e-03
6.182389320784698657e-04
-2.312712813684081076e-04
8.656397537143303931e-05
-3.243427230324722653e-05
1.217447247743681243e-05
-4.583322517287430533e-06
1.733529872573122342e-06
-6.602581189062581922e-07
2.540063041103468160e-07
-9.909799472811002086e-08
3.948412041654397296e-08
-1.642885496641372206e-08
7.868136759900831928e-09
-2.789767866469008119e-09
9.903370127092662178e-01
9.639587036437493456e-03
2.334358735843308338e-05
5.652971115208951815e-08
1.368944764487133037e-10
3.315114556737202719e-13
8.006677939142075652e-16
3.601305450234876834e-18
-1.235674036803817966e-18
8.909910910353067775e-19
-6.136448124135917423e-19
4.046138999676720347e-19
-2.550933671678935945e-19
1.535686755413887450e-19
-8.815336508177223614e-20
4.841069501341916972e-20
-2.587929364879797889e-20
1.442117151437598000e-20
-5.306414463772503572e-21
1.067326707878608172e+00
1.280760874060910980e-04
4.781407234535686939e-08
-4.312984302426919850e-11
-5.347749347839449740e-14
-4.462115559779598356e-17
2.794766575443996238e-20
3.730769131327791581e-21
3.431501268303164941e-20
-2.115069189001905592e-20
1.092247535052192076e+00
1.912649175674165786e-02
-1.343064471305205169e-02
-6.484884954529603583e-03
2.869360737593961222e-03
1.414055712144771321e-03
-5.578619873425976448e-04
-3.552908384838701942e-04
1.201476431693253207e-04
8.984725828017096829e-05
-2.674447681941369195e-05
-2.298023998056105809e-05
6.124853708920823712e-06
5.895192965128222688e-06
-1.434497519521412717e-06
-1.471492208130179983e-06
3.379239664853755922e-07
2.669109201884616027e-07
-5.949314370205787638e-08
1.068319547723860730e+00
-2.276027853930542855e-02
3.512332127545394339e-03
-4.271481596684993122e-04
9.294950668048232738e-06
1.810504341200618484e-05
-8.326479934708145038e-06
2.622160503673833391e-06
-6.788513363166046596e-07
1.491255489234808566e-07
-2.680729003714876359e-08
3.227494295120115923e-09
1.371605490128139791e-10
-2.544615387942163426e-10
1.070788684411690243e-10
-3.331973206986004409e-11
8.696174029724670263e-12
-1.997349514776117801e-12
3.607791093761369133e-13
1.021764869906627959e+00
-1.662663442989102680e-02
6.350579494457856029e-03
-2.425504446231971714e-03
9.262916651138761778e-04
-3.536764411348425016e-04
1.349879459144065767e-04
-5.148354647874502939e-05
1.961005405136094864e-05
-7.452843863130235983e-06
2.822036473520994190e-06
-1.062253757578303111e-06
3.961441273544934405e-07
-1.456169599074905159e-07
5.233393776390718563e-08
-1.813726480421762247e-08
5.922358056256444264e-09
-1.831174899352578045e-09
4.351979151564161561e-10
1.004866818195751854e+00
-4.866818195751835933e-03
-2.392162753297691221e-18
2.176863890670951897e-18
-1.906950349406184562e-18
1.607544632240705124e-18
-1.303471639901216209e-18
1.016017977372472395e-18
-7.607643131946691802e-19
5.467255265900708991e-19
-3.767082458618651696e-19
2.485526504278062361e-19
-1.568139956849362488e-19
9.446030560724064706e-20
-5.427821290222228365e-20
2.983288102236882707e-20
-1.596856973715774332e-20
8.931331790233674631e-21
-3.291054480473941267e-21
2.501253132832080839e-01
