9.352534148025513083e-01
-3.235135239823133126e-04
-5.253621092215806042e-07
-3.287369702786834969e-10
1.549628644634242450e-13
3.214391231458363439e-16
1.041061413796139233e-19
1.137088255809863363e-19
-4.625117993451359616e-20
-1.027298130298268200e-20
5.986683145520269589e-01
-4.374141611964219023e-01
-7.194400959971418430e-02
4.935300802225430633e-02
1.672258972170985458e-02
-7.910693418775994676e-03
-4.043432085254632796e-03
1.441955166958949893e-03
9.571168204227042085e-04
-2.645346583634489612e-04
-2.291255267175497834e-04
4.793812935532092980e-05
5.495315160822491005e-05
-8.228552900977810717e-06
-1.328498506085579326e-05
1.319470316348319989e-06
3.417863886333135936e-06
-1.929529313935081165e-07
-7.543155381006839025e-07
4.819025590349461374e-02
-6.244655916601352108e-02
2.513329920321991096e-02
-7.466211004288234206e-03
1.779856341538199865e-03
-3.498243513760497742e-04
5.383264679358027181e-05
-4.386462310517070548e-06
-1.014661184898530236e-06
6.834612726514444788e-07
-2.430471644948680725e-07
6.833459074522595740e-08
-1.625711534360826701e-08
3.238575208952119081e-09
-4.840726384209331365e-10
2.267607784689395176e-11
1.961220020156895250e-11
-1.134680810421833265e-11
3.517745597322974457e-12
5.625225689783076985e-04
-1.077284360753085792e-03
9.464481698395154057e-04
-7.644271022202532356e-04
5.693583655547454969e-04
-3.926385500828108487e-04
2.518729251749608289e-04
-1.510753159107629891e-04
8.519040304501288084e-05
-4.541731239277950721e-05
2.302268201767821093e-05
-1.116000102216679559e-05
5.201986831251514259e-06
-2.344474028647389375e-06
1.027349664040718617e-06
-4.411411554483922952e-07
1.895844551688440486e-07
-9.001913089694013051e-08
3.141816084638472406e-08
-1.399672648739743398e-09
2.699755585010034394e-09
-2.420950031810684225e-09
2.016524228199107044e-09
-1.557454408631034525e-09
1.112444189703983273e-09
-7.321043041463326839e-10
4.416205578695707764e-10
-2.424179610241699918e-10
1.198454887508335591e-10
-5.253799494097365774e-11
1.991492187759672108e-11
-6.230069235767987894e-12
1.440447632763953811e-12
-1.504725473059296912e-13
-5.265358940476943947e-14
3.125079855797929883e-14
-5.103549294601429604e-15
-1.021627736262843060e-15
4.587200046006423282e-01
5.362321514122261662e-04
2.627863380294144003e-08
-2.275313406579637444e-11
-5.370325906343271034e-14
-4.113167919863982352e-17
1.365418626654396191e-19
-1.389984723166958372e-20
-1.677163266392941424e-19
1.302181973819070324e-19
6.361334084171313963e-01
2.001457211377615231e-01
2.452630941223946353e-03
-2.200751746547758431e-02
1.384271100007549837e-03
3.089289111964840448e-03
4.649190436422951257e-05
-6.229580414340188214e-04
-6.561164716473222357e-05
1.345020567683475037e-04
2.657224074432959818e-05
-2.955569593351394588e-05
-8.743156160224363564e-06
6.465465777512633682e-06
2.666745499064923598e-06
-1.384579943125819577e-06
-8.436000358952944276e-07
2.340020979903753149e-07
2.160538540430293366e-07
8.719496083313350576e-01
4.212127504051244031e-02
-7.320066218066518041e-03
1.415552231830735858e-03
-3.107833214195715910e-04
7.386309071273274311e-05
-1.753337281639914415e-05
3.863017901517591911e-06
-7.303923078649348514e-07
9.848423261117713079e-08
6.152492821545660458e-10
-6.686647597927881053e-09
3.120641003512528171e-09
-1.038390996306064788e-09
2.866322334600076623e-10
-6.740428771522242189e-11
1.298322062031842152e-11
-1.595807206774365306e-12
-3.371130558704465166e-14
9.580401045312357811e-01
3.138016475193371874e-02
-1.173421465367093137e-02
4.388058468185845364e-03
-1.641092863995425363e-03
6.138773231386232586e-04
-2.297224512850460829e-04
8.603064557571535060e-05
-3.226231803854178837e-05
1.212722607018685677e-05
-4.576299901727199895e-06
1.737467292438442495e-06
-6.656915729197866837e-07
2.583711912793374727e-07
-1.020770956580591244e-07
4.137542991080489254e-08
-1.761345569178663084e-08
8.674132254171902380e-09
-3.125921879109683582e-09
9.904169180922813842e-01
9.560068999340773019e-03
2.295764495039073885e-05
5.513071733591691345e-08
1.323914496904531090e-10
3.179297194977379306e-13
7.605794821479073374e-16
4.089992675721576572e-18
-1.687463548314972108e-18
1.217597838237671317e-18
-8.403006057439418499e-19
5.554880376462857375e-19
-3.512374187009493544e-19
2.121044644681203717e-19
-1.222249337709706945e-19
6.736967215470829365e-20
-3.618574943921614809e-20
2.035853993213332740e-20
-7.533125595810557802e-21
1.050836189463800974e+00
1.346124587620350520e-04
3.401711529219629025e-08
-2.426002651788119680e-11
-3.556860166456391006e-14
-2.949368699088250962e-17
-9.028458479088625900e-21
5.870629715141650137e-20
-5.391351961908291187e-20
1.702016083314494260e-20
1.081963084248838358e+00
2.763058617921143253e-02
-1.157255218699869588e-02
-7.677808343317104288e-03
2.083741366034964123e-03
1.626167168168140631e-03
-2.678103808956124672e-04
-3.936247246408244751e-04
2.595928402077955137e-05
9.504128262108360006e-05
1.884531900371412312e-06
-2.284486103924593880e-05
-2.269219147244131746e-06
5.432066874708853027e-06
9.824895757546583914e-07
-1.258408596346168541e-06
-3.831148388825990346e-07
2.224084607988355713e-07
1.116646355792822464e-07
1.067593172339189822e+00
-2.231020188317571831e-02
3.319001647409804395e-03
-3.419931829599978635e-04
-2.410985183578982864e-05
2.944844932746839384e-05
-1.165098911229812449e-05
3.453680527620440039e-06
-8.479500801861803218e-07
1.719336280444690809e-07
-2.572702840532206531e-08
1.030713512815463663e-09
1.144502469008738775e-09
-5.930807294436423818e-10
2.015931482195086930e-10
-5.560234455171608811e-11
1.288655009246808988e-11
-2.417940771441973207e-12
3.027966842570932763e-13
1.021582132122938580e+00
-1.648696669620216756e-02
6.297172454117341139e-03
-2.405053198151951323e-03
9.184365333124263524e-04
-3.506409234313507986e-04
1.338012212552230071e-04
-5.100993216568334618e-05
1.941457726968864544e-05
-7.368123742024047013e-06
2.782992138305949929e-06
-1.043053230934391032e-06
3.861525056950951762e-07
-1.402022703713464707e-07
4.932560441978808004e-08
-1.643451217714992101e-08
4.922909175618444953e-09
-1.174552224974179690e-09
1.644782553195451870e-10
1.004825970364135124e+00
-4.825970364135176612e-03
-3.160821921469620085e-18
2.877804117268413094e-18
-2.522787415365387722e-18
2.128671784289645004e-18
-1.728016800058831088e-18
1.348804508569836876e-18
-1.011590788492890577e-18
7.283560858293644854e-19
-5.029445966551479161e-19
3.326640740854127436e-19
-2.104708299065653374e-19
1.271883566540771450e-19
-7.335516243079918630e-20
4.049602282137792388e-20
-2.179394166452190112e-20
1.226508436560051430e-20
-4.535466544594610587e-21
2.276140350877192686e-01
