9.403894614422146914e-01
-9.710091012970216602e-04
-1.552835980155215031e-06
-4.246110034707285165e-10
4.354883058458476175e-12
3.067304590271839030e-17
-3.727051534339393094e-18
-2.042412686942373060e-19
2.408299820894095481e-20
6.147634834312332579e-20
4.986258755729899850e-01
-4.900006616824140737e-01
1.912272351028202269e-02
6.702844274693890714e-02
-1.441774249561691285e-02
-1.073058673632154743e-02
4.998586037420668302e-03
1.497940028365119620e-03
-1.503509603427486026e-03
-3.027831060803449183e-05
3.717584975704001115e-04
-7.577602769643885258e-05
-7.497359804401394388e-05
3.593978745074155129e-05
1.039926556494240010e-05
-1.119853049005997150e-05
2.584848209520988449e-07
2.112400615021895058e-06
-5.429110394898758332e-07
2.525338503464787804e-02
-3.211258604225285945e-02
1.264908412230427923e-02
-3.710619847244897573e-03
8.941245645690570247e-04
-1.872278781734728931e-04
3.501383036663280595e-05
-5.835465633753701380e-06
8.233295438018138133e-07
-7.822171454912005659e-08
-4.243985916197803894e-09
5.103356867495645719e-09
-1.863924941719295311e-09
5.247419007289842187e-10
-1.286699540729614588e-10
2.847813443884177509e-11
-5.725494230436262578e-12
1.049155363649133093e-12
-1.578904972925350205e-13
3.301547002632538338e-04
-6.311819967684323060e-04
5.516939264192463480e-04
-4.419192062083680708e-04
3.255189797700866320e-04
-2.214743178625013355e-04
1.398953926755478275e-04
-8.250031298202079304e-05
4.569180841455228030e-05
-2.391047683921813171e-05
1.189477666371010898e-05
-5.659529207883337148e-06
2.590818670030191220e-06
-1.147711826292501816e-06
4.948737637226362348e-07
-2.093350248121482882e-07
8.870925870298194494e-08
-4.156564772540645378e-08
1.440330787260047986e-08
-6.731296362772086988e-10
1.296794186805792101e-09
-1.158620489596453928e-09
9.590855502182775284e-10
-7.341372674096732086e-10
5.181212698004438530e-10
-3.357450791745956098e-10
1.985967792231793777e-10
-1.063467989585524677e-10
5.093561567776201154e-11
-2.141755950190583906e-11
7.660257606762402794e-12
-2.187713086446915817e-12
4.180634390794382739e-13
-6.194647294671582497e-15
-3.089371479158792333e-14
1.128287278505326996e-14
-5.647571062580911086e-16
-8.085200526471602879e-16
4.000254243630045892e-01
1.114835870461009047e-03
-3.421692647419932151e-07
-1.813752778713281390e-11
-7.551557954458854299e-13
4.814557229246240238e-16
6.743118173148241460e-19
1.686540723139784591e-19
-1.916026753720785807e-19
1.162987490855285408e-20
6.309187996002935117e-01
2.313671255281506134e-01
-2.674997414612497251e-02
-1.977782333726016764e-02
1.051467025041378546e-02
2.447824488017042712e-04
-1.832118945380817017e-03
2.677268967047907473e-04
3.542383101005066801e-04
-1.258750753682499001e-04
-6.337671703705914737e-05
4.422234803490312735e-05
7.319279122065649106e-06
-1.303326614961017896e-05
9.010241222778004176e-07
3.224299309969600436e-06
-1.084136646801284779e-06
-5.219647033632108085e-07
3.714039671691592503e-07
8.739646036019849129e-01
4.075296251413577236e-02
-6.678511203082966065e-03
1.127388767687158202e-03
-1.996426076399163943e-04
3.739143830101420465e-05
-7.323355612745918783e-06
1.459501416031218896e-06
-2.864248820197969807e-07
5.350677121260417168e-08
-9.112941207383405604e-09
1.296779612985449578e-09
-1.086505277584967639e-10
-1.724027097532860291e-11
1.270233406271085672e-11
-4.567241710529056008e-12
1.322588097178554619e-12
-3.545610925901312539e-13
7.810644314082085807e-14
9.585417586725201167e-01
3.101272317566407949e-02
-1.159955003603807891e-02
4.338586927429339234e-03
-1.622811833327444204e-03
6.070354004954198321e-04
-2.270965928558663506e-04
8.497708375748721610e-05
-3.180984197199476971e-05
1.191538325556107146e-05
-4.468085564402324753e-06
1.678272992394924407e-06
-6.319628047400702713e-07
2.388339790802191119e-07
-9.074313150169370316e-08
3.480205462992035071e-08
-1.371443999785318595e-08
6.107975001420965901e-09
-2.068575656184990083e-09
9.905338404353589699e-01
9.443706980497776349e-03
2.239932933275803190e-05
5.312849663833722783e-08
1.260143593374101276e-10
2.988915313446140606e-13
7.083454722610992823e-16
2.135888250893785848e-18
-3.331182588516849399e-19
2.395740678432962431e-19
-1.630454066407316559e-19
1.061980921236842231e-19
-6.590589717022503065e-20
3.890203826169788478e-20
-2.192532660954466214e-20
1.175964034080022339e-20
-6.073243804486904850e-21
3.283527225646501194e-21
-1.190268800937638336e-21
1.136989902746857073e+00
3.122697183236652945e-05
2.624229082195689432e-07
-5.486800748883301362e-10
8.702844682400059265e-14
-4.472305837893012132e-16
2.072301496665644595e-18
-5.258524668996804058e-21
1.880707659040658338e-20
-1.602691483366576864e-20
1.127156339186943246e+00
-2.162360091612380505e-02
-1.431358706780833621e-02
6.944084232995438371e-04
3.648354339889048684e-03
-5.820953099495946659e-04
-8.988718296126884224e-04
3.308461255527486819e-04
1.724842520544260342e-04
-1.249946552288046882e-04
-1.836677432530482005e-05
3.680057615835949326e-05
-3.027562449158305035e-06
-9.145970806138848557e-06
2.827956182077332778e-06
1.854131462396569976e-06
-1.273961519361195454e-06
-2.340599503943042363e-07
3.513980645048578962e-07
1.067217349447138197e+00
-2.281300961440968847e-02
3.771465913192641184e-03
-5.845131371566180322e-04
7.781303033739354891e-05
-6.475371903839588496e-06
-7.321079345555337903e-07
5.669496274252445810e-07
-1.925878920349705583e-07
5.155839170771377516e-08
-1.200132036144731422e-08
2.491829214568345294e-09
-4.580346601017092968e-10
7.081667332364101223e-11
-7.484750800490253599e-12
-2.856602129029230267e-13
4.829969773200509107e-13
-2.020647439623030293e-13
5.499662860497674704e-14
1.021315652452726708e+00
-1.628360857881776258e-02
6.219680921104659560e-03
-2.375616011259693797e-03
9.073289686267559497e-04
-3.465085086767597140e-04
1.323083797606060534e-04
-5.050353922895302788e-05
1.926690228191996020e-05
-7.343277260526552686e-06
2.794476151318629317e-06
-1.060886567193814644e-06
4.012962799784707838e-07
-1.509938299155942263e-07
5.638984129270862267e-08
-2.086191018626495011e-08
7.697583603743946958e-09
-3.073927257338071317e-09
9.594120942774265344e-10
1.004766341356145398e+00
-4.766341356145324497e-03
-7.689548693285213915e-19
6.978306750341463961e-19
-6.089435206648456580e-19
5.107589665728220567e-19
-4.115740010019066697e-19
3.184163164927718115e-19
-2.363282191343510889e-19
1.681095344480706502e-19
-1.144784887478525677e-19
7.452627808228078539e-20
-4.630625360002465983e-20
2.741112497189141801e-20
-1.543622549959463770e-20
8.282750019965249105e-21
-4.303598797948346696e-21
2.325375444157211272e-21
-8.397813894019748340e-22
3.401704260651629008e-01
