9.390778750819110954e-01
-6.312219121652474759e-04
-1.060679563378734208e-06
-5.353966779717507892e-10
1.379661210049219035e-12
1.138804483253795119e-15
-8.587467018606181815e-19
8.300155164077031995e-20
6.573288991239803924e-21
-1.412393566109738963e-20
5.353883593633622651e-01
-4.779332196554951229e-01
-1.831304400118013986e-02
6.704055615324144846e-02
-1.133403748772156315e-03
-1.311351517097588196e-02
1.306354548916481518e-03
2.851354686348905616e-03
-6.205489676943435565e-04
-5.981470769808346208e-04
2.174049635531887696e-04
1.185621829209938978e-04
-6.725825361720952128e-05
-2.098458529772778610e-05
1.937659426556233243e-05
2.888859349484483168e-06
-5.643710335521918589e-06
-1.639455262258928135e-07
1.326615253244983411e-06
3.178231722420668537e-02
-4.080348812318168594e-02
1.626862237282068399e-02
-4.822879059531821715e-03
1.168249830199256240e-03
-2.431596047886331626e-04
4.414408338765440974e-05
-6.752748594656307851e-06
7.232885526437977695e-07
1.739841660754832597e-08
-4.136345276337077814e-08
1.635206069580487836e-08
-4.817238010319350271e-09
1.215904185016611689e-09
-2.724918534568309249e-10
5.413207184922794670e-11
-9.137437653810466607e-12
1.078996327654566217e-12
-1.496089026878836563e-14
3.937415045024283012e-04
-7.533496371288775969e-04
6.600367000674753652e-04
-5.307324371144636708e-04
3.929512234035637138e-04
-2.690304479160271489e-04
1.711570893547449451e-04
-1.017347348162211344e-04
5.681907443743297598e-05
-2.999308476650034325e-05
1.505286814450991296e-05
-7.225203841114145038e-06
3.335957226869685961e-06
-1.489969202740297066e-06
6.474459111576570059e-07
-2.758751445321051643e-07
1.177216288724873204e-07
-5.553290469377072723e-08
1.931481542652735663e-08
-8.841278981374309821e-10
1.704200712176761586e-09
-1.525096430267631657e-09
1.265940268357636861e-09
-9.728876687249241428e-10
6.902933040269050795e-10
-4.504049292304334536e-10
2.687596509549076932e-10
-1.455225697208651905e-10
7.069757087086397388e-11
-3.029190085940008360e-11
1.112509010145072198e-11
-3.314662516789314543e-12
6.951832869961199328e-13
-4.147992406272452500e-14
-3.869643330559493932e-14
1.712482284580479190e-14
-1.739074510913077164e-15
-9.297090139841176016e-16
4.195022237604002502e-01
8.369828191554231842e-04
-9.442251389157420602e-08
-5.805452639960225351e-11
-2.568520741078074012e-13
-5.517384645721370782e-17
2.000816715142350580e-19
-5.099692024362707154e-20
5.403987996727786074e-20
-4.159401784617653887e-20
6.297453716885876851e-01
2.208558620192115907e-01
-1.518989630838493698e-02
-2.228058678589185659e-02
7.396703354216510422e-03
2.145870994115027085e-03
-1.458847820796162036e-03
-3.342467592349234232e-04
3.494645934071145842e-04
5.056571712302115694e-05
-8.952755622730429951e-05
-4.384474849605977369e-06
2.308659392680974693e-05
-1.114253313275140034e-06
-5.900947020045425959e-06
8.305804491384754386e-07
1.576360407702743753e-06
-2.369731574037787540e-07
-3.577949353882182660e-07
8.713169182709595839e-01
4.170958640294362280e-02
-6.915030257185124721e-03
1.204094013502186519e-03
-2.259325470056365917e-04
4.576774462610260326e-05
-9.708784989984724697e-06
2.059440315273509852e-06
-4.173306096573402142e-07
7.693623820295780068e-08
-1.183663271534729808e-08
1.100356958973931684e-09
1.544485209630462874e-10
-1.285728130696404814e-10
4.863046923631559777e-11
-1.453996547937777837e-11
3.788239765944835147e-12
-9.164661037029283382e-13
1.831198890902236194e-13
9.576731738838388797e-01
3.164825613136176136e-02
-1.183197650862562525e-02
4.423577227959428829e-03
-1.653898675092503167e-03
6.184195670655015867e-04
-2.312779697007644306e-04
8.652256391321116666e-05
-3.238792415761260538e-05
1.213614561604656651e-05
-4.555198014821692919e-06
1.714266241244002750e-06
-6.476947365107265880e-07
2.461256722839528843e-07
-9.430629434051173668e-08
3.662552178576323861e-08
-1.470329587322269886e-08
6.720143891929150291e-09
-2.314885695479867748e-09
9.903312437549280922e-01
9.645326379438334125e-03
2.337308908561019406e-05
5.663896398425513676e-08
1.372506728705235240e-10
3.325947645999165006e-13
8.048849388757970588e-16
2.786932048619540956e-18
-6.168290920668221277e-19
4.442688124598492024e-19
-3.042809289342071170e-19
1.994282266979127861e-19
-1.247839874655845084e-19
7.444531906208964806e-20
-4.233988808875120764e-20
2.300329137712554382e-20
-1.212099762508934261e-20
6.663958746775519879e-21
-2.438656261494977009e-21
1.104509416740454997e+00
9.432988251782961837e-05
1.144263228005993275e-07
-1.637869669083761224e-10
-9.727275718623575995e-14
-1.132446397695020861e-16
3.567107904612285197e-19
-1.621058112982686733e-20
6.564996874657673568e-21
-3.066896508245780853e-21
1.112641318950770897e+00
-1.799727414383330915e-03
-1.542532672582055085e-02
-2.882552845325479784e-03
3.893469780039248134e-03
4.516200559982236525e-04
-9.818924785671733543e-04
-3.542463007326724034e-05
2.525837052535532742e-04
-1.535606017359394170e-05
-6.306277875235824027e-05
1.019267872955036651e-05
1.534390915942902774e-05
-4.223243949359650760e-06
-3.596990718380815883e-06
1.436058326670836249e-06
8.475589915297949084e-07
-3.163069678321966498e-07
-1.757527632899077856e-07
1.068579430582106804e+00
-2.313828119875309744e-02
3.744680597582899628e-03
-5.425098876884596778e-04
5.675800176464919849e-05
1.472468041750372396e-06
-3.268070567313746251e-06
1.277742263719934127e-06
-3.700123854289801390e-07
9.085952847717052108e-08
-1.950170655001133547e-08
3.604014406242732913e-09
-5.255151831836693833e-10
3.661102923881469708e-11
1.199211968779244532e-11
-7.146872418719506805e-12
2.472827453341742444e-12
-7.313847952531501456e-13
1.692603405705921725e-13
1.021779566792557770e+00
-1.663796006443930831e-02
6.354989921705505446e-03
-2.427263224687161922e-03
9.270259135614888771e-04
-3.540073746042812840e-04
1.351535136894370685e-04
-5.157597752208339980e-05
1.966627731697258901e-05
-7.488744628591309970e-06
2.845333214838296743e-06
-1.077294708991504699e-06
4.056941920171678107e-07
-1.515507891721952938e-07
5.594355862381917143e-08
-2.030552468820305352e-08
7.246135953885186597e-09
-2.722946292533496439e-09
8.062704902873099768e-10
1.004870085091176257e+00
-4.870085091176229453e-03
-1.298299920212339356e-18
1.179917413498475778e-18
-1.031725663418440974e-18
8.676696789108617417e-19
-7.014760641036409941e-19
5.448473454118594593e-19
-4.062693816153951901e-19
2.905591802202202154e-19
-1.990949624568710018e-19
1.305339316505675650e-19
-8.176361841927791032e-20
4.884868760451842404e-20
-2.780355137843505260e-20
1.510964954169220626e-20
-7.975493549795988549e-21
4.389531268072360478e-21
-1.602502837597933180e-21
2.976491228070176076e-01
