6.764390387950304229e-01
-2.907164708493933068e-03
4.218360512014161583e-06
-2.592077713364555013e-09
-7.993568169964774294e-12
3.453495621088482553e-14
-7.045509271386478763e-17
9.235473073824280530e-20
9.452872050541826486e-22
-1.790659507091361652e-21
3.148155890366579612e-01
-3.247858042081726015e-01
6.687972157766142178e-02
1.326473739142323971e-02
-1.517361599452671239e-02
5.134337745184540044e-03
-2.467316496696678684e-04
-5.921573632112909612e-04
2.886530630026385227e-04
-3.800530724902057749e-05
-2.656509246102167521e-05
1.719730577019516914e-05
-3.272817771084452164e-06
-1.336691645141443622e-06
1.135237629760138770e-06
-2.935266133678295673e-07
-5.040518762909766685e-08
7.290918259942333258e-08
-2.485365485309245648e-08
2.440546759649177277e-02
-2.525441768050045235e-02
7.715117767315835505e-03
-1.757239120864430293e-03
3.345185150648684260e-04
-5.664363122825665550e-05
8.772659241396208707e-06
-1.240654993734808006e-06
1.541678858327167281e-07
-1.470233868107820908e-08
3.366041357073182340e-10
3.224626070820596284e-10
-1.168830753757853209e-10
2.919116315839267707e-11
-6.205654875364757877e-12
1.188525694189769001e-12
-2.090061527808048013e-13
3.444696073594058076e-14
-4.946261990458429623e-15
7.428278301321363658e-04
-1.394778627468994244e-03
1.156526577859975967e-03
-8.517971181312727251e-04
5.618735547192821788e-04
-3.352255613221290535e-04
1.828316589960728242e-04
-9.215960984012762532e-05
4.340821078059182135e-05
-1.931220060294068240e-05
8.200366837948804124e-06
-3.355894852474003754e-06
1.335301506536466527e-06
-5.205281510008471183e-07
2.000640783674744998e-07
-7.631667121042670639e-08
2.938818318907430764e-08
-1.254774035222911945e-08
4.124377744616690258e-09
-1.701000704483346460e-10
3.238082593064097751e-10
-2.789954937403280138e-10
2.170536998936883497e-10
-1.517816433090914841e-10
9.471193849563432769e-11
-5.214954428938341554e-11
2.489030734762805523e-11
-9.990197102226904226e-12
3.176581334616203366e-12
-6.827659341189110655e-13
2.898422583363717690e-14
4.516160247931881111e-14
-1.690302779205750866e-14
5.846043266863178658e-16
1.548879634046723623e-15
-4.240054047106501095e-16
-8.836869652096957427e-17
6.453512626323250015e-17
5.948211988503524505e-01
1.395031975603519114e-03
-2.660519694474020659e-06
4.125632200994069501e-09
-4.210417396306976485e-12
1.624168692246054987e-16
7.963740518942571512e-18
-3.314195884615092721e-21
-1.237545823166439283e-20
8.816280674205783154e-21
7.597299550835228121e-01
1.497150439403133193e-01
-2.663008574268522360e-02
-4.507832690718411098e-03
5.874794516696698471e-03
-2.389055775858162176e-03
3.730610568030360685e-04
1.577440036636663207e-04
-1.298606247915447070e-04
3.833231271925938757e-05
1.330333004508922666e-06
-6.292919272222772158e-06
2.616009271398625021e-06
-1.942826678865397581e-07
-3.238544386032819419e-07
1.750177746258321857e-07
-2.588723121434063809e-08
-2.071805866309574839e-08
1.242542690712146178e-08
9.153369818626545529e-01
2.773177005288043895e-02
-4.514045989454906413e-03
7.262902291692326226e-04
-1.147586542811065763e-04
1.768075008115544479e-05
-2.633596149670609515e-06
3.744571666113169353e-07
-4.963647685935510754e-08
5.812110259728595033e-09
-5.051470425062483839e-10
-1.240304264793370479e-12
1.555359285839011416e-11
-5.260496339633309258e-12
1.321050260570844024e-12
-2.899095165710798453e-13
5.839399066946860472e-14
-1.132008727010288896e-14
1.939619875105257093e-15
9.724636263945497516e-01
2.074545937448453795e-02
-7.814551037262080016e-03
2.943570566046995254e-03
-1.108725073411099323e-03
4.175745096328424750e-04
-1.572442554935134858e-04
5.919707996421502780e-05
-2.227636485009508373e-05
8.377562204355203012e-06
-3.147800165383532098e-06
1.181348104023874078e-06
-4.426693285101157757e-07
1.655631260516991510e-07
-6.179785940734337205e-08
2.305434057637888672e-08
-8.710402854170514066e-09
3.649836653356304825e-09
-1.185350870755946294e-09
9.937566151757672994e-01
6.233624661859608895e-03
9.744904500631504872e-06
1.523402015322191970e-08
2.381504816801746486e-11
3.722959883614136493e-14
5.820335909342612157e-17
8.886213480934832996e-20
1.556660731205469595e-21
-8.980047655510820065e-22
5.193773853424543216e-22
-2.821539640809302056e-22
1.471016547625643231e-22
-6.653304659775026455e-23
4.024530432197511897e-23
-1.928037631196296509e-23
-1.171382102052149146e-23
-3.022361643404674435e-26
9.389020343805961521e-24
1.151275261397320948e+00
-1.666423082366080529e-04
-3.514286162784124636e-08
6.683412893398176768e-12
1.912499903709784406e-12
-1.019512589937176894e-14
3.282821398427959378e-17
-7.737730508680258501e-20
-6.486824945656962435e-23
-1.463758459221967223e-21
1.106593468929572222e+00
-4.833753616975526579e-02
8.541833720462970944e-04
3.806885307823033859e-03
-1.171208682769016426e-03
-1.038044126854582053e-04
1.852043695118762133e-04
-4.275353015537963433e-05
-1.617084830538183444e-05
1.392737637952023644e-05
-2.784961282413098355e-06
-1.401634643733357995e-06
1.152141613003129383e-06
-2.619098347058765749e-07
-9.674855172447876845e-08
9.620592369872889324e-08
-2.785384690844579692e-08
-7.809255406065514591e-09
7.660616636980747219e-09
1.044103152064608242e+00
-1.483554705269914467e-02
2.412121312154638219e-03
-3.696626134062841397e-04
5.165656087046410793e-05
-6.211209402567732241e-06
5.414103962421906840e-07
2.249975648557917700e-10
-1.506202030528167824e-08
4.775077536840815073e-09
-1.098344056789939564e-09
2.159408915326073891e-10
-3.788551592591038979e-11
5.960718423925761349e-12
-8.190881270458049868e-13
8.915666591129918252e-14
-4.329772663830594626e-15
-1.506189668987392294e-15
5.906274905657548234e-16
1.014025508850539437e+00
-1.071368499970567871e-02
4.091511065657438620e-03
-1.562197064369298498e-03
5.962241157389718080e-04
-2.273850772983403146e-04
8.661061573460098698e-05
-3.292425461334376030e-05
1.247850447165703568e-05
-4.709349425944765295e-06
1.767068072470570637e-06
-6.580981052305436325e-07
2.428010139673550881e-07
-8.856179717692927501e-08
3.186696951960456957e-08
-1.129327070488968054e-08
3.966297529457953303e-09
-1.494158352462610806e-09
4.482735333178691572e-10
1.003136359555012458e+00
-3.136359555012477405e-03
-7.485390481405697896e-20
6.575393692477891214e-20
-5.479447120856263173e-20
4.327717740818201810e-20
-3.235549789452644211e-20
2.286150381645082849e-20
-1.523477171162312291e-20
9.550015916759534485e-21
-5.612526560069947079e-21
3.079164392688296482e-21
-1.568126050545506847e-21
7.356899904656766569e-22
-3.145486802568616609e-22
1.205544599642724268e-22
-4.029361938149774144e-23
1.147942850006382422e-23
-2.319112268235494419e-24
7.153583959899749711e-01
