9.303947515578241401e-01
-1.401163229265825808e-04
-1.977442655315055069e-07
-1.187416945084801531e-10
-1.398647241560849636e-14
2.959656285870452526e-17
2.390792751934396040e-20
1.099662546625347454e-20
-1.679003155619578545e-20
7.206845078477903186e-21
6.906497523044307085e-01
-3.438293854835860475e-01
-1.101404763113361385e-01
7.713333720666178811e-03
1.862054592055708419e-02
3.884721424578381401e-03
-2.302515686732374729e-03
-1.306321208115979139e-03
8.868417028929050149e-05
2.724882027757150938e-04
5.363029735650779096e-05
-3.921309988482138718e-05
-2.077704355656164839e-05
2.352273039121859710e-06
4.745830216639811282e-06
7.509825741419585781e-07
-7.206309395243134272e-07
-2.513067544006918169e-07
4.402688313982755724e-08
8.823112146800052291e-02
-1.142993387942182748e-01
4.535300234479922726e-02
-1.283467841661480383e-02
2.671933437702941633e-03
-3.402998615180793311e-04
-2.500363287961114204e-05
3.458384634971401009e-05
-1.423294468578300310e-05
4.165046322465268463e-06
-9.158169570455310687e-07
1.216155567876914594e-07
1.226008584765314997e-08
-1.554201525942644458e-08
6.636751126664701610e-09
-2.017156146147175621e-09
4.563350023114256890e-10
-5.547759887992205702e-11
-5.461547850826416297e-12
1.001612068723758920e-03
-1.919672471218341345e-03
1.690387471873148638e-03
-1.370318775798650291e-03
1.025631750297765913e-03
-7.114546150111350454e-04
4.594167099931690005e-04
-2.775265619297777732e-04
1.576503084704285456e-04
-8.466878187446027343e-05
4.322769155231207677e-05
-2.109549189507145211e-05
9.893328156637395539e-06
-4.482408077809259546e-06
1.972571255960959713e-06
-8.495426175281951209e-07
3.655685270187252655e-07
-1.734430917179619998e-07
6.046455451849009832e-08
-2.610798741898607282e-09
5.039334125705642842e-09
-4.528429178751656979e-09
3.785414033452558843e-09
-2.938673706913488382e-09
2.113416367065808893e-09
-1.403122247125101215e-09
8.558199689474354371e-10
-4.763581391149152801e-10
2.396748435655780702e-10
-1.074853833273927218e-10
4.201864829026607370e-11
-1.376148575331787892e-11
3.460377912516913834e-12
-4.900392921351170564e-13
-6.867494302994967766e-14
6.461484446545451619e-14
-1.480347013182662862e-14
-5.791944964148799454e-16
5.174251368991938937e-01
3.104140512685856358e-04
3.702272957086749280e-08
-9.532471519197153262e-13
-7.297402401962212787e-15
-6.384279997698139059e-18
5.984518500412619159e-21
2.804306187480041722e-20
-3.053596469820726926e-20
1.364727182993839948e-20
6.548747618287515948e-01
1.684763548532038913e-01
2.100401369000978735e-02
-1.426107893243888647e-02
-3.841378207106128147e-03
7.744468505822203579e-04
8.764162727301064897e-04
1.155912366222275475e-04
-1.319349098737862059e-04
-6.198444953248448712e-05
8.260682075358371005e-06
1.515466673109318596e-05
2.732754942295639634e-06
-2.376760132768694322e-06
-1.264307597611621780e-06
1.488547588251643440e-07
3.069582207134575907e-07
2.609677543210613856e-08
-4.437335131954714891e-08
8.815309602250984700e-01
4.185079766103896870e-02
-8.745454678391155479e-03
2.245322433771583005e-03
-6.327616369406748129e-04
1.680642204501367107e-04
-3.687423409227115440e-05
5.096528007964014855e-06
4.757613257068576323e-07
-6.687313713334434436e-07
2.989497994633101069e-07
-9.501719438666574812e-08
2.282955802856081411e-08
-3.499472159065628174e-09
-1.712846543484875088e-10
3.862135798292546465e-10
-1.816729518256645022e-10
6.193851151324853025e-11
-1.464679318496811794e-11
9.619707098576928406e-01
2.849920812175044116e-02
-1.067943260433222401e-02
4.002553158317506514e-03
-1.500671016585822639e-03
5.630725029306794891e-04
-2.115910622192300808e-04
7.973815926827870185e-05
-3.020356242134219021e-05
1.154094849110786938e-05
-4.472117245354043372e-06
1.769692109927708429e-06
-7.208340783750173784e-07
3.044474138839141802e-07
-1.340452594479111218e-07
6.185959650983346171e-08
-3.052440190898880955e-08
1.749717893290707803e-08
-6.811955878049519249e-09
9.913320729251841046e-01
8.649102372637551550e-03
1.878381934573396318e-05
4.079404476525927678e-08
8.859507008719327039e-11
1.924210347550675734e-13
4.070143633800149508e-16
9.417126428902899335e-18
-6.416068917741136032e-18
4.651237496641416738e-18
-3.235881580815033039e-18
2.158498911486161246e-18
-1.378825013960700104e-18
8.423978304518437197e-19
-4.920348294622809448e-19
2.757203073697904913e-19
-1.511482017338608350e-19
8.682847076979556624e-20
-3.247265594278910814e-20
9.820980532499535842e-01
1.315183560836403131e-04
1.270380365115039176e-08
-2.405325942993797474e-12
-5.046011069487306608e-15
-3.996886233066863454e-18
9.236826787170359017e-22
-1.716929076097316409e-20
1.556936079769441327e-20
-9.210717790199555198e-21
1.030521384184615030e+00
5.532439316800339540e-02
4.217846944402475740e-04
-8.368665851517182244e-03
-1.388319016357849591e-03
8.029938507390549417e-04
4.990146270888851489e-04
8.819066466611089473e-07
-9.775468298683786140e-05
-2.977318870960108448e-05
1.118034175574446179e-05
9.513214378244818029e-06
4.496795236719578056e-07
-1.878939418641456114e-06
-6.394719372058016167e-07
2.228323012913212589e-07
2.009858724340007127e-07
-6.384318843988408008e-09
-3.642647947754352575e-08
1.059595778806233346e+00
-1.762955460391500695e-02
1.417719923085474822e-03
4.570847643897047070e-04
-3.196131381434510013e-04
1.204762189553043979e-04
-3.377348901837544571e-05
6.941773762338619714e-06
-6.919015219232395554e-07
-2.216887128173992166e-07
1.659164162682736930e-07
-6.401140731006560590e-08
1.810915838040642503e-08
-3.706518037546540627e-09
3.384772139781300794e-10
1.421440029234470228e-10
-1.004402951131742827e-10
4.097264891826395655e-11
-1.093607514738642997e-11
1.019508629886594520e+00
-1.490226111446865155e-02
5.691277051962044704e-03
-2.173101755222985477e-03
8.294006441642911296e-04
-3.162776733269318159e-04
1.204002334294272219e-04
-4.568568751270988979e-05
1.723340731713186207e-05
-6.433118040522807880e-06
2.358053369552085554e-06
-8.372081695421523243e-07
2.805071531419956612e-07
-8.358202263820099818e-08
1.811905919881755921e-08
1.133509570999904294e-09
-5.352630984408074616e-09
5.561897196846660875e-09
-2.610794337653562953e-09
1.004362458248133416e+00
-4.362458248133398858e-03
-1.062721455544530887e-17
9.693654481935811876e-18
-8.520103155352578155e-18
7.213571811180872682e-18
-5.880552327334191520e-18
4.613319115771177172e-18
-3.480552293477697856e-18
2.523327910507729394e-18
-1.756200155394607763e-18
1.172085762943598660e-18
-7.491606042808570116e-19
4.580124226098175456e-19
-2.677242981396614994e-19
1.501737514658541079e-19
-8.241343481901618155e-20
4.741220341925399861e-20
-1.775072446816220013e-20
9.254636591478704322e-02
