8.503634235229647897e-01
-3.443207031694292802e-03
1.295779733608595301e-06
1.087835644763588654e-08
-1.937188767351455652e-11
-6.854325227102949548e-14
4.695518474767782722e-16
-2.708570082172346758e-18
-1.133818441878408211e-18
9.370121566424898756e-19
3.719855092373148264e-01
-4.256907651510259405e-01
9.962254679941259794e-02
1.985689795028203544e-02
-2.518294177204101134e-02
8.135628754383002897e-03
6.786217388987788798e-04
-1.745505499588877706e-03
6.371294979819683291e-04
6.261288341432975587e-05
-1.616527647257124452e-04
6.350255877592950095e-05
4.175388997531733062e-06
-1.580437004130865700e-05
6.804979515510339448e-06
1.149183455072607595e-07
-1.453925301892340049e-06
5.365201501863254414e-07
2.514562854259655206e-09
1.790150347862308824e-02
-2.073077108992581880e-02
7.240536286536489521e-03
-1.882633910863208519e-03
4.064429340856568276e-04
-7.774269874535384315e-05
1.367896611072271637e-05
-2.250819245560684931e-06
3.456149581540042165e-07
-4.834605025486552788e-08
5.745021998688259358e-09
-4.403312078088879254e-10
-3.381746497484629993e-11
2.651531200450962793e-11
-8.256208596215199177e-12
2.039969095023275242e-12
-4.475582804828031900e-13
9.355767628999919973e-14
-1.705581506842720978e-14
3.630428727008367241e-04
-6.887111364923332235e-04
5.884368092745553705e-04
-4.544215999386637893e-04
3.188328884668571728e-04
-2.045586363757930469e-04
1.208863598514271065e-04
-6.631417960548893103e-05
3.403828850842368937e-05
-1.647996439033872464e-05
7.586369871371719971e-06
-3.346390717273717370e-06
1.424969871604441854e-06
-5.898404874392095186e-07
2.388929231059701272e-07
-9.540915710052047496e-08
3.831441652780722172e-08
-1.704509784113086725e-08
5.738138274499861441e-09
-3.200785976207651668e-10
6.134886873840025121e-10
-5.396824175870676942e-10
4.350878087265928342e-10
-3.205339151383105908e-10
2.148358992521229924e-10
-1.301505103043389871e-10
7.058860143038412664e-11
-3.378195922889911083e-11
1.393668767203755193e-11
-4.751523022908318788e-12
1.217905028789046364e-12
-1.645641232262208503e-13
-3.145054982369335197e-14
2.472022489070412767e-14
-5.164104060619183725e-15
-7.853916816116439353e-16
6.690173075413041301e-16
-9.166504532445760119e-17
4.658122768071267239e-01
2.124188556693955201e-03
-3.615033009767731501e-06
3.605914773811793392e-09
-3.544210029930908768e-12
2.611719556540651193e-14
-1.357967402369041527e-16
2.894126576676156051e-19
7.599737692238167927e-19
-3.482615861760460387e-19
7.027756729582571582e-01
2.074189271272120216e-01
-4.565422323133733890e-02
-4.176962724732892832e-03
9.581380223771990973e-03
-4.493093989914599164e-03
7.235983381345818507e-04
4.052947091156445668e-04
-3.185234910940271786e-04
7.404352847628021595e-05
2.594889229682263826e-05
-2.600628743829751344e-05
6.416763940895391937e-06
2.549048346698860952e-06
-2.557207168076338008e-06
6.418826787233236806e-07
2.340994526545644920e-07
-2.341965842656351065e-07
6.568411328877022822e-08
9.039338423724569971e-01
3.142212875061161509e-02
-5.151945405241937885e-03
8.482990334218877115e-04
-1.403683581116684474e-04
2.330501980779355639e-05
-3.865536719794888315e-06
6.361928720086533119e-07
-1.029559258114405482e-07
1.618633482925946045e-08
-2.427672757657832764e-09
3.361038178860431802e-10
-3.974665307530397538e-11
2.958205654767780685e-12
2.962082690385603888e-13
-2.122090664465130847e-13
6.774734659331935127e-14
-1.829628645042547015e-14
3.997351146181472198e-15
9.686763809912478651e-01
2.355346167357354539e-02
-8.855417448272756564e-03
3.329410868781940147e-03
-1.251797358542708349e-03
4.706701203030217405e-04
-1.769816658975769796e-04
6.655641516560334339e-05
-2.503415549549988325e-05
9.418925438547229756e-06
-3.545298199664174728e-06
1.335234305728440260e-06
-5.032648342019847806e-07
1.898757907863952399e-07
-7.174401623301985125e-08
2.721091178328331140e-08
-1.051448137190987315e-08
4.540909087813926319e-09
-1.505041839370397611e-09
9.928843888099517789e-01
7.102930992944443168e-03
1.265760067551522702e-05
2.255616097365888535e-08
4.019564288847988411e-11
7.162972451274880227e-14
1.275809528382140753e-16
2.756403732285990018e-19
-3.377326499482334197e-20
2.312752524640894155e-20
-1.474442452314252015e-20
8.962374386936966434e-21
-5.131828206654806863e-21
2.764242543487903406e-21
-1.364290628820879318e-21
6.723219794505184241e-22
-2.884383627301079757e-22
1.342464888010245376e-22
-3.459084014172233900e-23
1.181314241203083482e+00
-2.204972785965226417e-04
6.107004795263355528e-07
-4.565307996946971081e-09
1.882508888894403952e-11
-4.901625923784064828e-14
1.017280982087608818e-16
-5.711986438507740622e-19
1.309715484062473065e-20
1.304179218784614591e-19
1.126698177500734310e+00
-5.992350946579714371e-02
4.000472373408942256e-04
5.396109235146663054e-03
-1.284652936254704900e-03
-5.237497895121253841e-04
3.689700991460643912e-04
1.288771618706070159e-05
-1.042371247282176749e-04
4.538879975219427867e-05
4.988098388052694999e-06
-1.436339771728290272e-05
6.277572318566344441e-06
2.344826128338978400e-07
-1.634128632023600293e-06
8.026976453715136153e-07
-4.830658514330117342e-08
-1.730860172261454630e-07
8.925900762345271560e-08
1.050474060736290349e+00
-1.718109358184332497e-02
2.877223809028404532e-03
-4.664345635666388855e-04
7.151680121310285976e-05
-1.000800205289844443e-05
1.187793127187756961e-06
-9.198143896525170341e-08
-5.925080341353198248e-09
4.928548185948241789e-09
-1.500876855695742897e-09
3.583696153207792099e-10
-7.524706627961653928e-11
1.439878869368646192e-11
-2.533840565923177062e-12
4.065139445471556892e-13
-5.738902138876293672e-14
6.277563026427471850e-15
-2.884199309572128683e-16
1.015995755166677839e+00
-1.221951673980506761e-02
4.667293239465013233e-03
-1.782622413424151883e-03
6.808001831373720891e-04
-2.599649800469264866e-04
9.924114131395452346e-05
-3.786733852287671779e-05
1.443789434865601993e-05
-5.498218839261841157e-06
2.090088139664611242e-06
-7.925046286579528418e-07
2.994513850399845008e-07
-1.126318049296081141e-07
4.212345711898121874e-08
-1.566583056641697507e-08
5.856620492250448975e-09
-2.403403517172420965e-09
7.678396046736157328e-10
1.003576786508039387e+00
-3.576786508039478309e-03
-2.101938242672265437e-19
1.881282785851280720e-19
-1.609831974854802280e-19
1.316289242866230906e-19
-1.027627624462473863e-19
7.652619960537956864e-20
-5.429303331097106510e-20
3.664225663026986063e-20
-2.348107204610433881e-20
1.425465578350483238e-20
-8.174545291156357000e-21
4.412551363391770420e-21
-2.232092876867456716e-21
1.053304219801198626e-21
-4.651089658199464608e-22
2.044848323840649347e-22
-6.436037436063026471e-23
5.700000000000000622e-01
