5.200788734489235621e-01
-1.658099803160622545e-03
2.188090901517627962e-06
-2.455216103485924518e-09
2.032954114921515594e-12
-3.072152675040184128e-16
-3.296960058486965398e-18
3.269048738866929864e-21
-2.266957729545202435e-20
1.585039223668570383e-20
2.737534797124299146e-01
-2.362815537259895238e-01
3.173619300140576027e-02
1.321990338956513002e-02
-8.624734845227341462e-03
1.987446759092308893e-03
1.422402885828868285e-04
-2.651243269385291919e-04
8.462360239162859644e-05
-2.981895582442956357e-06
-8.049904572765701545e-06
3.235002528640349081e-06
-2.651301962343012928e-07
-2.716931528038410616e-07
1.277667611808736835e-07
-1.389063754964940401e-08
-1.001193511097665670e-08
4.906982370183913224e-09
-6.702914356449829682e-10
3.405736964068755562e-02
-3.134796570247337655e-02
8.364611014583724080e-03
-1.657700238808269182e-03
2.725284458516738484e-04
-3.888311076782584042e-05
4.753186580384265492e-06
-4.399567333336142340e-07
9.714903269511997263e-09
8.808996518855620321e-09
-3.006614006335776930e-09
6.977499935024083950e-10
-1.355832739064539652e-10
2.320415443214199814e-11
-3.519415488381779160e-12
4.594588140529377589e-13
-4.604863105595500566e-14
1.297010186088379473e-15
7.918219239050647759e-16
1.438269415254210190e-03
-2.669889496290958359e-03
2.142134720761212398e-03
-1.499189319733981642e-03
9.266821831872514622e-04
-5.130728050788747104e-04
2.581881263233428065e-04
-1.198174075973202160e-04
5.201021310390560050e-05
-2.140515400461173574e-05
8.457431560023240721e-06
-3.243591987381680250e-06
1.218416894799404215e-06
-4.512907845997491940e-07
1.655528407441986497e-07
-6.036557502092101852e-08
2.214509276268498316e-08
-8.921636154921834896e-09
2.820766125341066807e-09
1.742040570507790844e-09
-3.292730130110713185e-09
2.776144828559560605e-09
-2.080240268711757194e-09
1.375782702392973554e-09
-7.938684932783319008e-10
3.921511354824623207e-10
-1.603728580846064303e-10
5.070339122332904225e-11
-1.017798255798696607e-11
-5.417947619043436305e-14
8.656349195181188163e-13
-2.487360328975236963e-13
-2.072317461443284629e-14
3.078156997345570515e-14
-3.631998145844098711e-15
-3.061786503900141962e-15
7.164498510372021709e-16
3.041062891318870248e-16
6.832235730988489575e-01
7.157465446066915184e-04
-1.029675142350259240e-06
1.420876054481589017e-09
-1.756958644351764649e-12
1.810927445991928780e-15
-1.321684808188749066e-18
5.212323480062068784e-20
1.432177512718713645e-20
-2.016813745854696717e-20
7.914657844446334467e-01
1.059533702573543651e-01
-1.091091415472134410e-02
-5.253661394366494070e-03
3.346716488062934699e-03
-8.706281395312994104e-04
3.279430730132808181e-06
9.572129188051865659e-05
-4.018583965360739423e-05
5.644734725815677485e-06
2.279896707555774732e-06
-1.546752783590900653e-06
3.447583644976317699e-07
4.422470255551309023e-08
-5.652257868483265648e-08
1.618374334332505077e-08
4.650068842415155065e-10
-2.114035268048316245e-09
7.125723951338251771e-10
9.159157497972763018e-01
2.712656003472595917e-02
-4.252427715890330986e-03
6.374702358651533705e-04
-8.992656938007681153e-05
1.169274279248258102e-05
-1.344009774513012337e-06
1.203879246428092750e-07
-3.191920828697540072e-09
-2.098981765972004250e-09
7.407708870113638263e-10
-1.777143049958781815e-10
3.631932685507526469e-11
-6.693576152452825219e-12
1.130779871094011630e-12
-1.744782477715378969e-13
2.396849783226477082e-14
-2.704539491633362593e-15
1.871966282357969247e-16
9.725324852827350597e-01
2.069175436941860305e-02
-7.792414917620889975e-03
2.933596579018225847e-03
-1.103714471087476317e-03
4.148055122640357389e-04
-1.556257359416094398e-04
5.823647003759974692e-05
-2.171367388905508317e-05
8.057305779915213830e-06
-2.971937730415709523e-06
1.088371375670956459e-06
-3.953174970939019617e-07
1.422850058469493274e-07
-5.071476397999977736e-08
1.790896815211362583e-08
-6.327063779378825568e-09
2.433771246165868088e-09
-7.452043241338290966e-10
9.937719491797150084e-01
6.218338539059382539e-03
9.697135490774582483e-06
1.512211599694856904e-08
2.358205997881426407e-11
3.677182289755303620e-14
5.950137300562713200e-17
-1.348747646254519004e-18
8.956494456778295266e-19
-5.175131565194295302e-19
2.759293716728292172e-19
-1.346537190540277408e-19
5.943769462549714809e-20
-2.334161388339591867e-20
7.917362568223977594e-21
-2.183690678057302371e-21
4.080439225336868175e-22
-7.712010941245425846e-24
-2.167775970817164614e-23
1.130288950647013957e+00
-1.310604381401324467e-04
1.759292074833163410e-08
1.236060172898395064e-10
-2.322786902313396748e-13
1.450785183219083627e-16
4.331911470439206937e-19
1.483240639881519256e-20
-1.254684604257686687e-20
3.194389814466873857e-21
1.096261673714363782e+00
-3.741246687021390627e-02
-4.037301179798417558e-04
2.614513846483107300e-03
-6.360416516132134240e-04
-5.995994843054423785e-05
7.397109692263796599e-05
-1.254371597233594659e-05
-5.262673889746477504e-06
3.226922701036374609e-06
-3.811697581225735953e-07
-2.970381377116072385e-07
1.570358611983882745e-07
-1.726336407789726988e-08
-1.473619278630644581e-08
7.823145086958284900e-09
-9.799969595368649146e-10
-7.644546309663943128e-10
3.992074052785755393e-10
1.043620552488030429e+00
-1.428370613592119115e-02
2.183380380460092206e-03
-2.986424262961281224e-04
3.411429819838734826e-05
-2.626027344097963189e-06
-7.291459946730363272e-08
8.596852810709892740e-08
-2.333869241934733693e-08
4.701435300936338676e-09
-7.952912908986205921e-10
1.148158033460555826e-10
-1.340610603448912098e-11
9.522244716958449298e-13
8.070165156988561230e-14
-5.229626849720788200e-14
1.414452480870138788e-14
-3.045824291395003753e-15
5.280349016556546894e-16
1.013988236307950208e+00
-1.068204665788315133e-02
4.076728390073076219e-03
-1.554417074283229953e-03
5.916881078082022972e-04
-2.245873423219947487e-04
8.486716940398045294e-05
-3.185965878588013073e-05
1.185173546712446003e-05
-4.356069149864515177e-06
1.576811467839359329e-06
-5.601433845088076937e-07
1.944922603029474835e-07
-6.567832437508966602e-08
2.141938592145680736e-08
-6.668248016153475191e-09
1.940045027696197483e-09
-5.245152541996862358e-10
1.101519811866944206e-10
1.003128633333558728e+00
-3.128633333558789986e-03
-9.741574139528198949e-18
8.390328069546280309e-18
-6.798448506433313391e-18
5.174978962523401676e-18
-3.693467323737821546e-18
2.465294858046374474e-18
-1.533707473864197128e-18
8.853557958301492128e-19
-4.714175416745929195e-19
2.296444545776437867e-19
-1.011571177474729944e-19
3.958368436291260164e-20
-1.335695387446788532e-20
3.664986795258655902e-21
-6.919845146537616714e-22
1.201010680398353553e-24
4.486535397993900114e-23
7.978997493734335533e-01
