9.384274371548612104e-01
-5.556155511523829275e-04
-9.352371898365723777e-07
-5.089665208107632056e-10
9.529887663689525869e-13
9.717658767082652393e-16
4.357811024191460485e-19
1.672367641448729275e-18
3.099381014013053065e-18
-3.372825109686156535e-18
5.468127147177059832e-01
-4.723315661089758644e-01
-2.926189406071799323e-02
6.529518280198054470e-02
2.835564829013813379e-03
-1.292623061692950263e-02
6.053663998262803374e-05
2.910218116194647660e-03
-2.472946130271516186e-04
-6.564507372398765061e-04
1.136800532924046240e-04
1.471893551964357030e-04
-4.043608144202079472e-05
-3.216318783852330367e-05
1.294967159716261007e-05
6.596081313441929825e-06
-4.138759333834525500e-06
-9.635098224026394601e-07
1.015655301589601243e-06
3.422863145970678894e-02
-4.404449090474787248e-02
1.760858325221853829e-02
-5.229993448295880941e-03
1.266443367722271595e-03
-2.622376583232016332e-04
4.684886544510019000e-05
-6.845283776312759228e-06
6.049688245856712095e-07
7.703269289379565773e-08
-6.165200360134884331e-08
2.210259781936339846e-08
-6.245089221997011518e-09
1.527931210305771169e-09
-3.305098724459390733e-10
6.215967651504000383e-11
-9.352281615000757966e-12
6.429543530760019589e-13
1.671934741728680612e-13
4.183594512619192543e-04
-8.006139500987936256e-04
7.018671294423412931e-04
-5.649154096242879749e-04
4.188039007581292536e-04
-2.871841760142086405e-04
1.830378820869682900e-04
-1.090133125346234876e-04
6.101308194471328312e-05
-3.227758106221477881e-05
1.623534943922648273e-05
-7.809928285862236739e-06
3.613650302836573096e-06
-1.617299757889916348e-06
7.041280495942177094e-07
-3.005662159837038626e-07
1.284752768235523859e-07
-6.070391248857065263e-08
2.113194187304928096e-08
-9.619790278332115960e-10
1.854522798406549652e-09
-1.660325264538287318e-09
1.379184016060402103e-09
-1.061018182914429318e-09
7.538719012749231270e-10
-4.927715038947886076e-10
2.947090197485092143e-10
-1.600322061064719832e-10
7.803267700078363907e-11
-3.359670886522434710e-11
1.242215276796116668e-11
-3.740328045484520559e-12
8.018079853932898698e-13
-5.604238955893533358e-14
-4.120367289746693797e-14
1.926030918707081207e-14
-2.205764071056653771e-15
-9.595292841764672424e-16
4.262994017983581796e-01
7.685826888884515675e-04
-5.451441317023698972e-08
-5.315604501337126980e-11
-1.892095885942002069e-13
-7.185501404235994575e-17
-3.389423128271354100e-19
-1.476277487435423904e-19
7.013334168393488861e-19
-3.130056415256509848e-19
6.302722240155812505e-01
2.172492901740178950e-01
-1.175261591502500466e-02
-2.263849768601580714e-02
6.301917036735377523e-03
2.544910408557600132e-03
-1.222804026634031864e-03
-4.721072432545617690e-04
2.928437543767799982e-04
9.606829481420114383e-05
-7.619472137053324978e-05
-1.922628926589828815e-05
2.036622862968985107e-05
3.560055981346958992e-06
-5.528202145643166003e-06
-5.297599871882809249e-07
1.604761265209408634e-06
3.141833122973478409e-08
-3.836387464734539530e-07
8.709886347263245954e-01
4.188000095879482881e-02
-6.981810568277983450e-03
1.232322737915984932e-03
-2.366676214606021388e-04
4.930834995415041180e-05
-1.072080806604847755e-05
2.309074220425453345e-06
-4.688792006685245225e-07
8.483336418498052061e-08
-1.215933952439746775e-08
7.250121519605523905e-10
3.570049036312387425e-10
-2.012469063094736130e-10
7.024207884973046601e-11
-2.016126717772390915e-11
5.076725965258261227e-12
-1.173803028490011154e-12
2.223181392901536623e-13
9.575783031127310663e-01
3.171766022254939726e-02
-1.185736591890955774e-02
4.432873934073734527e-03
-1.657312045749412483e-03
6.196807512464659173e-04
-2.317501010846141174e-04
8.670372995080266967e-05
-3.246041111425275927e-05
1.216699635441740412e-05
-4.569372503735005773e-06
1.721299958376171562e-06
-6.514071757373899359e-07
2.481630786140567090e-07
-9.544653524725832894e-08
3.727141404356836682e-08
-1.508039042483830026e-08
6.965753231848456237e-09
-2.415683518201592345e-09
9.903091092820667241e-01
9.667352844202201784e-03
2.348070339286806895e-05
5.703147911639417890e-08
1.385218113376716911e-10
3.364524990912681582e-13
8.159022612791495860e-16
2.988872144529907115e-18
-7.441733246502720561e-19
5.355703465989494435e-19
-3.672454694324237685e-19
2.411620934902623781e-19
-1.513666436845115640e-19
9.054115328950305747e-20
-5.174830135082457158e-20
2.811035236497504722e-20
-1.488417463144593421e-20
8.176158057342079800e-21
-3.064331717199625633e-21
1.094475356182445847e+00
1.066455948910769710e-04
8.944104159789357466e-08
-1.136962016322799837e-10
-8.956979730687234067e-14
-8.565616083252854389e-17
-7.387178675598507690e-19
1.054414117984020358e-19
3.838181793570731609e-19
-2.705251116026239531e-19
1.107521983630048723e+00
4.054868077760843438e-03
-1.521010030661935561e-02
-3.943157136936345161e-03
3.741387012969401692e-03
7.583590582046393583e-04
-9.142743668236739431e-04
-1.452533148230925899e-04
2.365524386305603750e-04
2.203759481557500161e-05
-6.124826586985856612e-05
-1.674713669426203011e-06
1.588796109978394148e-05
-6.557934286480019285e-07
-4.121926046463493161e-06
4.507602578266353088e-07
1.128319356928052047e-06
-1.316759676198351064e-07
-2.605359394632509098e-07
1.068694464570716374e+00
-2.311663739286491312e-02
3.705484023987445485e-03
-5.197477804096154938e-04
4.694161932893213632e-05
4.990826959073507845e-06
-4.358949238885835514e-06
1.575382288446536609e-06
-4.415501008221857374e-07
1.056778041829459004e-07
-2.194157202952957173e-08
3.815499740090101876e-09
-4.716306671840957739e-10
-1.790925551628873904e-12
2.657847623126936534e-11
-1.157180727419477096e-11
3.634483911127943962e-12
-1.008650122636757127e-12
2.227044178493032323e-13
1.021830219850056842e+00
-1.667663481717437599e-02
6.369744490636628648e-03
-2.432883271374152150e-03
9.291593580180359385e-04
-3.548115916955441387e-04
1.354524064048870553e-04
-5.168396510996296181e-05
1.970309719687080564e-05
-7.499755565398853656e-06
2.847511093782954223e-06
-1.076827222629266358e-06
4.047110140813727095e-07
-1.506920547883661956e-07
5.533186102620512890e-08
-1.990535624013961052e-08
6.989179850783206870e-09
-2.544567646516275195e-09
7.312489555131248777e-10
1.004881415553295243e+00
-4.881415553295046124e-03
-1.528089953786757520e-18
1.389276798752090030e-18
-1.215436647017322541e-18
1.022875423778301807e-18
-8.276619686366584112e-19
6.435194211781229659e-19
-4.804262114111751136e-19
3.440782843043895213e-19
-2.361476869641205504e-19
1.551124748902453235e-19
-9.736303935084129565e-20
5.830779668050213528e-20
-3.327944373294495680e-20
1.814519737268927936e-20
-9.616894351720633882e-21
5.317948218996959985e-21
-1.946773824022325323e-21
2.850000000000000311e-01
