2.433467782446637195e-01
-2.202981540365334578e-04
8.839417823578715973e-08
-3.500416881073701558e-11
1.373357844951737617e-14
-5.306529208627129995e-18
-6.802071711989096005e-19
-3.292020726399472047e-19
2.077673726801327407e-19
1.876722748841282993e-19
1.804049718211184483e-01
-7.228248905907118382e-02
-5.083356524351338203e-03
4.100688030947937691e-03
-5.021911575085456249e-04
-8.688241436961392447e-05
3.702346658140702928e-05
-2.838169002933606691e-06
-1.092297231121513568e-06
3.146965094504251961e-07
-8.104231168321269086e-09
-1.212141870283502021e-08
2.443548908185217650e-09
1.002147310079947455e-10
-1.216239788603882675e-10
1.626137913757432895e-11
2.453565490549113587e-12
-1.056644701736583620e-12
7.055883247644140420e-14
6.171087498733077159e-02
-3.823753120926998844e-02
6.070980854050574312e-03
-5.657689566626460413e-04
9.761922853551616944e-06
8.360371420301246118e-06
-2.077512117524028609e-06
3.159431356381633564e-07
-3.258551012953287815e-08
1.359553663943482957e-09
3.268592937791454283e-10
-1.029544022344514575e-10
1.746812170239537961e-11
-2.015945214322859462e-12
1.205467211977299470e-13
1.230290746075360892e-14
-5.290437942954417814e-15
9.965674795150633389e-16
-1.237118965241532705e-16
5.291742481087093226e-03
-9.444038947174434456e-03
6.789632182774873667e-03
-4.029216278094478396e-03
2.027713055500142240e-03
-8.878390932036598184e-04
3.460702249290538153e-04
-1.224492239344391947e-04
3.990300335116092248e-05
-1.204892457788297982e-05
3.337595190332494469e-06
-8.088195424073234721e-07
1.423139489737311657e-07
4.426241608769787365e-09
-2.216160298460604244e-08
1.548995784781825062e-08
-8.425082331487537367e-09
4.558172803972241089e-09
-1.667981726019030468e-09
3.416116416195462847e-07
-6.334842172306374130e-07
5.035580808219301869e-07
-3.400649342111883361e-07
1.915890494771839004e-07
-8.696191058856644095e-08
2.950099987572118252e-08
-5.947607792811317839e-09
-2.614220457568748342e-10
6.015743904507781084e-10
-1.213570247744141111e-10
-4.018747961481532630e-11
2.053956889539729006e-11
2.463077674408752374e-12
-2.930163252488693603e-12
-1.800426627875074936e-13
4.455536302571580226e-13
2.010534960467599202e-14
-6.791111701719719804e-14
8.150869018716819792e-01
9.703681254599253706e-05
-3.503454285967563063e-08
1.368925929476298764e-11
-5.509998848258200060e-15
1.478338813005733494e-18
1.353666417242822021e-20
1.583930436944533852e-20
-1.234287894668727497e-19
1.506141715788298982e-19
8.444479732118470583e-01
3.427807152765360854e-02
3.164860362749810033e-03
-1.716324201575754977e-03
1.824621254802622373e-04
3.512847844552669999e-05
-1.393353343303735429e-05
1.097796298488088774e-06
3.942832557951086723e-07
-1.210584471426314591e-07
5.135364072506262205e-09
4.402912825009984607e-09
-1.037433273430272187e-09
-6.332050064353396208e-12
4.737631299305524342e-11
-8.261690781677026292e-12
-6.259747213258529535e-13
4.647451931923730993e-13
-5.467343358645574654e-14
9.078016130613648649e-01
2.467148610141390794e-02
-2.595603407678980564e-03
1.665283013053678784e-04
6.528835641105269333e-06
-4.173613498260141386e-06
8.035459336257733130e-07
-1.064000231954536241e-07
9.744098127630414195e-09
-2.896530702828995995e-10
-1.153328216697887543e-10
3.262146266419303853e-11
-5.472401182996278906e-12
6.579955729970328292e-13
-4.792232024353758483e-14
-1.777578944967827271e-15
1.398691281606169339e-15
-3.041667987836342235e-16
4.336667473278881009e-17
9.679530086483817408e-01
2.395357664860328639e-02
-8.894897273864497619e-03
3.265641269539279034e-03
-1.177163531841986634e-03
4.129351536817929482e-04
-1.394229450447222413e-04
4.467686146630274962e-05
-1.331045313505072861e-05
3.550890283400918239e-06
-7.714200746010461211e-07
8.580947312352479284e-08
3.712233048665083449e-08
-3.609236079533910101e-08
2.018909024003286353e-08
-9.445140137613683733e-09
4.083291390636853445e-09
-1.849628020415183685e-09
6.181137146654441687e-10
9.926906053262496421e-01
7.296013407267450297e-03
1.335676982994788015e-05
2.445153212520974621e-08
4.523434109005609060e-11
-2.405056052080854817e-13
2.016040955649734919e-13
-1.137041538302393365e-13
5.732473583136904905e-14
-2.536794528819139677e-14
9.570007847145498008e-15
-2.907726606473375074e-15
6.133480605200478265e-16
-3.223287369244409419e-17
-3.701660504032694213e-17
1.564757114616874909e-17
-1.715258624602514839e-18
-1.020231677809831595e-18
4.470811106666471283e-19
1.089302220980026270e+00
-3.653679233686082592e-05
8.938459789692138121e-09
-1.971462209223497030e-12
2.696784771372610028e-16
2.455102499211624112e-19
6.883821602867827018e-20
-1.466705600108822846e-19
5.269543167961469187e-22
3.918518914357085825e-20
1.077002402192184904e+00
-1.470302813033738491e-02
-1.778392765849559068e-03
6.500877031719423703e-04
-3.019287146373249433e-05
-1.631940808921428069e-05
2.925973219582891194e-06
1.909752381786056494e-07
-1.175881437272951487e-07
5.012584490568785951e-09
3.920458966433718412e-09
-5.703461350487830269e-10
-1.171092736651162951e-10
4.008305114340814357e-11
8.567010525948448567e-13
-2.152581518793303360e-12
2.699999266272850629e-13
6.926520711843004944e-14
-2.436605303524050105e-14
1.047407744622038228e+00
-1.249342898437972964e-02
1.192330803034858137e-03
-4.682802155364171060e-05
-9.652569903519910843e-06
2.697129238918007479e-06
-3.856089289377324931e-07
3.324333035077003621e-08
-2.017353457198498316e-10
-5.493073737885901974e-10
1.206405974361724261e-10
-1.575783550431590538e-11
1.140401960044458603e-12
5.342994316748772576e-14
-3.412647553659927973e-14
6.547796222372114514e-15
-7.846645593606770290e-16
4.195100678870731288e-17
6.043589266380992711e-18
1.016348040295528055e+00
-1.239062565319860691e-02
4.654332716866540695e-03
-1.721554356211203469e-03
6.213058329190699258e-04
-2.161842374447521900e-04
7.139499125750847720e-05
-2.187427452122353723e-05
5.967886931912330919e-06
-1.307550814787674645e-06
1.342479107253344462e-07
7.541745794765282125e-08
-6.924325153121655801e-08
3.816857419850662379e-08
-1.755437101582716336e-08
7.299984027435623692e-09
-2.860745846445736421e-09
1.167009549906094059e-09
-3.643324395844214457e-10
1.003674830965964881e+00
-3.674830965635914135e-03
-6.075443939517810433e-13
4.956064717108715222e-13
-3.714141898562894805e-13
2.547559867050170020e-13
-1.590691378599028611e-13
8.971440748023226469e-14
-4.518446362824657276e-14
1.996742311638863183e-14
-7.516892056226889511e-15
2.275760649010992863e-15
-4.760546750474539881e-16
2.292991131423157969e-17
2.967220688918060084e-17
-1.230906232658638282e-17
1.293633288327029467e-18
8.206756520224479791e-19
-3.524598601706520973e-19
8.979498746867168313e-01
