9.403143959724494794e-01
-1.097763169678539312e-03
-1.702359480121852014e-06
-2.813260763729753077e-10
5.885726316164489778e-12
-1.772630986401612945e-15
-3.640532633263750608e-18
2.026985085696036753e-19
-5.291874851159490296e-19
1.643154918950051170e-20
4.885325869531850218e-01
-4.915523464378081520e-01
2.962589776142147968e-02
6.541916788410603867e-02
-1.784009193788861289e-02
-9.297441064380072492e-03
5.708975880314911058e-03
8.809838790568083611e-04
-1.569415428479002065e-03
1.759222231465961317e-04
3.381779968144374145e-04
-1.288807594325612699e-04
-5.111776003812985657e-05
4.546833828390871703e-05
8.896639436192308443e-07
-1.170485194239726597e-05
3.312231227104191946e-06
1.868628678144122702e-06
-1.247352943784958340e-06
2.379633056751616349e-02
-3.015883563148517160e-02
1.182778318310385123e-02
-3.455335735608418279e-03
8.300580200484667390e-04
-1.736733915056448273e-04
3.259754451790441228e-05
-5.503340756853932382e-06
8.053093855313729857e-07
-8.765958406377813178e-08
7.934987635774886902e-10
3.404744664966075223e-09
-1.387852867065601680e-09
4.062932143627928936e-10
-1.019876584145248072e-10
2.305042314019691539e-11
-4.756973451806923589e-12
9.124408646695598358e-13
-1.474324514378198502e-13
3.167775285441003794e-04
-6.054437684603502547e-04
5.287740676790393234e-04
-4.230124782522609898e-04
3.110525364248156754e-04
-2.111854325217864172e-04
1.330739315776909015e-04
-7.826902568606783459e-05
4.322579892152444997e-05
-2.255368201733505239e-05
1.118643738968183543e-05
-5.306760950237584873e-06
2.422316621081787092e-06
-1.070094926885139210e-06
4.601979296629123464e-07
-1.941867227569027003e-07
8.209541724629771138e-08
-3.837775070580355167e-08
1.328159310965632821e-08
-6.249251938880204103e-10
1.203713306310717634e-09
-1.074877737926785302e-09
8.889501195151805850e-10
-6.795532220044268192e-10
4.787494156036418822e-10
-3.095222646865684866e-10
1.825530901165916687e-10
-9.739433009234704243e-11
4.642585130929608925e-11
-1.939773030908560054e-11
6.875445919348468019e-12
-1.934782986233486386e-12
3.571430362254593392e-13
8.950415249168021602e-16
-2.883830801681481807e-14
9.920397495247526106e-15
-3.171331434504798325e-16
-7.699153941353647018e-16
3.957419487072169617e-01
1.208641503304891786e-03
-4.593371926278394691e-07
2.984765757963970279e-11
-1.039869917212429614e-12
1.005019587184722850e-15
7.754836657695833750e-19
-4.189960097148400288e-19
9.783800327533459620e-21
1.084266263792967526e-19
6.322194988757758871e-01
2.337641208525589320e-01
-2.997118690641791677e-02
-1.872995061065871672e-02
1.118729700489653339e-02
-3.995630975549380550e-04
-1.798414705793720042e-03
4.399992562491354632e-04
3.011576916309627642e-04
-1.639978578044531835e-04
-3.866152055480242368e-05
5.010761680059537380e-05
-1.625360282809950329e-06
-1.272880510420817771e-05
3.544995764372170428e-06
2.562241523812917602e-06
-1.731365403397801849e-06
-3.131740864206764152e-07
4.886144466020393216e-07
8.751618735961356199e-01
4.036253365587044034e-02
-6.602380086406409512e-03
1.108187692694037824e-03
-1.939649925184141642e-04
3.569559009348385870e-05
-6.850582331350140195e-06
1.339971765141118492e-06
-2.594413733122595993e-07
4.821689752937528755e-08
-8.284220295910848204e-09
1.228426139231542631e-09
-1.258219398649130761e-10
-5.425641467686806070e-12
8.304272869604383420e-12
-3.242267211398733903e-12
9.705427932674825060e-13
-2.662274788567045887e-13
5.965566412293738944e-14
9.589446245928564538e-01
3.071772312684818707e-02
-1.149158676371235706e-02
4.299088277545890305e-03
-1.608363675697567149e-03
6.017494416811246727e-04
-2.251609159100132168e-04
8.426662699547994529e-05
-3.154784405208437790e-05
1.181791408879508974e-05
-4.431279764701046081e-06
1.664046867427014447e-06
-6.262790998045776784e-07
2.364652919448080683e-07
-8.970704532210366893e-08
3.432411733349624498e-08
-1.347768269233116198e-08
5.971528863069006175e-09
-2.015315013729124100e-09
9.906277376294767567e-01
9.350254025371904781e-03
2.195666421916140054e-05
5.155957285575161191e-08
1.210743813481330914e-10
2.843126305740925981e-13
6.671371643915057779e-16
1.951479552458303381e-18
-2.804893002593385374e-19
2.015479819484792102e-19
-1.368582492994234686e-19
8.893243026878972397e-20
-5.505334286794647695e-20
3.238358115103471706e-20
-1.818694576034337705e-20
9.708546969151295509e-21
-4.994230469248701184e-21
2.700015136478630412e-21
-9.684292680601633700e-22
1.145685489711187222e+00
6.442884375126774932e-06
3.296002836453603393e-07
-7.651387375697521265e-10
3.083046474504174248e-13
-7.694070348303188339e-16
3.788970119542055293e-18
9.433277542516584390e-20
-5.727281979074412036e-20
5.683821016869936346e-21
1.130457669453817093e+00
-2.714330439975009765e-02
-1.350557338882364504e-02
1.631310090409291563e-03
3.379531944231311483e-03
-8.277277819921258911e-04
-7.969095127212559105e-04
4.078169113732594392e-04
1.192775372959121110e-04
-1.392874465745470186e-04
3.159485129247808955e-06
3.597909812732430908e-05
-9.666730301737341160e-06
-7.226172522720690794e-06
4.384830909647803312e-06
9.181933838350670003e-07
-1.494091586770926391e-06
-6.206122206469836534e-09
3.541893971265927865e-07
1.066562758820032597e+00
-2.261585748590532602e-02
3.753629009593864845e-03
-5.887115094302099389e-04
8.123084704882294874e-05
-7.912199567540219026e-06
-2.524920170421971871e-07
4.283617764916257470e-07
-1.568371156161769336e-07
4.324214532832086359e-08
-1.026718438540568297e-08
2.177518042340146168e-09
-4.133348320710919408e-10
6.811221977177328214e-11
-8.708875965088052688e-12
4.005521563966624219e-13
2.455215433454710984e-13
-1.303733854800096874e-13
3.796709116993147600e-14
1.021102243612608484e+00
-1.612058751849453422e-02
6.157420126938084430e-03
-2.351841290999579382e-03
8.982535667512776432e-04
-3.430466625427375867e-04
1.309896923232301870e-04
-5.000255403217608688e-05
1.907749144063797776e-05
-7.272277486960368166e-06
2.768255831862188278e-06
-1.051449378669597520e-06
3.980506165187149883e-07
-1.499701809159357986e-07
5.612578238439500538e-08
-2.083518247603733657e-08
7.732503076915841778e-09
-3.118991850538567340e-09
9.814317610353579575e-10
1.004718619979468874e+00
-4.718619979468764193e-03
-6.673904626258713310e-19
6.053700614067670985e-19
-5.279028488946340154e-19
4.423957532490350590e-19
-3.560978073120028462e-19
2.751358667124046082e-19
-2.038903226479303405e-19
1.447752011458356071e-19
-9.838511924174889068e-20
6.389844543285637309e-20
-3.959607607624580867e-20
2.336704618348167919e-20
-1.311211129697804004e-20
7.005894569240933079e-21
-3.621005924576268027e-21
1.944402949295159678e-21
-6.995952896228527955e-22
3.526766917293233661e-01
