6.026931856827900669e-01
-2.322561393217990617e-03
3.415948884062798242e-06
-3.558926744187659534e-09
5.294645083947902933e-13
9.214998580400167356e-15
-2.889298000447877551e-17
7.159866132328504430e-20
-4.444820300846748562e-20
3.233806055538450721e-20
2.953586188711927463e-01
-2.834517601927627473e-01
4.998590045868674114e-02
1.342256389748292672e-02
-1.198770949078093069e-02
3.546279566634767590e-03
-4.877562795792837253e-05
-4.127584226479800848e-04
1.749612414416550879e-04
-1.885616891965580043e-05
-1.485281670720678621e-05
8.386831795677468954e-06
-1.347674656270805749e-06
-6.164305646641410136e-07
4.408917110385942477e-07
-9.323012953778185328e-08
-2.381108858260330221e-08
2.311061122125667505e-08
-6.400273148325580097e-09
2.845925133529519924e-02
-2.796264989381282151e-02
8.046553229810371813e-03
-1.725753636933799549e-03
3.091988257358504674e-04
-4.901380130114822340e-05
6.992232786780106200e-06
-8.751526910931625257e-07
8.571900513538259258e-08
-2.974950287257963063e-09
-1.467426139759330910e-09
5.582827555435495093e-10
-1.384301623394920456e-10
2.874842473799692543e-11
-5.319319843241363196e-12
8.925961931432830916e-13
-1.351413080446731395e-13
1.798296618022536683e-14
-1.868122297662107418e-15
1.011228046565004974e-03
-1.889286681414668401e-03
1.544111898978404876e-03
-1.111942583065521307e-03
7.126263624103491845e-04
-4.112255208906580068e-04
2.163254156539399099e-04
-1.050496922944994403e-04
4.767986131510595725e-05
-2.047211898209825548e-05
8.410778045432957384e-06
-3.341108537680877295e-06
1.295013455791579487e-06
-4.934159266228867201e-07
1.858690056290768908e-07
-6.960662970524144512e-08
2.631243525129589249e-08
-1.100438638605235800e-08
3.569580562990281081e-09
1.847310895844185026e-10
-3.505422691706084796e-10
2.991101154608050617e-10
-2.288358127464728014e-10
1.561036428030319581e-10
-9.410298171258347450e-11
4.941983381158084204e-11
-2.208276409674334696e-11
8.040249469755472863e-12
-2.163322156960065437e-12
2.968697152260192095e-13
6.208013851947796904e-14
-4.553412686223411205e-14
7.483749174623615060e-15
2.579664412619722055e-15
-1.374523657212890554e-15
-8.896936498526226705e-18
1.443236583954102803e-16
-2.128975880997948919e-17
6.388196681805214938e-01
1.050901361614734169e-03
-1.823631855458389916e-06
2.821395304281087682e-09
-3.493775292307962459e-12
2.640738672672231838e-15
1.333926290242700789e-18
-2.190064475209227918e-20
-1.888558361320323956e-20
6.158766740989392288e-21
7.759420635561512514e-01
1.285434336961064905e-01
-1.878968533222413057e-02
-5.060780253438859275e-03
4.660781114846065075e-03
-1.599466784110732849e-03
1.627710888261202100e-04
1.305808661186360535e-04
-8.084808051947790818e-05
1.920844325536174286e-05
2.156822819850572402e-06
-3.470718468274065709e-06
1.191316460693871523e-06
-3.391676066412053144e-08
-1.482718387963754144e-07
6.634180858263446265e-08
-6.963119384858174395e-09
-7.359826336042899927e-09
3.791467029324402864e-09
9.163866130103547336e-01
2.726506792660372477e-02
-4.383509454302979627e-03
6.882143425230574782e-04
-1.044702645361385805e-04
1.517328728409841008e-05
-2.077960384564570035e-06
2.608476312153844832e-07
-2.794186391603059910e-08
1.919327189119263085e-09
1.500162644087404473e-10
-1.033005896403378753e-10
2.975731507244980647e-11
-6.856196042160994268e-12
1.404855912659347981e-12
-2.648635931381815436e-13
4.645648453942508159e-14
-7.722729659343377451e-15
1.128152899139516906e-15
9.727751603388543611e-01
2.051340871350216394e-02
-7.727849237257274767e-03
2.910954080449395728e-03
-1.096294742841669514e-03
4.127311374300817490e-04
-1.552929610892379961e-04
5.837596895413023178e-05
-2.191394359193497339e-05
8.210577416366908444e-06
-3.068476986802025094e-06
1.143089937379453115e-06
-4.241913464405892706e-07
1.567154044688201041e-07
-5.762125280511814840e-08
2.110920290066385623e-08
-7.799142839665156720e-09
3.177094503215395822e-09
-1.012520773334959639e-09
9.938281043927924552e-01
6.162357822347470752e-03
9.523045573204967746e-06
1.471650942765522982e-08
2.274226751248271197e-11
3.514491414311996167e-14
5.432492446513654892e-17
7.469907681531472779e-20
6.098789976703223845e-21
-3.627643417028657375e-21
2.062086822641729963e-21
-1.061098185266038722e-21
5.023453656835380967e-22
-2.284251964921656931e-22
9.188327970081261741e-23
-3.203410167387568836e-23
6.431973299248367142e-24
-6.548643103187024046e-25
1.286439310306019673e-24
1.140977837278914109e+00
-1.518529297117459666e-04
-1.987166200907092777e-08
2.201233316074993315e-10
-2.986960098538879313e-14
-1.768104264497509899e-15
7.655533238530495691e-18
-1.778654582264473136e-20
1.048300278257961661e-21
2.015775958626806874e-21
1.101214317879253501e+00
-4.322786373784064801e-02
3.157703839503830912e-04
3.223945123740461216e-03
-9.167967944961031256e-04
-7.355443093135156409e-05
1.248643493132003566e-04
-2.719421909301507310e-05
-9.180761329751329294e-06
7.445466567382873788e-06
-1.379507882149381555e-06
-6.436978878932338680e-07
4.824710189135468897e-07
-9.503784862093126455e-08
-3.873807426108434316e-08
3.227786866695667141e-08
-7.692420198341787687e-09
-2.681880805110019587e-09
2.170992612217004526e-09
1.043464148206765474e+00
-1.447867353247548478e-02
2.300675211063242260e-03
-3.379099520498667921e-04
4.391129095144502510e-05
-4.599078953239948267e-06
2.545183735330696036e-07
4.294705291132873415e-08
-1.985881504207488590e-08
4.959618982148297122e-09
-9.970685386964786025e-10
1.743212126400551169e-10
-2.684988825934902935e-11
3.536982357371249871e-12
-3.510799024219136440e-13
8.746894507567842039e-15
7.714047104750804083e-15
-2.942220715547185263e-15
6.852576988847835283e-16
1.013863426128953638e+00
-1.058896300398514713e-02
4.043096215876621630e-03
-1.543082661003089594e-03
5.884590416820835099e-04
-2.240961273491587423e-04
8.514445746232382354e-05
-3.223662400795051684e-05
1.214313502568815258e-05
-4.542330869686045620e-06
1.683670699248205200e-06
-6.169345005198832776e-07
2.229026842029626329e-07
-7.918935324716052670e-08
2.757281184536405158e-08
-9.374156183115880762e-09
3.113723111423416819e-09
-1.079013436416870514e-09
3.019777871878314908e-10
1.003100289608328977e+00
-3.100289608329053360e-03
-9.752929547590812809e-20
8.492933426043164962e-20
-6.989435843682476206e-20
5.430260677452143340e-20
-3.976982552319437170e-20
2.740128967443081034e-20
-1.771481111712440240e-20
1.071031544667361253e-20
-6.029705872903089249e-21
3.142871135701740964e-21
-1.504878175023402388e-21
6.547155206931598635e-22
-2.545796616126985952e-22
8.605074999072362899e-23
-2.386238677894700305e-23
4.578194799731592073e-24
-3.320851925507938987e-25
7.578796992481202643e-01
