5.366813607028861899e-01
-1.787500909334426794e-03
2.432342252720891051e-06
-2.745302326174684914e-09
2.102385226371584970e-12
4.375203670836423605e-16
-5.927530166709216513e-18
3.697514245610043128e-20
4.385829422357410454e-20
-5.003413512511313392e-20
2.781487355137614581e-01
-2.458673190773127681e-01
3.528131608469056713e-02
1.333548586826370508e-02
-9.287956832077653296e-03
2.274556188772313813e-03
1.121767512226285281e-04
-2.924598732720580865e-04
9.993780981301382234e-05
-5.414905727185307672e-06
-9.161153753453893519e-06
3.996544983081464236e-06
-4.066547924247604712e-07
-3.229310333840660024e-07
1.676843062782784931e-07
-2.233684761078745874e-08
-1.222934127344733967e-08
6.921626198630527058e-09
-1.181771862527878797e-09
3.283343160967803348e-02
-3.064552730820129314e-02
8.310706386279592683e-03
-1.675795285804352946e-03
2.809534675407128696e-04
-4.111274529476227505e-05
5.231105949487517506e-06
-5.298075135471742135e-07
2.472371302561893971e-08
6.636775955505926598e-09
-2.758700095603916816e-09
6.844480629751130552e-10
-1.391311928224996283e-10
2.483355798868424547e-11
-3.954800065853748568e-12
5.537867170874397007e-13
-6.384113993436732081e-14
4.318114669813977348e-15
3.615127703571293378e-16
1.338928540554048651e-03
-2.488921690767080964e-03
2.004861454038146633e-03
-1.411685080195727859e-03
8.793218515426341145e-04
-4.911314866466714307e-04
2.494695375139396008e-04
-1.168804548088541308e-04
5.121184757813218569e-05
-2.126419890667252013e-05
8.470657707851538378e-06
-3.272774090698394398e-06
1.237620902794568392e-06
-4.612448713035091175e-07
1.702245830610075216e-07
-6.246257635953468063e-08
2.308487275145436174e-08
-9.389982866718351211e-09
2.988973415841205751e-09
1.231145587179967205e-09
-2.328975480221925612e-09
1.968544785007354486e-09
-1.481555019885061129e-09
9.862787024084993383e-10
-5.744339719501662384e-10
2.875161847279971855e-10
-1.198845937067529243e-10
3.913864867902007464e-11
-8.457898719997711083e-12
2.711733174391925630e-13
6.042520134592603393e-13
-2.053291058878815007e-13
-4.208875555851502655e-15
2.228048793981723795e-14
-3.991255889741758539e-15
-1.922907956349069979e-15
6.421773045721211611e-16
1.606302121584553940e-16
6.746464005752237370e-01
7.777673156101826916e-04
-1.169954452526909941e-06
1.666687244223549331e-09
-2.090834930745669543e-12
2.109566241279813191e-15
-1.210458233798478533e-18
-2.873536672916160372e-20
-2.277547325209483384e-20
2.610293360152240932e-20
7.885036097690654167e-01
1.104261416501763765e-01
-1.240006465824628791e-02
-5.262268269660299799e-03
3.607422960991057449e-03
-1.001910011465743889e-03
2.777792332651059459e-05
1.034291142134492064e-04
-4.721508032778253981e-05
7.694318642738386398e-06
2.359224374115809213e-06
-1.859431472139390667e-06
4.636798701927665787e-07
3.796809763477048172e-08
-7.007202676046108005e-08
2.243680470933818747e-08
-1.899362892004583443e-10
-2.775552119768833551e-09
1.043674338752356527e-09
9.161339186874960516e-01
2.713162604511534792e-02
-4.280345359112894439e-03
6.490247635291987406e-04
-9.322869406134113766e-05
1.246634007777425077e-05
-1.502369481957684616e-06
1.496072879659973017e-07
-8.109915341071212101e-09
-1.348891511924572994e-09
6.408611971505096842e-10
-1.674814706249572172e-10
3.602476583595307593e-11
-6.924665178712275375e-12
1.220213035232850659e-12
-1.978037990098561712e-13
2.909286960307756710e-14
-3.737046298191617753e-15
3.647796295499958257e-16
9.726277071337289248e-01
2.062159322374344794e-02
-7.766853138359309898e-03
2.924496476024317140e-03
-1.100622866727658279e-03
4.138531356582558383e-04
-1.553959607784028937e-04
5.822438291265824296e-05
-2.174974459023393660e-05
8.091811934063605037e-06
-2.995116198969076440e-06
1.101796135810400508e-06
-4.024310325898631788e-07
1.458243342989745889e-07
-5.239319256088737013e-08
1.867733839329595699e-08
-6.675444387951674746e-09
2.606866518457961963e-09
-8.068857706978794285e-10
9.937939491974299155e-01
6.196407069887140476e-03
9.628747053081156062e-06
1.496234329876929139e-08
2.325034950063106963e-11
3.612791375616054760e-14
5.712218076682265217e-17
-5.717726702623925126e-19
4.138951700029422562e-19
-2.415226180963767675e-19
1.303398338990362684e-19
-6.453715881279347239e-20
2.901525759816739321e-20
-1.166510377730195405e-20
4.096719747663935293e-21
-1.188695498084481764e-21
2.522188595747965823e-22
-1.646945853375730367e-23
-9.590972077756979366e-24
1.132401492365250784e+00
-1.357181861134839219e-04
1.130687786016279878e-08
1.488924276942374897e-10
-2.535414169292371464e-13
4.754031452042569141e-17
9.730923809240390911e-19
-1.488688470348897813e-20
7.086422923105138307e-21
-2.774214291894069811e-21
1.097197472241282057e+00
-3.859895751802455699e-02
-2.556484451501715824e-04
2.734711690295414058e-03
-6.904703106697934875e-04
-6.204040101729336944e-05
8.289115805583074210e-05
-1.502210264808293808e-05
-5.905470639722376321e-06
3.883234596684759296e-06
-5.257607343320537302e-07
-3.484715821489795074e-07
2.009338931377911378e-07
-2.650152272179085867e-08
-1.806705430753868060e-08
1.067081848645689123e-08
-1.628737233667968819e-09
-1.003641358868199497e-09
5.816829677408239534e-10
1.043524466362531156e+00
-1.431147280496890446e-02
2.207939808330159660e-03
-3.071775032646011116e-04
3.622365470360322282e-05
-3.039026219419683615e-06
-7.517460023112976256e-09
7.811750435707549957e-08
-2.289407994602140476e-08
4.810300217026461032e-09
-8.458316713764254983e-10
1.280772394644930894e-10
-1.618099299940639190e-11
1.446918148065819084e-12
5.693810210857876850e-15
-4.331326206614584186e-14
1.358493040879795699e-14
-3.166949290934013725e-15
5.819654618180641582e-16
1.013939117452738570e+00
-1.064514753215842734e-02
4.063162233527050499e-03
-1.549647510369308147e-03
5.901634179119962355e-04
-2.242029902679559393e-04
8.484265437719922215e-05
-3.192043171200612916e-05
1.191239009177223255e-05
-4.397884303194988026e-06
1.601465622922415551e-06
-5.733461159514801279e-07
2.010827588718842557e-07
-6.878886693045176785e-08
2.282082411616196585e-08
-7.276580568638515686e-09
2.199963704812865051e-09
-6.452023977579765237e-10
1.514686722767462283e-10
1.003117529731854196e+00
-3.117529731854089877e-03
-4.750991917169576875e-18
4.101407108379277139e-18
-3.334167669227296521e-18
2.548962913504477484e-18
-1.829199234878587851e-18
1.229189196276912613e-18
-7.709855121894050702e-19
4.494894151932625579e-19
-2.422234689667356836e-19
1.197408672056285819e-19
-5.372134797937491021e-20
2.152680633617278277e-20
-7.506003752096488543e-21
2.167642818513538187e-21
-4.557345283690678926e-22
2.590749676636295557e-23
1.965882706125039701e-23
7.903959899749373186e-01
