5.029186073237461585e-01
-1.527896523848662740e-03
1.944698704615591518e-06
-2.151189665754676111e-09
1.869229550935419544e-12
-7.218601456103801718e-16
-1.735595037279011412e-18
3.334230077605004616e-20
3.056084742793094255e-20
-4.606493727425690244e-20
2.691567989578961817e-01
-2.263106695898064735e-01
2.816136907803078876e-02
1.304953494091661524e-02
-7.946820970711298074e-03
1.707123315645923088e-03
1.677500170193201826e-04
-2.377954725310405372e-04
7.024181111405620407e-05
-8.932636841873010762e-07
-6.989285219311501449e-06
2.561442779730442688e-06
-1.509208352021735186e-07
-2.251631365860632936e-07
9.486333774256790938e-08
-7.687903782029178453e-09
-7.990247461364873701e-09
3.361236520459520413e-09
-3.275872830886342300e-10
3.537836631491522027e-02
-3.208117490588199144e-02
8.412309778798211443e-03
-1.635919370612433973e-03
2.631206633238834932e-04
-3.645683854817424160e-05
4.243418888158964168e-06
-3.462595362488619221e-07
-5.460283601569412255e-09
1.089779168204042079e-08
-3.219444134551081755e-09
7.018914929719688086e-10
-1.301196640337819516e-10
2.123814969497251959e-11
-3.035523420744171836e-12
3.602430766970742145e-13
-2.827603100895062911e-14
-1.530456317107044812e-15
1.161301149505240785e-15
1.549475100062905472e-03
-2.872051379503395320e-03
2.294571644990784330e-03
-1.595448448887086534e-03
9.781288230074310693e-04
-5.365289813792256972e-04
2.673178419796889754e-04
-1.228034848781370410e-04
5.277971848486817598e-05
-2.151826719732239662e-05
8.428484308892480607e-06
-3.206997299840105495e-06
1.195985714882056404e-06
-4.399751946962960059e-07
1.603103355251817174e-07
-5.802782373129304354e-08
2.110125095998435247e-08
-8.402759942457518637e-09
2.634657307565000192e-09
2.449835724657486607e-09
-4.626534819198858323e-09
3.890284460631044453e-09
-2.901578968648875728e-09
1.905650566520547250e-09
-1.088746012612320332e-09
5.302616906494536905e-10
-2.123331107602020961e-10
6.477541266744237758e-11
-1.189863970062618431e-11
-6.219589902917725625e-13
1.205653885573707430e-12
-2.878336732674692956e-13
-4.748892294000731080e-14
4.095267179993351814e-14
-2.253389945606042123e-15
-4.593387438694949487e-15
7.052691929546768125e-16
5.123322252233362631e-16
6.919301831632024280e-01
6.546743876474703846e-04
-8.959937479236500996e-07
1.190887728345302557e-09
-1.441311984648199903e-12
1.498201539769522737e-15
-1.176998296510600009e-18
-5.757330044699231799e-21
-1.029266584863341763e-20
1.341232676974547457e-20
7.944679215142738116e-01
1.013570399856427162e-01
-9.428366490609470241e-03
-5.217123928647724417e-03
3.079886673216721514e-03
-7.437101412035712622e-04
-1.796889998880567358e-05
8.745886382140421978e-05
-3.353497031652003869e-05
3.863800832638266235e-06
2.150291087199258511e-06
-1.258365034937908673e-06
2.444031405190911184e-07
4.679055888066095262e-08
-4.449244269718556045e-08
1.116157256929822579e-08
8.555576946513800366e-10
-1.566703763649042108e-09
4.634694594295933894e-10
9.156300968202447654e-01
2.712917261330366481e-02
-4.221428066876473269e-03
6.245101973116743733e-04
-8.626268282073881592e-05
1.084850412206996905e-05
-1.174610255427580094e-06
8.987194444195727526e-08
1.789400424304462881e-09
-2.826085536441179175e-09
8.304469929724751789e-10
-1.851597531563190572e-10
3.599240090540909206e-11
-6.341692335467662419e-12
1.020709290980756825e-12
-1.481514419530308534e-13
1.851880118912263134e-14
-1.667410111998019398e-15
1.831223134837080780e-17
9.724102966925699532e-01
2.078176976065030865e-02
-7.825203919138880651e-03
2.945268694345856437e-03
-1.107682132873255608e-03
4.160316295540517680e-04
-1.559260515372361462e-04
5.825736796680505128e-05
-2.167185619981920031e-05
8.016310824120616749e-06
-2.944388296545393533e-06
1.072497730465656071e-06
-3.869691147336756850e-07
1.381669054082058454e-07
-4.877973945598965572e-08
1.703155939365424927e-08
-5.933237980498970414e-09
2.240160445588726014e-09
-6.766188770424000664e-10
9.937437145601563104e-01
6.246484828380411206e-03
9.785258585676743058e-06
1.532882703668810939e-08
2.401296001345022404e-11
3.761028186831013205e-14
6.357435898603638512e-17
-2.989220529895164995e-18
1.902117336539627622e-18
-1.087499059271596342e-18
5.723884956567611024e-19
-2.748892640721246541e-19
1.189544196682478357e-19
-4.548451714441175949e-20
1.485373725564754890e-20
-3.868540510913799365e-21
6.462256243445040066e-22
3.763621304025479766e-23
-5.608736224006637711e-23
1.128110285770948185e+00
-1.259922272900407204e-04
2.297035662272529285e-08
9.865488523908993764e-11
-2.002757447311581051e-13
1.810111818966233342e-16
1.465350931306703388e-19
7.433612664988404360e-21
-1.369588041634792537e-20
5.302948404914146895e-21
1.095313926729127418e+00
-3.617255925890548035e-02
-5.563877086638633609e-04
2.490961848126064040e-03
-5.812317947607764830e-04
-5.792206826730559845e-05
6.540962361903073364e-05
-1.025549108200560900e-05
-4.645065280599696839e-06
2.633751507083143957e-06
-2.590335786169858064e-07
-2.497804242564858183e-07
1.197994483821894550e-07
-1.012670154584896643e-08
-1.180296193371706726e-08
5.568285784149474852e-09
-5.234233050039583455e-10
-5.678411371639748605e-10
2.636412148525536766e-10
1.043751045013838308e+00
-1.425858910322613284e-02
2.156771294126211703e-03
-2.893454829309255981e-04
3.184470993829307812e-05
-2.190839359527069639e-06
-1.396035308409445800e-07
9.345558247386594402e-08
-2.362136838875209914e-08
4.552545413559110007e-09
-7.372641175288951612e-10
1.004844664086390402e-10
-1.054056818686232488e-11
4.656886949323871956e-13
1.495566026292599949e-13
-5.944397995804337886e-14
1.429100889838694005e-14
-2.846253224371588536e-15
4.622515622758816409e-16
1.014051299492939151e+00
-1.072944880850701388e-02
4.094181907741651499e-03
-1.560576768517465745e-03
5.936778277310161356e-04
-2.251072453626947053e-04
8.491883497308080496e-05
-3.179601670302044852e-05
1.178344043519178854e-05
-4.308361728283918021e-06
1.548666614900028737e-06
-5.451352133445665666e-07
1.870499080564685445e-07
-6.219340894133293086e-08
1.986285149257683277e-08
-5.998827377846088238e-09
1.656908532748347379e-09
-3.945332056440534123e-10
6.595764569120823867e-11
1.003142883941629870e+00
-3.142883941629840035e-03
-1.975223185318385058e-17
1.697092192962378463e-17
-1.370326960675668533e-17
1.038311270149107805e-17
-7.367654043267918073e-18
4.882569023938512875e-18
-3.011111946778985597e-18
1.719887442260556836e-18
-9.040439568473851143e-19
4.334617667668090928e-19
-1.871625404326734235e-19
7.134555296420819591e-20
-2.320090034265371687e-20
5.993027356618797892e-21
-9.796130557808759612e-22
-7.569817139929165282e-23
9.301482753840860401e-23
8.054035087719297881e-01
