8.743157521679276734e-01
-3.274548764742260358e-03
2.023915662760237025e-07
1.107660389705364551e-08
-5.770197096178641788e-12
-1.168541315205189470e-13
5.121036350473599696e-16
-2.607095260720094487e-18
1.514800606743512735e-18
-6.505734791444267089e-19
3.838867254375311622e-01
-4.412978126566648451e-01
1.007779581882601583e-01
2.363722657723177703e-02
-2.709605365474347660e-02
7.878696505311706677e-03
1.401805015461518459e-03
-2.067732003021246524e-03
6.125458214850356331e-04
1.624073559108349483e-04
-2.083105490478535850e-04
6.213066163412022953e-05
1.698630272607155252e-05
-2.216739614990864278e-05
6.818369711276280699e-06
1.779586695742591023e-06
-2.316785538144737862e-06
4.322836142959248146e-07
2.196341792414960621e-07
1.743840840969199113e-02
-2.052707371020989768e-02
7.316429377975709920e-03
-1.941337777548857993e-03
4.271523475606020764e-04
-8.313605631713357196e-05
1.486554284258118784e-05
-2.484869073517667218e-06
3.879809809819161335e-07
-5.536210610979563702e-08
6.771906490612694659e-09
-5.587936505197202838e-10
-2.868326465458086217e-11
2.918467648280529119e-11
-9.475690502239151536e-12
2.401008776721349713e-12
-5.378247455062601794e-13
1.147562822112982066e-13
-2.129185448536279381e-14
3.301613351028964260e-04
-6.272145828501371478e-04
5.381096614728487658e-04
-4.183062624765347725e-04
2.960600984574227783e-04
-1.919356169344386325e-04
1.147602867600347232e-04
-6.374893588797608509e-05
3.315043272282136718e-05
-1.626196844336500036e-05
7.582919912041394587e-06
-3.386274613815543867e-06
1.458619137256307472e-06
-6.101418216154098531e-07
2.494544330506597574e-07
-1.004675854231496423e-07
4.065538801118198669e-08
-1.821801556199938528e-08
6.157876308439602915e-09
-3.338634801833529227e-10
6.405149770462026035e-10
-5.650758756695957834e-10
4.577958527354529210e-10
-3.396716955418555471e-10
2.298700327195291006e-10
-1.410351054717766947e-10
7.776597732854634651e-11
-3.803571029927316741e-11
1.616473130831443811e-11
-5.757937666000825720e-12
1.593809095445014177e-12
-2.705157231414160893e-13
-1.524428979357340017e-14
2.756118225350857710e-14
-7.813987638848596197e-15
-1.412680139281833541e-16
7.659115902601254684e-16
-1.872268914797910204e-16
4.439421094188232275e-01
2.152276465477839709e-03
-3.383892422205526350e-06
3.094038237887976095e-09
-5.299787832824598616e-12
3.587741037860656564e-14
-1.400103949641362228e-16
4.988480527237932972e-19
-1.353577194803973498e-18
4.367598450300055567e-19
6.907236543401464868e-01
2.167559524539923455e-01
-4.758953118271050386e-02
-4.891739979748153250e-03
1.035910075611868632e-02
-4.694814047992892925e-03
6.172962824013766229e-04
5.148936419691197818e-04
-3.459387417966133457e-04
5.806284277540916671e-05
4.190344143714198942e-05
-3.004795340112884639e-05
4.230054847560558526e-06
4.767145729006908222e-06
-3.113687040495276192e-06
3.305443832767768148e-07
5.288824326680013531e-07
-2.599932900408643739e-07
1.958923374870806480e-08
9.004237589756364235e-01
3.251876295958947699e-02
-5.326956392583953939e-03
8.777169562557986769e-04
-1.457418415771243264e-04
2.437603408460226544e-05
-4.091351077972247076e-06
6.844561411529267230e-07
-1.130794339375663949e-07
1.823123689956925464e-08
-2.820894090896544243e-09
4.072847921416705402e-10
-5.165392946543432659e-11
4.725907447281058686e-12
8.895079162510579340e-14
-2.031505368127955783e-13
7.271005195202461338e-14
-2.079283503787064961e-14
4.697403319947445654e-15
9.674966215889047039e-01
2.442583760223004594e-02
-9.177869092442338464e-03
3.448563557510344289e-03
-1.295814433332836144e-03
4.869264665592264673e-04
-1.829841434748969971e-04
6.877254980034465382e-05
-2.585248612149142498e-05
9.721292039212264786e-06
-3.657181386852148954e-06
1.376747243846494282e-06
-5.187392664257252535e-07
1.956859952994569357e-07
-7.394929378779363351e-08
2.806237190202682859e-08
-1.085582549925870260e-08
4.697306495192625533e-09
-1.559027588780164567e-09
9.926119874386835074e-01
7.374341845650360903e-03
1.364541948991858321e-05
2.524936827640957647e-08
4.672121638004598575e-11
8.645264812780894977e-14
1.598875501205553191e-16
3.585887535290253193e-19
-4.406750505052883107e-20
3.041525434509430121e-20
-1.973961232347009135e-20
1.210042594079245495e-20
-7.019525248857401030e-21
3.868521996002962367e-21
-1.999274097271532433e-21
9.647649400703185498e-22
-4.432647368645335160e-22
1.920693777778864578e-22
-6.233850129967509512e-23
1.185694536538731469e+00
-2.301943689931662616e-04
8.159561141299185959e-07
-5.367605655926734712e-09
1.943169348018892050e-11
-4.621059143178797089e-14
1.102326494193848986e-16
-9.000141329598947163e-19
-1.588723109177250163e-19
1.744670253111791966e-19
1.130804340688831733e+00
-6.080402702398573361e-02
-3.290263446111367225e-04
5.598707056850084178e-03
-1.065480511193782126e-03
-6.923245236815513777e-04
3.731161527889675640e-04
6.891631575392187189e-05
-1.365865156074978152e-04
4.598633620205288820e-05
1.427278719764427697e-05
-1.960088493052455479e-05
6.498748740807152430e-06
1.554414012315446824e-06
-2.384617253636848725e-06
8.391323342396785803e-07
1.185138701107075668e-07
-2.447478619319533878e-07
8.994956234637077160e-08
1.052430270944236801e+00
-1.786182601516649385e-02
2.997591686542007677e-03
-4.878799347132340412e-04
7.524352981287945209e-05
-1.060384573376041854e-05
1.266339898806063178e-06
-9.755879524424986923e-08
-7.073694117962449789e-09
5.611799626487533250e-09
-1.718813351983970174e-09
4.147184522815669056e-10
-8.813869030929596125e-11
1.708894311097631177e-11
-3.050307208674678782e-12
4.971404077179794924e-13
-7.151182156138601896e-14
8.056469012986056962e-15
-4.161476058083877320e-16
1.016611732985478467e+00
-1.269011517139675797e-02
4.847074638182681874e-03
-1.851316876024724535e-03
7.070581339420459232e-04
-2.700087799128041729e-04
1.030874928887069107e-04
-3.934314080296923849e-05
1.500577089475179431e-05
-5.717612661945905603e-06
2.175290817092341617e-06
-8.257984402750906275e-07
3.125479725802024595e-07
-1.178164114612657108e-07
4.418714108620532154e-08
-1.649203622651841915e-08
6.193830685809497925e-09
-2.557196828623154936e-09
8.203933760876808160e-10
1.003714516908328802e+00
-3.714516908328843736e-03
-2.210304276534638325e-19
1.983360086883515199e-19
-1.703357121543561560e-19
1.399372843023151979e-19
-1.098948229175586098e-19
8.242212802473837412e-20
-5.897151532109446549e-20
4.019462200558277828e-20
-2.605432151462012616e-20
1.602760393992994352e-20
-9.332824815135832031e-21
5.127723798265055499e-21
-2.648122038161775233e-21
1.281149613877486520e-21
-5.841117232069187362e-22
2.680642395790987861e-22
-8.705368511494906260e-23
5.400000000000000355e-01
