7.282699151843066154e-01
-3.253175179259970660e-03
4.262448150334247262e-06
2.435653609657537107e-10
-1.888531704122700488e-11
5.274370669738456274e-14
-5.106928601517720058e-17
-1.341002192141070948e-19
-1.864121414114072667e-20
6.834403931919558971e-21
3.293155939205219540e-01
-3.538396041796981195e-01
7.844924149485750509e-02
1.350229439617988379e-02
-1.763585428539218500e-02
6.280049584439574215e-03
-3.152452686577142068e-04
-7.819485011711669329e-04
3.906962136738001174e-04
-4.779447981044241187e-05
-4.295795115091316019e-05
2.737291289219752287e-05
-4.986383845560980575e-06
-2.560860216713742584e-06
2.101895940068044100e-06
-5.383480090001972301e-07
-1.122419913340094836e-07
1.520421166368581357e-07
-5.214930318118280905e-08
2.202104184174268064e-02
-2.357851945898503318e-02
7.495663085458679695e-03
-1.775872512637105029e-03
3.512120899366440673e-04
-6.181414128068779307e-05
9.999725835002528355e-06
-1.496797624675187611e-06
2.032528487072484812e-07
-2.340653008559985411e-08
1.748607361892208996e-09
1.201411541412712223e-10
-9.373893353057100480e-11
2.797452207134327546e-11
-6.578866102564320066e-12
1.364646980513328941e-12
-2.591104650012529175e-13
4.673438331361138761e-14
-7.419761213962447017e-15
5.991776467588286756e-04
-1.128671660507072575e-03
9.446484986414538376e-04
-7.060208868085361298e-04
4.746194754999466720e-04
-2.894956672730791499e-04
1.617528122841052185e-04
-8.361597413597683084e-05
4.039349834439530894e-05
-1.841778012982574987e-05
8.003240962095011711e-06
-3.344951190717848062e-06
1.356089011429983651e-06
-5.373160607528707806e-07
2.094461097464216127e-07
-8.089226882677026486e-08
3.151450612687961552e-08
-1.361738599340712673e-08
4.508435305963455586e-09
-2.524757224294485889e-10
4.816339078829612611e-10
-4.176474849251469941e-10
3.285227689492996792e-10
-2.334832338915708360e-10
1.489908899227024572e-10
-8.455431390876981454e-11
4.205170425687251972e-11
-1.789103475976288023e-11
6.230594811131845248e-12
-1.606058523173357896e-12
2.061234509906411563e-13
4.917940806081425050e-14
-3.400605523224987892e-14
5.918159830889611794e-15
1.670065166456570546e-15
-1.031049457544026879e-15
2.030035517595746703e-17
1.083351906182535180e-16
5.607332403649784025e-01
1.646400730432755850e-03
-3.211392965263547176e-06
4.671244702640402226e-09
-3.507096623559503678e-12
-2.250685643539772996e-15
6.163187662612536426e-19
2.533141088638196302e-20
2.978838757655414996e-20
-1.896295678550705985e-21
7.462990059132765808e-01
1.654822874711169844e-01
-3.242839886725815135e-02
-4.055703625563398737e-03
6.787361412118940104e-03
-3.005055458579860683e-03
5.384655930708220689e-04
1.847379155900105230e-04
-1.736015841472253083e-04
5.471754391676223443e-05
1.605478352655541619e-06
-9.512818016554836149e-06
4.081931851074301163e-06
-2.580392618063843845e-07
-5.850630052550380942e-07
3.150420106881488689e-07
-4.264415533625978585e-08
-4.427300322094962269e-08
2.595828678555586347e-08
9.135613930204113942e-01
2.834688694440447645e-02
-4.636590868291250861e-03
7.542423625020289570e-04
-1.214888697487605474e-04
1.926933220333523227e-05
-2.989134790498738602e-06
4.493761155829502628e-07
-6.454080585251212818e-08
8.621735849468958699e-09
-1.007190936127715638e-09
8.329080657070752901e-11
2.363265111454317177e-12
-3.427326436112877951e-12
1.118631701312784122e-12
-2.811382355595400978e-13
6.244697102247483429e-14
-1.324522428927889940e-14
2.451507681358419559e-15
9.718861831052437728e-01
2.117443457123855191e-02
-7.973940503206104063e-03
3.002846111461194862e-03
-1.130812929837662082e-03
4.258370143953806486e-04
-1.603562723364624981e-04
6.038225511729831155e-05
-2.273517107837109269e-05
8.559104531737109621e-06
-3.221538543777964758e-06
1.212138817215184376e-06
-4.558581094092334630e-07
1.713272221853628579e-07
-6.435169744965583641e-08
2.419775756017016313e-08
-9.235348353880556391e-09
3.920538174915701637e-09
-1.284345579611357226e-09
9.936238646106938521e-01
6.365955472093806286e-03
1.016366430856153827e-05
1.622695487425987394e-08
2.590739485102481974e-11
4.136285952318619920e-14
6.603171685474892650e-17
1.103584314505227701e-19
-3.148938014223470421e-21
2.045256368966565297e-21
-1.250479599280799991e-21
7.410678645009971147e-22
-3.734431058807383744e-22
1.624849409318745132e-22
-7.487584024352177784e-23
4.011511646679019000e-23
-2.199186259769546757e-23
1.641881361541562520e-24
5.134148797972578146e-24
1.159264240537303259e+00
-1.774083566336863611e-04
1.236873490990283058e-08
-6.244307832406109965e-10
5.452785019674051202e-12
-2.256842375373392807e-14
6.249125072463720228e-17
-1.264038065038591351e-19
4.740657147447050991e-21
8.074572619715476113e-22
1.111225026218406242e+00
-5.194689471342366777e-02
1.098748102757556239e-03
4.250256998448070749e-03
-1.326595123819296253e-03
-1.518934113557978175e-04
2.370394913956019216e-04
-5.041758315483454300e-05
-2.644878213331382171e-05
2.091591002747266131e-05
-3.701391767940592961e-06
-2.671758783769905591e-06
2.052058380802920761e-06
-4.439351131576840215e-07
-2.068103547919494656e-07
1.969114282567391799e-07
-5.713036920342719583e-08
-1.828005825667404236e-08
1.743592266963936622e-08
1.045110803401111621e+00
-1.524772226049005315e-02
2.508363431484315290e-03
-3.929833801270463914e-04
5.697946112325951503e-05
-7.302011822261390591e-06
7.377699081463757159e-07
-2.995317231037815598e-08
-1.143856887169499012e-08
4.570797747777982854e-09
-1.155134499792823422e-09
2.434722690472205083e-10
-4.569601586780357658e-11
7.774022586968158720e-12
-1.190263627533493154e-12
1.575972081986707469e-13
-1.564691228660052744e-14
1.248285711032300964e-16
4.109616386627138986e-16
1.014325393838105605e+00
-1.094311388792512663e-02
4.179437145363905197e-03
-1.596019263011264847e-03
6.093235721595062363e-04
-2.325171343156050350e-04
8.865664654559685901e-05
-3.375950079815433598e-05
1.282919970863745680e-05
-4.860876184634493239e-06
1.834150948483627961e-06
-6.882790645108068311e-07
2.564656398005420376e-07
-9.473122716414621634e-08
3.462588535801523870e-08
-1.251305765724145370e-08
4.507791852443390171e-09
-1.759562484866006127e-09
5.423171463248325743e-10
1.003203351374659658e+00
-3.203351374659635029e-03
-1.539553285369645340e-19
1.360250388663202567e-19
-1.142882274842418107e-19
9.124211041069631644e-20
-6.914065306454826807e-20
4.966069498321177643e-20
-3.374954114643224126e-20
2.165379728995039621e-20
-1.307964653829542149e-20
7.411612149822536637e-21
-3.921943061152278574e-21
1.926401693058417893e-21
-8.710958869369167263e-22
3.583570880403230944e-22
-1.320703895986860346e-22
4.445079848274900012e-23
-1.102689720933203229e-23
6.803408521303258016e-01
