7.177704775761132305e-01
-3.190386840114215958e-03
4.303399089141986160e-06
-4.964733117307446373e-10
-1.650083018333083946e-11
5.023122431726630488e-14
-6.287249564390033653e-17
-1.066950474232797690e-19
-4.061059814292003450e-20
1.333344026438114486e-20
3.262880041151906552e-01
-3.479310219445017061e-01
7.615594493153482469e-02
1.340237630043079539e-02
-1.711469743783095715e-02
6.050326915236493332e-03
-3.112070764952452277e-04
-7.370752274432843800e-04
3.684859424640474440e-04
-4.656244907789247963e-05
-3.876800372854588610e-05
2.497366892908961324e-05
-4.651013845939690047e-06
-2.226438949107095163e-06
1.860274282293469483e-06
-4.829387264651343187e-07
-9.316531131341844689e-08
1.315415008383737695e-07
-4.551669692873880968e-08
2.247474118547206773e-02
-2.390097399060409078e-02
7.537781582864701291e-03
-1.771838221201581980e-03
3.477777478490998273e-04
-6.075215644818065391e-05
9.747589944693074132e-06
-1.444112808366131633e-06
1.931315513032156905e-07
-2.160286903634794025e-08
1.453566104205603342e-09
1.630122564313255478e-10
-9.878551911495829840e-11
2.827991664655217894e-11
-6.510744247323531327e-12
1.329316280755130220e-12
-2.487630645051178571e-13
4.414336229826167782e-14
-6.889833663283932802e-15
6.257849891960319414e-04
-1.178043805193348340e-03
9.841514016401587978e-04
-7.334085182424118299e-04
4.911761240039056288e-04
-2.982758866288201397e-04
1.658541786751393827e-04
-8.530295698580196804e-05
4.099864513636880173e-05
-1.860093795125042549e-05
8.044938701850843258e-06
-3.347922742095787434e-06
1.352085092162799378e-06
-5.339339786766946164e-07
2.075250706422101000e-07
-7.994743563972345735e-08
3.107362998585706312e-08
-1.339538267515242058e-08
4.428743465021611106e-09
-2.409796556830443317e-10
4.595109292194506140e-10
-3.979557319516462589e-10
3.123482438179243190e-10
-2.212751448925918053e-10
1.405766854864806217e-10
-7.930521696100075440e-11
3.912482121586896970e-11
-1.645925787144372706e-11
5.634419794329542426e-12
-1.406469236960688265e-12
1.596292196644539235e-13
5.221853229525696405e-14
-3.099787711851295070e-14
4.568392507397108093e-15
1.789530190704933280e-15
-9.190006840211545862e-16
-1.609458908577843742e-17
1.043603673265554495e-16
5.678816842781750918e-01
1.595753958068430681e-03
-3.108222564059590732e-06
4.602249215277678144e-09
-3.727394522497628115e-12
-1.968540865648860259e-15
4.140344130866030227e-18
3.327853661886789586e-20
3.388770182051018640e-21
4.111023887664111450e-22
7.491898145283698573e-01
1.622142722611161492e-01
-3.124238878397066904e-02
-4.143214271158538430e-03
6.595809044242647093e-03
-2.876938983872471232e-03
5.051334969140429572e-04
1.780016541888326679e-04
-1.639769166373474093e-04
5.130073805867937182e-05
1.390620422040782562e-06
-8.738023618128560905e-06
3.754693337114988212e-06
-2.588643757001824927e-07
-5.168130819063470511e-07
2.813249798578205366e-07
-3.978557979232869203e-08
-3.786564632343688000e-08
2.249785568390182386e-08
9.140020969654677474e-01
2.819880147246654062e-02
-4.608815757816537434e-03
7.483116305885237655e-04
-1.201217570873356239e-04
1.895250616594634633e-05
-2.918384471787308631e-06
4.343758146754088371e-07
-6.152578414310208894e-08
8.046120734766737125e-09
-9.028008581050222021e-10
6.539710576369446596e-11
5.221945095412603318e-12
-3.839277974199161351e-12
1.167700294851806323e-12
-2.843738526391059917e-13
6.186018708046704236e-14
-1.288592542075511577e-14
2.350246434983171753e-15
9.720308310765874982e-01
2.106701923769233736e-02
-7.934053911899059675e-03
2.988028722958858355e-03
-1.125302548596278330e-03
4.237832190233185295e-04
-1.595876372333922082e-04
6.009258233135372432e-05
-2.262481430120860462e-05
8.516407561921283967e-06
-3.204684776814491464e-06
1.205328451582953591e-06
-4.530380965607597008e-07
1.701328996565131184e-07
-6.383633500084764266e-08
2.397162133577212165e-08
-9.132970021693814261e-09
3.868196603414156642e-09
-1.265264295490324581e-09
9.936571289076392421e-01
6.332797186817635399e-03
1.005790591591059287e-05
1.597421620006008382e-08
2.537064725747444518e-11
4.029429749250534540e-14
6.399275545716180821e-17
1.043293919381546070e-19
-1.630285972841138260e-21
1.104074624183183339e-21
-6.576687327194386788e-22
3.801184372237142094e-22
-1.935809336242352107e-22
8.713157970552526623e-23
-3.650375706348678103e-23
1.590899998922684696e-23
-3.981141001378878750e-24
8.058118711826661435e-25
-2.296672887333226077e-24
1.157583815432631225e+00
-1.750509918933703627e-04
-3.798864396160657324e-09
-4.501587083744966424e-10
4.555362731110117468e-12
-1.965173768067790263e-14
5.618730302803896078e-17
-1.138143074907942723e-19
5.866057639600133645e-22
2.130803885955394889e-23
1.110216347863221653e+00
-5.121403648280743737e-02
1.062339096997597489e-03
4.157868432541447432e-03
-1.298322249650279590e-03
-1.393552169764917289e-04
2.258977771213621026e-04
-4.941625655566602359e-05
-2.378878785172491966e-05
1.929523139980522553e-05
-3.556173080763260233e-06
-2.330998500807351425e-06
1.829406593067821819e-06
-4.045416363267694293e-07
-1.758060596452049624e-07
1.707945087171809473e-07
-5.001356463658670528e-08
-1.524548925463797835e-08
1.479900796823869467e-08
1.044862729573068805e+00
-1.515073392205573341e-02
2.487092783000903473e-03
-3.880789550145141730e-04
5.589076190883604582e-05
-7.081675932597725570e-06
6.982777647572079274e-07
-2.388971443193494781e-08
-1.216511168669146725e-08
4.610588701279992823e-09
-1.143110996906082607e-09
2.377155719478059734e-10
-4.405756718221748975e-11
7.390949443427533259e-12
-1.111086233874289169e-12
1.428102300946003218e-13
-1.315826131963101812e-14
-2.447452487552992231e-16
4.540245476800938872e-16
1.014250269492146916e+00
-1.088566868757209587e-02
4.157447019508576057e-03
-1.587580571607173814e-03
6.060702857763600442e-04
-2.312529810323459771e-04
8.815930545342632685e-05
-3.356037365067817151e-05
1.274768424436752925e-05
-4.826676081021727921e-06
1.819462503452448514e-06
-6.818531686567271285e-07
2.536235707143143694e-07
-9.347079664736372828e-08
3.406924244816237615e-08
-1.226889424018010625e-08
4.399863592591387505e-09
-1.706743903844580437e-09
5.236031835475283884e-10
1.003186563638182927e+00
-3.186563638182976846e-03
-1.422149952167074971e-19
1.255059391509350901e-19
-1.052780013075930753e-19
8.386974345398665118e-20
-6.338455147540611605e-20
4.537856146094321074e-20
-3.071987677060270244e-20
1.961970137618427527e-20
-1.178714564862942740e-20
6.636932655772799317e-21
-3.485804699513279181e-21
1.696976436285560070e-21
-7.591100914658991138e-22
3.080986961615689135e-22
-1.114858670581529720e-22
3.641953360444229038e-23
-8.744400422483612657e-24
6.878446115288220364e-01
