9.060400700182436040e-01
-2.822942617205732863e-03
-1.289041208081022561e-06
8.192802704100502328e-09
1.585073066255222893e-11
-1.357135088037119969e-13
3.704845532234406958e-16
-7.646501267592855312e-18
-1.217950063305222264e-20
2.558408855459931844e-18
4.052685294366930036e-01
-4.638844611751634650e-01
9.692995216237088041e-02
3.238569623281863097e-02
-2.960398287055605870e-02
6.188722003547276855e-03
3.105734927662000787e-03
-2.480691588555438039e-03
3.479133877111747846e-04
4.118458355853746398e-04
-2.626016519827448670e-04
2.183189487858426425e-05
5.202171102876753647e-05
-2.904200393789153450e-05
8.961728917669565854e-07
6.723236420915658537e-06
-3.374508342186748769e-06
-5.034168061264044191e-07
8.788196591456138685e-07
1.727988923866546900e-02
-2.083554526110755964e-02
7.656047689610139852e-03
-2.094698302202587913e-03
4.743280690208314656e-04
-9.474095929963209878e-05
1.733451062842905334e-05
-2.957306835130945321e-06
4.701795536868456351e-07
-6.811786718505700101e-08
8.403311812195640927e-09
-6.767162059076588403e-10
-4.896258643118272356e-11
4.186160850215600681e-11
-1.358414618278131048e-11
3.484525406373562396e-12
-7.928935806192518764e-13
1.721968164781612912e-13
-3.243771273482318885e-14
2.940677377284677940e-04
-5.597779262503390328e-04
4.831167295556873607e-04
-3.791540017019475925e-04
2.717622403599614174e-04
-1.788786977737136913e-04
1.088027722267621020e-04
-6.156974964043972264e-05
3.264281629570149466e-05
-1.633065705700609499e-05
7.764476883140292423e-06
-3.533153487839370528e-06
1.549175563156864471e-06
-6.587734915442907987e-07
2.734009057306378093e-07
-1.116128608773726781e-07
4.573233939419324618e-08
-2.073834287543415055e-08
7.056443744306089475e-09
-3.656637892498635431e-10
7.024721769633520877e-10
-6.222810759640116685e-10
5.076756697039340609e-10
-3.805183463446688517e-10
2.610652504222211033e-10
-1.630718144756160946e-10
9.202775688450137401e-11
-4.639435973122422682e-11
2.053468652253938893e-11
-7.752022947077477603e-12
2.360020172385312755e-12
-5.011048121854441820e-13
2.853285902545235309e-14
2.905162291067404653e-14
-1.246781248307987755e-14
1.392290385598442030e-15
7.923403187845762809e-16
-3.484444432849207291e-16
4.131877324539716123e-01
2.084207785616760695e-03
-2.737837811404911300e-06
2.238867612285513729e-09
-7.224011116316181871e-12
3.677543831948384809e-14
-1.011611879850000013e-16
-2.188451394153199961e-18
2.737356520173425358e-18
-1.346085038452977553e-18
6.709645169133127141e-01
2.296148716904166109e-01
-4.860026563311593828e-02
-7.010229184781884004e-03
1.160164228964780629e-02
-4.673504231070200500e-03
2.146960962926668256e-04
7.292144694873825116e-04
-3.431989808183228980e-04
-4.692890318458757517e-06
7.356698116405910467e-05
-2.869678217553252165e-05
-5.209381700884642637e-06
9.103561155521581905e-06
-2.642868224108064533e-06
-1.147194738912961518e-06
1.152358934098571846e-06
-6.793052539304231804e-08
-2.016345852565640252e-07
8.938616114076156638e-01
3.455518555808353293e-02
-5.649060636868818985e-03
9.312748001510312091e-04
-1.554402375660109332e-04
2.630812958216148143e-05
-4.502429621400705095e-06
7.736073300793901807e-07
-1.320607657365484330e-07
2.210809715345890093e-08
-3.568961615028517368e-09
5.414243529732030206e-10
-7.335128562116246241e-11
7.663758180113255537e-12
-1.560458384208433142e-13
-2.314283977753567515e-13
9.475892905338138627e-14
-2.895285467803346703e-14
6.803251053335236921e-15
9.652831138017587964e-01
2.605970571088220972e-02
-9.780691683149492915e-03
3.670907192256830411e-03
-1.377796630111646379e-03
5.171451211603125733e-04
-1.941194599390788232e-04
7.287492093925113578e-05
-2.736377743413777981e-05
1.027821392006246932e-05
-3.862604318972164990e-06
1.452669990617356642e-06
-5.469019694920327066e-07
2.061957141450485395e-07
-7.790872207827813664e-08
2.957797754152692149e-08
-1.145765136840602061e-08
4.970350753727944343e-09
-1.652772791283800328e-09
9.921000199667689978e-01
7.884345971859024749e-03
1.560312156281802866e-05
3.087857932347871567e-08
6.110871175712504040e-11
1.209343028368331309e-13
2.392059725299961709e-16
5.665579838889548979e-19
-6.631283311056438344e-20
4.648170019292321610e-20
-3.065882863490823089e-20
1.907307768614468775e-20
-1.137684228860773573e-20
6.424381098013423425e-21
-3.420585025632615057e-21
1.693174289949582821e-21
-8.181759154120439189e-22
3.786931462048884538e-22
-1.284679086212937453e-22
1.189368132286120483e+00
-2.274418860794742724e-04
1.029919696015269843e-06
-5.507432772195919277e-09
1.581052184057316926e-11
-3.424197653060120367e-14
1.105399551251689797e-16
-7.747499790929905083e-19
8.376915564914450066e-20
1.432222649619007542e-20
1.136708431795418806e+00
-5.995937409959244818e-02
-2.358169027384698913e-03
5.722004388929549309e-03
-4.037829194982611052e-04
-1.018335517993308606e-03
3.012426347779569372e-04
2.112163717713990308e-04
-1.846489005726914914e-04
2.589532999826011433e-05
3.914444641287695713e-05
-2.624967921245935950e-05
2.557145655451511084e-06
5.482706954634878788e-06
-3.221595157115318351e-06
1.163476303218479016e-07
7.062124077860674515e-07
-2.451814431591152674e-07
-3.429693698675351223e-08
1.056101376089966237e+00
-1.912696976819024813e-02
3.215674877469175408e-03
-5.248203254466022368e-04
8.111443557685858133e-05
-1.139263709692966936e-05
1.326598715709844769e-06
-8.665012771723563918e-08
-1.417109912350834410e-08
7.979681362617311286e-09
-2.354830820198997070e-09
5.654900771430904484e-10
-1.207156450905663356e-10
2.357228575122371223e-11
-4.234405167189234348e-12
6.913490334212478548e-13
-9.830352850220162916e-14
1.032146744673163225e-14
-2.571357364027388559e-16
1.017770920146054081e+00
-1.357568821314217820e-02
5.185361548575980091e-03
-1.980554530411938585e-03
7.564411552909885679e-04
-2.888853297675672669e-04
1.103075084148965538e-04
-4.210748212411041200e-05
1.606577362895878966e-05
-6.124947261450084324e-06
2.332254339663159624e-06
-8.864813770958918587e-07
3.360892790811834153e-07
-1.269774429848978575e-07
4.776036633032712941e-08
-1.788934297397159312e-08
6.748461332444425013e-09
-2.801808396883157987e-09
9.022431823900109726e-10
1.003973712616987868e+00
-3.973712616987836593e-03
-2.523548487975958779e-19
2.272763610810937522e-19
-1.962041055946317194e-19
1.622803422161789780e-19
-1.285145810928375710e-19
9.736771177133890678e-20
-7.050411636419983764e-20
4.873189793695847626e-20
-3.210383115873838133e-20
2.012088023125607261e-20
-1.197041703661856720e-20
6.741629851855417565e-21
-3.583415923456656480e-21
1.794619237317616362e-21
-8.550604236494086187e-22
4.154911996110902704e-22
-1.403486246749407909e-22
4.899999999999999911e-01
