9.307672279932832637e-01
-1.500932885733076525e-04
-2.148206087698696445e-07
-1.302623789504469259e-10
-1.247085564492046947e-14
3.688433495774383064e-17
3.576427779425555258e-20
-1.578159883978335603e-20
-2.424057599212434518e-20
2.190253035017935826e-20
6.826130201714821766e-01
-3.533674301849529242e-01
-1.089140391092691257e-01
1.121215581372001467e-02
1.948492402152486591e-02
3.228120337667522537e-03
-2.734308899976994802e-03
-1.266684442019952016e-03
2.074472308075603821e-04
2.965624740902290403e-04
3.165692389959425001e-05
-5.107418285956384808e-05
-1.883505430254260075e-05
5.682927342734149416e-06
5.203460685024530741e-06
8.326090161845808072e-08
-1.025558209335954543e-06
-1.642274259871224677e-07
1.283436499899543765e-07
8.372621265917422340e-02
-1.085468350380063424e-01
4.320030156681002598e-02
-1.232463725020849048e-02
2.622974205670302976e-03
-3.636682375758539974e-04
-8.214911956827843065e-06
2.794204774422127027e-05
-1.229100263088843353e-05
3.755499483292930472e-06
-8.791210744922296705e-07
1.399739623116064817e-07
-7.664339831534084917e-10
-1.037447548014677044e-08
5.111735477504616222e-09
-1.687659882936952146e-09
4.233053409695268491e-10
-7.156268991986473093e-11
3.858351122864268789e-12
9.501197355594315349e-04
-1.820895290313455676e-03
1.603181101944175504e-03
-1.299330726597989908e-03
9.722108296728689718e-04
-6.741605746530356970e-04
4.351652448389605734e-04
-2.627697995554900039e-04
1.492070922420910234e-04
-8.010317972273513633e-05
4.088234716506248455e-05
-1.994497355024552735e-05
9.351603964522781900e-06
-4.236357468631779096e-06
1.864228856178672221e-06
-8.029738679001829361e-07
3.456455390465450880e-07
-1.640935566578334123e-07
5.723109016883182498e-08
-2.477628508016289819e-09
4.782038361862352373e-09
-4.296533818918962111e-09
3.590597173681433073e-09
-2.786352470685177732e-09
2.002834147348347931e-09
-1.328823159908990882e-09
8.098255224160731631e-10
-4.502865279539446150e-10
2.262593048110456935e-10
-1.012974357009910574e-10
3.950972622474071821e-11
-1.289685117885754486e-11
3.224007527295669242e-12
-4.483181926566228511e-13
-6.778239254738755389e-14
6.093465483639947490e-14
-1.364404207496233619e-14
-6.615356324362418900e-16
5.122792920201779676e-01
3.244869201120476119e-04
3.788849563287620148e-08
-1.679155991259473070e-12
-8.660839841702675569e-15
-7.547207158865019018e-18
1.520715024992486589e-20
1.039207722272069483e-20
-2.111016405205191391e-20
1.531326889217127283e-20
6.529589788652108151e-01
1.713441021614796611e-01
1.975831872371716647e-02
-1.514986891469756285e-02
-3.644349604586937224e-03
1.022423796327783180e-03
9.080985627956307147e-04
6.335719151441959469e-05
-1.569974806715830498e-04
-5.681544465883951115e-05
1.624907748918533247e-05
1.637098898644654741e-05
1.113087607527599272e-06
-3.179993001313360225e-06
-1.111512590853766227e-06
3.963204321300182041e-07
3.527876223647847187e-07
-1.866946822818578925e-08
-6.824258104135629081e-08
8.803610923957323475e-01
4.183000701918033332e-02
-8.535710050317495134e-03
2.130039582784892631e-03
-5.906946368032327645e-04
1.572507489810681387e-04
-3.548116669040108040e-05
5.504112895410456321e-06
9.617465030588400565e-08
-4.995363307047505893e-07
2.441867941854884979e-07
-8.195780996019687367e-08
2.113540300275291969e-08
-3.862101481095157878e-09
1.900800921316666090e-10
2.265084949890531099e-10
-1.308195782547487478e-10
5.002617882962678399e-11
-1.296803052071369499e-11
9.614778862914412638e-01
2.886104434529579432e-02
-1.081212785497738180e-02
4.051121827776401653e-03
-1.518379694189527515e-03
5.694788660831745768e-04
-2.138717301451644891e-04
8.052354981304054248e-05
-3.045527960482712063e-05
1.160836924079235180e-05
-4.480389063924803432e-06
1.762228482938141105e-06
-7.116236251661656658e-07
2.972000024546457236e-07
-1.291287949231247077e-07
5.874228757249603606e-08
-2.857046171196159447e-08
1.616598524867090942e-08
-6.256416234875014323e-09
9.912175198072018523e-01
8.763154035925079313e-03
1.928362898454850848e-05
4.243430452442656486e-08
9.337816698641805626e-11
2.054938984023402999e-13
4.424559055209989870e-16
8.610840673521605591e-18
-5.739275608211874861e-18
4.158843143957445082e-18
-2.891515327810546712e-18
1.927407275950355406e-18
-1.230294218894524859e-18
7.510062688049888650e-19
-4.382091037251619838e-19
2.452497241457938558e-19
-1.342089518341668447e-19
7.698637759271718787e-20
-2.880280415803580621e-20
9.877438085892771280e-01
1.329550597084331340e-04
1.344028784300817962e-08
-2.907020506740131934e-12
-5.967878467167919669e-15
-4.811608321903975956e-18
2.098109657621481277e-20
-2.121266844166537422e-20
-5.509628254537155854e-21
9.297503473905466417e-21
1.035291595856007385e+00
5.364276403542816291e-02
-6.945415366518402790e-04
-8.592705665725862418e-03
-1.182160924115422665e-03
9.423412980863256653e-04
4.952915972399244251e-04
-3.753740008139728866e-05
-1.097946474741209893e-04
-2.376958347472851293e-05
1.620780090511642665e-05
9.573804233405523094e-06
-7.987272453983279551e-07
-2.277039597603040376e-06
-4.519416719499453152e-07
3.781194528096817831e-07
2.071998568645964496e-07
-3.816922837043863869e-08
-4.819139745423832093e-08
1.060616848206256568e+00
-1.824727598396824399e-02
1.672810319142779964e-03
3.513014592983357363e-04
-2.821522920103063212e-04
1.099775230772913006e-04
-3.178055850217028993e-05
6.919661989772096021e-06
-8.826154311571341351e-07
-1.151708096171434422e-07
1.268642589529455233e-07
-5.330019499554158264e-08
1.612308800484665282e-08
-3.671154344904185916e-09
5.098468401181850203e-10
4.712871707319930523e-11
-6.607726198261916691e-11
3.149107736008358615e-11
-9.168394930200307492e-12
1.019768306705952865e+00
-1.510073631732174702e-02
5.767173316849106418e-03
-2.202166679142769992e-03
8.405657990234444545e-04
-3.205936325592937211e-04
1.220885988549627848e-04
-4.636030751781371390e-05
1.751242438986358788e-05
-6.554433586872240595e-06
2.414204398596546006e-06
-8.649579846428478502e-07
2.950187865834438587e-07
-9.148052145456633894e-08
2.252310118610464461e-08
-1.366293413563795106e-09
-3.882124909493860161e-09
4.594284622864994526e-09
-2.211613410834231157e-09
1.004420503958487476e+00
-4.420503958487405002e-03
-9.597796754929971903e-18
8.753437905144595946e-18
-7.692187783632709517e-18
6.510938503326235320e-18
-5.306071262122191722e-18
4.161046955166211170e-18
-3.137924471665034237e-18
2.273749177138549523e-18
-1.581556172554444510e-18
1.054814606291413627e-18
-6.736869919248067738e-19
4.115103672597724643e-19
-2.402996801264616450e-19
1.346292288757941224e-19
-7.377490846939950533e-20
4.237328364605541511e-20
-1.584980433521708441e-20
1.100551378446115169e-01
