9.018004775199046641e-01
-2.905302410109852993e-03
-1.098674508076753915e-06
8.829383371220481300e-09
1.326185529713795136e-11
-1.388961240413260979e-13
4.019004467174756211e-16
-5.555701353881908079e-19
-1.396605877073898341e-19
1.387640337464282095e-19
4.017757614515683473e-01
-4.606821871308094396e-01
9.807404481855266920e-02
3.081884486527597736e-02
-2.930741805246665083e-02
6.577732351927757966e-03
2.804305833465547005e-03
-2.438909551094651205e-03
4.128001331675145097e-04
3.677435764838847911e-04
-2.588982719389483294e-04
3.228504338002645906e-05
4.581291729856266410e-05
-2.883743550051643922e-05
2.490671019477398508e-06
5.858595968878368821e-06
-3.339030614982157585e-06
-2.859927966398937530e-07
7.691305770632294554e-07
1.724850010790484472e-02
-2.072509963173761738e-02
7.581471683079246161e-03
-2.064937670945814294e-03
4.656132325922255656e-04
-9.264912903542274134e-05
1.689665209802139947e-05
-2.874875960217451815e-06
4.561690765820954122e-07
-6.603553057959399272e-08
8.164473105208049687e-09
-6.689226525554989384e-10
-4.215104413486352019e-11
3.886406590073683705e-11
-1.268886698851536997e-11
3.257004942837692670e-12
-7.405217181265303258e-13
1.606125085886498877e-13
-3.022148580046326360e-14
2.982475518891436169e-04
-5.675695938334309690e-04
4.894229940112488448e-04
-3.835764609035472090e-04
2.744313425065393543e-04
-1.802393347945817402e-04
1.093581247885099482e-04
-6.171741696827837847e-05
3.262877446721910865e-05
-1.627667744723665209e-05
7.716674473272636399e-06
-3.501637681958246956e-06
1.531296032337972565e-06
-6.495647246970161445e-07
2.689697664065625837e-07
-1.095778093295124649e-07
4.481271734259259172e-08
-2.028410971965648984e-08
6.894837951654455847e-09
-3.596921988523735514e-10
6.908667892938514042e-10
-6.116421832319811425e-10
4.984984399827440448e-10
-3.730998266720093613e-10
2.554763968230877163e-10
-1.591746489904005366e-10
8.953353601071766197e-11
-4.494469331737536204e-11
1.978028774591971013e-11
-7.407654694723098351e-12
2.226674633978980609e-12
-4.600990822252534175e-13
2.020849168923593618e-14
2.910782603077349728e-14
-1.172944975032532679e-14
1.117341252749803159e-15
7.999853726602089268e-16
-3.238438062202387507e-16
4.173778293387002680e-01
2.104767983760315406e-03
-2.856992395005850848e-06
2.377557171749789966e-09
-7.125882878068934149e-12
3.807679828761883370e-14
-1.114538199292266232e-16
1.664012919969754148e-19
3.027798394612022733e-20
8.486071518347192023e-21
6.739646747668934790e-01
2.278905943668479150e-01
-4.865636756222471021e-02
-6.596941789942139742e-03
1.142033687903567900e-02
-4.714326727342425458e-03
2.977144794740301166e-04
6.954170868727575089e-04
-3.495581268951615094e-04
8.327212119457310649e-06
6.878990540672802023e-05
-2.999418012357511748e-05
-3.230706032916269534e-06
8.504292902927656003e-06
-2.911357889277570801e-06
-8.381407332517045472e-07
1.067976399629241532e-06
-1.252612175493112611e-07
-1.566942485261860119e-07
8.949301665354411073e-01
3.422452343631479654e-02
-5.596872945645406730e-03
9.225957526444234684e-04
-1.538608910783984267e-04
2.599028181018647418e-05
-4.433930064627201448e-06
7.585693290137759820e-07
-1.288285450093490589e-07
2.144434369963362386e-08
-3.440915191977208186e-09
5.186739735935114631e-10
-6.976964044264094832e-11
7.215414805081747533e-12
-1.324707330015691168e-13
-2.211374448658524276e-13
8.950287746490094025e-14
-2.716146947454980582e-14
6.354221817777310055e-15
9.656441874944174941e-01
2.579344395793614977e-02
-9.682550643533845841e-03
3.634745609834898281e-03
-1.364476875772930621e-03
5.122405798526870942e-04
-1.923140926057777169e-04
7.221051856176828848e-05
-2.711928196454056533e-05
1.018821546563296380e-05
-3.829445669641842275e-06
1.440429097144309210e-06
-5.423667755852112050e-07
2.045053036978739702e-07
-7.727258897064192854e-08
2.933468652188944426e-08
-1.136107447930560094e-08
4.926511725618479957e-09
-1.637712162063256278e-09
9.921836117812339317e-01
7.801083795640304831e-03
1.527445719263395056e-05
2.990726015039122378e-08
5.855816646729609685e-11
1.146565493564078086e-13
2.243808673254134471e-16
5.270550431089175990e-19
-6.233955883602362043e-20
4.349737719344559713e-20
-2.861875691674236475e-20
1.784862146220671925e-20
-1.053272662398188483e-20
5.924669769303181623e-21
-3.134626557090070060e-21
1.561391117699563142e-21
-7.558349964179321351e-22
3.549344638073666629e-22
-1.102844508640430673e-22
1.189209562828554834e+00
-2.302643694088922185e-04
1.013504944686144390e-06
-5.601824761978011051e-09
1.671965439504734884e-11
-3.661084676253097530e-14
1.133438103947008229e-16
-5.409222378377927178e-19
2.106610522322128465e-20
1.832373243650930746e-21
1.135918670582756862e+00
-6.033870974837553247e-02
-1.963835702660966017e-03
5.727259050102914174e-03
-5.344216759451150779e-04
-9.663107420587246444e-04
3.211954943067169541e-04
1.853144917585817803e-04
-1.789503285059470942e-04
3.141369486748116018e-05
3.464615655176732465e-05
-2.572602010270130359e-05
3.667311989848836065e-06
4.769272560759284363e-06
-3.196505210656858661e-06
3.196275618852755890e-07
5.960643945011527702e-07
-2.655631862758351875e-07
-9.555996141701160886e-10
1.055502308084749874e+00
-1.892143382274381891e-02
3.180690195680521606e-03
-5.190615160530523105e-04
8.025355344743662132e-05
-1.129425806140133165e-05
1.325289716126788980e-06
-9.063721745326205978e-08
-1.247886030466780393e-08
7.471598236525559508e-09
-2.224884029364333450e-09
5.355967978353688442e-10
-1.144033693463323025e-10
2.234352345842915509e-11
-4.015993281858094690e-12
6.570275379301177330e-13
-9.399395289905382476e-14
1.011273687707001923e-14
-3.391379805846085401e-16
1.017581525661354513e+00
-1.343100002399634160e-02
5.130092469218239942e-03
-1.959441017515919838e-03
7.483744545316053888e-04
-2.858025915154451175e-04
1.091289294973517298e-04
-4.165659044740541454e-05
1.589310178569633853e-05
-6.058729853836712578e-06
2.306816520749019676e-06
-8.766901468160264038e-07
3.323135391607100648e-07
-1.255195554131465954e-07
4.719731270017246496e-08
-1.767187211252068712e-08
6.663518874694802836e-09
-2.765136730927677617e-09
8.901469820085953885e-10
1.003931363448692826e+00
-3.931363448692858260e-03
-2.459243431470253134e-19
2.213676086226146947e-19
-1.909617828518533854e-19
1.577926802854527756e-19
-1.248113047023598580e-19
9.442554957133097045e-20
-6.825716530559025091e-20
4.708507679999242255e-20
-3.094763555135454217e-20
1.934494943328575481e-20
-1.147387014291721504e-20
6.439418945795939889e-21
-3.408879968245956935e-21
1.698909443588463927e-21
-8.044693642966547486e-22
3.878351785065630895e-22
-1.303156170295068181e-22
4.977493734335839415e-01
