3.657603356492809543e-01
-6.682905332160641709e-04
5.413270072606687113e-07
-4.198790333223043140e-10
3.092272499601978541e-13
-2.104309266047379109e-16
-1.390748887253585660e-19
-5.099568222124754721e-20
2.240260583132060733e-20
2.504369141453852173e-20
2.286150928706145169e-01
-1.445120757389361521e-01
4.532310082490140050e-03
9.535574229286514908e-03
-3.072578307348813789e-03
1.904529421323415141e-04
1.689386938416901989e-04
-6.191598634499968713e-05
5.163229810713446849e-06
3.059427997658226451e-06
-1.218521963462474280e-06
1.099694965529403778e-07
5.889775425540795230e-08
-2.367599253395304336e-08
1.929217770548623690e-09
1.236271690727206109e-09
-4.619204887011631780e-10
1.471375304889390132e-11
2.963031218088997392e-11
4.812301851534974556e-02
-3.760025153349934313e-02
8.226602210730153339e-03
-1.287662045648924492e-03
1.537264822152012802e-04
-1.228288636030989487e-05
-1.556729950831866049e-07
3.292071539015080881e-07
-8.816039047465410445e-08
1.682333556493115079e-08
-2.599311309807900575e-09
3.232324187063271127e-10
-2.769660001104937254e-11
-1.054671615610741799e-13
7.121492164215717001e-13
-1.991287156578039883e-13
3.880337535206366239e-14
-6.133466633314271757e-15
7.572455390832345118e-16
2.881131984176660190e-03
-5.261579730830217259e-03
4.030669304981682015e-03
-2.629560967175441702e-03
1.488891031170707074e-03
-7.464164869371520215e-04
3.378851587920627319e-04
-1.407334294210613548e-04
5.489313125643641546e-05
-2.037148028212309162e-05
7.289086725163896040e-06
-2.539085626526779236e-06
8.656406750596319412e-07
-2.889700325359297992e-07
9.400505605014375988e-08
-2.946510729950852792e-08
8.713755690020998329e-09
-2.432336149521497845e-09
5.322179007610919847e-10
3.065689719346326954e-08
-5.743270400304919332e-08
4.711635714815563906e-08
-3.365598048431141704e-08
2.070054519296982687e-08
-1.074980686809709296e-08
4.546885616723263519e-09
-1.451445266278704065e-09
2.765054504721608528e-10
1.411740102173503431e-11
-2.812434742226385490e-11
6.145039123739956072e-12
1.495149489166531496e-12
-9.645044389326440213e-13
-2.504716385550626709e-14
1.231115903264525757e-13
-8.621338613529378717e-15
-1.387826303522408961e-14
1.717353979271812816e-15
7.573897346303084532e-01
2.793632834007324893e-04
-2.207114369427173262e-07
1.824652586635002395e-10
-1.493889439161998446e-13
1.183121412895086712e-16
-1.911954279693581038e-20
-9.851485777115240822e-20
1.891016788729808017e-20
1.214174583867798163e-20
8.179869803185999544e-01
6.525258647222068054e-02
-1.281811113993353382e-04
-3.899074543738602957e-03
1.168956321363010930e-03
-8.059279794664271103e-05
-6.025802804114422018e-05
2.437251963600459820e-05
-2.872552072025414829e-06
-9.831585308913794483e-07
5.130451814140229224e-07
-7.666219807358182369e-08
-1.682261837407436490e-08
1.073727159376158846e-08
-1.785308636325049177e-09
-3.167851569130707766e-10
2.244288412275082118e-10
-3.197907068971499678e-11
-7.595250188824760529e-12
9.115700441571864543e-01
2.702891189943693387e-02
-3.773211033870200754e-03
4.596259099533980775e-04
-4.490482072571989799e-05
2.467300857569095295e-06
2.764276952372477321e-07
-1.272709716512938795e-07
2.886140556473998353e-08
-5.166268192575568480e-09
7.887758056696767037e-10
-1.023726645918541301e-10
1.035537248379198191e-11
-4.801331673819425310e-13
-1.181929759155342457e-13
4.652324066830263531e-14
-1.059706981066386676e-14
1.951902520391594069e-15
-2.892335556769137716e-16
9.705973747048595168e-01
2.210772375970410097e-02
-8.300958039313797651e-03
3.109449502652511434e-03
-1.160011502156478363e-03
4.299586254703574519e-04
-1.578588492071617900e-04
5.721057073394198909e-05
-2.038974351692461744e-05
7.118179514641072547e-06
-2.424111775411462188e-06
8.015531570209973029e-07
-2.557888045915685966e-07
7.805424819641140765e-08
-2.239997871391370753e-08
5.826376910529727687e-09
-1.222483006458118774e-09
7.598552190454603340e-11
6.111723283950186483e-11
9.933227532147682615e-01
6.666081733750393694e-03
1.114638235522234802e-05
1.863790806091136180e-08
3.116699554747498578e-11
5.031801257542070197e-14
1.291754802268152064e-15
-7.460142694060179988e-16
4.233990364192206858e-16
-2.182503535753319289e-16
1.009626186876397956e-16
-4.113661284114005850e-17
1.430021843330954327e-17
-3.978429756434152219e-18
7.387391144266987539e-19
-6.010551458358785737e-21
-5.535685931355518468e-20
1.910400478506524639e-20
-1.965984782585060841e-21
1.109895675409800164e+00
-7.873051956547683723e-05
2.746310869789854341e-08
-2.244537557835806410e-13
-1.375550380928686785e-14
1.907529545798662442e-17
-2.925769541364851142e-20
3.091055172503393544e-20
-1.828212525809752427e-21
-1.149635239398005797e-20
1.087551612001607104e+00
-2.552722299550252288e-02
-1.600726897003894788e-03
1.505101581599976954e-03
-2.136145167145697503e-04
-3.923563305690316297e-05
1.885966850868536966e-05
-8.192226566949521512e-07
-1.135764667115951865e-06
2.695603513753581399e-07
3.806654131510902997e-08
-3.146533014140642992e-08
4.148036166521592798e-09
1.732301593696709195e-09
-8.074142786878584345e-10
5.946505237714602347e-11
5.373384301286103010e-11
-1.743989587494329499e-11
2.095438260465708027e-13
1.045693188775103755e+00
-1.396399011081978295e-02
1.839413620211520408e-03
-1.884450067926205863e-04
1.008074398246438876e-05
1.339733975707778150e-06
-5.487137208086358214e-07
1.114361357530469451e-07
-1.681320711027518587e-08
1.907517262965226851e-09
-1.202277587265191357e-10
-1.248848134714444417e-11
6.270141861533094974e-12
-1.415082198325491719e-12
2.363935118967012158e-13
-3.046766907871563830e-14
2.567361179190035641e-15
7.478067742156960542e-17
-8.063701719582879044e-17
1.014987500694778833e+00
-1.142819828897526091e-02
4.347500756431272456e-03
-1.647116950010559487e-03
6.197157939510768241e-04
-2.306451761628727803e-04
8.449513395955225551e-05
-3.028918558447443824e-05
1.055103945034137972e-05
-3.541337658017295883e-06
1.132141097723181094e-06
-3.384658635597108623e-07
9.127667411910140792e-08
-2.020468088917227903e-08
2.293602225408085736e-09
1.071854721229312100e-09
-1.126799130648355878e-09
7.819479157605927704e-10
-3.135456835460433142e-10
1.003355419967241424e+00
-3.355419967239483495e-03
-3.837430528179841927e-15
3.223272748984570661e-15
-2.519634403973345927e-15
1.828820250746387016e-15
-1.228586948976915907e-15
7.605551937540970030e-16
-4.312405192057769975e-16
2.220747065415193746e-16
-1.025982149455926150e-16
4.172764679997047226e-17
-1.446634594632088166e-17
4.005516884385693747e-18
-7.347578088719910636e-19
1.141168770824943029e-21
5.713597791729595344e-20
-1.930992360629184496e-20
1.895200287423201775e-21
8.579298245614035423e-01
