8.148234137001102440e-01
-3.529042606039858952e-03
2.657407442991777599e-06
8.370633377175772367e-09
-2.927508135184194429e-11
1.259896173607158905e-15
2.859120129156862880e-16
-1.079719507758349393e-18
-5.431757891959987356e-20
5.324640639569578915e-21
3.574375674835063577e-01
-4.038297042452297370e-01
9.515179897969333611e-02
1.647460615888638596e-02
-2.262612004831611456e-02
7.898668656930387874e-03
7.400312842829706616e-05
-1.355711821848497572e-03
5.875456833355651885e-04
-1.221273576578405776e-05
-1.085104438291289964e-04
5.375384860966075755e-05
-3.817620145203559175e-06
-9.172079941390607342e-06
5.284314513832618969e-06
-7.207767742389486001e-07
-6.810716030237596329e-07
4.356849901754833528e-07
-9.087285368141328855e-08
1.885451863139753215e-02
-2.133530694267512726e-02
7.243983429515510677e-03
-1.831411864553337144e-03
3.851262163400158466e-04
-7.189264644067118383e-05
1.235734620054104582e-05
-1.984478470930021690e-06
2.961915939133605658e-07
-3.986728097672679948e-08
4.426986373690525025e-09
-2.658663845769293856e-10
-4.941254786126734649e-11
2.575200622695041968e-11
-7.376611929291042553e-12
1.738295314649138516e-12
-3.674196861461152978e-13
7.406902349491248700e-14
-1.308089631104867766e-14
4.194583407456135772e-04
-7.941188857746938430e-04
6.744712625217453910e-04
-5.159454298939105841e-04
3.575138505582520893e-04
-2.259978312339172536e-04
1.313611841443255253e-04
-7.079664770424114368e-05
3.568271304183854729e-05
-1.696423812004432474e-05
7.672207996687419534e-06
-3.327966944592255277e-06
1.395342823268210888e-06
-5.695578985191973924e-07
2.278373681253498272e-07
-9.000503941814767454e-08
3.578932934592764624e-08
-1.577369471068770270e-08
5.282307922237014810e-09
-3.045332322181619965e-10
5.828956225906702796e-10
-5.106450305480965713e-10
4.087668091067402010e-10
-2.980465839123202638e-10
1.969755561987171607e-10
-1.171366035574252073e-10
6.200228732281068599e-11
-2.872577407302835505e-11
1.132791885270428950e-11
-3.604487664850842844e-12
8.091754111800312517e-13
-5.987079886711859199e-14
-4.227191098182785308e-14
1.937611014693826357e-14
-2.111116795240858228e-15
-1.270489377875294241e-15
4.750697363954410966e-16
1.562719928277969774e-17
4.960455214492729969e-01
2.022601338988683651e-03
-3.711558078152134251e-06
4.236149906119199758e-09
-2.205756561950339814e-12
1.072327607805667202e-14
-8.892031117458087079e-17
3.618963921442782443e-19
-7.979328634446970326e-21
9.674249457060211888e-21
7.178907475511260294e-01
1.943181275687526355e-01
-4.209744513624574108e-02
-3.756727540805504181e-03
8.612230350015813440e-03
-4.087958603411503966e-03
7.442458934902172925e-04
2.987146414167142299e-04
-2.711744500520758502e-04
7.746997943783697285e-05
1.194593586426543378e-05
-1.963982933482908547e-05
6.717346252428786399e-06
7.587431968015015677e-07
-1.706130070711679287e-06
6.540062926983087455e-07
2.951507631034719510e-08
-1.566631044476812761e-07
6.689112214111124779e-08
9.078442389578028626e-01
3.019084763090508841e-02
-4.952449061124719262e-03
8.139021153616923408e-04
-1.338903829983404336e-04
2.198297928154016728e-05
-3.584125604320243505e-06
5.761950618524928837e-07
-9.048031214637716032e-08
1.369135912674115469e-08
-1.951570787533360769e-09
2.501108898574037426e-10
-2.524934574927971836e-11
7.435795349545225978e-13
5.803303596836914630e-13
-2.346029365360287955e-13
6.515182075793221172e-14
-1.625000929293605833e-14
3.379436974754112152e-15
9.699862963446207464e-01
2.258357470916229001e-02
-8.496443584249510975e-03
3.196579340965244927e-03
-1.202656127450940724e-03
4.524930794894637775e-04
-1.702582601454614422e-04
6.406894967156053107e-05
-2.411321330503313602e-05
9.077446104603547464e-06
-3.418327787371080109e-06
1.287805082340768756e-06
-4.854219303656235466e-07
1.830949462518364233e-07
-6.913122112485806262e-08
2.618395978223596067e-08
-1.009438945335726488e-08
4.344250921237886674e-09
-1.436343988258317676e-09
9.931864620552663947e-01
6.801912346898646329e-03
1.160576166074743051e-05
1.980232864777329988e-08
3.378771945549171088e-11
5.765034678368241837e-14
9.832201149353062659e-17
2.001245279360007171e-19
-2.230633926194747670e-20
1.499834431411900671e-20
-9.456731725571548140e-21
5.619443130524899824e-21
-3.147855629980873334e-21
1.639483881786338000e-21
-7.958130999224415718e-22
3.684444480314094682e-22
-1.504683379030724622e-22
6.020370660240808055e-23
-1.996896264599140064e-23
1.174499601533813831e+00
-2.046268649022449186e-04
3.466779712296840247e-07
-3.145500206856889706e-09
1.540658061885558077e-11
-4.627060455346760662e-14
9.649375958629984931e-17
-1.662600005501749296e-19
-5.844354482006829385e-21
-4.158916428860257702e-22
1.121338987345144700e+00
-5.786827786924178540e-02
9.378751209076648630e-04
5.058537092296186422e-03
-1.414333135425461900e-03
-3.528247268110132925e-04
3.362926222312555323e-04
-2.999159191716402066e-05
-6.898756452738440191e-05
3.840984550760628190e-05
-1.396631684089506449e-06
-8.777283531453841406e-06
4.897163226273738710e-06
-4.855297420563011661e-07
-8.869812530401725604e-07
5.834710789585879432e-07
-1.098200950278548114e-07
-9.159128865720295270e-08
6.191456892630041149e-08
1.048298771358225911e+00
-1.641519016084410157e-02
2.738023643865814850e-03
-4.404809737406505414e-04
6.671890452523031778e-05
-9.172785546515247978e-06
1.059779023416892498e-06
-7.694086966248385897e-08
-6.461257261118303390e-09
4.524970914547250530e-09
-1.325887410171622710e-09
3.079459644142607654e-10
-6.302505212385246173e-11
1.174637377695816059e-11
-2.007357221782955712e-12
3.107107656370281306e-13
-4.165440836309400659e-14
4.048416104108469964e-15
-5.736417285590191644e-17
1.015313197486565011e+00
-1.169802310586127818e-02
4.468043004156962636e-03
-1.706467807489936385e-03
6.516742135912206467e-04
-2.488121039448861751e-04
9.496174812967832560e-05
-3.621997802692743690e-05
1.380069047038377814e-05
-5.250125813697237997e-06
1.992695593875700352e-06
-7.539100533253408414e-07
2.840084263251001072e-07
-1.063981086721221447e-07
3.958949830467669028e-08
-1.462895950884372062e-08
5.423708025443101081e-09
-2.201202870150768942e-09
6.977978615515073024e-10
1.003424174649238276e+00
-3.424174649238244644e-03
-1.997200646614116543e-19
1.780888601518551999e-19
-1.515912710117822196e-19
1.231002606565859662e-19
-9.528481298869162460e-20
7.022594176068579689e-20
-4.921410410669227330e-20
3.273895068107298323e-20
-2.063063270050848796e-20
1.228294102438054400e-20
-6.886791585572290005e-21
3.621184132755118580e-21
-1.776132278159847275e-21
8.074449085150307866e-22
-3.397237181543995759e-22
1.396616161123171392e-22
-4.171910016098867139e-23
6.078045112781955694e-01
