5.087019790722446810e-01
-1.571339344772010142e-03
2.025513070256447380e-06
-2.253371009345927400e-09
1.932236101408499584e-12
-6.151719583177153051e-16
-2.245872423684748685e-18
4.905861611338596093e-21
-2.156166977523537875e-21
1.360862194703462639e-20
2.707129170096483906e-01
-2.296783465943865454e-01
2.935519860115224158e-02
1.311301677692345430e-02
-8.174355298866431072e-03
1.799653334702118902e-03
1.598063265834255261e-04
-2.469033720700984495e-04
7.492552032222506272e-05
-1.548991644721664326e-06
-7.337562023080716146e-06
2.776329208186073305e-06
-1.860274281411072381e-07
-2.401719937778662908e-07
1.050974966418339125e-07
-9.528550590717689697e-09
-8.640906780927254393e-09
3.829136748200083599e-09
-4.255502769001216294e-10
3.492669800226038540e-02
-3.183344031031043464e-02
8.397247289306563126e-03
-1.643635997594827553e-03
2.663754240829681341e-04
-3.728889616752510271e-05
4.417005438739632398e-06
-3.779058080374544347e-07
-3.931098675995177679e-10
1.021368877025753794e-08
-3.153042269122701426e-09
7.016446913743442247e-10
-1.321701748001779004e-10
2.193234171918217300e-11
-3.202116801326180409e-12
3.937732758244852777e-13
-3.417216671243947728e-14
-6.155309770744435482e-16
1.045999696251993345e-15
1.510977023080990181e-03
-2.802114730288690278e-03
2.241944119957513595e-03
-1.562322473611518813e-03
9.605006581653084772e-04
-5.285361419568733628e-04
2.642294047534712387e-04
-1.218040767224012742e-04
5.252739132150174649e-05
-2.148415113343158842e-05
8.440101872885392422e-06
-3.220112733201503435e-06
1.203860107775476927e-06
-4.439143932029645624e-07
1.621279355026445546e-07
-5.883660612616390926e-08
2.146192897124018518e-08
-8.581872682628141202e-09
2.698867192587632612e-09
2.187380583132743133e-09
-4.132111778268915893e-09
3.477700241136628807e-09
-2.597955561897487043e-09
1.710295440032304642e-09
-9.804494225008616353e-10
4.798287205013242583e-10
-1.935311037820895495e-10
5.977343558629946900e-11
-1.133186221274450438e-11
-4.000201874445997533e-13
1.082577804610554444e-12
-2.756934479812162700e-13
-3.720503564258515160e-14
3.738642316509896892e-14
-2.858610077533597296e-15
-4.035835506062204899e-15
7.222895211984577374e-16
4.348721533568264601e-16
6.890131142895481453e-01
6.749085070607904876e-04
-9.397494799238823377e-07
1.265594728084873342e-09
-1.543963436057057720e-12
1.602566249387775318e-15
-1.225640501649536001e-18
4.593693575452955305e-20
-2.255020237322561975e-20
1.297957120206283990e-21
7.934621327305230176e-01
1.029033095213006815e-01
-9.921357539557952576e-03
-5.232632612752038427e-03
3.169471022501909284e-03
-7.854652458324586127e-04
-1.126744967828394228e-05
9.027205012895566619e-05
-3.570610943680844481e-05
4.426691491731060641e-06
2.198912984928445426e-06
-1.351679607680816437e-06
2.758055378968293156e-07
4.632385216489166981e-08
-4.833461755668358168e-08
1.270582984915218548e-08
7.518943878320433555e-10
-1.737199076695738322e-09
5.382419451174906394e-10
9.157330340058884577e-01
2.712755200563591457e-02
-4.232166883885867155e-03
6.290041309094805862e-04
-8.752762231367120698e-05
1.113824128345584886e-05
-1.232335827530393912e-06
1.001817322553470657e-07
1.252727195323576967e-10
-2.587214294766748722e-09
8.019016852157754925e-10
-1.830272634807355199e-10
3.617677192822218014e-11
-6.473200701277694278e-12
1.059739889657397121e-12
-1.572480521953978763e-13
2.036531201405248499e-14
-2.011804845262737212e-15
7.324410535890938554e-17
9.724541576585251645e-01
2.074946180532694084e-02
-7.813438053744060224e-03
2.941081926954116667e-03
-1.106259805984126507e-03
4.155924721846102066e-04
-1.558185942071815919e-04
5.824986701104781938e-05
-2.168672681720604882e-05
8.030862579807431133e-06
-2.954142001791871211e-06
1.078101285367695098e-06
-3.899070015678344789e-07
1.396114350911908342e-07
-4.945627015138138057e-08
1.733730015379157480e-08
-6.069993917727981495e-09
2.307147670655673399e-09
-7.003005113840807338e-10
9.937538506458298837e-01
6.236380498844442018e-03
9.753577027136583937e-06
1.525440354229774833e-08
2.385759522411605989e-11
3.730774061722772244e-14
6.195675939622762249e-17
-2.302166093726437312e-18
1.481827413303674356e-18
-8.502449363089327273e-19
4.495006373803581821e-19
-2.170478764473462332e-19
9.456930277928310798e-20
-3.650049165777171939e-20
1.207861416853083960e-20
-3.210460716267308547e-21
5.601818003790120394e-22
1.876822227854082281e-23
-4.244398971951913995e-23
1.128844447093084735e+00
-1.277285549140894452e-04
2.129141748137527837e-08
1.068503518726724318e-10
-2.117418851508493115e-13
1.744321586613565996e-16
2.119606125897629885e-19
1.345337465057641424e-21
1.207921376441834073e-20
-1.023609906929505751e-20
1.095631521016300791e+00
-3.659210655228387760e-02
-5.050573836436883773e-04
2.532539369793671263e-03
-5.995291900070303043e-04
-5.860140967447274808e-05
6.822124746522499790e-05
-1.099548656012309291e-05
-4.848377032240598585e-06
2.824402064252587642e-06
-2.972193779024787451e-07
-2.651000430927069706e-07
1.315025361481619384e-07
-1.228504310881217609e-08
-1.273879424807031887e-08
6.259398337887992584e-09
-6.566917123493404890e-10
-6.289411346080682718e-10
3.041821255203387225e-10
1.043703621608365051e+00
-1.426673395207502838e-02
2.165903001068271178e-03
-2.925372287402382794e-04
3.262017815903222104e-05
-2.338406791609431834e-06
-1.172606276524050292e-07
9.101146841597292768e-08
-2.354763188768351257e-08
4.607032795166678656e-09
-7.574823786043820161e-10
1.053799726490530697e-10
-1.150401156314771722e-11
6.263622107021041914e-13
1.274261191307018993e-13
-5.729025582383254755e-14
1.429154149025310132e-14
-2.921737533916370640e-15
4.854600207358825847e-16
1.014028659294615275e+00
-1.071243025457621449e-02
4.087914741776101264e-03
-1.558363933951238288e-03
5.929619650218294043e-04
-2.249191386224496118e-04
8.489903805134233839e-05
-3.181789159155273432e-05
1.180726405954996470e-05
-4.325031359367516614e-06
1.558490785761987362e-06
-5.503630748720954280e-07
1.896355826703533199e-07
-6.340064101163966979e-08
2.040038913857174363e-08
-6.229251890828231249e-09
1.754022197569856049e-09
-4.389379239305028720e-10
8.101866176555772911e-11
1.003137767991657991e+00
-3.137767991658032673e-03
-1.561436178967703543e-17
1.342688065786880270e-17
-1.085446377014571475e-17
8.237406504494656421e-18
-5.856678387745698223e-18
3.890736536299201444e-18
-2.406599510979283475e-18
1.379579816578462394e-18
-7.283645151634977134e-19
3.511298425482198824e-19
-1.526552327644660333e-19
5.871905181713963238e-20
-1.934170851081908336e-20
5.103884366738096083e-21
-8.800635112005889786e-22
-4.151942976880628056e-23
7.356406005836161244e-23
8.029022556390977838e-01
