9.403718278414224807e-01
-9.471236859046789931e-04
-1.522479181709261773e-06
-4.452393218085240395e-10
4.090572261903904187e-12
2.652444519957517611e-16
-3.962503451917973461e-18
-1.716865997689474293e-19
3.605979187270340525e-19
-3.241844961555349451e-19
5.006902931152614755e-01
-4.895835625487376386e-01
1.697290776294638204e-02
6.727107952328181817e-02
-1.369353791277666370e-02
-1.098529370128963761e-02
4.830521361151199171e-03
1.614708741772037312e-03
-1.478399925524540286e-03
-7.208179317004760275e-05
3.742269058778007959e-04
-6.383351930837428078e-05
-7.860956305974752803e-05
3.327957492578031409e-05
1.212956679979426728e-05
-1.081009857869816414e-05
-3.879871463602524750e-07
2.099673069792022839e-06
-3.762363770026967139e-07
2.556860595180715512e-02
-3.253426572208632100e-02
1.282585471398285833e-02
-3.765401492255686117e-03
9.078161327910037621e-04
-1.901027905779738173e-04
3.551763023273366840e-05
-5.901225767684286909e-06
8.253443639644148279e-07
-7.562882073898159034e-08
-5.484691788389935456e-09
5.509165358215266343e-09
-1.975846907586933046e-09
5.522311732458797869e-10
-1.347722830094266244e-10
2.969307295102176971e-11
-5.933793546418969462e-12
1.075237330545045870e-12
-1.588108565686615580e-13
3.331079212612473770e-04
-6.368611922781667635e-04
5.567438140944691973e-04
-4.460756051057481559e-04
3.286905662285399387e-04
-2.237233452177102115e-04
1.413820527721288800e-04
-8.341988108678120753e-05
4.622637281527854113e-05
-2.420394133419515454e-05
1.204769856481124851e-05
-5.735571005432898574e-06
2.627096291606752998e-06
-1.164406600400074662e-06
5.023269552667791588e-07
-2.125892618535176123e-07
9.012950418984639555e-08
-4.224998747181017322e-08
1.464406527247677076e-08
-6.834804466136600290e-10
1.316780588517289111e-09
-1.176600212673721697e-09
9.741416707618679859e-10
-7.458528864478925948e-10
5.265702061451793998e-10
-3.413713031885826157e-10
2.020385763476043120e-10
-1.082672925377662902e-10
5.190321249405628034e-11
-2.185113618910378320e-11
7.828904169439506412e-12
-2.242185631849953799e-12
4.312538421400248126e-13
-7.768187544568444338e-15
-3.131891374473907484e-14
1.157327118684043477e-14
-6.190009638262406696e-16
-8.161639335391874890e-16
4.009750907445449597e-01
1.096624925563536874e-03
-3.214693875287231860e-07
-2.497683423765744455e-11
-7.080661641749502040e-13
4.072676808108776511e-16
3.188108059661613386e-19
8.446615973805116443e-20
3.690397908756678649e-20
-2.358012208066950613e-20
6.307124209214785004e-01
2.308429958339489885e-01
-2.608993691776356760e-02
-1.997345904213813569e-02
1.036495635018130565e-02
3.718911136152540397e-04
-1.831058413210674652e-03
2.315541494377274369e-04
3.622623731828343747e-04
-1.169221586149683714e-04
-6.768728658961628705e-05
4.240473073304791953e-05
9.035332577391918366e-06
-1.284595859772352111e-05
3.332691581586828169e-07
3.280017985212200237e-06
-9.158179936374186863e-07
-5.495595657941912891e-07
3.334908192708985637e-07
8.737461332643805534e-01
4.082544985940096682e-02
-6.693327615874898606e-03
1.131359959046771653e-03
-2.008668604934330838e-04
3.776457950077249557e-05
-7.428219983010955151e-06
1.486042601689564754e-06
-2.923859250335863661e-07
5.465762953857597632e-08
-9.285390192005969797e-09
1.307455104460689575e-09
-1.033206651253672232e-10
-2.032161608459780952e-11
1.380461206911508095e-11
-4.892900102015731655e-12
1.407855357100447456e-12
-3.755970161481795487e-13
8.242466407764534190e-14
9.584685296795220077e-01
3.106632937891570800e-02
-1.161916295722693893e-02
4.345760467434583822e-03
-1.625435323479026061e-03
6.079951902886295348e-04
-2.274481666618336070e-04
8.510624693021960673e-05
-3.185757764651826827e-05
1.193321770365656224e-05
-4.474870910986278242e-06
1.680927453372448463e-06
-6.330419383465505057e-07
2.392938609080065547e-07
-9.094945326066510339e-08
3.489971406557241669e-08
-1.376399894531512416e-08
6.137119021982083750e-09
-2.080053007649826061e-09
9.905167678316579849e-01
9.460698228272066204e-03
2.248039519759529919e-05
5.341763959235565988e-08
1.269303397123068258e-10
3.016110743974190972e-13
7.160746471870977988e-16
2.173193118069972316e-18
-3.450399383194692252e-19
2.482778649969580838e-19
-1.689390779634574851e-19
1.099987908049572813e-19
-6.835568495174069959e-20
4.041296828324900554e-20
-2.277265410915451440e-20
1.221861475201466798e-20
-6.347909208038915328e-21
3.418744556220573080e-21
-1.223322621144438548e-21
1.135188001591084683e+00
3.587407730044821040e-05
2.503776151045592559e-07
-5.124365336798502574e-10
5.674234134426685823e-14
-4.031814576260934596e-16
2.056213904112785994e-18
-6.608666151121651210e-20
-2.714196400470516545e-20
3.058118602305159972e-20
1.126438760421554441e+00
-2.049123555072502462e-02
-1.445232727893716075e-02
4.973721333782655119e-04
3.692983048337887889e-03
-5.281855743096566065e-04
-9.159006951964202697e-04
3.130095709356583403e-04
1.820541762067158194e-04
-1.208744647981448324e-04
-2.252571406907660933e-05
3.643161054848028041e-05
-1.620268080674161794e-06
-9.352466659039299893e-06
2.440859114905931723e-06
1.996665157578960578e-06
-1.187869573935664087e-06
-2.732934244560258764e-07
3.374843672503080174e-07
1.067335841235356630e+00
-2.284752016318448639e-02
3.773809553592648650e-03
-5.832923049019744484e-04
7.700100029971694701e-05
-6.146355050773901319e-06
-8.404168186614949882e-07
5.979950897819117911e-07
-2.005381736989643992e-07
5.339003209206509025e-08
-1.237720424007830804e-08
2.557812414148553202e-09
-4.666269592619536544e-10
7.099962321129083701e-11
-7.093202007766819683e-12
-4.697341727776211039e-13
5.434819045210258238e-13
-2.197772830656565667e-13
5.912274146119712490e-14
1.021354558126513767e+00
-1.631332786668826182e-02
6.231030928718277011e-03
-2.379949788753103757e-03
9.089830248597669492e-04
-3.471392492968719892e-04
1.325484824719912517e-04
-5.059463843868454571e-05
1.930125947269379592e-05
-7.356096620577528015e-06
2.799170337891495502e-06
-1.062549631239343910e-06
4.018508897031590648e-07
-1.511571911205707853e-07
5.642377564109903533e-08
-2.085823869529889655e-08
7.686002861989647360e-09
-3.062202578122593192e-09
9.539385032909335730e-10
1.004775041319959872e+00
-4.775041319960023588e-03
-7.917111309462636879e-19
7.185487324614232959e-19
-6.271047528112241945e-19
5.260815542541576982e-19
-4.240105960702215822e-19
3.281212338576888334e-19
-2.436040303625703413e-19
1.733452925454977710e-19
-1.180910647343666643e-19
7.691318860724190016e-20
-4.781421348916318068e-20
2.832060390338796353e-20
-1.595936427156775137e-20
8.570481555670203131e-21
-4.457641141006410802e-21
2.411499872795873497e-21
-8.715047059811448095e-22
3.376691729323308966e-01
