9.295249184225329309e-01
-1.187589978160536770e-04
-1.618276751648918217e-07
-9.461435412061195769e-11
-1.518719342489342721e-14
1.708387274975391495e-17
5.499449773337967788e-20
-2.213607902455122171e-20
1.472773746729625048e-20
-7.552697693210477182e-21
7.101907631731488868e-01
-3.197002873590848449e-01
-1.114258609253404031e-01
-2.287090309410161966e-04
1.598368596157633686e-02
5.018096199118349948e-03
-1.245006822515288408e-03
-1.244078444860671762e-03
-1.463065282435614602e-04
1.844413130481931942e-04
8.159386256709528118e-05
-1.031433846639571861e-05
-1.846383794719519520e-05
-3.537661935784152728e-06
2.469214649982496487e-06
1.429049242874490478e-06
-1.171147827070893402e-08
-2.588510105456764945e-07
-8.400889504470122180e-08
1.002026563656810559e-01
-1.294668516906981592e-01
5.089502387218031165e-02
-1.405469690918256104e-02
2.730187786830321189e-03
-2.487575379515122244e-04
-7.899101534825218624e-05
5.429958468125298753e-05
-1.948205334845916551e-05
5.052381939607825683e-06
-8.819850960360898739e-07
1.846717388609463734e-08
6.373030245910509154e-08
-3.296851229204160003e-08
1.096248097060709841e-08
-2.650134824410116532e-09
3.774674658859940524e-10
6.020797416158604737e-11
-5.099421681155093844e-11
1.141492582216131453e-03
-2.187993093850947902e-03
1.927248737170980187e-03
-1.563090782081382130e-03
1.170657851744588565e-03
-8.126616483917339711e-04
5.251980446318884038e-04
-3.175303570044222309e-04
1.805225917402230012e-04
-9.702625424510358330e-05
4.956927053846244734e-05
-2.420262828814110073e-05
1.135422651681290229e-05
-5.144794487387586472e-06
2.263608342051999987e-06
-9.742855963250764057e-07
4.187213013782817787e-07
-1.982422656551878374e-07
6.900726537221393684e-08
-2.960673815639995853e-09
5.715367271264697450e-09
-5.137849166090670620e-09
4.297570337335185899e-09
-3.339313375109704788e-09
2.404467171057024821e-09
-1.598843900210729467e-09
9.771109205486901106e-10
-5.452035449924482671e-10
2.751601299268244174e-10
-1.238883894387108174e-10
4.868833128398037268e-11
-1.606937884815801506e-11
4.095541230125088730e-12
-6.039985844038585684e-13
-7.015682660461903734e-14
7.429364638441524309e-14
-1.794100349957720172e-14
-3.295479871951562581e-16
5.299938141936419989e-01
2.791683696827870352e-04
3.452652973141936306e-08
3.353027108505440466e-13
-4.796787606522198653e-15
-4.188011934469253628e-18
1.151857920835687812e-20
-4.215745761008124296e-21
1.308291879887020388e-21
-3.175968275791793031e-22
6.597110435734346856e-01
1.613592749730693443e-01
2.370282318346863051e-02
-1.202205895150474865e-02
-4.107937980051487754e-03
2.133823998941093334e-04
7.412554407539838916e-04
2.052094138456509516e-04
-6.682620351772079683e-05
-6.119201772535889320e-05
-7.433738613967398728e-06
9.586615246278964661e-06
4.652660897564681580e-06
-3.912716090843176258e-07
-1.065593782526882349e-06
-2.693178379301551169e-07
1.163861896476065223e-07
7.709322801811430986e-08
8.298012526313255461e-09
8.846096971807129172e-01
4.200994148175900972e-02
-9.365139174439074052e-03
2.574079007950277973e-03
-7.477002152776086874e-04
1.947187569083819474e-04
-3.856745756627088205e-05
2.984082673281966765e-06
1.865028943039718641e-06
-1.219605207150058323e-06
4.578660646933698672e-07
-1.252052313266172604e-07
2.299276052710472765e-08
-4.975982108253027123e-10
-1.824010362908279706e-09
9.805234936807889900e-10
-3.360506430121678608e-10
8.321624246959042081e-11
-1.274568322979935332e-11
9.632933460923300828e-01
2.752724623316873259e-02
-1.032268795996000785e-02
3.871889324438841130e-03
-1.453014713172519389e-03
5.458412333655321197e-04
-2.054712004845983628e-04
7.764433467479126157e-05
-2.954379661837619884e-05
1.137344633002722063e-05
-4.460029580933364888e-06
1.796784087440336724e-06
-7.502266703313927525e-07
3.268634878992050415e-07
-1.490598137709287799e-07
7.131965668606957121e-08
-3.643277043010427125e-08
2.151380463365573634e-08
-8.486858994927744909e-09
9.916392416840758006e-01
8.343245774996000536e-03
1.747585895781316256e-05
3.660513602795243093e-08
7.667352012804191863e-11
1.606186033005737325e-13
3.222243024848024490e-16
1.178709395670201730e-17
-8.406378536508135164e-18
6.063391931845670769e-18
-4.258431127326532642e-18
2.813879640209450333e-18
-1.829160106543055177e-18
1.094362241937288101e-18
-6.634416735044953516e-19
3.527504647370474567e-19
-2.116966275361651895e-19
1.063440415254586101e-19
-4.767890484208443623e-20
9.685572022322579411e-01
1.275661707074384377e-04
1.123461500438518623e-08
-1.512715833587328529e-12
-3.364947645805307482e-15
-2.644168137767319048e-18
4.188631782387162579e-21
-4.261106809034654457e-21
6.483340771278476511e-22
8.618254867928955226e-22
1.018666701579365563e+00
5.883207128513796152e-02
3.072417380545984511e-03
-7.653043323274669185e-03
-1.768919876661665226e-03
4.643286376243394671e-04
4.630848869743531228e-04
7.440271840378529606e-05
-6.165655188256446268e-05
-3.533915550076955687e-05
2.561515727585299278e-07
7.135680349624036176e-06
2.312504048701326930e-06
-6.826661515877685218e-07
-6.918808720148663403e-07
-8.475931871397596968e-08
1.070602460353849067e-07
3.989762737143694523e-08
-3.302375687024627983e-09
1.056818055216239616e+00
-1.590876396298119763e-02
6.990971207486085725e-04
7.524102413222385740e-04
-4.211340933181083779e-04
1.469978722658749559e-04
-3.772148784524804457e-05
6.289190966639223910e-06
9.026976529929257525e-08
-5.847353000066062524e-07
2.841883785697777801e-07
-9.146242614701656934e-08
2.105321585149808378e-08
-2.541155576293349183e-09
-5.856378170460218799e-10
5.241496428233931925e-10
-2.135451453179398552e-10
6.291110114688219133e-11
-1.239017404803645318e-11
1.018812367873427993e+00
-1.437006852808240566e-02
5.487744083764567460e-03
-2.095136286586388348e-03
7.994326464196833916e-04
-3.046789341581580672e-04
1.158518323009242112e-04
-4.386020951253000248e-05
1.647286530727246076e-05
-6.098903612896652282e-06
2.201296930570587313e-06
-7.586464970873974209e-07
2.389010728393645721e-07
-6.070798600328683746e-08
5.271876814014889283e-09
8.462190525040318310e-09
-9.677976063408055610e-09
8.413822587933476145e-09
-3.788183173894739279e-09
1.004206827982259798e+00
-4.206827982259643203e-03
-1.357342172717049820e-17
1.238513893977406126e-17
-1.089081712037749173e-17
9.226319713451654368e-18
-7.526983990529912996e-18
5.910249601700665171e-18
-4.463729118222856884e-18
3.240056289557175850e-18
-2.258181898738066707e-18
1.509502236238356751e-18
-9.665660692208023907e-19
5.921397561494775187e-19
-3.469459950054928459e-19
1.951582813699006988e-19
-1.074674067448591817e-19
6.206171311951029460e-20
-2.328452798379884287e-20
2.501253132832115256e-03
