8.390183958009608256e-01
-3.488764570914176712e-03
1.770402460575309914e-06
1.029041492539670109e-08
-2.388966529955762482e-11
-4.429473969584599263e-14
4.193905745807392551e-16
-1.549442799423099391e-18
1.117567388858916064e-19
-2.156105326525237610e-20
3.670276904949106300e-01
-4.185749806558397568e-01
9.846410907841490756e-02
1.854930358810659430e-02
-2.432808533136215923e-02
8.116422191564985969e-03
4.376334124764761952e-04
-1.609004097587948389e-03
6.280492564738986410e-04
3.147945936734135384e-05
-1.424843296031931680e-04
6.116183344005497291e-05
5.847501199160080048e-07
-1.331674612901843383e-05
6.396379191690456237e-06
-2.977440302568495316e-07
-1.147029277771893494e-06
5.200294929929711543e-07
-4.692397086905430259e-08
1.817724671000438275e-02
-2.089323857566853862e-02
7.230450264908457395e-03
-1.862882523674916748e-03
3.987464750469782698e-04
-7.567036605517735257e-05
1.321509393114781573e-05
-2.158014248635264906e-06
3.285329135325207431e-07
-4.544759660950071015e-08
5.302372020541520473e-09
-3.838792266986747722e-10
-3.819763806278351382e-11
2.600565994101514768e-11
-7.895505314416709421e-12
1.923205036232906122e-12
-4.172152970979321672e-13
8.626570430441037770e-14
-1.557820084693139304e-14
3.800631610231855993e-04
-7.205294670597279421e-04
6.144469001088715982e-04
-4.730630654430134424e-04
3.305819048912363623e-04
-2.110836293899138690e-04
1.240757221217191585e-04
-6.767456760142952416e-05
3.453140477654406177e-05
-1.661972671678071389e-05
7.606518070783798174e-06
-3.336851025818560237e-06
1.413667646953140622e-06
-5.824577230327559167e-07
2.349318149140019554e-07
-9.348524751343368197e-08
3.741795544242840340e-08
-1.659432178258107473e-08
5.576603946810051146e-09
-3.147810772444129418e-10
6.030703028085930866e-10
-5.298109880274454703e-10
4.261584286550704888e-10
-3.129174300332645706e-10
2.087895661027033703e-10
-1.257400026070477518e-10
6.766968836058049960e-11
-3.205370335869690157e-11
1.303734515129724216e-11
-4.350924697111102094e-12
1.072136826425479480e-12
-1.256508147053738418e-13
-3.628590486556072284e-14
2.311424270447987973e-14
-4.085397903740804510e-15
-9.924094274451621293e-16
6.113444124610574717e-16
-5.299690614422770016e-17
4.757387288964236016e-01
2.097768556984397261e-03
-3.673251788850785800e-06
3.826205285632220915e-09
-2.929995078986165015e-12
2.088530818004329159e-14
-1.223501046380890435e-16
3.066147681122707393e-19
3.646005445880847892e-20
-2.193858592804722840e-20
7.079068623510654801e-01
2.031415552357287158e-01
-4.458004489883100885e-02
-3.979688066565957930e-03
9.251271146568101553e-03
-4.372209927268378565e-03
7.433233905794518629e-04
3.651806215834559814e-04
-3.035149885585199906e-04
7.697667187006049857e-05
2.043098763501744196e-05
-2.389253347724324048e-05
6.760129349167590053e-06
1.817318377345032954e-06
-2.266556357525909213e-06
6.805680376331715128e-07
1.454012425372834512e-07
-2.099502552800957127e-07
7.100025289752249154e-08
9.053230024407081800e-01
3.098612505515788151e-02
-5.081778971117415118e-03
8.363418474088199755e-04
-1.381483108456409950e-04
2.285703513193536698e-05
-3.770669773392056080e-06
6.159650813615154350e-07
-9.873728711550571550e-08
1.533937100443005681e-08
-2.265493255199953878e-09
3.067525319793795652e-10
-3.480179746000127998e-11
2.207389740020371866e-12
3.905520137491960416e-13
-2.188737526451839761e-13
6.655474270615710268e-14
-1.750694439061102843e-14
3.764583180495296128e-15
9.691423212770590156e-01
2.320862335868910387e-02
-8.727844279438764022e-03
3.282227188085458207e-03
-1.234350492124077110e-03
4.642202387263055395e-04
-1.745975184156911488e-04
6.567507544167474145e-05
-2.470821379124743249e-05
9.298254796356405534e-06
-3.500528488386175649e-06
1.318562704756989730e-06
-4.970196815272794859e-07
1.875156973016268269e-07
-7.084091839061007663e-08
2.685882028501770749e-08
-1.037175043442118229e-08
4.474722989461722880e-09
-1.482041315727490819e-09
9.929918829378201472e-01
6.995817422212040164e-03
1.227805340733629610e-05
2.154867492617923128e-08
3.781913749306884172e-11
6.637478947452640461e-14
1.164336243928604162e-16
2.471416690631826943e-19
-2.972593634190198404e-20
2.023075035399496452e-20
-1.288336588382392414e-20
7.746793243163169325e-21
-4.403721380416547869e-21
2.357253432963575496e-21
-1.177158051894785710e-21
5.507510022905572315e-22
-2.368726820687092676e-22
9.838137097479185678e-23
-3.176378644914042743e-23
1.179137336609793696e+00
-2.153031475976820912e-04
5.189729514984394548e-07
-4.116914765647799499e-09
1.795989576190249067e-11
-4.894782637353004596e-14
9.971205430958821778e-17
-2.350210351493828740e-19
4.134299890810453772e-21
-1.446327978098062712e-20
1.124895041103544102e+00
-5.932907932846480381e-02
6.245058779008011256e-04
5.290517835959499329e-03
-1.345107967781248703e-03
-4.605642509134203074e-04
3.605476109001757310e-04
-4.798346557376104315e-06
-9.140881312349406328e-05
4.354601276479303336e-05
2.243360900624889267e-06
-1.229905216495665703e-05
5.889790022002891282e-06
-1.073976072299477370e-07
-1.348848198237562711e-06
7.389120468748315106e-07
-8.340600621330638256e-08
-1.425756482214394653e-07
8.143740047869770391e-08
1.049700978452206224e+00
-1.691025500697234882e-02
2.828554933737386940e-03
-4.575202319863028860e-04
6.990525392816093059e-05
-9.735101013094381013e-06
1.147715867263094468e-06
-8.775915790803247391e-08
-5.897442043856869653e-09
4.744773835864333189e-09
-1.431535269853031742e-09
3.392353644719462397e-10
-7.070823624033816399e-11
1.342725336304316169e-11
-2.343091695482359988e-12
3.721842419596746085e-13
-5.183372962436233684e-14
5.514237609092785386e-15
-2.153261948944712024e-16
1.015752810356224112e+00
-1.203390474511284794e-02
4.596379539815630827e-03
-1.755522252167659829e-03
6.704381915764904372e-04
-2.559991454378335155e-04
9.772078648209285036e-05
-3.728294520979714364e-05
1.421237755255196856e-05
-5.410716250228771743e-06
2.055899522105586303e-06
-7.790379859347504246e-07
2.941015925135259245e-07
-1.104895608172450459e-07
4.125994005707523821e-08
-1.531545725449248028e-08
5.711559898840883845e-09
-2.336219223772411222e-09
7.446755919317961109e-10
1.003522465992769730e+00
-3.522465992769702181e-03
-2.065025296011786922e-19
1.846039914116979134e-19
-1.577007493103213875e-19
1.286611108876032571e-19
-1.001705396234447210e-19
7.434871419014774068e-20
-5.254097216879354468e-20
3.529667453347991207e-20
-2.249790002262878699e-20
1.357332300195906070e-20
-7.728142527095505736e-21
4.136958550145304883e-21
-2.072317158115538613e-21
9.664340767943412921e-22
-4.202987158751661742e-22
1.809707094206363457e-22
-5.606745248005508009e-23
5.827919799498746389e-01
