9.359245582346935599e-01
-3.613888005135239886e-04
-5.939411560152511934e-07
-3.669676338704491355e-10
2.356784821127044385e-13
4.193276446861806618e-16
1.639609932492078501e-19
4.409979605972640840e-20
-3.339085344822972158e-20
8.571984944133459178e-21
5.875712700328993288e-01
-4.461056062857164384e-01
-6.392734725204883561e-02
5.365864794690532180e-02
1.447172792329646206e-02
-9.402212097427368326e-03
-3.478371398275199779e-03
1.916989817525075433e-03
8.178629054631482908e-04
-4.059313141539273731e-04
-1.964205892139595172e-04
8.858034645965612579e-05
4.766204551437642578e-05
-1.958885770610404643e-05
-1.179248435945765939e-05
4.337564022780090156e-06
3.190887654953865951e-06
-7.635525593407691333e-07
-7.533772879106172149e-07
4.477533394289245905e-02
-5.795912526344917243e-02
2.331170921868103846e-02
-6.933380163731840858e-03
1.662114945729057693e-03
-3.319967269257888070e-04
5.355233053968529503e-05
-5.487776552801127006e-06
-4.635758522648200472e-07
4.930315574356632421e-07
-1.889956095783334151e-07
5.534928815703551510e-08
-1.371291327316382134e-08
2.905601230476240837e-09
-4.987824863522204931e-10
5.276823994431977265e-11
6.022410887127329376e-12
-6.557424383788738920e-12
2.283973673475132639e-12
5.268131517273690577e-04
-1.008762488395887171e-03
8.858987715365955517e-04
-7.150669736906274622e-04
5.321407999507699700e-04
-3.665939608558786591e-04
2.348890033191040861e-04
-1.407074306525677582e-04
7.923665944704274698e-05
-4.218459845500353817e-05
2.135429200275669036e-05
-1.033721677517172775e-05
4.812210369893162452e-06
-2.166175035212115553e-06
9.481679352285806549e-07
-4.067386321938691279e-07
1.746487315639244349e-07
-8.286637348756977888e-08
2.891110264939993381e-08
-1.293463836555030090e-09
2.494639636033111887e-09
-2.236323833373639055e-09
1.861761790930782608e-09
-1.436837318359169617e-09
1.025254403052412377e-09
-6.738476444392537028e-10
4.058115745366049456e-10
-2.223010991752426510e-10
1.096117719531815114e-10
-4.788746121127771937e-11
1.806707428672708547e-11
-5.611854267400294891e-12
1.279873843713780834e-12
-1.257993260959726782e-13
-5.023405140212997534e-14
2.833903826404215346e-14
-4.362117889319168425e-15
-1.020798397757976877e-15
4.516787743590185977e-01
5.770498261337723370e-04
1.777534596138399604e-08
-2.839280908203537339e-11
-6.936451279967085154e-14
-4.967656198832998584e-17
1.014320460396309913e-19
-2.894235464244036663e-20
-6.660062597043678991e-20
6.209054637401247375e-20
6.344947801980387325e-01
2.038598387060005512e-01
-3.785359908622847394e-04
-2.242838286612140741e-02
2.380242905411297880e-03
3.138067027729888291e-03
-2.161413215929025794e-04
-6.547587144510357351e-04
6.974777080875103182e-06
1.494025486270007938e-04
6.676953527095400751e-06
-3.531716520247173233e-05
-3.422049600334420412e-06
8.466169095926544518e-06
1.276365598829681801e-06
-2.002504676243566772e-06
-4.795695948416225857e-07
3.583105117872193297e-07
1.411755437326519768e-07
8.714354092531098051e-01
4.212753728046084167e-02
-7.236703424576373771e-03
1.366234871563716188e-03
-2.905531139603320374e-04
6.720734223244981276e-05
-1.573283889233982496e-05
3.477200566239518971e-06
-6.775926607940712946e-07
1.022347474996736003e-07
-5.474973640035990058e-09
-3.868830728826769943e-09
2.155527353005396439e-09
-7.635500472613026305e-10
2.205083102633410032e-10
-5.464055643994114240e-11
1.149999400391525954e-11
-1.867509297615922885e-12
1.640037571232540328e-13
9.578267430481335332e-01
3.153618441400925926e-02
-1.179119994223209490e-02
4.408833971965233148e-03
-1.648640733904597078e-03
6.166004938570479469e-04
-2.306912069622401153e-04
8.636551040813369030e-05
-3.237123324759510606e-05
1.215788176875161980e-05
-4.581493759787087588e-06
1.735549564844558506e-06
-6.626467878991207215e-07
2.558621043310848753e-07
-1.003477331936467969e-07
4.027218239611335306e-08
-1.692051723738211307e-08
8.201866320015820319e-09
-2.928834654392616023e-09
9.903671312392858805e-01
9.609615125229042584e-03
2.319750147382497449e-05
5.599850437867277402e-08
1.351797482530463645e-10
3.263253931676864578e-13
7.852957917056869113e-16
3.806269605318699182e-18
-1.422120478754110302e-18
1.025847719774427677e-18
-7.071229888392452327e-19
4.667651487865926641e-19
-2.947224452232121478e-19
1.776620104907551394e-19
-1.021423609757404241e-19
5.622069294783116099e-20
-3.012435939659609121e-20
1.684966802670127641e-20
-6.215911362956968497e-21
1.059866030657190317e+00
1.315381169407464743e-04
4.080781866270341613e-08
-3.320206165627678718e-11
-4.471294085677772114e-14
-3.700843532748609003e-17
5.675842326693949344e-21
-6.124066607632448272e-21
7.490292377318073729e-21
-7.385885109046248716e-21
1.087689250652563500e+00
2.304206931532532324e-02
-1.265746092725831759e-02
-7.064182574502191926e-03
2.532501436701386360e-03
1.530362859739811633e-03
-4.298804798775879678e-04
-3.818789334419111061e-04
7.771867232410420293e-05
9.580846112871918151e-05
-1.356953989851610559e-05
-2.420035366836270846e-05
2.164864087488938837e-06
6.111842925795343864e-06
-2.592651995413694811e-07
-1.506744011294236795e-06
-2.882642965279790036e-08
2.749613504366570734e-07
3.179653625776772426e-08
1.068039168681331974e+00
-2.258041406712434432e-02
3.433066549750642387e-03
-3.918375812979011134e-04
-4.640239755501229586e-06
2.286425945063176531e-05
-9.733122228546057354e-06
2.979383667310514181e-06
-7.539241900228222136e-07
1.603796012900959922e-07
-2.695183063433954055e-08
2.493152276872376380e-09
5.081527520410301067e-10
-3.843894750923629783e-10
1.445434162308951186e-10
-4.251303226772627488e-11
1.055613728001545206e-11
-2.249098787169699961e-12
3.631387220197278042e-13
1.021695763855078765e+00
-1.657381360131969170e-02
6.330379291341959799e-03
-2.417767186241480057e-03
9.233182085350951284e-04
-3.525260622115975601e-04
1.345371949501847689e-04
-5.130291640762327948e-05
1.953499602182827034e-05
-7.419991062991929877e-06
2.806707316721816936e-06
-1.054615521542002733e-06
3.921213863224173657e-07
-1.434159085066372749e-07
5.110242334378274348e-08
-1.743678093735623800e-08
5.509814978134214178e-09
-1.559548848185715503e-09
3.231184944641646341e-10
1.004851371262492465e+00
-4.851371262492306692e-03
-2.711802830978081747e-18
2.468313034729205383e-18
-2.162975713312651822e-18
1.824153734372571998e-18
-1.479893536051187012e-18
1.154269095709439500e-18
-8.649307958839450303e-19
6.221254722890820140e-19
-4.290885254752259393e-19
2.834354049126407180e-19
-1.790532717754880365e-19
1.080158541175786668e-19
-6.217332156456995854e-20
3.424164823544460090e-20
-1.837426365417909875e-20
1.030621999290233752e-20
-3.803881665610559084e-21
2.401203007518797339e-01
