8.959561145964675122e-01
-3.005356656296539510e-03
-8.281525589259291187e-07
9.572643802524224061e-09
9.359764462898920619e-12
-1.396929637309511047e-13
4.439513850213751653e-16
-1.179265998559742588e-18
6.769017945840211085e-20
-5.767676305587396629e-20
3.973777221172775098e-01
-4.563786304428450458e-01
9.923255429648210335e-02
2.891174608864895829e-02
-2.886328790054760660e-02
7.004784900721936283e-03
2.433546259350690636e-03
-2.369205601779967533e-03
4.822913653897212272e-04
3.130811144651493745e-04
-2.506934600345347920e-04
4.326005712052899210e-05
3.804697599658379869e-05
-2.793014157630491459e-05
4.145459354235282986e-06
4.755399464382495508e-06
-3.190809185666388961e-06
-4.309836892210373503e-08
6.233412434079367098e-07
1.724035599045445344e-02
-2.061955146817830847e-02
7.498458860837412150e-03
-2.030196906128292796e-03
4.552315099942366803e-04
-9.013072321588883409e-05
1.636564216333053366e-05
-2.774147731582562868e-06
4.388554471999915742e-07
-6.340676544798969182e-08
7.845497673154612508e-09
-6.517843732222467395e-10
-3.578710211777029934e-11
3.567309175282185640e-11
-1.170222925764359141e-11
3.002126213569765955e-12
-6.812467918910388181e-13
1.473883023461056982e-13
-2.767363937511504657e-14
3.043974773902648851e-04
-5.790489521159099609e-04
4.987541700322289809e-04
-3.901765633607921519e-04
2.784777346201011976e-04
-1.823643177462259143e-04
1.102830742962935650e-04
-6.201753187782041822e-05
3.266509495472112165e-05
-1.623291488841830960e-05
7.666916499261039513e-06
-3.466338025954217699e-06
1.510599843189386138e-06
-6.387184192036143593e-07
2.636986975466373683e-07
-1.071427016466178143e-07
4.370830727858763944e-08
-1.973732647406613732e-08
6.700111435497383515e-09
-3.526363513454145489e-10
6.771399569258253654e-10
-5.990210330898623539e-10
4.875620319448305212e-10
-3.642104630342432522e-10
2.487398517364517820e-10
-1.544501829697894022e-10
8.649442012415497178e-11
-4.317120708387163254e-11
1.885501146665471707e-11
-6.985043382922407762e-12
2.063420898674892425e-12
-4.102913850463953543e-13
1.035181651370371387e-14
2.901898506295570594e-14
-1.078605868965545260e-14
7.829026261205998737e-16
8.033428154439254003e-16
-2.917937709811027244e-16
4.231321738626323548e-01
2.125744951606763165e-03
-3.001160672366032388e-06
2.551482461301215241e-09
-6.868226817382195959e-12
3.899814083349598514e-14
-1.224536386922677407e-16
3.075148078577930539e-20
5.658828663204584072e-21
1.894658464775375196e-20
6.778827755281485734e-01
2.255046473215988334e-01
-4.860462902475857355e-02
-6.111523526081312843e-03
1.117785777387206650e-02
-4.744353277514760069e-03
3.932974721910719135e-04
6.513910378274100120e-04
-3.539957388635378587e-04
2.332072687896294142e-05
6.235790160932272290e-05
-3.096246188371777521e-05
-9.486166157179235630e-07
7.645812463528488975e-06
-3.130697283254416867e-06
-4.778824876256527441e-07
9.434274124292620638e-07
-1.829390499049945253e-07
-1.030157410507754307e-07
8.962839930833191859e-01
3.380512120773210283e-02
-5.530648878944093710e-03
9.115961070147407964e-04
-1.518673879669518061e-04
2.559172514760139252e-05
-4.348662897946736300e-06
7.399684715926454351e-07
-1.248486731772585188e-07
2.062896577546726032e-08
-3.283534770915033484e-09
4.905705588022001889e-10
-6.528215257458543301e-11
6.629905051839753827e-12
-9.203315795637941199e-14
-2.118642655575657279e-13
8.395497825739087218e-14
-2.520133223705367948e-14
5.856340590888007225e-15
9.661013178314815653e-01
2.545620348988960821e-02
-9.558193276419994083e-03
3.588903830613745377e-03
-1.347583892017385158e-03
5.060174768164899277e-04
-1.900223076634757822e-04
7.136672031008648711e-05
-2.680862989809274598e-05
1.007381508477346569e-05
-3.787279345833785427e-06
1.424857329691707236e-06
-5.365958747957417562e-07
2.023539545727897833e-07
-7.646301567244580106e-08
2.902516166017484059e-08
-1.123830201387532258e-08
4.870858868930048911e-09
-1.618611679249034046e-09
9.922893978578746221e-01
7.695709807063700822e-03
1.486357185494718618e-05
2.870765320255047907e-08
5.544625194972915274e-11
1.070895884487513131e-13
2.067266041039521297e-16
4.802308146343233005e-19
-5.741057527665059461e-20
4.001112385742688318e-20
-2.620624088935786035e-20
1.632925838027499105e-20
-9.617332618439071450e-21
5.351795769644422477e-21
-2.825598934592150646e-21
1.400909747301868783e-21
-6.581595181490826728e-22
3.098553132796775367e-22
-9.760276257373912172e-23
1.188749284644244897e+00
-2.323884207068751379e-04
9.818163743445448013e-07
-5.658573496159221860e-09
1.772090620073033030e-11
-3.940654108646915539e-14
1.146747182746536547e-16
-4.799743795103759148e-19
-3.219454262359616980e-20
-1.283298912049079973e-20
1.134816652868371190e+00
-6.067672794226904726e-02
-1.501354842567850876e-03
5.718681278808568011e-03
-6.869063279181452601e-04
-8.991821409776267057e-04
3.415240711854745123e-04
1.538195635423109597e-04
-1.702409593288004496e-04
3.706759845432937588e-05
2.911468496710499428e-05
-2.466821820430395857e-05
4.797560055007592031e-06
3.883977549356977143e-06
-3.084781258926629562e-06
5.275989136897762121e-07
4.599782988102793277e-07
-2.778443753566167461e-07
3.401865850523231484e-08
1.054743998273439454e+00
-1.866077166483135971e-02
3.136076352804386628e-03
-5.116212751271489003e-04
7.910811162994160718e-05
-1.115190041060311998e-05
1.318513147265049844e-06
-9.433407433610179331e-08
-1.066828494191072184e-08
6.904813328357326019e-09
-2.076933931018699099e-09
5.011164819257168502e-10
-1.070464309181292908e-10
2.089627362581433049e-11
-3.755247454694256358e-12
6.151343563931823343e-13
-8.845867638917683566e-14
9.733624304294185441e-15
-4.041756802030028337e-16
1.017341910659097959e+00
-1.324794500985950613e-02
5.060167050233659210e-03
-1.932728008225627087e-03
7.381679273569509642e-04
-2.819017562646983634e-04
1.076373298027114668e-04
-4.108577664155312861e-05
1.567439620784157945e-05
-5.974792486524662385e-06
2.274532577506598021e-06
-8.642420851828353518e-07
3.275016499279511038e-07
-1.236556033195672088e-07
4.647442659305232155e-08
-1.739116537608518590e-08
6.553085776456155163e-09
-2.716989609766239858e-09
8.741585191806588182e-10
1.003877784974637866e+00
-3.877784974637968861e-03
-2.386192701494252318e-19
2.146421116918776899e-19
-1.849773699674220585e-19
1.526512995399238578e-19
-1.205517798958141402e-19
9.102741415712710276e-20
-6.565094809409362821e-20
4.516694484557462248e-20
-2.959567829024186204e-20
1.843444020292292390e-20
-1.088941621089561266e-20
6.082826511303895551e-21
-3.202587504290111068e-21
1.585698874639974035e-21
-7.446488302098849591e-22
3.551848081473989297e-22
-1.184858594508732864e-22
5.077543859649122915e-01
