8.122539220012015004e-01
-3.529394075722167186e-03
2.740635673762566169e-06
8.131228790337955020e-09
-2.953454138025815034e-11
5.347229652103890439e-15
2.710158168108143106e-16
-1.232674063946459329e-18
1.630897150743100125e-20
1.047296983459776721e-20
3.564822116877623959e-01
-4.022921089172218356e-01
9.474773182055047649e-02
1.630030046123283685e-02
-2.245474442132752019e-02
7.865300050004922494e-03
4.500553017551245361e-05
-1.331707812055005387e-03
5.822342882786280156e-04
-1.546402888672982354e-05
-1.054191417627849570e-04
5.288230973794651977e-05
-4.097591358089482833e-06
-8.814703256357315367e-06
5.162333762094969306e-06
-7.411164645953365704e-07
-6.439704384431777124e-07
4.252182516744670840e-07
-9.241144643387825018e-08
1.893265321386135291e-02
-2.138850272122443108e-02
7.247590970127414968e-03
-1.828714967544829793e-03
3.838486664851360709e-04
-7.153041082702319938e-05
1.227426730379863097e-05
-1.967540740135281524e-06
2.930089299073140924e-07
-3.931234070884787719e-08
4.338545609571380403e-09
-2.535767058191259633e-10
-5.069220070683719264e-11
2.576972740801841381e-11
-7.335396354200490135e-12
1.722278942748758861e-12
-3.629844010249714420e-13
7.296773703313445602e-14
-1.285385122734483242e-14
4.238953785940064388e-04
-8.024016661833755035e-04
6.812143985075237197e-04
-5.207490192365072821e-04
3.605203885455401133e-04
-2.276571230622647572e-04
1.321697124029912141e-04
-7.114311321586882890e-05
3.581122139120667736e-05
-1.700355142812353353e-05
7.680474930520782851e-06
-3.327674188532752691e-06
1.393730215825049808e-06
-5.683553258599685934e-07
2.271648637481669066e-07
-8.967313059028200783e-08
3.563364047094740473e-08
-1.569516425039701311e-08
5.254133721069048594e-09
-3.034672831384068605e-10
5.807981863800907581e-10
-5.086555166047452326e-10
4.069661076774483585e-10
-2.965124879900126024e-10
1.957626931669730773e-10
-1.162588377597204423e-10
6.142864686806159266e-11
-2.839235646358742704e-11
1.115895309920039907e-11
-3.532084807072229422e-12
7.844089665628831628e-13
-5.403939481900864896e-14
-4.262050283748476129e-14
1.896342091421375401e-14
-1.926121035228830049e-15
-1.288622706282480094e-15
4.600181496907529827e-16
2.180754181974742634e-17
4.981370653168165075e-01
2.013433356687150972e-03
-3.709655422985863450e-06
4.273860297048958777e-09
-2.173328765453362026e-12
9.791522120658989762e-15
-8.521743043912706652e-17
3.687278709991897284e-19
4.022449981826189841e-20
-2.563215638369712308e-20
7.188845461056140307e-01
1.934037019495072895e-01
-4.182302666532700802e-02
-3.745320630677568229e-03
8.548826482174825062e-03
-4.056476456567386160e-03
7.418695916998429120e-04
2.929249343930063988e-04
-2.678109076146342185e-04
7.719716663657595678e-05
1.125921237336307687e-05
-1.922224516811711745e-05
6.673014065978901562e-06
6.780622954512555703e-07
-1.653329588327159789e-06
6.461785179651236870e-07
2.154898002868023467e-08
-1.513954721208655185e-07
6.580086440784779783e-08
9.080817662863653883e-01
3.011559602971170327e-02
-4.940092804395664755e-03
8.117224515588162366e-04
-1.334686903828869028e-04
2.189511874265010142e-05
-3.565244900835595469e-06
5.721684590573771013e-07
-8.964706414538787425e-08
1.352581955946099674e-08
-1.920180139305531505e-09
2.444664166978121327e-10
-2.429868369070016885e-11
5.974991133393900298e-13
5.995204585202016491e-13
-2.362995601814466327e-13
6.505692959307738575e-14
-1.613896318359713165e-14
3.344604839553077827e-15
9.700656790456178014e-01
2.252475519035663371e-02
-8.474656921908553520e-03
3.188511216139022688e-03
-1.199668755767696994e-03
4.513869925644167975e-04
-1.698486509781529518e-04
6.391717130184538056e-05
-2.405689901225109215e-05
9.056500606590119702e-06
-3.410504997315581204e-06
1.284864464219582729e-06
-4.843061541448633319e-07
1.826662059866909771e-07
-6.896379163612820619e-08
2.611714314720364646e-08
-1.006660399072052203e-08
4.331025338533672653e-09
-1.431682606766515011e-09
9.932047552315044214e-01
6.783681559489854358e-03
1.154353233378126420e-05
1.964318896354818192e-08
3.342606584512987397e-11
5.687991711031124393e-14
9.674783773563355521e-17
1.959543770544475262e-19
-2.159091875776890266e-20
1.453285313532630863e-20
-9.144140228671397483e-21
5.390975780232559381e-21
-3.000308151518156227e-21
1.596115282361998236e-21
-7.777381551372794981e-22
3.425016410867715929e-22
-1.457472236150373065e-22
5.805930118486282177e-23
-1.781644576566835618e-23
1.174013058985005076e+00
-2.035621621913106616e-04
3.304807974005942380e-07
-3.045364161442485777e-09
1.510018718172794509e-11
-4.581120207721169285e-14
9.610257094945390926e-17
-1.886893266257904961e-19
2.038734551643470080e-20
-7.847226823130744480e-21
1.120983118563154690e+00
-5.770306321624402851e-02
9.609099343077798228e-04
5.033732230525479745e-03
-1.417998856640379684e-03
-3.431992019514893094e-04
3.334289745984304215e-04
-3.189065920318176120e-05
-6.696113903113194211e-05
3.782552876838657054e-05
-1.652567361477435987e-06
-8.466497769565085342e-06
4.789587796920122621e-06
-5.063584922029620362e-07
-8.481100396068519621e-07
5.672557254154938696e-07
-1.102038914204353387e-07
-8.726926770356802679e-08
5.990249882544438947e-08
1.048166685560798950e+00
-1.636822866456907194e-02
2.729305016551820257e-03
-4.388035656679985328e-04
6.639734490280867337e-05
-9.114490516468972970e-06
1.050330789142383816e-06
-7.569073126892102576e-08
-6.556870826917217900e-09
4.511611810875034969e-09
-1.317134513546703357e-09
3.051824507386679754e-10
-6.232727186821227455e-11
1.159121468615553032e-11
-1.975998003028137897e-12
3.049058486014594121e-13
-4.068009125422347697e-14
3.904474459562613019e-15
-4.094434388198795425e-17
1.015271876151881081e+00
-1.166645072247174571e-02
4.455978467885951533e-03
-1.701855447477881303e-03
6.499092303609119332e-04
-2.481355699463204129e-04
9.470168890304925756e-05
-3.611956504295681157e-05
1.376166758155141921e-05
-5.234828593591241818e-06
1.986635104137874975e-06
-7.514807109681597551e-07
2.830233485598606914e-07
-1.059947190703430988e-07
3.942311889224131871e-08
-1.455991383365701463e-08
5.394489021944175770e-09
-2.187377747527967074e-09
6.929754444227931569e-10
1.003414936009697334e+00
-3.414936009697211276e-03
-1.990089283179909774e-19
1.774074778533509224e-19
-1.509539479647378885e-19
1.225218824091124245e-19
-9.477851621264561631e-20
6.980055637722082385e-20
-4.887251067216083319e-20
3.247777255393954354e-20
-2.044115675910395161e-20
1.215293902251116315e-20
-6.802713606407427577e-21
3.570118671614424722e-21
-1.747125494126237514e-21
7.920782961374477542e-22
-3.320667601425460529e-22
1.358206737209669849e-22
-4.040418333166618303e-23
6.103057644110275737e-01
