6.724485103837301025e-01
-2.877443862574451897e-03
4.192493860839407377e-06
-2.727156942494452407e-09
-7.297075650610315662e-12
3.285531404837389367e-14
-6.897586918506679101e-17
1.346782482700773099e-19
8.498328075228640818e-21
-2.185080512796704693e-20
3.137374974463870703e-01
-3.225555581013269668e-01
6.596996538950082589e-02
1.326642200605934567e-02
-1.499377736774091217e-02
5.045957321153897966e-03
-2.376361669464442444e-04
-5.803334501507250061e-04
2.815887685141518814e-04
-3.699800071322100701e-05
-2.566971891595278433e-05
1.657260319422929594e-05
-3.145771729351007763e-06
-1.276757023068941130e-06
1.081127660397833034e-06
-2.782381029008733053e-07
-4.797574149904665871e-08
6.875337858364085420e-08
-2.331392369510998286e-08
2.460435297357405765e-02
-2.539177121995294176e-02
7.732908217494382022e-03
-1.755832226740153268e-03
3.332327805710143839e-04
-5.624692853337328761e-05
8.678826257592182420e-06
-1.221139966108491339e-06
1.504505749664731871e-07
-1.404971590467852082e-08
2.324236518506464386e-10
3.369883195380176154e-10
-1.184477685506244517e-10
2.924549055004412364e-11
-6.170976812786919594e-12
1.174348164598355759e-12
-2.051648310617887874e-13
3.353735272118652100e-14
-4.768001082194812961e-15
7.552590210379545683e-04
-1.417756936083109298e-03
1.174706946373387829e-03
-8.641813279031795424e-04
5.691897205662269131e-04
-3.390001494229398960e-04
1.845403318873219242e-04
-9.283806088089730955e-05
4.364191519210867915e-05
-1.937938642504288920e-05
8.214326157540003176e-06
-3.356210450134612328e-06
1.333532311912668071e-06
-5.191977548910960734e-07
1.993393762141310638e-07
-7.596773846097142178e-08
2.922699352017402574e-08
-1.246675732071204713e-08
4.095288038449460473e-09
-1.602457778758598823e-10
3.049986217058249761e-10
-2.626559701483123861e-10
2.041638014823429346e-10
-1.425846493829542269e-10
8.881469872772147477e-11
-4.878425355857409529e-11
2.320682011649721534e-11
-9.270006628929854784e-12
2.924873836718490854e-12
-6.181072338315050756e-13
2.110458861232665560e-14
4.286387793817138160e-14
-1.542322466376085860e-14
3.433240344458292952e-16
1.466518580852448295e-15
-3.769025364500797358e-16
-8.840161049185586921e-17
5.917900178350674318e-17
5.973279752643654295e-01
1.375750774807161592e-03
-2.615121844612709540e-06
4.065570925724334701e-09
-4.219993506406681538e-12
3.823793060858948829e-16
7.820054979349186229e-18
3.273851517526052390e-22
-3.495832320329157168e-20
1.821689937799490487e-20
7.606845102302510764e-01
1.485358235492814094e-01
-2.619130537741980874e-02
-4.542794772988462473e-03
5.807299982400133606e-03
-2.343507555804476110e-03
3.605663937899225352e-04
1.561333568311361764e-04
-1.268513490052986556e-04
3.714773402387370132e-05
1.364614185958924228e-06
-6.098294852396093021e-06
2.519437645589371924e-06
-1.852083297185736267e-07
-3.100754777061784475e-07
1.667832436394097135e-07
-2.456008060097766340e-08
-1.956924429428363423e-08
1.170455072657310800e-08
9.154349120529875483e-01
2.769547770093638492e-02
-4.505932965519227756e-03
7.242367085280434829e-04
-1.142347463890842506e-04
1.755449513314447105e-05
-2.605334956611877148e-06
3.685616893919435308e-07
-4.848147588515630378e-08
5.598436455270429311e-09
-4.678160683587462913e-10
-7.350559056708076501e-12
1.647018716613356865e-11
-5.379734862289972985e-12
1.332218076990023132e-12
-2.897721680175916231e-13
5.794817710759730972e-14
-1.115332566002663601e-14
1.898447966899462562e-15
9.724947929999218088e-01
2.072228883663780608e-02
-7.805930397557812178e-03
2.940356498549519249e-03
-1.107521600687232360e-03
4.171202912371289677e-04
-1.570705212831785547e-04
5.912926729396063584e-05
-2.224915667575550596e-05
8.366280240841831477e-06
-3.142960225788046681e-06
1.179208972756212816e-06
-4.417033735038759695e-07
1.651218336532412231e-07
-6.159561141638649062e-08
2.296163147758740307e-08
-8.667210219570213130e-09
3.627391054234482463e-09
-1.177123542325508707e-09
9.937637760673986298e-01
6.226486161339666280e-03
9.722565876168817243e-06
1.518164254557123291e-08
2.370590987679978652e-11
3.701642293588434853e-14
5.780363764738084503e-17
8.802868777831079437e-20
1.589614367458084157e-21
-8.637294342278437020e-22
5.387704730159061267e-22
-2.937210076735735007e-22
1.497604226853710616e-22
-8.413496387178268194e-23
3.647434588694974556e-23
-9.997363488556687155e-24
-2.396599658716088723e-24
1.588788100489062451e-25
2.840407000411934192e-24
1.150689666094179664e+00
-1.658690222792608409e-04
-3.604242979663489106e-08
3.437929866479312597e-11
1.727552314936943521e-12
-9.473334709533543777e-15
3.085246149480577391e-17
-7.244949779622403995e-20
-5.439057051689674792e-22
-1.520990429038857604e-22
1.106270032374133461e+00
-4.806063781416097108e-02
8.296260620038456088e-04
3.774017251941007723e-03
-1.158005788001697676e-03
-1.012957508171173122e-04
1.815447307265763974e-04
-4.196455466125523248e-05
-1.562270696133260156e-05
1.348564497472620029e-05
-2.703471699483161116e-06
-1.338082651227472825e-06
1.100931404398075955e-06
-2.498630506148361642e-07
-9.165773562412253319e-08
9.090917288299515927e-08
-2.619432734213500837e-08
-7.347417894702145991e-09
7.179354649707234995e-09
1.044046537603695812e+00
-1.481011632942923380e-02
2.405495814542675612e-03
-3.679354574509728333e-04
5.124814455520361716e-05
-6.126420574828797811e-06
5.261260750908210594e-07
2.562409857856472535e-09
-1.533974822785516107e-08
4.790188675880384425e-09
-1.093902122406646682e-09
2.138434503009909104e-10
-3.729984898480332846e-11
5.826926756825327176e-12
-7.922090483076170130e-13
8.431530877608393318e-14
-3.554862486557537118e-15
-1.611547264729942764e-15
6.008767173164958794e-16
1.014009320550902871e+00
-1.070128450280872882e-02
4.086745351960133048e-03
-1.560353154268631290e-03
5.955020087031015312e-04
-2.270966974899746402e-04
8.649216793009971481e-05
-3.287387355951547710e-05
1.245627228141569518e-05
-4.699222211993602723e-06
1.762356351739443892e-06
-6.558875852690000947e-07
2.417674321092728376e-07
-8.808440286303423235e-08
3.165031813174442516e-08
-1.119667760998189855e-08
3.923264189192817934e-09
-1.473065398016239266e-09
4.408061940449450276e-10
1.003132746198940106e+00
-3.132746198940050686e-03
-6.678466034158892962e-20
5.864103115685347557e-20
-4.883551614158371094e-20
3.853747984803177755e-20
-2.878114454456044074e-20
2.030961286280761375e-20
-1.351307126218806118e-20
8.455001758439024536e-21
-4.958095450534211162e-21
2.713078540984796659e-21
-1.377407164618367072e-21
6.437930759396973097e-22
-2.739901671007849420e-22
1.043893858857839943e-22
-3.459814961541297516e-23
9.707114129000553997e-24
-1.918325359789305511e-24
7.178596491228070864e-01
