7.069492141073119296e-01
-3.121298773840605525e-03
4.316919709026769989e-06
-1.171293141690923563e-09
-1.409353337816968498e-11
4.675907309284363115e-14
-7.015936218705301820e-17
9.149695172638083828e-22
-1.204342714999806400e-20
-7.235319840970916815e-21
3.232217009769743354e-01
-3.418575146034018020e-01
7.376043170622334499e-02
1.333191989967711516e-02
-1.659077393256824795e-02
5.811490083552279563e-03
-3.008674069912383093e-04
-6.946271575133415241e-04
3.464019595234037446e-04
-4.478710402911680613e-05
-3.497308176741981264e-05
2.269037303858354839e-05
-4.289556505450772788e-06
-1.935794902052359864e-06
1.637945096642752448e-06
-4.283115179146450749e-07
-7.785244537439766910e-08
1.130532919588712171e-07
-3.925150389671302781e-08
2.295778952846455959e-02
-2.424268916720740547e-02
7.582656792293877325e-03
-1.767895756734824122e-03
3.442864742642774440e-04
-5.966991985412658530e-05
9.490518238407195318e-06
-1.390393162106849004e-06
1.828180798345270997e-07
-1.976816820918305087e-08
1.154413468488066763e-09
2.062427843413781445e-10
-1.038191313156714239e-10
2.856991300418488393e-11
-6.438137016316798918e-12
1.293059308995843359e-12
-2.382717278874970202e-13
4.154027481810746900e-14
-6.361258135822280101e-15
6.544717175638153353e-04
-1.231231207526247871e-03
1.026606671659606842e-03
-7.627339515582563746e-04
5.088186835259866448e-04
-3.075783869100188637e-04
1.701714334177921830e-04
-8.706612061497405930e-05
4.162616636591537193e-05
-1.878913114301215939e-05
8.087199350098339486e-06
-3.350685466994124837e-06
1.347894065848921841e-06
-5.304590829966246354e-07
2.055655344673800281e-07
-7.898749626483103539e-08
3.062660885958351484e-08
-1.317040540877339356e-08
4.347976582281011521e-09
-2.268806014248896716e-10
4.324378468420679173e-10
-3.740130495391429642e-10
2.928879636374160772e-10
-2.067954779732047892e-10
1.307725571101594685e-10
-7.331652122780648427e-11
3.586630317033574559e-11
-1.491023288286942437e-11
5.011541038938573374e-12
-1.207619486834619394e-12
1.172082022151310733e-13
5.329881594548910176e-14
-2.760871172546185538e-14
3.300278952265441132e-15
1.835809499913269316e-15
-7.943581585229239137e-16
-4.665064235407676754e-17
9.734974368918683953e-17
5.751146886684769255e-01
1.543249292458646503e-03
-2.996433509646634397e-06
4.506923734734213816e-09
-3.918231415577568246e-12
-1.510062246839485105e-15
6.495193177714425518e-18
2.390513756766386949e-20
-7.096327282241975408e-22
3.882101584201013496e-21
7.520729768583689356e-01
1.588878385685875694e-01
-3.002477128730605266e-02
-4.237044917597186308e-03
6.402457073228774026e-03
-2.746538518674532334e-03
4.704315402068953798e-04
1.718749494409013885e-04
-1.544881716837605398e-04
4.780893254420845321e-05
1.274571190493400013e-06
-8.011892285424077390e-06
3.432636171848362781e-06
-2.500188519326087645e-07
-4.558242647119497978e-07
2.495337999168047998e-07
-3.634332649537255621e-08
-3.226827968658242205e-08
1.934652779920885417e-08
9.144110801391718280e-01
2.805940105056966768e-02
-4.581899286914266171e-03
7.423699717753004133e-04
-1.187202155128559895e-04
1.862432662218506816e-05
-2.844962175298771372e-06
4.188502495709218837e-07
-5.842046059348683372e-08
7.456905923981216639e-09
-7.967107773310800325e-10
4.736795989351078949e-11
8.070238687984663419e-12
-4.242874234184425943e-12
1.214166013900640925e-12
-2.869782623995484583e-13
6.114114023271651838e-14
-1.250156928269302939e-14
2.245030298035373137e-15
9.721644947150273053e-01
2.096773952938050731e-02
-7.897176805917340350e-03
2.974322241669239471e-03
-1.120200631369999266e-03
4.218785455383885401e-04
-1.588727753681045264e-04
5.982190231355622454e-05
-2.252094007092896952e-05
8.475799781804386712e-06
-3.188438013267403193e-06
1.198658285675331574e-06
-4.502292140384180096e-07
1.689239684133485321e-07
-6.330733756225598765e-08
2.373693063921730826e-08
-9.025866717103732391e-09
3.813150932501062077e-09
-1.245156186788031475e-09
9.936878615211341970e-01
6.302162023036486822e-03
9.960687849683561151e-06
1.574305802932098122e-08
2.488220490750517645e-11
3.932680307499627048e-14
6.215579347863219503e-17
9.899010546679103833e-20
-3.224402158982542017e-22
2.573894426258325540e-22
-1.588313924977368867e-22
1.007251440281644351e-22
-5.076241175373061359e-23
2.260471520643920852e-23
-2.240675613266976178e-24
5.690570834026393363e-25
2.696745101133144555e-24
-1.320460426809284626e-24
-3.075595603509626798e-24
1.155886516397603092e+00
-1.727409283481553235e-04
-1.654610065779135437e-08
-2.972110378131313615e-10
3.728333458211840883e-12
-1.684183677440174262e-14
4.971001046878411454e-17
-9.846300571626585996e-20
9.233409665673186632e-22
-1.931764823646537122e-21
1.109216417417312028e+00
-5.045943221582097765e-02
1.017046419642459636e-03
4.064047124873466921e-03
-1.267162816218268600e-03
-1.281047823685138381e-04
2.147512158661784795e-04
-4.802481798551969794e-05
-2.139566734003166853e-05
1.773987686260613964e-05
-3.376840748176540316e-06
-2.030925346914697056e-06
1.623289088904983977e-06
-3.646312285232316384e-07
-1.493668688938833332e-07
1.472771355073910418e-07
-4.330320960013700230e-08
-1.270662167860164926e-08
1.248162988800210092e-08
1.044631640006988604e+00
-1.505841468714478985e-02
2.466206929488494719e-03
-3.831376453441684860e-04
5.477709998694718272e-05
-6.854603669692092891e-06
6.574392445465380566e-07
-1.760565576559285837e-08
-1.292159864022137862e-08
4.653506237920953280e-09
-1.131247988849992650e-09
2.319314954679925900e-10
-4.240913768199530432e-11
7.006327730402279416e-12
-1.031892088923087253e-12
1.281008689274455653e-13
-1.070185632553287612e-14
-6.047405681522803264e-16
4.949668330881058755e-16
1.014180855244918300e+00
-1.083257771937293397e-02
4.137113260339761456e-03
-1.579769094932056538e-03
6.030524915104486326e-04
-2.300759332983143052e-04
8.769338672397772663e-05
-3.337212598231044500e-05
1.266968660185908284e-05
-4.793480359927082158e-06
1.804988419806785436e-06
-6.754298788542491266e-07
2.507476274193278030e-07
-9.218301524545021684e-08
3.349654921118818755e-08
-1.201652764851043150e-08
4.288003845287010729e-09
-1.651929895447045988e-09
5.041758905700993954e-10
1.003171054229786696e+00
-3.171054229786710033e-03
-1.278769025661097947e-19
1.127189485939881699e-19
-9.439161921236700391e-20
7.502984589442820681e-20
-5.654625619687690821e-20
4.034612717419492235e-20
-2.720271582316290033e-20
1.729032852906566619e-20
-1.032924880783730157e-20
5.777538824944030065e-21
-3.010689928764314948e-21
1.451988391082403636e-21
-6.421579036241139305e-22
2.569248161052968541e-22
-9.116351441154894613e-23
2.882594747211646056e-23
-6.666932895370765593e-24
6.953483709273182711e-01
