6.560734449999719997e-01
-2.752315728452371744e-03
4.060165111185900723e-06
-3.168010769049197679e-09
-4.722670013258570380e-12
2.614072810833238218e-14
-6.076172777356819556e-17
-1.741966615053416140e-20
3.648051626719860631e-20
1.816580434553813909e-20
3.093539339304942071e-01
-3.134026318206975525e-01
6.222274699288173061e-02
1.328946737509928422e-02
-1.426671293428747635e-02
4.685093385363523627e-03
-1.970650487989723343e-04
-5.349283982413355776e-04
2.537479531755100601e-04
-3.272600291230984987e-05
-2.238748241619406638e-05
1.421066962046437106e-05
-2.648250716375188655e-06
-1.063750482234333393e-06
8.826843324903242431e-07
-2.212461797804815244e-07
-3.977298552525394507e-08
5.384791899431367343e-08
-1.774826681896725825e-08
2.544419008810778690e-02
-2.596698658911950758e-02
7.806568711924994491e-03
-1.749866067661631601e-03
3.278958341266542263e-04
-5.460800642155064504e-05
8.292245332844960790e-06
-1.140957487482074836e-06
1.352337358678483022e-07
-1.139301154814339085e-08
-1.880626100797169358e-10
3.947636913076685690e-10
-1.244601261381896050e-10
2.938892272711614682e-11
-6.015342375726152548e-12
1.114380513383563025e-12
-1.892705700011086676e-13
2.983270854809118126e-14
-4.050720576188824797e-15
8.085636662793834351e-04
-1.516201474264188475e-03
1.252399290008772599e-03
-9.168939911485873622e-04
6.001687681909615704e-04
-3.548832259485955104e-04
1.916783254951650857e-04
-9.564865590965826870e-05
4.460030137732152940e-05
-1.965100801149583353e-05
8.269066377750494546e-06
-3.356400185545811826e-06
1.325880100578088661e-06
-5.136189734713140627e-07
1.963334797074297206e-07
-7.452793584577317750e-08
2.856337607570485327e-08
-1.213348129334446153e-08
3.975547458893631708e-09
-1.119284746481682649e-10
2.128888048845426498e-10
-1.829492658141484930e-10
1.416941418221908621e-10
-9.843034536100706973e-11
6.085907279168577976e-11
-3.309331604720224771e-11
1.552518120192357032e-11
-6.077747720892205252e-12
1.855295067735210706e-12
-3.635138082627250167e-13
-1.384696101274912928e-15
3.038047454673763455e-14
-9.308005903399832244e-15
-3.086750078996824225e-16
1.024414942937869978e-15
-1.977576302951905581e-16
-7.404389276907184424e-17
3.592064894742400965e-17
6.074538373793760826e-01
1.297177789884544543e-03
-2.427261825492893495e-06
3.800414809878740940e-09
-4.191826723246987843e-12
1.212703173864359375e-15
6.546578096640305222e-18
-2.015912582363416605e-20
-7.706210849763109890e-21
1.134815492192235770e-20
7.644989912661225295e-01
1.437416899722647190e-01
-2.440591531803845346e-02
-4.682479826056453083e-03
5.533141432148535807e-03
-2.159760066819619868e-03
3.103031161948422681e-04
1.498646482882466668e-04
-1.149677332922023355e-04
3.244866208915031519e-05
1.539201705166560727e-06
-5.359826800903723735e-06
2.147650101998320165e-06
-1.466992578684397344e-07
-2.600364213999517839e-07
1.362339945470234120e-07
-1.940877825234144217e-08
-1.551570535983415771e-08
9.115913048955095471e-09
9.157844115276089214e-01
2.756103941510982744e-02
-4.474191586080898848e-03
7.158674659192014629e-04
-1.120585379110135326e-04
1.702732423618860951e-05
-2.487523092658044461e-06
3.441042945556950417e-07
-4.372134778389177582e-08
4.724754436485718798e-09
-3.166310276537480070e-10
-3.179087454142177841e-11
2.007058518508796603e-11
-5.832973772336033427e-12
1.370703375572476975e-12
-2.878446086908891182e-13
5.589113850557052780e-14
-1.043644469669699874e-14
1.726116286290592820e-15
9.726046064962515780e-01
2.064061950485873015e-02
-7.775522558104257242e-03
2.929002022527144641e-03
-1.103257169131948096e-03
4.155018012558866504e-04
-1.564455808014255191e-04
5.888176139398605490e-05
-2.214784460456260899e-05
8.323239491845615427e-06
-3.124012875111540984e-06
1.170629272540481295e-06
-4.377496656849880946e-07
1.632876724545482940e-07
-6.074610550037358687e-08
2.256970886214528475e-08
-8.484026894193577937e-09
3.532114366111375079e-09
-1.142203921186505321e-09
9.937890006739664717e-01
6.201340223352655445e-03
9.644081223011079072e-06
1.499809707033344448e-08
2.332445264266251372e-11
3.627327124332856784e-14
5.641303513409950996e-17
8.612800263729913063e-20
1.246684105654240194e-21
-7.013851596798964915e-22
3.691481589909605767e-22
-1.915122577237142745e-22
1.138048618474310402e-22
-5.560207114200980381e-23
2.214979262558059213e-23
-6.600309369995861703e-25
1.043065707876007509e-24
-6.001115191240483489e-24
-1.248020832543786921e-24
1.148325008228731292e+00
-1.627045438326301123e-04
-3.690964956265870979e-08
1.238775295384181209e-10
1.081750785630355489e-12
-6.864293061865228086e-15
2.347768134198644452e-17
-6.314908421535287439e-20
1.012913574507004013e-21
1.617763164742144942e-21
1.104985829469508518e+00
-4.692560212696516436e-02
7.222928771477208059e-04
3.640879881488530683e-03
-1.102760573382930917e-03
-9.230164940063748157e-05
1.670148801978020656e-04
-3.858897635169228135e-05
-1.363080816712061546e-05
1.179584961942831015e-05
-2.369517000836876786e-06
-1.112039317760650523e-06
9.120717720604645035e-07
-2.041435682522784131e-07
-7.388940885160588469e-08
7.187791534375834206e-08
-2.017375995626582822e-08
-5.752690641636555616e-09
5.484024484136888599e-09
1.043842376476789013e+00
-1.471388565403014895e-02
2.379204542498451324e-03
-3.608960947815578009e-04
4.956541716328151598e-05
-5.776217701744255249e-06
4.631209987979535300e-07
1.214716988946628081e-08
-1.646607213069224364e-08
4.848147468217292762e-09
-1.074861636969421801e-09
2.051280179862256591e-10
-3.489451326041365580e-11
5.282512313566113022e-12
-6.838780515427865514e-13
6.502613995720860227e-14
-5.162685931355772071e-16
-2.012504981170878784e-15
6.371244150510355346e-16
1.013952268523459432e+00
-1.065754741699270931e-02
4.069907066330527221e-03
-1.553814824950089293e-03
5.929242778527301803e-04
-2.260556155263555693e-04
8.605735970306146456e-05
-3.268489451104729273e-05
1.237084223238148340e-05
-4.659384186241619365e-06
1.743445637574938608e-06
-6.468772249430210185e-07
2.375083462838237696e-07
-8.610343184414656525e-08
3.074775182043320945e-08
-1.079357800731780554e-08
3.743664369365688647e-09
-1.385131270982930062e-09
4.097041725388849004e-10
1.003120018314574979e+00
-3.120018314574964612e-03
-3.330408003939946732e-20
2.918813178401865668e-20
-2.424206205394625073e-20
1.906241693559768757e-20
-1.417345127605084267e-20
9.947622578089309006e-21
-6.575812434055252081e-21
4.082742807347276315e-21
-2.372346483079709805e-21
1.284133101342701216e-21
-6.435345976879165711e-22
2.960892584478486825e-22
-1.235771092286163512e-22
4.590886107681555271e-23
-1.467627784644234321e-23
3.847601822489429234e-24
-6.829755888512248402e-25
7.278646616541353254e-01
