9.400265840355650493e-01
-1.207644912200381759e-03
-1.815758468970879067e-06
-1.100263730744542946e-10
7.372483149856904121e-12
-4.234088816023941016e-15
-5.977690151735272404e-18
7.733496070342639226e-19
-6.876730333642825517e-20
-8.188137018064146689e-20
4.807507818245991271e-01
-4.921709720986859882e-01
3.766247978196918950e-02
6.370444409538854325e-02
-2.030389834328958504e-02
-7.998670673219134344e-03
6.112875404189214469e-03
3.697764708348273894e-04
-1.552730017167757446e-03
3.281934147074532806e-04
2.893821295244406811e-04
-1.605728375846930569e-04
-2.745532682301987049e-05
4.805484788693923216e-05
-6.751127918700318676e-06
-1.043635172224513105e-05
5.171345727020960153e-06
1.353672774657664308e-06
-1.561868191863040333e-06
2.276718118250479692e-02
-2.877288282295690364e-02
1.124232386877111953e-02
-3.272473433424987442e-03
7.838865006907513606e-04
-1.638028513762176280e-04
3.079809161117342587e-05
-5.240072733988170770e-06
7.839307518989425975e-07
-9.182808854816987387e-08
3.671036220039283103e-09
2.378156373012404172e-09
-1.092289677931922717e-09
3.312953384462342325e-10
-8.474304587043360529e-11
1.944259648283208527e-11
-4.081337817024904137e-12
8.046141486047910824e-13
-1.351470455124114600e-13
3.076892920709669546e-04
-5.879396483984956987e-04
5.131409905564391022e-04
-4.100595981312764402e-04
3.010883895035160033e-04
-2.040576777123454997e-04
1.283211133758733666e-04
-7.530501134153445343e-05
4.149001646633543376e-05
-2.159466940447458714e-05
1.068401666249822922e-05
-5.055832656000045557e-06
2.302189284484556044e-06
-1.014664929641201765e-06
4.354020331595785297e-07
-1.833441201790405725e-07
7.735807132230968463e-08
-3.609305041835758014e-08
1.247746606409300067e-08
-5.904135522876074050e-10
1.137068268859371113e-09
-1.014907060985288222e-09
8.387085406234947298e-10
-6.404362539681890471e-10
4.505211818970332644e-10
-2.907126599129121836e-10
1.710402311667867492e-10
-9.096838379583543111e-11
4.318885502906668703e-11
-1.794868476302966674e-11
6.313205124170450865e-12
-1.754167891311041184e-12
3.139947590708915501e-13
5.718193460664298292e-15
-2.727953380147781441e-14
8.931360352213568133e-15
-1.450799743688504471e-16
-7.387948578287175834e-16
3.929219069481210136e-01
1.286342541358678586e-03
-5.701840008064519616e-07
8.796288956638319895e-11
-1.336285978749196786e-12
1.666744970222103625e-15
9.270432826573398588e-20
2.740299013214550757e-20
-1.496131315460497431e-19
3.332388721083278718e-20
6.335830916498548238e-01
2.353901580132068960e-01
-3.243102794174062414e-02
-1.782235616185878085e-02
1.163117675440092716e-02
-9.146746663365973133e-04
-1.727740807659715327e-03
5.631463326991856299e-04
2.459149338073193564e-04
-1.853217686130629899e-04
-1.663678249152045327e-05
5.086498590493160723e-05
-8.551984387954620357e-06
-1.112136020740545022e-05
5.198565847173640873e-06
1.668751393239708823e-06
-1.956052059451518165e-06
-9.017083048592991037e-08
4.850118939370409558e-07
8.762360325593525623e-01
4.001882748222299752e-02
-6.539022304867791839e-03
1.093473029373630452e-03
-1.898848083885818232e-04
3.451772520147129773e-05
-6.527025294488033276e-06
1.258462779350416766e-06
-2.409388620390123127e-07
4.452001626816636559e-08
-7.673319738101425909e-09
1.163544326629510682e-09
-1.312745589058520388e-10
7.173070485321227802e-13
5.837398481307334641e-12
-2.474093770706224762e-12
7.617676366528814708e-13
-2.125745368677060640e-13
4.818750492112431816e-14
9.593075036632946473e-01
3.045188039638690655e-02
-1.139424969054127559e-02
4.263461822358712884e-03
-1.595327239202662352e-03
5.969790774598355068e-04
-2.234143548982830290e-04
8.362615660305871559e-05
-3.131218195784470732e-05
1.173064052872519618e-05
-4.398595342765111260e-06
1.651584955951960157e-06
-6.214008584344270335e-07
2.344872984827564190e-07
-8.886987212961591967e-08
3.395142135091846683e-08
-1.329946533006724923e-08
5.871977318665387381e-09
-1.977004065649869806e-09
9.907122773717641495e-01
9.266109801455072251e-03
2.156253304354752159e-05
5.017670211376011566e-08
1.167627855171201973e-10
2.717112696357057974e-13
6.318436383668637317e-16
1.807624166786675018e-18
-2.454667673064750145e-19
1.763196960623200476e-19
-1.194397449017351281e-19
7.748225901495843309e-20
-4.784856565974780069e-20
2.810323899827480960e-20
-1.574201459334867445e-20
8.351236402854267291e-21
-4.313511228710664169e-21
2.284957744183165806e-21
-8.024144250820689201e-22
1.152207634223454402e+00
-1.498746562030475767e-05
3.915211412037380634e-07
-9.854197680996097257e-10
5.941197113440515785e-13
-1.200487651803596686e-15
5.686147752212984715e-18
5.209027411241529639e-20
4.821944910992816474e-20
-8.858434111332211640e-21
1.132743818638309863e+00
-3.134839088852169747e-02
-1.274045619131774533e-02
2.313917346063005046e-03
3.118181705887430790e-03
-9.919226360988429858e-04
-6.996102452488711567e-04
4.533398310586995907e-04
7.284531521658891282e-05
-1.430208462921142099e-04
2.001456544175238896e-05
3.238445003071341256e-05
-1.403331610205827346e-05
-4.860457477279961437e-06
5.055226340824465179e-06
2.003243245142630424e-08
-1.409540606978082426e-06
1.836045344464441590e-07
2.815719568751407306e-07
1.065970807452198521e+00
-2.243117558781347262e-02
3.732692414838775872e-03
-5.900064000113941411e-04
8.327203448212230170e-05
-8.837143468895270818e-06
6.431002215041767105e-08
3.355612438611789047e-07
-1.326295381819184130e-07
3.753475689662543583e-08
-9.051776314408904352e-09
1.948352721769662672e-09
-3.774723274595827847e-10
6.454681390009609383e-11
-9.042180593452591298e-12
7.336829854535480639e-13
1.171675592426100047e-13
-8.948530731593051103e-14
2.794903270312580532e-14
1.020910751487599022e+00
-1.597430623225833818e-02
6.101550667450997972e-03
-2.330505481935406589e-03
8.901077583408958374e-04
-3.399382844518426382e-04
1.298047736331683975e-04
-4.955173782648990781e-05
1.890658068713050945e-05
-7.207887763479671188e-06
2.744257651720899934e-06
-1.042667347246307669e-06
3.949355062648876024e-07
-1.489246538021255405e-07
5.581133996080505762e-08
-2.076462929666844764e-08
7.735441322414220094e-09
-3.140337641379046738e-09
9.932543154838766164e-10
1.004675799939850567e+00
-4.675799939850532917e-03
-5.991650858163957385e-19
5.432663046048244013e-19
-4.734775232569420512e-19
3.964933379966488635e-19
-3.188577604832094156e-19
2.460917901881507391e-19
-1.821308759501625938e-19
1.291299894569424605e-19
-8.760115018568939690e-20
5.678191844871169367e-20
-3.510672080657300450e-20
2.066424084229244763e-20
-1.156083273456418805e-20
6.155040427253481876e-21
-3.167139704927077822e-21
1.691753777980995169e-21
-6.067720042195245426e-22
3.626817042606516051e-01
