8.759495604525634471e-01
-3.258727911061265383e-03
1.247926292141657182e-07
1.102566537418359529e-08
-4.675974856465083613e-12
-1.195903675071577562e-13
5.118318244464201563e-16
-1.308729699217737446e-18
2.401999318311207468e-19
-9.756456352699466088e-20
3.847924343473779762e-01
-4.423982241606704835e-01
1.007697574068805307e-01
2.396041124327557420e-02
-2.723048726364848959e-02
7.840159350316646542e-03
1.464710739249091990e-03
-2.090927997456988770e-03
6.074936722903752449e-04
1.714043577764045321e-04
-2.116914883671721314e-04
6.150832269617950536e-05
1.820477012716070281e-05
-2.263834482425294153e-05
6.741885011744084281e-06
1.946895785047354018e-06
-2.384820291570007473e-06
4.134082551701326195e-07
2.421815248613956993e-07
1.741439322518155766e-02
-2.052244660268378804e-02
7.325349605685799355e-03
-1.946519055111904694e-03
4.288733339420921576e-04
-8.357403512585058882e-05
1.496067930240392149e-05
-2.503429932341251134e-06
3.912954727561474262e-07
-5.589962325340297550e-08
6.847509078058631608e-09
-5.666090237797943112e-10
-2.867077260742400709e-11
2.948945666376264509e-11
-9.593329068355412578e-12
2.434142897797670417e-12
-5.459107095740802690e-13
1.166256851458229876e-13
-2.166161610530323917e-14
3.280755004208191412e-04
-6.233133278461790378e-04
5.349169566252629177e-04
-4.160164770846644269e-04
2.946193890134239375e-04
-1.911414446314012013e-04
1.143796270426699138e-04
-6.359386980845769426e-05
3.310032874981937785e-05
-1.625254081840652021e-05
7.585486402513249512e-06
-3.390411173784871691e-06
1.461611321709052125e-06
-6.118590386870466136e-07
2.503284422125168659e-07
-1.008817166369287724e-07
4.084597064027525975e-08
-1.831320831950127776e-08
6.191900470520811438e-09
-3.350037554711492647e-10
6.427449577657743755e-10
-5.671566495844669577e-10
4.596384185110054864e-10
-3.412078634776192210e-10
2.310646068406047823e-10
-1.418928290610728760e-10
7.832840954139638822e-11
-3.836827818753710269e-11
1.633921798212777047e-11
-5.837294104952349315e-12
1.623889795275161250e-12
-2.792660810142091878e-13
-1.375703401103815859e-14
2.771720641690082943e-14
-8.016068774455331320e-15
-8.490708397220917788e-17
7.708018510969707306e-16
-1.944667704050972546e-16
4.424043432001056320e-01
2.152389484815880362e-03
-3.361702983531064519e-06
3.056579669116398002e-09
-5.431097814362751064e-12
3.637984749289609075e-14
-1.427627053328481075e-16
2.742317893891954477e-19
2.412921348639404584e-20
-7.244434140423616833e-21
6.898291306182597893e-01
2.174075500785274118e-01
-4.769774753460444966e-02
-4.960216981100884492e-03
1.041674481644992538e-02
-4.704462272126570810e-03
6.056864454117068947e-04
5.238279085582884294e-04
-3.473627845430376170e-04
5.628994574451884103e-05
4.323857121992670104e-05
-3.025904690076970538e-05
3.974548605650738826e-06
4.956460587640706063e-06
-3.140772196035733783e-06
2.919215388874848619e-07
5.553544424973370093e-07
-2.590313889183208976e-07
1.375351638585357533e-08
9.001491740731176749e-01
3.260429461136590823e-02
-5.340541150075309683e-03
8.799839950013347775e-04
-1.461526181561935834e-04
2.445747982073315371e-05
-4.108516359581485021e-06
6.881372790008634931e-07
-1.138553501251608922e-07
1.838865855511416286e-08
-2.851235558300662732e-09
4.127688815519304543e-10
-5.256350571623113992e-11
4.857695877962427238e-12
7.467151781384416509e-14
-2.029911573194574543e-13
7.324576799461704843e-14
-2.102751608751659691e-14
4.761074513334465990e-15
9.674041974889917572e-01
2.449413518745868074e-02
-9.203096377659401167e-03
3.457879081706726095e-03
-1.299253284717603223e-03
4.881955530708205026e-04
-1.834523685268189971e-04
6.894526965681772011e-05
-2.591620092094932244e-05
9.744805592926600917e-06
-3.665868555376079970e-06
1.379963976965701099e-06
-5.199351202413729590e-07
1.961334321684857112e-07
-7.411837184762445237e-08
2.812730789611517426e-08
-1.088169882237623749e-08
4.709082350184397544e-09
-1.563077103396051681e-09
9.925906333785007307e-01
7.395616669941373032e-03
1.372443504923131604e-05
2.546915637032328899e-08
4.726445366058464583e-11
8.771124225150403090e-14
1.626853393869366615e-16
3.657070203604320829e-19
-4.498151783823512735e-20
3.103553433212039781e-20
-2.012819221456430613e-20
1.235535691978808213e-20
-7.173362353612371839e-21
3.957898361079487160e-21
-2.054982938327977567e-21
9.929652700196009627e-22
-4.479575660792879975e-22
2.046454286331060758e-22
-6.530354055886267612e-23
1.185969640191138375e+00
-2.306908230698014441e-04
8.298426434554257699e-07
-5.409101612023557370e-09
1.939216642576781396e-11
-4.585516091605363187e-14
1.098541295828651406e-16
-4.466098481576433614e-19
1.920440772598694744e-20
-9.893826156304969191e-21
1.131098811431084705e+00
-6.083553189631377145e-02
-3.960274365584871901e-04
5.610738728827969861e-03
-1.044397364588631714e-03
-7.059039224814047612e-04
3.723209554399452455e-04
7.395080216616782239e-05
-1.390369491516773540e-04
4.574719635068724970e-05
1.513640533280591787e-05
-1.999238256449812406e-05
6.459284648515145467e-06
1.685070576662707949e-06
-2.441172201792670669e-06
8.320053811029819186e-07
1.365428533137833586e-07
-2.493078972938097311e-07
8.841814366468985582e-08
1.052583503640744711e+00
-1.791492326867394694e-02
3.006881050816529247e-03
-4.895026852336884253e-04
7.551679895854251348e-05
-1.064528642855372223e-05
1.271172212295887240e-06
-9.768662715317636952e-08
-7.232086827370715160e-09
5.679793565799741736e-09
-1.738818371512616978e-09
4.197001509063479023e-10
-8.925240801793104881e-11
1.731727515880678875e-11
-3.093403813294118334e-12
5.045457464204725074e-13
-7.262704476068900771e-14
8.184755995762420684e-15
-4.218412167246862969e-16
1.016660042964434352e+00
-1.272702270207230757e-02
4.861173777596463665e-03
-1.856703706231830524e-03
7.091168570463487987e-04
-2.707959911545706881e-04
1.033887797752295826e-04
-3.945862162611311338e-05
1.505013266242419263e-05
-5.734707807574106614e-06
2.181905604829777003e-06
-8.283705359117696974e-07
3.135534278956298636e-07
-1.182114621316515059e-07
4.434303788156449922e-08
-1.655385442068577255e-08
6.218790085269534790e-09
-2.568440716205591190e-09
8.242070896443047402e-10
1.003725318961698809e+00
-3.725318961698594923e-03
-2.220114593009665295e-19
1.992516037264594728e-19
-1.711653249509052926e-19
1.406653018804327453e-19
-1.105118817448113330e-19
8.292597445249271806e-20
-5.936682431973540045e-20
4.049183093807962657e-20
-2.626784940218982979e-20
1.617378629250106820e-20
-9.427910144360376400e-21
5.186301042863448712e-21
-2.682196695876811366e-21
1.299860279961044443e-21
-5.939438988120204925e-22
2.733676844685504294e-22
-8.895881758658031436e-23
5.377694235588972305e-01
