9.348649674432040202e-01
-3.034298444905909799e-04
-4.889116976065585632e-07
-3.073769002387408391e-10
1.192838902732093316e-13
2.743225721605961146e-16
-1.755548781576441215e-19
5.399339099049079115e-20
1.351430908366930166e-19
-8.237455592810556742e-20
6.052105615722507270e-01
-4.320007171558529202e-01
-7.635211081762088847e-02
4.665040061580900954e-02
1.783948688444593478e-02
-6.974387335626868606e-03
-4.282851412356157746e-03
1.147416279219914612e-03
1.003240163206939144e-03
-1.784252416613831926e-04
-2.358984238636076345e-04
2.380663226096014210e-05
5.517549155391387132e-05
-1.695666300621457341e-06
-1.288470460391172629e-05
-3.646523644433486636e-07
3.136384696197318991e-06
1.233930598520816879e-07
-6.498894072137633996e-07
5.032385691503998837e-02
-6.524578444370712771e-02
2.626489341786494153e-02
-7.794117662345439491e-03
1.850614808691042942e-03
-3.596749693970255281e-04
5.350070681927043679e-05
-3.524083826506324794e-06
-1.411251246455887010e-06
8.158203450902778201e-07
-2.795243194096640451e-07
7.674754002902712330e-08
-1.777455403717813104e-08
3.382284042760835063e-09
-4.466354174808091281e-10
-5.761711149368396257e-12
3.086819755079841738e-11
-1.502889624214822044e-11
4.419687469720626247e-12
5.849632411294063486e-04
-1.120343321246971939e-03
9.844924782399506850e-04
-7.954348851844385802e-04
5.927323486898726599e-04
-4.089907167487534740e-04
2.625329397941722790e-04
-1.575805907851632413e-04
8.892477646986837346e-05
-4.744426905162710972e-05
2.406841550919418745e-05
-1.167552634773125988e-05
5.446110971796758501e-06
-2.456098569442951936e-06
1.076897701718306213e-06
-4.626560619117204763e-07
1.989179366588964883e-07
-9.448439428278206929e-08
3.298221737361276338e-08
-1.465784935981045554e-09
2.827439904203466222e-09
-2.535892786111843981e-09
2.112893714161851630e-09
-1.632583399905643931e-09
1.166773402094934310e-09
-7.684233735175975889e-10
4.639596931862798495e-10
-2.549782978931470002e-10
1.262421048355082999e-10
-5.544905855026080825e-11
2.107394560560944552e-11
-6.619014898536347211e-12
1.542026139486092191e-12
-1.663350141619434024e-13
-5.405877973321462953e-14
3.306455715205251030e-14
-5.575964649147306778e-15
-1.018167668671502386e-15
4.628805349475288433e-01
5.139869916617571810e-04
2.997921689904594110e-08
-1.980779013447322177e-11
-4.629889098970501163e-14
-3.600282679747387077e-17
-3.955371530422415232e-20
-2.543776862073920708e-20
1.293660697366104740e-20
6.603759925100208271e-21
6.371786019622823760e-01
1.979481055880260854e-01
4.065497740913193159e-03
-2.169436774356119785e-02
8.234036802409238145e-04
3.024077712001034101e-03
1.902994676099741000e-04
-5.908725935965552546e-04
-1.031286164866255622e-04
1.213747326852875703e-04
3.601168725543853048e-05
-2.485998107762347201e-05
-1.098049746610739368e-05
4.927785178911662283e-06
3.152640253003067010e-06
-9.280518203254627616e-07
-9.301465628429272960e-07
1.422626877872149090e-07
2.236910377428119914e-07
8.723248893922496139e-01
4.210715051188426705e-02
-7.374001305680470339e-03
1.448047353981695784e-03
-3.241087550054173785e-04
7.821257990142584538e-05
-1.868824902199227105e-05
4.099294000382400773e-06
-7.570804841791614005e-07
9.291501976395148037e-08
5.655169401823344545e-09
-8.838017260796999113e-09
3.827233369374085403e-09
-1.231888710847044957e-09
3.306612103272133012e-10
-7.495366164271262530e-11
1.344381726112509536e-11
-1.192867806759955122e-12
-2.302302648875170086e-13
9.581934081446130680e-01
3.126802868436310417e-02
-1.169324337945033300e-02
4.373114509224024921e-03
-1.635659896738852039e-03
6.119148492518324553e-04
-2.290227281079785084e-04
8.578765646666075908e-05
-3.218247336672830681e-05
1.210413918526979188e-05
-4.571867794891245600e-06
1.738392024859801996e-06
-6.675932334547887044e-07
2.599981510944718230e-07
-1.032141764585303707e-07
4.210582068895882699e-08
-1.807403308593661524e-08
8.988798052275662806e-09
-3.257356001215769774e-09
9.904526809574217827e-01
9.524477993572191478e-03
2.278640397778193633e-05
5.451429533880497894e-08
1.304202406163726092e-10
3.120219121730517745e-13
7.432822491416740836e-16
4.276937285955817701e-18
-1.864232845738329850e-18
1.345668508281185856e-18
-9.293955369074237914e-19
6.147413597028393049e-19
-3.890461455906208363e-19
2.352225768489874288e-19
-1.356804393109476133e-19
7.488953787328330006e-20
-4.030488621323509144e-20
2.270633922616480397e-20
-8.396789300569314895e-21
1.045595100245505060e+00
1.358956345717716205e-04
3.076977295446339032e-08
-2.024988833352053920e-11
-3.099477886584825201e-14
-2.560156645662054458e-17
-1.331931201126429585e-19
-2.521095480801195840e-20
8.955796990079220223e-20
-3.686941142750224859e-20
1.078533560591676821e+00
3.021233476103780957e-02
-1.087241678514710465e-02
-7.985759903073900642e-03
1.807169080710844004e-03
1.657985057545312757e-03
-1.729885456056982397e-04
-3.902377885292898077e-04
-2.839366917277412641e-06
9.083612966226593225e-05
9.983338217706426136e-06
-2.080928306061222518e-05
-4.423109273306847978e-06
4.652798849120416011e-06
1.527294593846663798e-06
-1.003810780966708708e-06
-5.142951350436007303e-07
1.689354241952184095e-07
1.353235221571839184e-07
1.067278808978547877e+00
-2.212513232861249013e-02
3.242708120822040702e-03
-3.090484575966630080e-04
-3.687907331522819376e-05
3.372837574366977295e-05
-1.287984471539599427e-05
3.749307968752881359e-06
-9.028087586523077656e-07
1.769030416994519839e-07
-2.403979272745740741e-08
-1.937192832610780123e-10
1.631119355853985162e-09
-7.447859997585239931e-10
2.410770286701744682e-10
-6.402558342598386334e-11
1.414628388936346990e-11
-2.384247236904610990e-12
2.164534056037338939e-13
1.021500784912557247e+00
-1.642479655683406689e-02
6.273402954292193849e-03
-2.395954186025217852e-03
9.149442767719098615e-04
-3.492934631010985707e-04
1.332760290975627815e-04
-5.080148975393745470e-05
1.932933945352371499e-05
-7.331687046155053040e-06
2.766495245403836206e-06
-1.035097161601299394e-06
3.820872848126668055e-07
-1.380320903546731135e-07
4.813334364664204985e-08
-1.576501091770372749e-08
4.532082816532322467e-09
-9.186951738396809304e-10
5.912923972985988000e-11
1.004807785811770104e+00
-4.807785811769924901e-03
-3.457298063292462751e-18
3.148223619351132066e-18
-2.760451238894607595e-18
2.329869269023660963e-18
-1.892011000156591248e-18
1.477434533434267905e-18
-1.108612820899270169e-18
7.986727097519046105e-19
-5.518640997771536375e-19
3.652960252101105586e-19
-2.313144339457070773e-19
1.399207272124411255e-19
-8.078953180757721110e-20
4.466005430668765782e-20
-2.407456232971965798e-20
1.357397503824598844e-20
-5.024827310883509706e-21
2.201102756892230339e-01
