9.378869677475598632e-01
-5.037227584224105532e-04
-8.464044574490640760e-07
-4.809537194695583405e-10
7.091094965775803112e-13
8.347610509770495789e-16
-1.779480703005545404e-19
5.470558940337804918e-20
1.640543001553019501e-19
-1.217083973481538922e-19
5.557892526503971364e-01
-4.673684200472529304e-01
-3.752931909709529557e-02
6.340872762070896840e-02
5.783642054729245738e-03
-1.249924971084408545e-02
-8.724632058399675464e-04
2.837408785935976920e-03
4.001320799758054212e-05
-6.571041662401205623e-04
2.954872212501321053e-05
1.541480161003321698e-04
-1.677897786518331175e-05
-3.604456001268839874e-05
6.475835786974166569e-06
8.137923594485935473e-06
-2.275747389659595499e-06
-1.341477057806493405e-06
5.650465237692997617e-07
3.630014046855629256e-02
-4.678449099272146555e-02
1.873793866879590320e-02
-5.571181908292725457e-03
1.347755652041496494e-03
-2.775775253044911921e-04
4.881751589794151706e-05
-6.809321901438218322e-06
4.680473465969321958e-07
1.381914319868494712e-07
-8.160413266809076173e-08
2.760197427132315166e-08
-7.570713799410460292e-09
1.805156005102840354e-09
-3.777573252516000338e-10
6.708001243417126733e-11
-8.725104887483716947e-12
-1.635897748483299133e-14
3.986705554919641688e-13
4.394008022056995473e-04
-8.410046058660884324e-04
7.375965467686259030e-04
-5.940905591094730468e-04
4.408481237301500725e-04
-3.026471304691867961e-04
1.931465346813415979e-04
-1.151995362898996340e-04
6.457405469935575796e-05
-3.421547995167104772e-05
1.723761420242233528e-05
-8.305188527144610660e-06
3.848713039877249647e-06
-1.725026343497157046e-06
7.520607559817514314e-07
-3.214365154402839764e-07
1.375603490161555828e-07
-6.506996633379907018e-08
2.266564259470620736e-08
-1.027567149517638022e-09
1.981169818404561868e-09
-1.774265779687594494e-09
1.474614603975631811e-09
-1.135302524784899102e-09
8.074788163488146468e-10
-5.285091039370690995e-10
3.166114204655854562e-10
-1.722891215221498617e-10
8.423606053261997925e-11
-3.639616335218002340e-11
1.352352288038489829e-11
-4.103181769378601429e-12
8.933937828076086136e-13
-6.888769348494887388e-14
-4.318999696361720244e-14
2.105701404925079062e-14
-2.611534411996353778e-15
-9.796086861337808666e-16
4.317749302560989211e-01
7.198566972222707498e-04
-3.077259985157523578e-08
-4.786052725260895578e-11
-1.500902357036228400e-13
-7.267306237966032534e-17
1.394563621315379893e-20
2.093370724534411337e-20
2.029047202945038066e-20
-5.864242071480505732e-21
6.309157619786177618e-01
2.143541147972694016e-01
-9.123035068507248310e-03
-2.278602523034391550e-02
5.427076134703327781e-03
2.786511810327344484e-03
-1.013640231300840791e-03
-5.550765882147819458e-04
2.364447656662272128e-04
1.233884247418877845e-04
-6.064792952215714510e-05
-2.823058861167713238e-05
1.619970116275029910e-05
6.464673600160545851e-06
-4.449493690222967136e-06
-1.409953017837234875e-06
1.311641228502606817e-06
2.151399438350555154e-07
-3.128799529740200914e-07
8.708782230923303169e-01
4.197895138857227204e-02
-7.034302942154110026e-03
1.256800687807659977e-03
-2.462483659990235326e-04
5.248895324577730582e-05
-1.162613759721580903e-05
2.528969683267492669e-06
-5.125646215467586681e-07
9.073652433902732698e-08
-1.199492296261026285e-08
2.359528171771710376e-10
5.842121405487856482e-10
-2.785387252961365102e-10
9.243467163187753070e-11
-2.573319485972944589e-11
6.291448775948506678e-12
-1.391519406618948173e-12
2.484997077702900440e-13
9.575567642586397810e-01
3.173344649909893428e-02
-1.186316217373412432e-02
4.435013419868921551e-03
-1.658111365254146680e-03
6.199869455939500344e-04
-2.318729548732246170e-04
8.675680160518986733e-05
-3.248565802174286629e-05
1.218024626112862605e-05
-4.576875441118099605e-06
1.725737068382170941e-06
-6.540712002226566310e-07
2.497575100258677524e-07
-9.639000193442609621e-08
3.782515728129278939e-08
-1.541123477866728685e-08
7.184440573464375832e-09
-2.505929179144679858e-09
9.903040906724237535e-01
9.672347245686515813e-03
2.350482354659097606e-05
5.711919929539849597e-08
1.388056740796420161e-10
3.373142671428994888e-13
8.182160237395178503e-16
3.150079771734551373e-18
-8.600622397308736372e-19
6.201450212173100502e-19
-4.255993653900215234e-19
2.799587604255694157e-19
-1.757040360648171220e-19
1.055271529055990780e-19
-6.012430341455033220e-20
3.293969703940036934e-20
-1.735557183755618402e-20
9.735502129225945055e-21
-3.521469379637450976e-21
1.086676026184615118e+00
1.144220200481646223e-04
7.420940036360441194e-08
-8.582560918739906760e-11
-7.966346412105568464e-14
-7.114970148958410688e-17
1.168902458344202528e-19
-9.757422248439066617e-21
2.912530265252083232e-21
6.180696033494468778e-21
1.103345258212569568e+00
8.505861875424744825e-03
-1.487306827496082118e-02
-4.730773110438215613e-03
3.555605857401211104e-03
9.777541129871404266e-04
-8.349638943779514547e-04
-2.211297707979004178e-04
2.123893824404415409e-04
4.777636864328729447e-05
-5.501144890500639394e-05
-1.001247803205987612e-05
1.447192687757282919e-05
1.950491746314473818e-06
-3.861809199436441391e-06
-3.123569101262096431e-07
1.095951855771200333e-06
2.204810248822518114e-08
-2.563948179338769972e-07
1.068689142609681619e+00
-2.305975668303092765e-02
3.663778359809891864e-03
-4.981719896771223156e-04
3.793922767296274831e-05
8.171017420432092972e-06
-5.334266843162285593e-06
1.837894142159247004e-06
-5.032398059671421985e-07
1.178958819016221072e-07
-2.372726230648269772e-08
3.869735207905227842e-09
-3.819299653178595490e-10
-4.772838141302315321e-11
4.253868900457411673e-11
-1.617078641564133182e-11
4.786479812645412041e-12
-1.265552580650922994e-12
2.679482327917526038e-13
1.021841398570123793e+00
-1.668515588466896321e-02
6.372983149835270526e-03
-2.434106189948890067e-03
9.296145619698796417e-04
-3.549758396025087153e-04
1.355076766728078902e-04
-5.169951154519458476e-05
1.970504794962335906e-05
-7.497751201042902996e-06
2.844919088117199569e-06
-1.074666814865568315e-06
4.031609837743311406e-07
-1.496646213664325530e-07
5.468370459994354358e-08
-1.950754952239210215e-08
6.743049552858494305e-09
-2.377405595300258585e-09
6.614877124071437573e-10
1.004883918890753680e+00
-4.883918890753616814e-03
-1.735983265322840712e-18
1.578724533466461617e-18
-1.381720302867976892e-18
1.163406828316956158e-18
-9.419671667894929004e-19
7.329486422861930896e-19
-5.476786670663327889e-19
3.926499416395813694e-19
-2.698036639789921650e-19
1.774596519559867247e-19
-1.115622016185448766e-19
6.692899643432515604e-20
-3.827787807742696686e-20
2.092118104600965835e-20
-1.112139649491111972e-20
6.171179180170826531e-21
-2.263640419823554201e-21
2.751378446115287923e-01
