9.296294916429250765e-01
-1.211890588063827180e-04
-1.658649952730545354e-07
-9.731457664006143949e-11
-1.517910212976649765e-14
1.833935165324465353e-17
2.808555466550388622e-20
-1.612722915785157372e-20
6.431590998721014853e-21
9.626560078158660955e-22
7.077842278603131421e-01
-3.227412653816100763e-01
-1.113965490319029500e-01
6.996968532438910997e-04
1.634313476320363445e-02
4.914365103587254625e-03
-1.372372115059804958e-03
-1.262467788144267921e-03
-1.222877277004503029e-04
1.966846958402560506e-04
8.005379216783491028e-05
-1.360491647308301844e-05
-1.917397257497449232e-05
-3.026625366155468519e-06
2.789103932075284265e-06
1.415050710534932583e-06
-8.402939353944791479e-08
-2.706411363969406941e-07
-7.567053911884433249e-08
9.864550424516971283e-02
-1.275042784396359929e-01
5.018950371761270179e-02
-1.390755963458040201e-02
2.728671476476152158e-03
-2.630954272390981317e-04
-7.122861523010873676e-05
5.159213553679890325e-05
-1.880675771604880224e-05
4.959627251371472846e-06
-8.991479714875886395e-07
3.677391501440941842e-08
5.564817249644796747e-08
-3.045316350185571581e-08
1.041208753404940823e-08
-2.602218208616761100e-09
4.059174482591499014e-10
3.825162059470463092e-11
-4.330271878289366017e-11
1.123035752177637325e-03
-2.152589833089694777e-03
1.895998651979154776e-03
-1.537660753109671569e-03
1.151529763192880081e-03
-7.993161922566218661e-04
5.165265247699192585e-04
-3.122588753402745932e-04
1.775099654247961072e-04
-9.539947019688313707e-05
4.873498187607021396e-05
-2.379417368993763893e-05
1.116235882848584983e-05
-5.057897287726555533e-06
2.225481273954484006e-06
-9.579740428413235673e-07
4.117895310356623134e-07
-1.950207542102361359e-07
6.790051147203840525e-08
-2.915507815865239484e-09
5.628093313137774628e-09
-5.059164883299075824e-09
4.231430008755365714e-09
-3.287558574802707218e-09
2.366853784095876450e-09
-1.573536991640413677e-09
9.614176665310492910e-10
-5.362886958585198944e-10
2.705604140574840254e-10
-1.217594118725007048e-10
4.782117303165227415e-11
-1.576858905173010542e-11
4.012430771242456278e-12
-5.889446410012383011e-13
-7.003359875122097025e-14
7.304342251666580002e-14
-1.752876997353482365e-14
-3.644030501128274798e-16
5.284397246487244626e-01
2.828085460131824283e-04
3.485588458374390664e-08
2.077564648847236820e-13
-5.052958278557856839e-15
-4.397098932428410472e-18
-1.020166612243876968e-21
2.802235367279396625e-22
3.472202275104774121e-21
-3.342758485155203044e-21
6.591016589793564640e-01
1.622483847582228411e-01
2.339638958241033878e-02
-1.230212202804152090e-02
-4.090939201851754095e-03
2.782038641847705434e-04
7.615752934014778219e-04
1.971540427995997237e-04
-7.477942202486845822e-05
-6.218656312483150498e-05
-5.875485020674006337e-06
1.039017513919695018e-05
4.568117188684438649e-06
-6.121114188126479114e-07
-1.122942663129268180e-06
-2.363525158819846631e-07
1.410331488755881192e-07
7.547021778853219970e-08
3.352342635161930405e-09
8.842128175588276351e-01
4.198043302624285961e-02
-9.279503161242106182e-03
2.529618506900368005e-03
-7.325987948021731814e-04
1.914809384856485449e-04
-3.853583010666437213e-05
3.349990177716230258e-06
1.652536241074590485e-06
-1.140389766984762047e-06
4.367074300309999159e-07
-1.219487007550857996e-07
2.343650919837519137e-08
-1.083811556974807275e-09
-1.548895195901361235e-09
8.909722804516890027e-10
-3.158864587018847652e-10
8.206743899921126608e-11
-1.375735780794364908e-11
9.631206212363108143e-01
2.765424794934038741e-02
-1.036932677960489442e-02
3.888978816593601298e-03
-1.459248735265841713e-03
5.480944052707752189e-04
-2.062701290617935759e-04
7.791645752929615123e-05
-2.962853282331368373e-05
1.139412397629505507e-05
-4.460712861066346695e-06
1.792622845243932113e-06
-7.459764879895884620e-07
3.236752079546809630e-07
-1.469390877432530290e-07
6.998819944642197664e-08
-3.560290158340426840e-08
2.095035368295033941e-08
-8.252014753313335417e-09
9.915991503099697013e-01
8.383168582308590105e-03
1.764389463247129143e-05
3.713476771165755735e-08
7.815681572541239572e-11
1.645119911241423202e-13
3.325132216873834509e-16
1.147927649815705776e-17
-8.114353194836510583e-18
5.887936347077347511e-18
-4.101308409358388605e-18
2.739629283765487772e-18
-1.752903921322632619e-18
1.072881595322854378e-18
-6.280172409256554931e-19
3.527351801692616128e-19
-1.939713584447804907e-19
1.117970572769321754e-19
-4.191251194327412590e-20
9.702128431121643803e-01
1.280834305894312439e-04
1.139544180403189404e-08
-1.602576675948547681e-12
-3.536488632487141422e-15
-2.783528313677753159e-18
-1.887705922246867557e-22
-7.496614757381925351e-23
8.711690214063401570e-22
-1.282671901633400720e-21
1.020147695317673131e+00
5.844441417753741541e-02
2.752621784035806998e-03
-7.752975778957209123e-03
-1.731510869579597472e-03
5.051588434813631149e-04
4.705375588805663220e-04
6.705069182062478453e-05
-6.635818990140455553e-05
-3.529434054704595069e-05
1.424205713511297389e-06
7.548787404316193257e-06
2.179320131412575675e-06
-8.282478912429424374e-07
-7.111379916243634624e-07
-5.653694927926682781e-08
1.214731737165276801e-07
3.707142243229803187e-08
-6.858224384450191982e-09
1.057183924487043569e+00
-1.613876355292731893e-02
7.957504600033155117e-04
7.129489228017822861e-04
-4.078444071040245164e-04
1.437013086035457789e-04
-3.733486366265931211e-05
6.437195269001178707e-06
-3.463308741067374794e-08
-5.313520873428429946e-07
2.679883098758357863e-07
-8.816776712975924129e-08
2.093563493948803485e-08
-2.817167157578720200e-09
-4.234854760399312672e-10
4.644117888716909172e-10
-1.978609605610646031e-10
6.079643097192037248e-11
-1.262514812922297746e-11
1.018903227129231981e+00
-1.443951990595520284e-02
5.514307370792630517e-03
-2.105313515629648503e-03
8.033461015980929241e-04
-3.061948585308965783e-04
1.164472702361655897e-04
-4.409989359725110522e-05
1.657320749334168712e-05
-6.143304253929604454e-06
2.222298974669860096e-06
-7.692643621557012672e-07
2.445677298201553673e-07
-6.384209363214090366e-08
7.039670728368583209e-09
7.450847525588274109e-09
-9.079969033179313814e-09
8.019080380594804092e-09
-3.625153579644329564e-09
1.004227136583055069e+00
-4.227136583055028998e-03
-1.317349714961059527e-17
1.201974606418532854e-17
-1.056891617648514726e-17
8.952963125982007549e-18
-7.303315921422395850e-18
5.734002879091382036e-18
-4.330068006855460882e-18
3.142574484632866563e-18
-2.189872458144493807e-18
1.463559839379733662e-18
-9.369446062846162749e-19
5.738510965900237014e-19
-3.361344460878280086e-19
1.890127860494136524e-19
-1.040403885554038753e-19
6.005510059695845504e-20
-2.252596403377641266e-20
3.251629072681705424e-02
