1.846031146464516270e-02
-4.275549527103908666e-07
3.447702954560506854e-12
-2.488672437456229669e-17
-4.110686650909028439e-21
9.855358460078455323e-22
2.137927271924978490e-21
-2.388759533395100308e-22
-1.244931897241337588e-21
3.891092408697741734e-22
1.825762276096804318e-02
-2.621103619029949540e-04
-5.931594117546713514e-05
6.001079675723824897e-07
6.598896848081833114e-08
-9.159486417429124262e-10
-6.437637796090320943e-11
1.189060230693064218e-12
5.908079427979951706e-14
-1.419447905874527850e-15
-5.206278851124823231e-17
1.581111819521005075e-18
7.345494160036915743e-20
2.904000242244173405e-19
-1.406510766005282047e-19
-1.592485351751044824e-19
2.339996599792319726e-19
3.730346448623663739e-20
-1.151777696962055606e-19
1.726039710664573068e-02
-7.282398386804101592e-04
-5.017900243811266800e-05
1.639875629275427338e-06
4.118401196111669836e-08
-2.343864159354623483e-09
-1.669591068568905414e-11
2.679374602854845411e-12
-1.486408961076436813e-14
-2.591807104814153376e-15
4.665067111045618190e-17
2.136902356298372796e-18
-1.875300055131123190e-19
-1.000322441439583792e-19
1.444342625831091428e-19
2.476162274685443265e-19
1.000941691048626236e-19
-1.446343691567023157e-19
-1.146506200763904167e-19
8.625231495491757563e-03
-7.258459465239746125e-03
9.086762399555722023e-04
2.018404588101548589e-04
-9.610147162612908093e-05
1.300524538818423085e-05
1.256942086876015848e-06
-8.466272078007686276e-07
1.430109617643035835e-07
1.891984323016147558e-09
-6.327930164930245819e-09
1.402353354688322249e-09
-6.995010038568440642e-11
-4.090609020142585495e-11
1.250584462423876301e-11
-1.281740222037268538e-12
-2.074091517792921152e-13
1.012948678247161520e-13
-1.566373693588375432e-14
6.656518636248054182e-04
-1.084423699535025550e-03
5.552196283653939224e-04
-1.301149533485960249e-04
-2.587009765733293238e-05
1.986581386302769164e-05
3.039774010220796557e-06
-3.109571816031436874e-06
-8.945648892367864570e-07
4.412645100522301397e-07
2.855858393750975280e-07
-1.607369920198738639e-08
-7.064634883488815034e-08
-2.196403636366776484e-08
8.873251268841241363e-09
9.786342702074265370e-09
2.339192339620306879e-09
-1.949917716264587185e-09
-1.407750846230582912e-09
9.767656323846770627e-01
3.045062291937313613e-07
-2.178891987698016209e-12
1.489746099736570537e-17
-3.097539641449435444e-22
3.790577232671597293e-23
1.207767564731860818e-22
-7.664933940047863411e-23
4.032373884499570544e-23
-2.622614464935241059e-23
9.769102244601943763e-01
1.870492649625309512e-04
4.242419178120059947e-05
-3.798942128883868709e-07
-4.188221519469077088e-08
5.497280832321046920e-10
3.879654718569041671e-11
-6.832437166272472994e-13
-3.418573035741623064e-14
7.814347968615005026e-16
2.898183383602113501e-17
-8.594118699874587925e-19
-2.844624958635948619e-20
7.118340496412525193e-21
6.437175189424660754e-21
-2.758914771943583692e-21
1.704635372211284670e-22
3.718023874961483974e-22
-1.889168792152603909e-21
9.776256218846732793e-01
5.243770422692565873e-04
3.701267319810494494e-05
-1.047875936188024915e-06
-2.724928449747541272e-08
1.427011097160487642e-09
1.149264255497442595e-11
-1.577329557670847342e-12
6.744273302341562841e-15
1.484910114561379613e-15
-2.395131292296742871e-17
-1.145364175791057514e-18
4.705043362113332546e-20
-1.558090046878804709e-20
-1.853619653668082511e-20
-3.930795490963375494e-21
9.413395247993630056e-21
3.924544783571972922e-21
-1.211381905854836524e-21
9.845306332916834435e-01
6.137254058305906951e-03
-4.402098994379319025e-04
-1.649489858812628511e-04
6.186396851141024507e-05
-7.511319483688825014e-06
-9.444586154139419638e-07
5.365722910901685024e-07
-8.268155982621717927e-08
-3.203739768623645857e-09
4.045226206016732409e-09
-7.843230192631009273e-10
1.727534076916645759e-11
2.696226799155458655e-11
-6.812695885989507910e-12
4.978195602748730886e-13
1.527983101249242442e-13
-5.408682695718640125e-14
6.609528697004950119e-15
9.950201555348270333e-01
4.956804232388354638e-03
3.306751945907478808e-05
-1.429147974537077003e-05
5.274594348014727899e-06
-9.389877985063975082e-07
-2.031857970291487416e-07
1.482952873156013007e-07
-3.567033984216723037e-10
-2.002960691928448525e-08
1.388095033182503355e-09
3.118089868005584384e-09
-1.658093291681120656e-10
-5.582351040313586178e-10
-2.419271949267098797e-11
1.045173089770119873e-10
2.493839990810463202e-11
-1.539945381150397999e-11
-8.662548594531066380e-12
1.011671768278275652e+00
-1.520898179730775431e-07
1.075586075062420451e-12
-7.238815433296895196e-18
1.315806381179327092e-22
-3.193272124743016733e-23
1.055939659634821489e-23
2.741294239072593893e-23
-2.113407742911367674e-23
4.952744104891134600e-24
1.011599539057245867e+00
-9.344123970828120771e-05
-2.119743622029791441e-05
1.876186802113022796e-07
2.069931709742828796e-08
-2.673743291888919027e-10
-1.890218939299522567e-11
3.261429652037668126e-13
1.637506735174492102e-14
-3.649221626459213471e-16
-1.362326714779672644e-17
3.883321994651834313e-19
1.265266934524509093e-20
-3.887597460784628634e-22
-1.856476061025535707e-21
1.303008033846726431e-21
-6.283644479569562262e-22
-1.263450224895807934e-21
9.286796339288419926e-22
1.011241997383979685e+00
-2.621555973871766455e-04
-1.854005531938879826e-05
5.188145985799269587e-07
1.361045717111436921e-08
-6.981170465560943742e-10
-5.879123321421875563e-12
7.617538940911415091e-13
-2.807895358044337078e-15
-7.087296333603154804e-16
1.073020454396952628e-17
5.628905549065135096e-19
-1.483621865730258298e-20
-3.118786004791251301e-21
-1.233640938063101542e-21
2.266697300447706347e-21
9.458349285546360701e-22
-1.050992459929262426e-21
-1.130220388755077399e-22
1.007775367282255585e+00
-3.085609482718994559e-03
2.184181720189927814e-04
8.370980154747586144e-05
-3.098185577425100346e-05
3.668548363913544411e-06
4.955041074287158056e-07
-2.678475464523998718e-07
3.973204691320600276e-08
1.978469396754084038e-09
-2.024978271032170152e-09
3.720408997017937036e-10
-3.456031121563581149e-12
-1.374102976206566427e-11
3.209455713398689212e-12
-1.867024572353449081e-13
-8.234582530729356936e-14
2.541457157457681126e-14
-2.632885548007168227e-15
1.002498938750527868e+00
-2.490241764163098493e-03
-1.389596036153540118e-05
7.405955966031272928e-06
-2.728382060670204376e-06
4.834831746367023429e-07
1.062675147125293757e-07
-7.678695974086448253e-08
1.607870917944834770e-11
1.040793856126359504e-08
-6.956079410274793629e-10
-1.623000328116869674e-09
8.191601140776636448e-11
2.906122953668880301e-10
1.339526277806106264e-11
-5.438397790400081036e-11
-1.312391289756207823e-11
8.016491098896848563e-12
4.520709921800661268e-12
9.879949874686716482e-01
