7.641616866525025031e-01
-3.428479294153123202e-03
3.888503826203981019e-06
3.339907708825989828e-09
-2.643845341276962680e-11
5.066265867763633586e-14
3.639192089470497129e-17
-6.521451491836591667e-19
1.562160154052677546e-20
5.518309760781527233e-21
3.401592426870221342e-01
-3.742179474596708522e-01
8.596955966058346388e-02
1.416334566587352378e-02
-1.953351144532533903e-02
7.034726027498609119e-03
-2.676006020346122661e-04
-9.690175275457320022e-04
4.716675421668845166e-04
-4.621190119779600988e-05
-6.213730399534436451e-05
3.702087613665829425e-05
-5.785012850184341806e-06
-4.251802264780071872e-06
3.153008006002460797e-06
-7.245975824991944538e-07
-2.280101239463954022e-07
2.447261171908402732e-07
-7.734038918781657059e-08
2.058117869814379136e-02
-2.254979392138867569e-02
7.365916213364599556e-03
-1.792480464269565225e-03
3.636360289931509513e-04
-6.560927970645956061e-05
1.089708920184483525e-05
-1.683832575690902733e-06
2.391389649310807542e-07
-2.980438710863443156e-08
2.797608653525617275e-09
-3.294461960632034731e-11
-7.559185227652061460e-11
2.685591443412822336e-11
-6.821543431519951881e-12
1.492797685728697669e-12
-2.970576075934848798e-13
5.635001183716160157e-14
-9.407600156240184043e-15
5.166166107178049019e-04
-9.752183322116149064e-04
8.212764015330219084e-04
-6.198345255075105422e-04
4.220005532337987365e-04
-2.612640578221163282e-04
1.483930125954413732e-04
-7.804367760501002330e-05
3.836528444937547437e-05
-1.779457077089053520e-05
7.859011341582762065e-06
-3.334249458260932557e-06
1.370057282411862638e-06
-5.492982332696110349e-07
2.163167292810556834e-07
-8.429312097845685652e-08
3.310718949073478879e-08
-1.442027319713246308e-08
4.796614998722387682e-09
-2.803721907132499970e-10
5.356048029600512130e-10
-4.664440174513245080e-10
3.696153446637662354e-10
-2.655353073005930984e-10
1.719712491401746395e-10
-9.955074037795463722e-11
5.084547735863913171e-11
-2.244354054986641581e-11
8.256429280233886952e-12
-2.345432772469787004e-12
4.052437760571438972e-13
2.343464944828053723e-14
-4.161990164029963048e-14
1.118545953678864923e-14
7.082455724699359483e-16
-1.309653475664394093e-15
1.849277429732775355e-16
9.825935163727046671e-17
5.352434731357014197e-01
1.814632794140538970e-03
-3.509814762698713901e-06
4.711770715973091690e-09
-2.641121688771665916e-12
-1.011059844362102552e-15
-2.345800007705985855e-17
1.871701150429639497e-19
-6.259364474581110120e-21
-5.850926646735028180e-21
7.356257033399585810e-01
1.769917982535519074e-01
-3.649350316969705854e-02
-3.808061864380851789e-03
7.480374389586272668e-03
-3.452390189003341249e-03
6.452112276219606948e-04
2.161745489046602712e-04
-2.099537949696957855e-04
6.613202397097125464e-05
3.496193601863429448e-06
-1.279961959265167088e-05
5.275840137501156963e-06
-1.343821352463083983e-07
-9.068484556042080347e-07
4.509094216924392400e-07
-4.351170876702931460e-08
-7.580555075125607926e-08
4.103331906138342552e-08
9.116906068561836385e-01
2.896104919360201202e-02
-4.746122194236459570e-03
7.761755911750106793e-04
-1.262977133673298213e-04
2.035571375929282037e-05
-3.230102064588597764e-06
5.006653842204536986e-07
-7.494602097838496158e-08
1.063234699417811453e-08
-1.376945141872752156e-09
1.477051758108308316e-10
-8.136176337073634113e-12
-1.870605192021775439e-12
9.232081386824948697e-13
-2.654520846703355748e-13
6.380248952330916106e-14
-1.441636727738629960e-14
2.800962978146716371e-15
9.712678823451433852e-01
2.163335691710886396e-02
-8.144244361806761770e-03
3.066053367638264023e-03
-1.154283605589715616e-03
4.345625514423948847e-04
-1.636076218733206549e-04
6.159878875985060835e-05
-2.319342865553315728e-05
8.733489956448714744e-06
-3.288843810575437402e-06
1.238587362081686152e-06
-4.664700055184752055e-07
1.756787249188963068e-07
-6.617381473990388062e-08
2.497708574796718309e-08
-9.581113304282639560e-09
4.094722208306329727e-09
-1.347448134076553555e-09
9.934816124850790464e-01
6.507747980174212118e-03
1.062216853476444651e-05
1.733786629797743574e-08
2.829945753875990518e-11
4.619136755461438020e-14
7.537496066444836936e-17
1.375949282911559177e-19
-9.794739568889517288e-21
6.490220049920320302e-21
-3.983183204590764189e-21
2.308936576672648270e-21
-1.231679422793201305e-21
6.286198664835450511e-22
-3.135195577746912580e-22
1.235238174820379065e-22
-3.422212738062818863e-23
1.483929722291501998e-23
-7.952007534641070409e-24
1.165277361890638241e+00
-1.867089169622456108e-04
1.022291106677242353e-07
-1.433339677852148360e-09
9.184748677425795659e-12
-3.334336727252125092e-14
8.194758574967736697e-17
-1.474619987446051469e-19
4.019643206911992734e-21
1.024258026640008900e-21
1.114993571495925817e+00
-5.444892655987557811e-02
1.152607694232231968e-03
4.576209964506101208e-03
-1.402760198135684149e-03
-2.100517278703137975e-04
2.773098356734217352e-04
-4.997721563784809229e-05
-3.877126028651906205e-05
2.733945062319819371e-05
-3.804633981824250181e-06
-4.330150762805903109e-06
3.006691377641087373e-06
-5.643669025104315325e-07
-3.706614966478397416e-07
3.163371667082989848e-07
-8.474508235806807925e-08
-3.507421774634494302e-08
3.021740164163890966e-08
1.046157710133574836e+00
-1.564233180765987538e-02
2.590059244477599214e-03
-4.108406365291138586e-04
6.080539351589698340e-05
-8.060649922831114651e-06
8.720048135011946512e-07
-5.029261368531818275e-08
-9.071670890593873905e-09
4.466457024025925949e-09
-1.204439619238785379e-09
2.651867839078688259e-10
-5.177970954337321362e-11
9.192632532707028794e-12
-1.484332553395288492e-12
2.128842755169824976e-13
-2.505030031237972747e-14
1.546442334298269682e-15
2.401219838845643199e-16
1.014646622422150868e+00
-1.118866259894286605e-02
4.273360498283804328e-03
-1.632003130626142858e-03
6.231515256698434398e-04
-2.378591223070083938e-04
9.073794387003457590e-05
-3.458056577299289253e-05
1.315851379790216490e-05
-4.995577651615035287e-06
1.890388509233372473e-06
-7.121924272069354325e-07
2.667717458508682360e-07
-9.920406210362080221e-08
3.656844928504023306e-08
-1.335493231790167348e-08
4.876923239563458024e-09
-1.939304891815274097e-09
6.058805787459014224e-10
1.003275151214626737e+00
-3.275151214626746514e-03
-1.810738651517053619e-19
1.606045864680549395e-19
-1.356810510334260342e-19
1.090998367032727432e-19
-8.341607718228678216e-20
6.056916832183903137e-20
-4.170054338057900262e-20
2.716803220801576052e-20
-1.670794779171084685e-20
9.669015091701592231e-21
-5.244606926724053669e-21
2.652629649256424879e-21
-1.242437247710213764e-21
5.338861264107625344e-22
-2.085936985167121584e-22
7.692148667417051007e-23
-2.090411709410397283e-23
6.528270676691729779e-01
