8.226635145824436890e-01
-3.523591450225248972e-03
2.390081032055011412e-06
9.067325790460371525e-09
-2.813132020771690389e-11
-1.219353121276792648e-14
3.350575977230366199e-16
-2.935966632330648597e-18
-1.464061255732343105e-18
1.234545715235917823e-18
3.604208691364461092e-01
-4.085521795138720158e-01
9.632894734057718955e-02
1.705627569236004698e-02
-2.315988810332263170e-02
7.989937320007089311e-03
1.728482656655276313e-04
-1.432292769316864276e-03
6.028245706992553911e-04
-8.296150699494668583e-07
-1.185313725860174524e-04
5.635377437080004792e-05
-2.771906670830325581e-06
-1.035477280622342631e-05
5.657417273721084772e-06
-6.345367598890573872e-07
-8.075956189942632528e-07
4.667219145208793054e-07
-8.319920284494136577e-08
1.862311012141719402e-02
-2.117983655841611593e-02
7.235289146375534740e-03
-1.840320344337396160e-03
3.892019962447206601e-04
-7.303895872916491938e-05
1.261929699093922393e-05
-2.037736531504965518e-06
3.061698984893121353e-07
-4.160081067597039721e-08
4.701779026070239333e-09
-3.036687784846015410e-10
-4.558940361021925349e-11
2.574217522768680960e-11
-7.516391722997326904e-12
1.790854838262542540e-12
-3.818276689700286969e-13
7.762941282663374716e-14
-1.381320574595158502e-14
4.062243171357638361e-04
-7.694076477586034302e-04
6.543375848455396798e-04
-5.015856111694900468e-04
3.485129941649093449e-04
-2.210228108602643217e-04
1.289339541662353286e-04
-6.975605203506053328e-05
3.529729082922653015e-05
-1.684710825933398892e-05
7.648296472326279649e-06
-3.329522052138292956e-06
1.400605608638445362e-06
-5.734008942860386321e-07
2.299740214951193866e-07
-9.105744874345945574e-08
3.628262386068599040e-08
-1.602243773085912918e-08
5.371537843275943078e-09
-3.077830768077930897e-10
5.892929562569611905e-10
-5.167205413898223271e-10
4.142759346050512192e-10
-3.027511351543921796e-10
2.007053999417617591e-10
-1.198447121493453425e-10
6.377883898268469964e-11
-2.976309844446230952e-11
1.185663970167282626e-11
-3.832815532805186253e-12
8.882132954088143809e-13
-7.894073783641238260e-14
-4.089281494750513219e-14
2.062095434431578538e-14
-2.704314628395731750e-15
-1.202379172781130677e-15
5.205334967007566609e-16
-4.546175960421972370e-18
4.895886233520593267e-01
2.049307372104400889e-03
-3.710684033459343317e-06
4.113630117567899272e-09
-2.355031523708728235e-12
1.376736149559255470e-14
-1.006150354790623620e-16
4.031276701308660392e-20
1.107647790577862865e-19
1.102027765066718592e-19
7.147840888891785482e-01
1.971343824693726210e-01
-4.292387831913934554e-02
-3.804572695974464246e-03
8.810641694046342232e-03
-4.182811673206355066e-03
7.489078420043412954e-04
3.177678639009375982e-04
-2.815566514609061884e-04
7.797318416024333657e-05
1.427332971838168216e-05
-2.095854442074871862e-05
6.814445208255390616e-06
1.038684198848486842e-06
-1.875699518487501388e-06
6.734171630362923805e-07
5.829429414494990292e-08
-1.733658333366991122e-07
6.966644840695471019e-08
9.070858286905050250e-01
3.043070354276115191e-02
-4.991679065645197345e-03
8.207760378705542979e-04
-1.352099258508614578e-04
2.225628628537576833e-05
-3.642697485347111941e-06
5.886843217190103284e-07
-9.306803516561879497e-08
1.420638527582230680e-08
-2.049410655914726493e-09
2.677299483838869854e-10
-2.821926374979602930e-11
1.199748568944044529e-12
5.206176317188440959e-13
-2.294199397807573857e-13
6.549079761157738769e-14
-1.661081213608494035e-14
3.491799277736452963e-15
9.697326731620820039e-01
2.277146664559715622e-02
-8.566025784675669608e-03
3.222342313972557156e-03
-1.212193300780573272e-03
4.560233696982526506e-04
-1.715651898474293503e-04
6.455301422021385001e-05
-2.429270322737869689e-05
9.144144069562482312e-06
-3.443204930786783717e-06
1.297138717954356454e-06
-4.889543272621391415e-07
1.844478135415029701e-07
-6.965745782322808194e-08
2.639304401266041382e-08
-1.018093170628882759e-08
4.385253947507969457e-09
-1.450760373121847519e-09
9.931280065209294738e-01
6.860167389549921314e-03
1.180573787243038385e-05
2.031662477004071801e-08
3.496310400947225503e-11
6.016845417880958500e-14
1.034964263437459453e-16
2.136371146227575667e-19
-2.456456132112837565e-20
1.659997801274196438e-20
-1.051114565645070613e-20
6.283723087173328762e-21
-3.505274345573612845e-21
1.837687172012974470e-21
-9.154436035056377103e-22
4.213291102258992775e-22
-1.646713513502556366e-22
7.599484712155978797e-23
-2.718706898261380510e-23
1.175993300596337221e+00
-2.079695581623489282e-04
3.986584146817621699e-07
-3.456367122884547251e-09
1.630942799515490827e-11
-4.747902447988438033e-14
9.705262337849975210e-17
-2.678041358006135305e-19
1.909993695002359706e-19
-7.178930289933840631e-20
1.122449931232918807e+00
-5.836255669071273300e-02
8.566757809777638972e-04
5.134167209395023267e-03
-1.399235056795771837e-03
-3.841937909443053981e-04
3.447738902130556560e-04
-2.337300156571024999e-05
-7.556995262139926573e-05
4.016852650022519137e-05
-4.805394356357978614e-07
-9.796425164064962492e-06
5.226867697688388668e-06
-4.027068459407492823e-07
-1.016800074793743143e-06
6.339244034091740737e-07
-1.063629877156116199e-07
-1.060205966013740800e-07
6.822106184083501741e-08
1.048720507892272336e+00
-1.656471173103507208e-02
2.765616675246684343e-03
-4.457445749975335616e-04
6.771854959706649711e-05
-9.352254829394220732e-06
1.088509401435875474e-06
-8.065245537759841649e-08
-6.206254387928315879e-09
4.576041211118405741e-09
-1.355149344957105616e-09
3.169591190175867116e-10
-6.527728591041564510e-11
1.224423423334454494e-11
-2.107562555509952464e-12
3.291911617062637561e-13
-4.474242318732190048e-14
4.500872200675360096e-15
-1.080659107336834826e-16
1.015445248097409436e+00
-1.179891732964918893e-02
4.506595567996891233e-03
-1.721205542194003410e-03
6.573128914973003093e-04
-2.509727933699436027e-04
9.579186199985673914e-05
-3.654020824224578655e-05
1.392496580499064878e-05
-5.298744852461181750e-06
2.011906184361135192e-06
-7.615852768928166616e-07
2.871089926265570252e-07
-1.076627496329548513e-07
4.010905168620351111e-08
-1.484376918534233273e-08
5.514298828874463026e-09
-2.243929248650829020e-09
7.126764176106485171e-10
1.003453698890939716e+00
-3.453698890939809179e-03
-2.018616254166929414e-19
1.801476630033377711e-19
-1.535217280646796299e-19
1.248563017156772559e-19
-9.682638089527901398e-20
7.152523619225331377e-20
-5.026071684561306096e-20
3.354169609561500571e-20
-2.121498092495124791e-20
1.268534040733600029e-20
-7.148041530268368101e-21
3.780518261160237758e-21
-1.867072539096757158e-21
8.558923130560997461e-22
-3.640313592417767054e-22
1.519627954022215559e-22
-4.595552768703859589e-23
5.999999999999999778e-01
