9.949999999999999956e-01
9.899999999999999911e-01
9.849999999999999867e-01
9.799999999999999822e-01
9.749999999999999778e-01
9.699999999999999734e-01
9.649999999999999689e-01
9.599999999999999645e-01
9.549999999999999600e-01
9.499999999999999556e-01
9.449999999999999512e-01
9.399999999999999467e-01
9.350000000000000533e-01
9.299999999999999378e-01
9.250000000000000444e-01
9.200000000000000400e-01
9.150000000000000355e-01
9.100000000000000311e-01
9.050000000000000266e-01
9.000000000000000222e-01
8.950000000000000178e-01
8.900000000000000133e-01
8.850000000000000089e-01
8.800000000000000044e-01
8.750000000000000000e-01
8.699999999999999956e-01
8.649999999999999911e-01
8.599999999999999867e-01
8.549999999999999822e-01
8.499999999999999778e-01
8.449999999999999734e-01
8.399999999999999689e-01
8.349999999999999645e-01
8.299999999999999600e-01
8.249999999999999556e-01
8.199999999999999512e-01
8.149999999999999467e-01
8.100000000000000533e-01
8.049999999999999378e-01
8.000000000000000444e-01
7.949999999999999289e-01
7.900000000000000355e-01
7.850000000000000311e-01
7.800000000000000266e-01
7.750000000000000222e-01
7.700000000000000178e-01
7.650000000000000133e-01
7.600000000000000089e-01
7.550000000000000044e-01
7.500000000000000000e-01
7.449999999999999956e-01
7.399999999999999911e-01
7.349999999999999867e-01
7.299999999999999822e-01
7.249999999999999778e-01
7.199999999999999734e-01
7.149999999999999689e-01
7.099999999999999645e-01
7.050000000000000711e-01
6.999999999999999556e-01
6.950000000000000622e-01
6.899999999999999467e-01
6.850000000000000533e-01
6.799999999999999378e-01
6.750000000000000444e-01
6.699999999999999289e-01
6.650000000000000355e-01
6.599999999999999201e-01
6.550000000000000266e-01
6.499999999999999112e-01
6.450000000000000178e-01
6.400000000000000133e-01
6.350000000000000089e-01
6.300000000000000044e-01
6.250000000000000000e-01
6.199999999999999956e-01
6.149999999999999911e-01
6.099999999999999867e-01
6.049999999999999822e-01
5.999999999999999778e-01
5.949999999999999734e-01
5.899999999999999689e-01
5.849999999999999645e-01
5.799999999999999600e-01
5.749999999999999556e-01
5.700000000000000622e-01
5.649999999999999467e-01
5.600000000000000533e-01
5.549999999999999378e-01
5.500000000000000444e-01
5.449999999999999289e-01
5.400000000000000355e-01
5.349999999999999201e-01
5.300000000000000266e-01
5.249999999999999112e-01
5.200000000000000178e-01
5.150000000000000133e-01
5.100000000000000089e-01
5.050000000000000044e-01
5.000000000000000000e-01
4.949999999999999956e-01
4.899999999999999911e-01
4.849999999999999867e-01
4.799999999999999822e-01
4.749999999999999778e-01
4.699999999999999734e-01
4.649999999999999689e-01
4.599999999999999645e-01
4.549999999999999600e-01
4.499999999999999556e-01
4.449999999999999512e-01
4.399999999999999467e-01
4.349999999999999423e-01
4.299999999999999378e-01
4.249999999999999334e-01
4.199999999999999289e-01
4.150000000000000355e-01
4.100000000000000311e-01
4.050000000000000266e-01
4.000000000000000222e-01
3.950000000000000178e-01
3.900000000000000133e-01
3.850000000000000089e-01
3.800000000000000044e-01
3.750000000000000000e-01
3.699999999999999956e-01
3.649999999999999911e-01
3.599999999999999867e-01
3.549999999999999822e-01
3.499999999999999778e-01
3.449999999999999734e-01
3.399999999999999689e-01
3.349999999999999645e-01
3.299999999999999600e-01
3.249999999999999556e-01
3.199999999999999512e-01
3.149999999999999467e-01
3.099999999999999423e-01
3.049999999999999378e-01
2.999999999999999334e-01
2.949999999999999289e-01
2.900000000000000355e-01
2.850000000000000311e-01
2.800000000000000266e-01
2.750000000000000222e-01
2.700000000000000178e-01
2.650000000000000133e-01
2.600000000000000089e-01
2.550000000000000044e-01
2.500000000000000000e-01
2.449999999999999956e-01
2.399999999999999911e-01
2.349999999999999867e-01
2.299999999999999822e-01
2.249999999999999778e-01
2.199999999999999734e-01
2.149999999999999689e-01
2.099999999999999645e-01
2.049999999999999600e-01
1.999999999999999556e-01
1.949999999999999512e-01
1.899999999999999467e-01
1.849999999999999423e-01
1.799999999999999378e-01
1.749999999999999334e-01
1.699999999999999289e-01
1.649999999999999245e-01
1.600000000000000311e-01
1.550000000000000266e-01
1.500000000000000222e-01
1.450000000000000178e-01
1.400000000000000133e-01
1.350000000000000089e-01
1.300000000000000044e-01
1.250000000000000000e-01
1.199999999999999956e-01
1.149999999999999911e-01
1.099999999999999867e-01
1.049999999999999822e-01
9.999999999999997780e-02
9.499999999999997335e-02
8.999999999999996891e-02
8.499999999999996447e-02
7.999999999999996003e-02
7.499999999999995559e-02
6.999999999999995115e-02
6.499999999999994671e-02
5.999999999999994227e-02
5.499999999999993783e-02
4.999999999999993339e-02
4.499999999999992895e-02
3.999999999999992450e-02
3.500000000000003109e-02
3.000000000000002665e-02
2.500000000000002220e-02
2.000000000000001776e-02
1.500000000000001332e-02
1.000000000000000888e-02
5.000000000000004441e-03
0.000000000000000000e+00
