7.248052586787167018e-01
-3.232951132696874723e-03
4.279121712220714996e-06
-9.767969237462022386e-12
-1.809677552278318807e-11
5.202599964242993869e-14
-5.544023689435117840e-17
-6.365869453181437712e-20
-6.681497741390222802e-20
1.180471099604423165e-20
3.283103992479457500e-01
-3.518878865785909360e-01
7.769621936176403232e-02
1.346554078760022442e-02
-1.746239644275277350e-02
6.204523465519215172e-03
-3.146327183685868577e-04
-7.667132322867806606e-04
3.832837902717135706e-04
-4.744941429205012809e-05
-4.151566640814024383e-05
2.656065708311784255e-05
-4.878192079945492804e-06
-2.444191731652663454e-06
2.019191847452803743e-06
-5.198642458416009160e-07
-1.054182887119992961e-07
1.449811567884553016e-07
-4.990379954711055838e-08
2.216912986901852997e-02
-2.368391104956135695e-02
7.509391652594987407e-03
-1.774513275207502535e-03
3.500723227922137399e-04
-6.146209147972796964e-05
9.916167602119655292e-06
-1.479340115782143345e-06
1.998987905000804581e-07
-2.280857213080329632e-08
1.650711446837528900e-09
1.343866132047902131e-10
-9.542054522735052967e-11
2.807747814006751063e-11
-6.556530634451300339e-12
1.352947274984973674e-12
-2.556726160389213557e-13
4.587125785455769458e-14
-7.242849413472514282e-15
6.078276735160713850e-04
-1.144726790638363797e-03
9.575042431783433198e-04
-7.149447289010734145e-04
4.800227615715173626e-04
-2.923664844223232851e-04
1.630966386982727354e-04
-8.416999016340759191e-05
4.059272786714608578e-05
-1.847825023262256123e-05
8.017061474827493251e-06
-3.345956689553827978e-06
1.354771502480401826e-06
-5.361974713899907854e-07
2.088093993691201157e-07
-8.057873243500823948e-08
3.136811164258643683e-08
-1.354365602543658957e-08
4.481969350249125482e-09
-2.488943475464448328e-10
4.747364527721969356e-10
-4.114936378978292215e-10
3.234489435178130171e-10
-2.296342004220859236e-10
1.463215291046847365e-10
-8.287701962066706961e-11
4.110874271277726053e-11
-1.742540699743144875e-11
6.034537611462935320e-12
-1.539448125773763644e-12
1.902028654807377884e-13
5.040038634907911532e-14
-3.304657762831768262e-14
5.460895412414035152e-15
1.717603905879554105e-15
-9.952287994810007401e-16
7.600419886851042109e-18
1.073461571450452915e-16
5.631066837751151910e-01
1.629731423475552950e-03
-3.177989320400940199e-06
4.651150283283498423e-09
-3.583109731381422069e-12
-2.179459836821371509e-15
1.866713074339322044e-18
6.721426454125823680e-20
2.618343448859186468e-20
-1.628558762133126438e-20
7.472634971987597297e-01
1.643993227224522236e-01
-3.203662581403057819e-02
-4.084093911202714422e-03
6.723685750778199237e-03
-2.962614773827915507e-03
5.275217444395728997e-04
1.824187062986637616e-04
-1.703784693002662921e-04
5.358865374256314480e-05
1.521905316102795921e-06
-9.249001242624212395e-06
3.972439553461983715e-06
-2.595232931086155821e-07
-5.614676526715736890e-07
3.036000565545809886e-07
-4.177134635574159068e-08
-4.204256269335914844e-08
2.477073913375379821e-08
9.137117491188366802e-01
2.829657277025457787e-02
-4.627235429923329951e-03
7.522654288954766510e-04
-1.210366002872211467e-04
1.916489254046026979e-05
-2.965829866421237709e-06
4.444311881730977321e-07
-6.354534703869581910e-08
8.431314194993216796e-09
-9.725784291743746956e-10
7.734179873949257102e-11
3.316948713323725257e-12
-3.565455742586444253e-12
1.135247474454543645e-12
-2.822802369457458944e-13
6.226469790011552179e-14
-1.312797354424806524e-14
2.418147923983582737e-15
9.719355938043930943e-01
2.113774479263110309e-02
-7.960317772843136450e-03
2.997786201409452164e-03
-1.128931713826645047e-03
4.251361847191487261e-04
-1.600941972975430515e-04
6.028361964210176747e-05
-2.269767197017878000e-05
8.544639703618430642e-06
-3.215851561452252846e-06
1.209851808105868046e-06
-4.549160610495935192e-07
1.709303009526621502e-07
-6.418120727464305528e-08
2.412322689722971080e-08
-9.201700312884294955e-09
3.903368199615915412e-09
-1.278091009256047436e-09
9.936352281339154713e-01
6.354628226318532677e-03
1.012747368343949782e-05
1.614031845073861343e-08
2.572308630347227872e-11
4.099530578486054272e-14
6.532916510617448629e-17
1.082933215281590372e-19
-2.648579887819727725e-21
1.726054346141289739e-21
-1.035447533016261665e-21
6.074443526462465799e-22
-3.024009244811891465e-22
1.421475590475933548e-22
-6.711444337160744805e-23
2.671715531563353487e-23
-9.481505833990364890e-24
3.369467121825290606e-24
-1.815260707749706293e-24
1.158705971830038983e+00
-1.766161397851268781e-04
6.591596000561714192e-09
-5.639945086749759421e-10
5.146329376431519643e-12
-2.158734988314677566e-14
6.040673344646685954e-17
-1.099752073387970031e-19
-2.810601003849000833e-21
1.972082485864924290e-21
1.110887840806611626e+00
-5.170501040384515440e-02
1.087611134575790228e-03
4.219621242357775998e-03
-1.317501967486852136e-03
-1.475662770699595215e-04
2.333279544243961753e-04
-5.013003631629592060e-05
-2.553130862320546253e-05
2.036863109267236864e-05
-3.657253335395135295e-06
-2.553418971275950500e-06
1.975998794524987082e-06
-4.309236731138630189e-07
-1.959287924261217288e-07
1.879094984371898869e-07
-5.471838208811855475e-08
-1.720843665101874442e-08
1.651983013027959033e-08
1.045026258962350463e+00
-1.521487789537908503e-02
2.501228636049435648e-03
-3.913518477539206257e-04
5.661913103864040252e-05
-7.229279390877136032e-06
7.247514293669348021e-07
-2.795654538075486961e-08
-1.167725614080887431e-08
4.583653986381782730e-09
-1.151093409106819777e-09
2.415530879681601456e-10
-4.515034959089391956e-11
7.646401044456000480e-12
-1.163859123466682350e-12
1.526583487937390669e-13
-1.481384219517951529e-14
6.470663267932814621e-19
4.255292734997237871e-16
1.014299731081589107e+00
-1.092349165271497280e-02
4.171926805976893145e-03
-1.593138054306903178e-03
6.082134670342048471e-04
-2.320862331588471829e-04
8.848742063149684582e-05
-3.369192444306690282e-05
1.280163509003027506e-05
-4.849361263137616050e-06
1.829228529027777850e-06
-6.861353518054281699e-07
2.555212807225621824e-07
-9.431375225079215575e-08
3.444195348429491235e-08
-1.243250937409372098e-08
4.472222673302084939e-09
-1.742164704286552255e-09
5.361540028864316386e-10
1.003197616380398172e+00
-3.197616380398182918e-03
-1.503045975898230458e-19
1.327493482941030605e-19
-1.114761395988544528e-19
8.893454716311473885e-20
-6.733285862330304178e-20
4.831059797667307242e-20
-3.279012672737654540e-20
2.100650842701566040e-20
-1.266616828940677063e-20
7.162368846673211246e-21
-3.780747896792749963e-21
1.851625786955801762e-21
-8.343284666532238462e-22
3.417200907700944123e-22
-1.251880167720026379e-22
4.172896429590953808e-23
-1.024460078448666392e-23
6.828421052631579169e-01
