2.590424413559849759e-01
-2.613291991461630251e-04
1.171862346998693931e-07
-5.175625914880306132e-11
2.256795574544745135e-14
-8.010362962912326723e-18
-5.182523811898630677e-19
1.134703452536228090e-19
2.559842663266809199e-19
-2.832187831926921713e-19
1.876309381401818077e-01
-8.109942032790243283e-02
-4.594519213395979740e-03
4.797376505328106513e-03
-7.006008946314233122e-04
-8.965761938553229644e-05
5.010370892824115495e-05
-5.434272624070038201e-06
-1.311072095416930292e-06
5.048882320147973568e-07
-3.409300051713998444e-08
-1.723916081632909588e-08
4.810231810137783311e-09
-8.532001205094212766e-11
-2.085212009396055105e-10
4.188515536317228273e-11
2.114090197377326575e-12
-2.254582216006140268e-12
3.024735267050754522e-13
6.004666166692430862e-02
-3.872071047403683602e-02
6.521656587738853920e-03
-6.806933923324777133e-04
2.752965311403722117e-05
6.772680927454856192e-06
-2.126646596136176787e-06
3.704071724050696888e-07
-4.574647534051073949e-08
3.451149144018244390e-09
1.059953391137897310e-10
-9.656034408980988655e-11
2.111300699212274873e-11
-3.098358760425760835e-12
3.100647638886437071e-13
-1.042578663387769860e-14
-3.953176604021006159e-15
1.201839226262968639e-15
-2.025675452913426068e-16
4.878678580612898046e-03
-8.741582353746052761e-03
6.353166003665613321e-03
-3.831448394412670377e-03
1.967483260513041600e-03
-8.820363063014483940e-04
3.532059579958175387e-04
-1.289151008757987707e-04
4.359838635057005810e-05
-1.380803393252691424e-05
4.097703981674265014e-06
-1.119008426815410528e-06
2.640796589632779984e-07
-4.180471054335196497e-08
-5.239022035267138430e-09
9.577090811547306840e-09
-6.483451736079059132e-09
3.944087332209252666e-09
-1.516200782912383364e-09
2.445078263533828460e-07
-4.541414144636163464e-07
3.627968669170698199e-07
-2.472004482113023483e-07
1.412561766638525508e-07
-6.556537599541690909e-08
2.312505465589207235e-08
-5.130252469839132585e-09
3.928845876396728520e-11
4.321950907493031221e-10
-1.134725743046766076e-10
-2.164116283584770861e-11
1.662614889807158831e-11
4.289307069833670772e-13
-2.202528207802843264e-12
8.494997353298610073e-14
3.240192316606365860e-13
-1.482481797176651411e-14
-4.995817970745037359e-14
8.073711170935223835e-01
1.137175429190133717e-04
-4.633932284928136210e-08
2.039048294113395453e-11
-9.209780152335673085e-15
3.857655590072350830e-18
-3.669649991435788165e-20
4.135374434443996017e-20
2.614289586936133862e-20
5.710737635594898363e-20
8.403315510243897224e-01
3.809125455520493558e-02
3.045790579081051382e-03
-1.997653432872037969e-03
2.575265173910484622e-04
3.619142747609826744e-05
-1.882962193440961438e-05
2.118429649670511488e-06
4.584253047602337437e-07
-1.934934547337540994e-07
1.687913080236754358e-08
5.979890104968601121e-09
-2.009636173026039886e-09
1.064793614298681122e-10
7.692456121365902729e-11
-2.017007884747646437e-11
1.721836792563049266e-13
9.338708278440474906e-13
-1.862991272237296978e-13
9.080370185016025664e-01
2.526697399785021031e-02
-2.815432987111751370e-03
2.115677273566732525e-04
4.623174536206509500e-07
-3.744790768983943638e-06
8.424804602447970069e-07
-1.269738023721426870e-07
1.418947428287652208e-08
-9.640094267365251644e-10
-4.403355314344328150e-11
2.989637434600200089e-11
-6.442573733370074426e-12
9.754645250592334349e-13
-1.077791110416277340e-13
6.314521417918421335e-15
7.073978781474896400e-16
-3.205672077171599083e-16
6.265188611557080281e-17
9.683153906241828146e-01
2.371438418132676418e-02
-8.829040203472858159e-03
3.256972096942019855e-03
-1.183625654953947195e-03
4.206311146690417638e-04
-1.448671174431126289e-04
4.782495845782858108e-05
-1.491481004964970587e-05
4.293715039360689598e-06
-1.088923888364159906e-06
2.123092219945719052e-07
-1.012780593112835238e-08
-1.951436747217965772e-08
1.474517911328796985e-08
-7.796508168850117526e-09
3.643184458995508924e-09
-1.759763093293633066e-09
6.088854929225884636e-10
9.927800441004043241e-01
7.206900391061042514e-03
1.303190103940987561e-05
2.356467387153380330e-08
4.283948755917485537e-11
-8.084999732856134766e-14
9.995676256092281572e-14
-5.719923569401283025e-14
2.940889189267812614e-14
-1.335719891546991299e-14
5.225298849102927235e-15
-1.679974735901012764e-15
3.973047136546226306e-16
-4.219005392770432108e-17
-1.492003802227928769e-17
8.871774194480342258e-18
-1.622664773953382664e-18
-3.841612560281441532e-19
2.583246265178501573e-19
1.092367824614838501e+00
-4.141483653185232006e-05
1.095913772449402226e-08
-2.491988706772047122e-12
2.400496744428075599e-16
4.592980299314532613e-20
2.629923382300404734e-19
6.495295767394918923e-20
-1.731737097939876525e-19
6.807764873453277285e-20
1.078781021302515075e+00
-1.613854248050882248e-02
-1.819613563993622294e-03
7.518823701630790576e-04
-4.456004025878611220e-05
-1.926937401090110505e-05
4.010600513100300389e-06
1.941483468436553871e-07
-1.694831798402401372e-07
1.041517066734911238e-08
6.116961834340700598e-09
-1.137586278848390436e-09
-1.751101812342846117e-10
8.349946772967074453e-11
-2.377063107301662352e-12
-4.287142437714363412e-12
8.358768643727222403e-13
1.035947165763893488e-13
-6.325950406700481130e-14
1.047323921516112977e+00
-1.283046705826982638e-02
1.305011832381400370e-03
-6.662614474885611220e-05
-7.806804081582451439e-06
2.757577863302809121e-06
-4.457608672765285808e-07
4.629553519408660873e-08
-1.930542937904638703e-09
-4.367737853810825106e-10
1.335809628449876320e-10
-2.148878491415676123e-11
2.227319413910616695e-12
-7.710675546298266364e-14
-2.769815979005342763e-14
8.031835762221582928e-15
-1.299123191396074472e-15
1.342116432835195435e-16
-4.529799685063420150e-18
1.016162510817248732e+00
-1.226764120468304929e-02
4.621901841669081093e-03
-1.719113536090155318e-03
6.263760777699233081e-04
-2.213191925161270225e-04
7.485817834505823843e-05
-2.381392965906742052e-05
6.925813906221150222e-06
-1.735123092097582465e-06
3.087620896789222397e-07
1.001106149911255683e-08
-4.681049439006192692e-08
3.124336818522307893e-08
-1.572355514038814013e-08
6.957066335557187781e-09
-2.879630872584026476e-09
1.246398120969763656e-09
-4.046644107698677248e-10
1.003629621072864131e+00
-3.629621072701861868e-03
-3.001922188133523966e-13
2.460185228185245964e-13
-1.856094328925021628e-13
1.284673353497954286e-13
-8.116633118400354231e-14
4.647844159430207432e-14
-2.387394842965875221e-14
1.082909165768159846e-14
-4.228229193600543227e-15
1.355184369027157272e-15
-3.184224179870368200e-16
3.277885021830788498e-17
1.245648484433577348e-17
-7.215826025683293642e-18
1.289564027130374742e-18
3.226436969999232923e-19
-2.108196237412122057e-19
8.929473684210526008e-01
