9.377472126547568010e-01
-4.914759354198223367e-04
-8.251482372027893334e-07
-4.732212526423627379e-10
6.572619636441020510e-13
7.991621569791369950e-16
-2.461437963605499802e-20
3.884113276696990599e-20
3.733182298328481080e-20
-6.594072284575472545e-20
5.580706064862993587e-01
-4.660308940972575087e-01
-3.957862731780133203e-02
6.286172701275373476e-02
6.503638040441812179e-03
-1.235446581389695528e-02
-1.099436718466262255e-03
2.803390803058647147e-03
1.102259901268744740e-04
-6.512731386678311885e-04
8.696342640557571882e-06
1.537833249831345613e-04
-1.077213608496661514e-05
-3.632431384402516991e-05
4.771507559399810531e-06
8.318511358281242013e-06
-1.762136566582898758e-06
-1.395720254785031646e-06
4.376086206947520232e-07
3.684822195986781762e-02
-4.750882570299834462e-02
1.903597305630592984e-02
-5.660918048495697068e-03
1.368984893159793910e-03
-2.815080605837006291e-04
4.928751792658598197e-05
-6.781730397476859912e-06
4.260393674112572090e-07
1.560344024715074631e-07
-8.730735532040549152e-08
2.915009229246011068e-08
-7.937271600736512442e-09
1.879630975048524020e-09
-3.896597626584108811e-10
6.799636532119433498e-11
-8.407597333273894990e-12
-2.424260475706948904e-13
4.732380970483142534e-13
4.449931394427042637e-04
-8.517387583110606420e-04
7.470898636301110448e-04
-6.018397886721846973e-04
4.467008218582448867e-04
-3.067505648719046248e-04
1.958277641323413938e-04
-1.168395803180047343e-04
6.551767984934327410e-05
-3.472879005831855511e-05
1.750299415708902469e-05
-8.436280172930723704e-06
3.910914140125970900e-06
-1.753524904031364938e-06
7.647380055746968928e-07
-3.269549171508571454e-07
1.399618782740084619e-07
-6.622366820335321953e-08
2.307082335748463230e-08
-1.044875496981268075e-09
2.014591864259689589e-09
-1.804336212062696109e-09
1.499802383955537348e-09
-1.154911752845169438e-09
8.216324955743566159e-10
-5.379473193578427768e-10
3.223978678666090384e-10
-1.755288664816934997e-10
8.587681189247163837e-11
-3.713727547474556328e-11
1.381548202030875095e-11
-4.199573810466348824e-12
9.178228899884717691e-13
-7.236150503221410775e-14
-4.369627599366288556e-14
2.153097881432991835e-14
-2.720451066196617650e-15
-9.841918018508108576e-16
4.331809137124554288e-01
7.081247220115013388e-04
-2.562117630209968868e-08
-4.642461998575376330e-11
-1.416650296481839042e-13
-7.180181141680510430e-17
9.775281771448035576e-20
-1.594726795418655943e-20
-4.059627903144361943e-20
2.984999561869106784e-20
6.311083902155378844e-01
2.136117160931131076e-01
-8.465381611367457648e-03
-2.280528822202751438e-02
5.204088698079674738e-03
2.837724017529031414e-03
-9.581340453720988987e-04
-5.723593623139902652e-04
2.209068307372540139e-04
1.289818911188432028e-04
-5.618114054854035872e-05
-3.005839830674915793e-05
1.493176080752351606e-05
7.054352239964387486e-06
-4.092602456892106126e-06
-1.590786674474739121e-06
1.203299159412328864e-06
2.539151955180558063e-07
-2.851379788452054157e-07
8.708699652775011568e-01
4.199959786491595098e-02
-7.047782197251312337e-03
1.263396452831921013e-03
-2.488623987608758041e-04
5.335849419953915405e-05
-1.187278189372256434e-05
2.588267838120200613e-06
-5.240450995796913433e-07
9.214678942219029807e-08
-1.187392033697337400e-08
7.727627049820724692e-11
6.536220272282356498e-10
-3.015528853134286472e-10
9.891781799836311289e-11
-2.732663646398857043e-11
6.627509815113404234e-12
-1.446989495736405162e-12
2.536842020846690077e-13
9.575584525388787238e-01
3.173222307627334565e-02
-1.186272306156231290e-02
4.434859373475824249e-03
-1.658060229436434307e-03
6.199723196550385425e-04
-2.318707123227117621e-04
8.675827067954714768e-05
-3.248782188532562797e-05
1.218215112365700773e-05
-4.578306600624556436e-06
1.726727754304664632e-06
-6.547206555772080833e-07
2.501659748788184706e-07
-9.663870919465043365e-08
3.797363837705673319e-08
-1.550089742984655058e-08
7.244102648212982014e-09
-2.530610485212173276e-09
9.903044872420213585e-01
9.671952728634093319e-03
2.350277863528260259e-05
5.711159050322052412e-08
1.387807700058209764e-10
3.372382289182429045e-13
8.179385491589906552e-16
3.192473285118054220e-18
-8.925293439676791391e-19
6.431449759125938630e-19
-4.417989074093161640e-19
2.905250510950222862e-19
-1.825989945450587646e-19
1.094700958780550030e-19
-6.258455272467260906e-20
3.419627982621378748e-20
-1.814543418817647810e-20
1.007333020948279623e-20
-3.702342493559495495e-21
1.084707999355858377e+00
1.161597748933755505e-04
7.084882542459403367e-08
-7.997434115674307593e-11
-7.695543685377567186e-14
-6.778248062548042715e-17
1.175870618137117288e-19
-2.904023944215950636e-20
-6.421102723292293096e-21
1.422634488219536189e-20
1.102264295790063908e+00
9.614389324020110317e-03
-1.476522001183269706e-02
-4.923232702419959479e-03
3.499909021663036215e-03
1.029744082360840559e-03
-8.116088721460179610e-04
-2.385728178157379737e-04
2.048763397767555000e-04
5.360703383609576018e-05
-5.285850804051325796e-05
-1.189554028445832009e-05
1.389172487783101116e-05
2.542369461676245348e-06
-3.713170262655524509e-06
-4.883191209861960717e-07
1.055746227542303513e-06
5.840882084783618526e-08
-2.463219429147925143e-07
1.068674786901812057e+00
-2.303976085931545847e-02
3.651606091628516355e-03
-4.921409729920982017e-04
3.545776525381949637e-05
9.041633088889357203e-06
-5.599691181568952057e-06
1.908754660239430491e-06
-5.196565146475819831e-07
1.210510238076911724e-07
-2.414790586232710160e-08
3.862318310233066074e-09
-3.507473598999389388e-10
-6.209407259902586000e-11
4.733919538116899005e-11
-1.751819015913401770e-11
5.114881698751493128e-12
-1.335561380788197752e-12
2.794512867838911259e-13
1.021840379746447258e+00
-1.668437244730401267e-02
6.372679497851610649e-03
-2.433986335988730723e-03
9.295655227935879696e-04
-3.549544745089631991e-04
1.354974725715479681e-04
-5.169409100447204834e-05
1.970188622436798605e-05
-7.495791028022166368e-06
2.843670467901061049e-06
-1.073869522069666534e-06
4.026580134123113120e-07
-1.493532961069628598e-07
5.449475816174558165e-08
-1.939421615664533419e-08
6.673923156989884851e-09
-2.330867426364573638e-09
6.421274207099857864e-10
1.004883692088721192e+00
-4.883692088721268421e-03
-1.793019795902084664e-18
1.630705485184851627e-18
-1.427352128682917968e-18
1.201979133508048424e-18
-9.733485293555198177e-19
7.575075916447813992e-19
-5.661537445529681877e-19
4.059984861624159938e-19
-2.790573077008514026e-19
1.836072081039116875e-19
-1.154706664873931496e-19
6.930373353680056934e-20
-3.965584132330537975e-20
2.168721798208644738e-20
-1.153707775028313073e-20
6.407251763303716297e-21
-2.351381272664828291e-21
2.726365914786967881e-01
