9.402630546561655533e-01
-1.124547778831854090e-03
-1.731411587737072881e-06
-2.436563338126107936e-10
6.235325955295284673e-12
-2.289354736603632688e-15
-4.840517277027283101e-18
-2.643390078984856446e-19
8.093392095673168905e-19
-5.506256877746935187e-19
4.865619110564262662e-01
-4.917579035085232197e-01
3.166890070097053839e-02
6.502353109855404933e-02
-1.848043708132517809e-02
-8.983413699060902036e-03
5.823902592436708790e-03
7.535670576407943900e-04
-1.570830216765235592e-03
2.154756027045565841e-04
3.275958458428348706e-04
-1.378185886241233482e-04
-4.546539388949830807e-05
4.654592404684889425e-05
-1.065778041580055037e-06
-1.151938003946230327e-05
3.841241740501525630e-06
1.762998209946416235e-06
-1.350234163891467821e-06
2.352799236852454526e-02
-2.979802830318839871e-02
1.167563184592457573e-02
-3.407891015094986157e-03
8.181019161464338956e-04
-1.711255580550758901e-04
3.213615824985932801e-05
-5.437042687964639389e-06
8.004297848414087928e-07
-8.894492075239888707e-08
1.597601247040294136e-09
3.123380308511161295e-09
-1.307556109687766845e-09
3.860428533861443029e-10
-9.735973806466429283e-11
2.208995534413445567e-11
-4.579493429615463715e-12
8.850046163374553509e-13
-1.445614113997692074e-13
3.143736801880426699e-04
-6.008156924099057649e-04
5.246452178330786309e-04
-4.195971278405345598e-04
3.084304745947585120e-04
-2.093137723365777827e-04
1.318285372982847881e-04
-7.749388922491115084e-05
4.277266468207600430e-05
-2.230370763543963156e-05
1.105564363295478270e-05
-5.241504849125962095e-06
2.391101898622469021e-06
-1.055700629558403045e-06
4.537618465571040854e-07
-1.913733622324429852e-07
8.086651982268202815e-08
-3.778520189686390720e-08
1.307305816375225836e-08
-6.159702719678497082e-10
1.186421006168759215e-09
-1.059318408542072631e-09
8.759165770385445934e-10
-6.694072071745438094e-10
4.714290266859999467e-10
-3.046453359044338320e-10
1.795685870402520548e-10
-9.572874343218616010e-11
4.558686979192782581e-11
-1.902211575415940754e-11
6.729644727343292705e-12
-1.887898084480898372e-12
3.459126361700990526e-13
2.167400343458072372e-15
-2.844147926517986755e-14
9.665055366199257270e-15
-2.720607798805759596e-16
-7.621449351111888541e-16
3.949840130696734009e-01
1.227880825526211830e-03
-4.855973061166003607e-07
4.257769297443541712e-11
-1.107792930547882941e-12
1.146706175498404044e-15
8.048786137170234730e-19
-3.224549092246532345e-20
3.518946027130325229e-20
-1.092241225918720230e-19
6.325335272578114232e-01
2.341960374755219509e-01
-3.059700695622928276e-02
-1.850808403496419230e-02
1.130621936869583531e-02
-5.289047224666515706e-04
-1.784199458532493210e-03
4.722034215531476192e-04
2.882618892318249441e-04
-1.701376370718074994e-04
-3.326493134809922693e-05
5.062346606147216362e-05
-3.407624532379560802e-06
-1.243102902506569822e-05
4.006439349334622691e-06
2.363358005833708402e-06
-1.813738435794593218e-06
-2.604700563356390226e-07
4.959209127867979290e-07
8.754212234528289116e-01
4.027909927322224914e-02
-6.586742351334827147e-03
1.104461428858814504e-03
-1.929097425588473702e-04
3.538740510639821379e-05
-6.765481518559399977e-06
1.318500591990534180e-06
-2.545739462586314020e-07
4.724952633651434871e-08
-8.126730384942822046e-09
1.212731689425333319e-09
-1.277422334571706589e-10
-3.658117593436665147e-12
7.612555771382094170e-12
-3.029154263893743099e-12
9.130236159394862012e-13
-2.515485977263834420e-13
5.653844204372486331e-14
9.590321449066372406e-01
3.065361678933659767e-02
-1.146811834065929007e-02
4.290499909181839759e-03
-1.605221443566156887e-03
6.005997182507382369e-04
-2.247399632665692698e-04
8.411222752149624205e-05
-3.149099794415639349e-05
1.179683512546488780e-05
-4.423366897227598133e-06
1.661017893894884658e-06
-6.250862572870927869e-07
2.359776333406382067e-07
-8.949855481280255552e-08
3.423026000274340699e-08
-1.343228939650331767e-08
5.945910959964204101e-09
-2.005409536777940460e-09
9.906481303732174171e-01
9.329957064786020132e-03
2.186121821266607580e-05
5.122347921120149660e-08
1.200228084871173909e-10
2.812285602244278842e-13
6.584706192522205209e-16
1.915001211711333636e-18
-2.711295924845857307e-19
1.949536829227169082e-19
-1.322834115405134983e-19
8.583067596237876411e-20
-5.310258581411599107e-20
3.130379683454981776e-20
-1.753603694909244388e-20
9.330865556201108687e-21
-4.822967456620731411e-21
2.575478637762038661e-21
-9.216096412023988135e-22
1.147355026295280300e+00
1.204073791841485248e-06
3.444172252884342022e-07
-8.160651853804067267e-10
3.693755905162632275e-13
-8.596495999736727031e-16
4.206364731748674591e-18
4.617374331841660012e-20
1.285718875577780384e-19
-9.780187613311782154e-20
1.131059249966292812e+00
-2.821406670527757884e-02
-1.332320414730241154e-02
1.807926547674053308e-03
3.317606083165848627e-03
-8.716125835782060662e-04
-7.736665103129478256e-04
4.205835117517549402e-04
1.078633832491347598e-04
-1.408564931051711918e-04
7.462956374335044611e-06
3.530639046943560415e-05
-1.085745069505250439e-05
-6.690258426430966859e-06
4.604436502250308373e-06
6.998101154688407943e-07
-1.494051814917330465e-06
4.215075678276105305e-08
3.416755216849599471e-07
1.066420141038540770e+00
-2.257180470672169592e-02
3.748917069276822608e-03
-5.891963734570947317e-04
8.179515237968212676e-05
-8.160923008584878476e-06
-1.680760606961488061e-07
4.037484637395319546e-07
-1.504394898311968607e-07
4.173994189093485641e-08
-9.949251769512492806e-09
2.118242382882145999e-09
-4.042960687903440570e-10
6.730574552567703147e-11
-8.835791796309815704e-12
4.989301702911184342e-13
2.090328724437737470e-13
-1.189537249296971883e-13
3.519611922105228899e-14
1.021056004333970924e+00
-1.608526537963739927e-02
6.143929616339278456e-03
-2.346689560315555565e-03
8.962867836144039870e-04
-3.422962325547084178e-04
1.307036886451731924e-04
-4.989378627459123736e-05
1.903628878950668077e-05
-7.256777247669386283e-06
2.762494044228309487e-06
-1.049350806572410594e-06
3.973126176467540377e-07
-1.497266076525570199e-07
5.605527436633195852e-08
-2.082140040511581452e-08
7.735195259922785487e-09
-3.125478270985235588e-09
9.848400912814980565e-10
1.004708280266503939e+00
-4.708280266504092683e-03
-6.493261025562325351e-19
5.889263171003872588e-19
-5.134916487852081856e-19
4.302406397216076545e-19
-3.462358293553372488e-19
2.674436941176556422e-19
-1.981268073916022059e-19
1.406306110503475885e-19
-9.552783961359347264e-20
6.201248536113250904e-20
-3.840604069377098625e-20
2.265036073982715082e-20
-1.270060613647191101e-20
6.780074867228510047e-21
-3.500466226317527639e-21
1.877247893243997115e-21
-6.749105320188060632e-22
3.551779448621553703e-01
