9.305988707696142281e-01
-1.455192937473740952e-04
-2.069708180581014664e-07
-1.249647932011765757e-10
-1.324707063674921701e-14
3.348726463358804006e-17
-6.806665087596115918e-21
1.263339171595941772e-20
3.088473019752638977e-20
-2.458488767357671806e-20
6.862212222717359866e-01
-3.491138796830060564e-01
-1.095152194043127469e-01
9.627036439432988535e-03
1.911496786539136281e-02
3.536320680074934216e-03
-2.542015858055252618e-03
-1.289633429081613221e-03
1.529006177472874088e-04
2.869437663441338289e-04
4.226176121539417907e-05
-4.586378087372813741e-05
-1.994975758780990027e-05
4.146292866217734656e-06
5.050940050054063161e-06
4.095121784103010441e-07
-8.934081769916177706e-07
-2.099199011649065693e-07
8.923009764807785838e-08
8.572026865298634779e-02
-1.110960204348047237e-01
4.415751369494742840e-02
-1.255370921539108488e-02
2.646419600655371910e-03
-3.540658511670212298e-04
-1.540092028777568123e-05
3.082223469908491171e-05
-1.314415604515129785e-05
3.940081826024350200e-06
-8.980927199667906809e-07
1.330820792167828583e-07
4.583662865846485057e-09
-1.255642018335632703e-08
5.771047408549312234e-09
-1.835706238721131896e-09
4.408246093991294838e-10
-6.596875263758791732e-11
2.142865581047920201e-13
9.728387053304228234e-04
-1.864477109424562745e-03
1.641658429583422703e-03
-1.330653148900847165e-03
9.957830482320499492e-04
-6.906176810052005056e-04
4.458676992710479316e-04
-2.692827082300526488e-04
1.529339112263953181e-04
-8.211868542469658971e-05
4.191786745688800338e-05
-2.045304384232642203e-05
9.590881276000240763e-06
-4.345064994251010573e-06
1.912110792964996316e-06
-8.235634464122380222e-07
3.544592917768974359e-07
-1.682331567598631506e-07
5.866354564851372188e-08
-2.536673938984990518e-09
4.896117725881088327e-09
-4.399347842742746870e-09
3.676967155172105074e-09
-2.853877101053899216e-09
2.051850499284841828e-09
-1.361752270926318164e-09
8.302066141644226633e-10
-4.618369200659154484e-10
2.322011287096164971e-10
-1.040371683431074389e-10
4.062004887392778099e-11
-1.327924399642979291e-11
3.328430896231742268e-12
-4.667001480503281334e-13
-6.820125547087138702e-14
6.256611603005935925e-14
-1.415566180977082784e-14
-6.259195253093213432e-16
5.145885097844284939e-01
3.180729608840571362e-04
3.751478561657389359e-08
-1.336976783068202545e-12
-8.020157163898847467e-15
-7.064654944658213020e-18
7.698374874528619724e-20
1.796532155550179633e-21
-5.339602166999873264e-20
3.047262960559609740e-20
6.538137958266673211e-01
1.700603163441885557e-01
2.032714008940682618e-02
-1.475374884125611914e-02
-3.739233224144137072e-03
9.102730497048562965e-04
8.958690943776313450e-04
8.784463151438080884e-05
-1.460178008693352534e-04
-5.956811111118832079e-05
1.259328615265066185e-05
1.593188630566553461e-05
1.897333349413526761e-06
-2.831337581831710710e-06
-1.200186841900836458e-06
2.822701226612243770e-07
3.364696215198725557e-07
2.835211280772645100e-09
-5.790186873131785947e-08
8.808792715166025022e-01
4.183667958264821601e-02
-8.626948921783764504e-03
2.180458986986709511e-03
-6.092037489046584495e-04
1.620727482812053116e-04
-3.614157632793583324e-05
5.347682436000111684e-06
2.548128178769741769e-07
-5.716932420140006212e-07
2.679278174347221504e-07
-8.777011105959080941e-08
2.196361725716927885e-08
-3.744227762395613440e-09
4.618816171153840005e-11
2.926469374836633106e-10
-1.524939258711844165e-10
5.536053919442369543e-11
-1.380464452942996438e-11
9.616955567199957366e-01
2.870125005917506522e-02
-1.075353440773815783e-02
4.029677922640924337e-03
-1.510561423124156914e-03
5.666503116446701708e-04
-2.128644363828414293e-04
8.017635510477574335e-05
-3.034374231942910815e-05
1.157828101238491116e-05
-4.476500995840904398e-06
1.765360670388772157e-06
-7.155826972135415543e-07
3.003317777861431143e-07
-1.312577492208521803e-07
6.009353835435668375e-08
-2.941791151451775001e-08
1.674353484474954290e-08
-6.497471188117303040e-09
9.912681223226459393e-01
8.712773838995270873e-03
1.906204246412502849e-05
4.170445253901961933e-08
9.124211538528594278e-11
1.996345316969920089e-13
4.265285087421938989e-16
8.961321948075872020e-18
-6.034512228493575884e-18
4.373556935145882007e-18
-3.041601616395181352e-18
2.028173894690340636e-18
-1.295010737329536076e-18
7.908741543506633132e-19
-4.616484293057658541e-19
2.585305741340918544e-19
-1.415831456218572628e-19
8.128762179590429660e-20
-3.038429560605248319e-20
9.852027275734339673e-01
1.323255265101663889e-04
1.309821008696535742e-08
-2.669931828519264107e-12
-5.534220974624135435e-15
-4.541720176200520808e-18
1.933700543787861276e-20
2.011994299544560027e-20
-1.413681646668115831e-20
4.522479811458663877e-21
1.033157069925062732e+00
5.441504784321401361e-02
-1.921337911321319581e-04
-8.497642007300363134e-03
-1.278174910556728302e-03
8.801085639549577084e-04
4.984336408087777347e-04
-1.978429821572186056e-05
-1.046916659350509226e-04
-2.674277671189009261e-05
1.394593040973333005e-05
9.629933197734599431e-06
-2.085395398931083188e-07
-2.112765403291090376e-06
-5.492748788093748228e-07
3.084278994064488838e-07
2.079075309698039147e-07
-2.331606081948888609e-08
-4.342171665065838265e-08
1.060166780900151151e+00
-1.797597798946287337e-02
1.560983660349350016e-03
3.977285811825196152e-04
-2.986609086670319346e-04
1.146476480780014899e-04
-3.269196902786169183e-05
6.945983367261160145e-06
-8.049462797685762755e-07
-1.602065764444489312e-07
1.436859777789573887e-07
-5.801402241731237380e-08
1.704003656868485856e-08
-3.712192046139967060e-09
4.445451898425461264e-10
8.588956472607578081e-11
-8.055563581317897620e-11
3.564930745696190770e-11
-9.989756972686839810e-12
1.019653600606814647e+00
-1.501306524396476064e-02
5.733648751871743728e-03
-2.189328744850204019e-03
8.356345840135085898e-04
-3.186877771377427822e-04
1.213433030067418968e-04
-4.606269792282896591e-05
1.738946478267681199e-05
-6.501053662597160073e-06
2.389545647286727685e-06
-8.527971694089753671e-07
2.886715719024677973e-07
-8.803116542896586564e-08
2.060199964055085994e-08
-2.767077429367083427e-10
-4.522731566042125559e-09
5.015671849933515855e-09
-2.385432525745264173e-09
1.004394863507317659e+00
-4.394863507317593038e-03
-1.004794031079958023e-17
9.164560794616923593e-18
-8.054187915234317633e-18
6.818140920601208403e-18
-5.557224125681309225e-18
4.358753908422791104e-18
-3.287685031200638492e-18
2.382824825477314697e-18
-1.657871398319307454e-18
1.106050858718817583e-18
-7.066555750719519193e-19
4.318192042698679728e-19
-2.522738869746011555e-19
1.414143344590942265e-19
-7.754424164137423383e-20
4.457110224050906660e-20
-1.667874739929586152e-20
1.025513784461152822e-01
