5.631704787097741027e-01
-1.999447882068016834e-03
2.831694763071196600e-06
-3.165942382462852294e-09
1.917743747904650140e-12
2.628275638533052581e-15
-1.230250251720817804e-17
-5.785109066867217213e-21
2.362283482795541180e-21
4.937842140473222072e-21
2.850859536896485635e-01
-2.610437077583626642e-01
4.108400774198678329e-02
1.343187767169811038e-02
-1.035925046026589698e-02
2.761965831323957496e-03
5.438867930079842062e-05
-3.381405166465738959e-04
1.272736227675664515e-04
-1.012276905415723945e-05
-1.115153698317030517e-05
5.468653049032588837e-06
-7.053876804799465964e-07
-4.202457450690812457e-07
2.518780178101681769e-07
-4.236690433175997588e-08
-1.630461031879553134e-08
1.154019149574595662e-08
-2.524184722337983607e-09
3.098654315342717208e-02
-2.954488205791800173e-02
8.212370646613282102e-03
-1.699526012588868781e-03
2.931883895660733551e-04
-4.445216384013967777e-05
5.963147273591442011e-06
-6.708465746342892553e-07
4.906368165798549947e-08
2.932213513593701342e-09
-2.291474898767888896e-09
6.464970101042661256e-10
-1.414963472371488241e-10
2.688007896004512031e-11
-4.574241643201716220e-12
6.978489917985222287e-13
-9.269152652546624155e-14
9.565348026191387710e-15
-4.484180930273780149e-16
1.195487702423712363e-03
-2.226969256840035435e-03
1.804732673732872741e-03
-1.282668628599779913e-03
8.084380807965031420e-04
-4.576667880191027894e-04
2.358506087571935936e-04
-1.121403506418726815e-04
4.985114833865548079e-05
-2.098533102054248218e-05
8.465913929914069399e-06
-3.308402383425841388e-06
1.263895694845709173e-06
-4.754075075118909178e-07
1.769922462945222429e-07
-6.552726422989705679e-08
2.446431967763399334e-08
-1.007906676983772278e-08
3.236716583145964358e-09
6.665104173500418285e-10
-1.262455515265553493e-09
1.071246731827905071e-09
-8.117057194718823426e-10
5.458390367506288062e-10
-3.224822732347556360e-10
1.646785854198317694e-10
-7.069759364029887500e-11
2.418986030162677937e-11
-5.774678329052719742e-12
4.659465097601555215e-13
3.039340872652202375e-13
-1.351436703731901527e-13
8.285585454011499534e-15
1.175275378378669646e-14
-3.375369407218062659e-15
-7.244996788972213612e-16
4.448432315437695888e-16
2.805147336529002153e-17
6.606199065422736494e-01
8.824858934031456440e-04
-1.415097733218559006e-06
2.101723472277952016e-09
-2.660834162402006221e-12
2.508481495430263489e-15
-7.923910186428095384e-19
-3.876273045072274271e-20
2.680063247180738935e-20
-8.280135543745437126e-21
7.836318956214800568e-01
1.176248548266535660e-01
-1.487930057918905938e-02
-5.224214717564291434e-03
4.027288614810596058e-03
-1.227780491584294469e-03
7.488058361298077900e-05
1.150095462199602904e-04
-5.962268919054987095e-05
1.165899442559960710e-05
2.378990734874823316e-06
-2.430683834605614041e-06
7.031961683119471662e-07
1.878764999690842254e-08
-9.615698785275204542e-08
3.588782872573225889e-08
-1.981360632956623081e-09
-4.169848025618165534e-09
1.816876529188726573e-09
9.163574295978670348e-01
2.716038208217353908e-02
-4.322307523352920955e-03
6.658279209727156452e-04
-9.806378235540414736e-05
1.361871800558116088e-05
-1.743540459734884969e-06
1.953028748788031991e-07
-1.605945486633909546e-08
-8.050521420998322831e-11
4.593198298649119860e-10
-1.457667401878870028e-10
3.441486183728140751e-11
-7.078214323333734786e-12
1.326859982524660335e-12
-2.298793344610592423e-13
3.673539591671738457e-14
-5.386934413143921663e-15
6.660118123891752173e-16
9.727319928073352440e-01
2.054480855428181610e-02
-7.738931443761010685e-03
2.914603276760492981e-03
-1.097301002454347668e-03
4.128614778860973831e-04
-1.551827077395503886e-04
5.823806165046046683e-05
-2.180702288229329909e-05
8.140693468939832461e-06
-3.027060643472531576e-06
1.120188062512948103e-06
-4.122015950002923991e-07
1.507182548952772787e-07
-5.473468973542317142e-08
1.976023626789292213e-08
-7.172037443160730895e-09
2.856642662211398744e-09
-8.965038140494192313e-10
9.938180529577812505e-01
6.172378135242928034e-03
9.554095464188548043e-06
1.478858523173465788e-08
2.289094327591157936e-11
3.543207873200391171e-14
5.508742612641031445e-17
-7.976219902453937703e-20
1.048337847475212184e-19
-6.208150621417703767e-20
3.411122139300001794e-20
-1.726353590488111909e-20
7.975397402456468716e-21
-3.328539297941338251e-21
1.226943759222538695e-21
-3.789727859241561076e-22
9.587392958912668016e-23
-1.232361039589807359e-23
-1.867048054775978704e-24
1.135798315059484809e+00
-1.426393453789390317e-04
-5.267632187380448011e-10
1.874595662802827702e-10
-2.452000239571308003e-13
-3.241476988292948899e-16
2.531765788545031935e-18
-1.621095412003231304e-20
6.603190448209236675e-21
-2.191732887324024550e-21
1.098743339456719870e+00
-4.047025223034300678e-02
-2.127602839249999821e-05
2.928440022982566841e-03
-7.797352899205278395e-04
-6.582089979752997271e-05
9.845754795224653398e-05
-1.949536926281608345e-05
-7.050100700751686741e-06
5.115441845049985361e-06
-8.139398273753915579e-07
-4.455756847524216013e-07
2.903872903980579038e-07
-4.708465664995472840e-08
-2.464429060727340459e-08
1.698809479405546662e-08
-3.249309556724100827e-09
-1.511329849782468400e-09
1.016883303140758593e-09
1.043436117388033768e+00
-1.436585741995866083e-02
2.245581106937608908e-03
-3.200229635990871802e-04
3.943023291768263882e-05
-3.680669997046383185e-06
9.767175550383577797e-08
6.462083755871370296e-08
-2.188824652234233497e-08
4.919558527430017443e-09
-9.155119889972066158e-10
1.478821125118090748e-10
-2.055390087009753961e-11
2.269294981892061554e-12
-1.279227098787349168e-13
-2.525565052002336448e-14
1.188817129609299580e-14
-3.210274549256590863e-15
6.454901297525201732e-16
1.013885395790380173e+00
-1.060490224484800931e-02
4.048464247256517226e-03
-1.544562865962605634e-03
5.886057849325650919e-04
-2.238667190570603417e-04
8.487573963915958763e-05
-3.202688381029526835e-05
1.200384617079603790e-05
-4.458514236324927065e-06
1.636796273054030616e-06
-5.922496955829880860e-07
2.105606876650877868e-07
-7.329490261981668744e-08
2.486926465708150815e-08
-8.174779626888663501e-09
2.588099940842868018e-09
-8.277427612578762575e-10
2.144415065339182166e-10
1.003105364331055460e+00
-3.105364331055580299e-03
-1.341251700146883346e-18
1.161981895547302118e-18
-9.494054239913895440e-19
7.306745143089783027e-19
-5.287795869881287453e-19
3.590261935976527562e-19
-2.280365688886791867e-19
1.349737459110373465e-19
-7.407558261792028192e-20
3.744100340303006794e-20
-1.726610464374777211e-20
7.166000036064900082e-21
-2.619735643605181074e-21
8.117737890404629138e-22
-1.947853685280721658e-22
2.373014196774264676e-23
3.214941285316531544e-24
7.778897243107769643e-01
