9.313536032104110518e-01
-1.668908843827315944e-04
-2.439221983542788447e-07
-1.498973791794741399e-10
-8.365505143586727895e-15
5.103282313563127870e-17
9.546045735016661291e-20
5.684487696892884187e-20
-5.781353473871807742e-20
2.625115069185248024e-20
6.703526654991852629e-01
-3.674618815228683499e-01
-1.062544653091179875e-01
1.674436895203720507e-02
2.049948867061173602e-02
2.024298298844909652e-03
-3.353858026266210920e-03
-1.122969437767713276e-03
4.026397599634768515e-04
3.117662281411555944e-04
-1.254825642386624683e-05
-6.605835554268390034e-05
-1.194401729351099662e-05
1.102352107790574812e-05
4.912659318516848930e-06
-1.274475529384726489e-06
-1.343539727893322598e-06
6.367453816855539848e-08
2.576966048761129126e-07
7.728184234068298519e-02
-1.002781059067088254e-01
4.006128668180754249e-02
-1.154951668347828538e-02
2.528397109245165367e-03
-3.867379957073587482e-04
1.230636185760027240e-05
1.933188061506266352e-05
-9.634136852996496217e-06
3.137104739096742106e-06
-7.932442478145416916e-07
1.502560481800927912e-07
-1.377855395957429440e-08
-4.497575704804266205e-09
3.200034137155462770e-09
-1.211335271303617101e-09
3.452055351373329750e-10
-7.614001025327158914e-11
1.106373347462192609e-11
8.774682002990408713e-04
-1.681524860407841108e-03
1.480126621746938017e-03
-1.199147835923605526e-03
8.968053137881953820e-04
-6.215054852800180538e-04
4.009140576816272602e-04
-2.419202846084412401e-04
1.372723217512217448e-04
-7.364597903145978809e-05
3.756311677974989813e-05
-1.831544879518991504e-05
8.583632609884561896e-06
-3.887160600566089099e-06
1.710259636700778170e-06
-7.366768742038045370e-07
3.172122821311192038e-07
-1.507033678709789698e-07
5.258923421058407421e-08
-2.285748886436884469e-09
4.411329192370795399e-09
-3.962470180281623403e-09
3.310017699417440065e-09
-2.567054430557518727e-09
1.843703961911997601e-09
-1.221970631741523298e-09
7.437300619310253608e-10
-4.128569881447933677e-10
2.070227869370766932e-10
-9.243837757763356614e-11
3.592524544182813331e-11
-1.166521790403340441e-11
2.888968328266917316e-12
-3.899044434977255895e-13
-6.615891932121391607e-14
5.563609922624195529e-14
-1.200928472387689805e-14
-7.671461030778312092e-16
5.044414943615904701e-01
3.475338637310740981e-04
3.893076445945228040e-08
-3.065897064523513608e-12
-1.124233512272197448e-14
-9.734054864873793878e-18
5.624656170605370745e-20
-3.029483727743932549e-20
-4.516747102585697125e-20
4.715876269225017234e-20
6.501205720078998551e-01
1.756658508711728683e-01
1.771144294804212135e-02
-1.645422876869854015e-02
-3.243139747297981660e-03
1.408599531915252908e-03
9.229315850164954149e-04
-3.118144943313350955e-05
-1.893848385916032371e-04
-4.207677000411592417e-05
2.894564637238976684e-05
1.629920315466656236e-05
-2.140432287320789794e-06
-4.090932486198343330e-06
-5.561260549270716550e-07
7.797577197513966539e-07
3.381207857701141516e-07
-1.013269432997618198e-07
-9.189447856285927208e-08
8.786878398284254654e-01
4.183450812237170940e-02
-8.258324869082414588e-03
1.974018775315577491e-03
-5.323349007294296033e-04
1.414214328522892493e-04
-3.293238152680018620e-05
5.769196417866542436e-06
-3.185698308560747512e-07
-2.965365774786703932e-07
1.738355671156118842e-07
-6.340027093914233938e-08
1.785027123474844946e-08
-3.858892608306392719e-09
4.990426358453400370e-10
6.079091046912864675e-11
-7.129601343348657946e-11
3.332332917737749264e-11
-9.707170070283904225e-12
9.607813449477353718e-01
2.937215377268214897e-02
-1.099946193775896454e-02
4.119657460567208163e-03
-1.543362416030670580e-03
5.785189237868340086e-04
-2.170942304137593397e-04
8.163739810643932558e-05
-3.081571098803814025e-05
1.170772667489560577e-05
-4.495173060014852584e-06
1.753851632623971204e-06
-7.000484236301355188e-07
2.878742421690439851e-07
-1.227440873129084779e-07
5.467600100375450963e-08
-2.601544690258330841e-08
1.442280119814827083e-08
-5.528567131503511504e-09
9.910555220286976219e-01
8.924431547562700073e-03
2.000149556103660045e-05
4.482748538856327598e-08
1.004676475843729061e-10
2.251788495528827501e-13
4.964567784860449453e-16
7.550397022589661623e-18
-4.833498387297792579e-18
3.499844117426081625e-18
-2.430996076501475743e-18
1.618868822632556273e-18
-1.032078163871168262e-18
6.290818665040739543e-19
-3.664925052887653448e-19
2.047655671025783956e-19
-1.118433369301192589e-19
6.393041360619586680e-20
-2.384884318107278837e-20
9.964628425632026110e-01
1.348818421868040447e-04
1.476650686994878721e-08
-3.886407144897195672e-12
-7.721307313140772902e-15
-6.306234856065176728e-18
5.950072216391318084e-20
-1.213180844151025497e-22
-3.271261145690687926e-20
1.324111293714907372e-20
1.042461282883061502e+00
5.080731871989272591e-02
-2.409217410740050001e-03
-8.844125038008080614e-03
-8.157939468265812096e-04
1.146144625498976598e-03
4.656736094137705305e-04
-1.027574734778683547e-04
-1.224327326037368262e-04
-1.037206517734319273e-05
2.352190342561535428e-05
8.239362732919291806e-06
-3.060442758569596887e-06
-2.577660470698010919e-06
3.213729292037839600e-08
5.852106787933847473e-07
1.531685143024323170e-07
-8.957724006345715979e-08
-5.389634843563185728e-08
1.062047514379995894e+00
-1.909958377282177863e-02
2.021922673513180772e-03
2.058682289744668300e-04
-2.297810399774207889e-04
9.473409360408711899e-05
-2.855976667633891605e-05
6.669229016262512281e-06
-1.063433928983932631e-06
7.316810740476703851e-09
7.809701256889970485e-08
-3.872338146185177637e-08
1.290921163115842421e-08
-3.318276395851533648e-09
6.206504319910790260e-10
-4.432224524098429090e-11
-2.781086836373450454e-11
1.915665404796108126e-11
-6.372727536554175758e-12
1.020135448651792176e+00
-1.538134017904773353e-02
5.874467855052236016e-03
-2.243249209660880348e-03
8.563419522718073535e-04
-3.266875669213531626e-04
1.244690861367691215e-04
-4.730899418993600583e-05
1.790308734183967761e-05
-6.723203450273024003e-06
2.491682780676997867e-06
-9.029102665052997698e-07
3.147040070915417184e-07
-1.021240406582981724e-07
2.842866128709480013e-08
-4.706911163843493921e-09
-1.921573072748219325e-09
3.306110760631938221e-09
-1.680470594581905439e-09
1.004502573128811083e+00
-4.502573128811145076e-03
-8.204316599862025995e-18
7.480895636454187175e-18
-6.571880366125507997e-18
5.560424198729531021e-18
-4.529187869961402194e-18
3.549682059426180821e-18
-2.674997778153285103e-18
1.936731499699151540e-18
-1.345878346251963099e-18
8.966760860080563705e-19
-5.719966800071144684e-19
3.489147617978981500e-19
-2.034243920180351165e-19
1.137552388760680438e-19
-6.219307257857830940e-20
3.562936627600995484e-20
-1.330812859321419621e-20
1.325664160401002212e-01
