9.297263329430488499e-01
-1.234721474565015850e-04
-1.696704691095314357e-07
-9.986321003167590871e-11
-1.514269193709912217e-14
1.938797373922751317e-17
3.546641353558594668e-20
7.860356027194942872e-20
-1.064427486864063806e-19
3.453305008189629413e-20
7.055695020989029009e-01
-3.255229773656493353e-01
-1.113377061225321457e-01
1.567335768921652257e-03
1.666625453097496379e-02
4.810014442737162513e-03
-1.490775082675698708e-03
-1.276964189034750534e-03
-9.887355366574984413e-05
2.077294280731778735e-04
7.818307902571364632e-05
-1.673407985150838692e-05
-1.974101220753294751e-05
-2.499581331140726799e-06
3.080630112487421464e-06
1.386314285943767720e-06
-1.556345398699088444e-07
-2.789404910728511492e-07
-6.611049024671656214e-08
9.723379731091076617e-02
-1.257222880530135811e-01
4.954581797842746299e-02
-1.377111623660579216e-02
2.725708497080032381e-03
-2.754658014122475106e-04
-6.437694224726116720e-05
4.916996523336893002e-05
-1.819019188787431401e-05
4.868708284312526836e-06
-9.111155150998551309e-07
5.205314326763550371e-08
4.867325170363014927e-08
-2.822574520154973175e-08
9.903668607392725672e-09
-2.547450820723107085e-09
4.263162193261572664e-10
2.023805635600941243e-11
-3.677930301257886400e-11
1.106372640615466488e-03
-2.120626996681188991e-03
1.867784796586155482e-03
-1.514700659477751822e-03
1.134258637789792084e-03
-7.872654988332949749e-04
5.086956303388265798e-04
-3.074979065321553867e-04
1.747887402361021723e-04
-9.392980891347168918e-05
4.798113149336468602e-05
-2.342501774746516284e-05
1.098890474518881434e-05
-4.979313980985333325e-06
2.190987895187185911e-06
-9.432090317718988672e-07
4.055100400787483047e-07
-1.920990135667069427e-07
6.689594294986041141e-08
-2.874469692313830105e-09
5.548796540425748622e-09
-4.987675158086814203e-09
4.171340834825987967e-09
-3.240542804546456089e-09
2.332688412747687909e-09
-1.550553298751986499e-09
9.471676717200605719e-10
-5.281955514064084847e-10
2.663858491366711479e-10
-1.198279118194672089e-10
4.703482350949826992e-11
-1.549601218491791248e-11
3.937198093143913835e-12
-5.753531299315283845e-13
-6.990443337920128544e-14
7.190765487097507702e-14
-1.715603202301434250e-14
-3.954084553119954563e-16
5.270113583366885512e-01
2.862074526680374051e-04
3.515454685088266601e-08
8.335271190931065425e-14
-5.299881153713709674e-15
-4.340184063866015122e-18
-1.392316841560985819e-19
-8.385208032081157844e-20
-1.546222395069430282e-20
7.585181453667192345e-20
6.585443184970248831e-01
1.630632498824670651e-01
2.310783749205449697e-02
-1.255903413636427768e-02
-4.071444703075266860e-03
3.390647834437825366e-04
7.794822749420735183e-04
1.889945384960706513e-04
-8.216773163210990482e-05
-6.290153045545459915e-05
-4.338965847770285593e-06
1.111243380949644923e-05
4.454430058522317417e-06
-8.244097021296831126e-07
-1.169390007259164385e-06
-2.011085947012634085e-07
1.640616533622701306e-07
7.287509147977987777e-08
-1.692997957350948564e-09
8.838519526068272514e-01
4.195598650652940936e-02
-9.203150167365456782e-03
2.489726629920128911e-03
-7.189298730612462239e-04
1.884772541620223388e-04
-3.845486206014755829e-05
3.657261222612617697e-06
1.468114264728449861e-06
-1.070374771325405935e-06
4.175430227717585280e-07
-1.187733651128464555e-07
2.370164757538269096e-08
-1.560743184744869118e-09
-1.315183798895661122e-09
8.125234006806746741e-10
-2.973381527670401331e-10
8.047497542174606519e-11
-1.443793143268414243e-11
9.629641619138685771e-01
2.776927125030895921e-02
-1.041156039560648533e-02
3.904452298832606760e-03
-1.464893007369771991e-03
5.501346743383406755e-04
-2.069939232061138938e-04
7.816331898152330054e-05
-2.970567675833255171e-05
1.141317786687062813e-05
-4.461573044301308074e-06
1.789021140842905747e-06
-7.422372065401292305e-07
3.208572434380354460e-07
-1.450610018255978866e-07
6.880789225201348601e-08
-3.486680814913066761e-08
2.045039023988987493e-08
-8.043603212638052522e-09
9.915628285875727199e-01
8.419336887704416406e-03
1.779682603729166893e-05
3.761899795806335271e-08
7.951916033995758995e-11
1.681042422466208823e-13
3.420125543260717834e-16
1.118499419395781012e-17
-7.872696129215339367e-18
5.712945564490688616e-18
-3.977624767044693572e-18
2.657826153121163309e-18
-1.699173949063921150e-18
1.040600645980784565e-18
-6.082097425292395764e-19
3.421500877521884131e-19
-1.875144662109581818e-19
1.085580129010451939e-19
-4.039148367186703688e-20
9.717391287924461718e-01
1.285524768547839430e-04
1.154786818442370061e-08
-1.689639735454688204e-12
-3.702460212355277331e-15
-2.957799928492117597e-18
1.219654462561796596e-20
7.717431163907097353e-20
2.890053188697386244e-20
-5.477201540412588114e-20
1.021505177517853191e+00
5.807666964700470419e-02
2.456415337115041165e-03
-7.842207126039568016e-03
-1.694715997170599415e-03
5.430731726080203613e-04
4.767116314430098556e-04
5.984378018780377558e-05
-7.065926060970921659e-05
-3.510480306998627813e-05
2.552327697199018963e-06
7.906850362489369673e-06
2.032985045578386410e-06
-9.651475111414843145e-07
-7.234892405223691076e-07
-2.776128982321680181e-08
1.344798486702235297e-07
3.374573355964775175e-08
-1.035851962443552513e-08
1.057514527235865254e+00
-1.634572926712597740e-02
8.825788461627441127e-04
6.774254931256804262e-04
-3.958058223097433515e-04
1.406669109950152213e-04
-3.694913849647166426e-05
6.554414097976337693e-06
-1.418472736997009072e-07
-4.844603549644072014e-07
2.534453493649225984e-07
-8.507721034270007631e-08
2.074880413873211160e-08
-3.032222777270552212e-09
-2.876541632831241124e-10
4.126585733988494534e-10
-1.837287012154396702e-10
5.860502971585135434e-11
-1.270249977045371834e-11
1.018985548849265621e+00
-1.450244465741785775e-02
5.538373823142724202e-03
-2.114533623941611522e-03
8.068910901917773423e-04
-3.075677117980888590e-04
1.169862502051220097e-04
-4.431666184667771728e-05
1.666382706592614820e-05
-6.183321451018968183e-06
2.241180980456491747e-06
-7.787863079105751867e-07
2.496382573866740685e-07
-6.664169483858425403e-08
8.616871906643607825e-09
6.549273981751700133e-09
-8.547147840031117391e-09
7.667476719355187427e-09
-3.479955968037710538e-09
1.004245537030584945e+00
-4.245537030584971804e-03
-1.281514634530260012e-17
1.169234867005826362e-17
-1.028050220243694229e-17
8.708058892055469898e-18
-7.102943972500804444e-18
5.576127863093784758e-18
-4.210352661394264039e-18
3.055274678770844402e-18
-2.128706833169093579e-18
1.422428897308355848e-18
-9.104303021953951464e-19
5.574843221466752050e-19
-3.264614203894119227e-19
1.835160536279997869e-19
-1.009762364064183566e-19
5.826165444899935217e-20
-2.184812795017515530e-20
4.499999999999992895e-02
