9.394275154683113804e-01
-6.812601151494204277e-04
-1.140821063652621110e-06
-5.430928110251158750e-10
1.709294274263240087e-12
1.198579778970751368e-15
2.489667416042054250e-19
-1.061121482534002472e-18
-2.378698368135153800e-19
3.614578707301165530e-19
5.286867391976435293e-01
-4.808307414250865830e-01
-1.169792752098518587e-02
6.769857161703861370e-02
-3.541006294406294237e-03
-1.302428123009167875e-02
2.044322738870290364e-03
2.733973480983300283e-03
-8.313670496459796668e-04
-5.338408272286717911e-04
2.711714075441969672e-04
9.210713419361439547e-05
-7.920758362475925434e-05
-1.168185750705881461e-05
2.146923531798525887e-05
5.795471647064331616e-08
-5.815679043455082391e-06
4.012808692148125645e-07
1.301666931739918398e-06
3.044283111717816306e-02
-3.902606659335117190e-02
1.553176258916113411e-02
-4.597954892497272718e-03
1.113485564668683985e-03
-2.322810477752298790e-04
4.249444589618700172e-05
-6.642339021671272666e-06
7.688132526775960279e-07
-9.608916636472350416e-09
-3.174955173813212704e-08
1.355499981197834741e-08
-4.105558092585104445e-09
1.055218751488646153e-09
-2.408528606628350991e-10
4.909034523994187717e-11
-8.688930205508855594e-12
1.189770571645343799e-12
-7.922875236588044471e-14
3.803952480464448810e-04
-7.277208887918121261e-04
6.373414392604612655e-04
-5.121699505485374868e-04
3.788968602734007324e-04
-2.591493485383086423e-04
1.646821601200570853e-04
-9.776307557756596690e-05
5.452792206085236177e-05
-2.874379195376278442e-05
1.440563577152473271e-05
-6.904907543189148911e-06
3.183745892907918666e-06
-1.420137915287349538e-06
6.163456273926322254e-07
-2.623220182746088198e-07
1.118163399649591761e-07
-5.269190402907216469e-08
1.831617891966704871e-08
-8.412826833814331362e-10
1.621472763668737175e-09
-1.450679116728004170e-09
1.203627879287613626e-09
-9.244015862113296597e-10
6.553229800494690259e-10
-4.271097613448393415e-10
2.544982464713462624e-10
-1.375536487545916801e-10
6.667287876610489979e-11
-2.848111958080669387e-11
1.041590559867105163e-11
-3.082740829695329512e-12
6.374968071096718207e-13
-3.380049478434663724e-14
-3.724062111104868434e-14
1.594707971252811109e-14
-1.489528624953759950e-15
-9.102535438542752857e-16
4.156343397280173879e-01
8.807394476654717072e-04
-1.241274117905351803e-07
-5.905643276917906602e-11
-3.092091852030550348e-13
-3.032610742786670921e-17
3.373745498153986267e-19
-1.281189423905112264e-19
5.454280827983217734e-20
-2.764887551437849963e-20
6.296079773466721763e-01
2.229172075430455036e-01
-1.724875523357876847e-02
-2.197942436679741277e-02
8.020924944360090583e-03
1.865575466947225636e-03
-1.576159135186675593e-03
-2.386835491709374897e-04
3.723477560311172995e-04
1.962658523149356414e-05
-9.304761230444422702e-05
5.398808474628811761e-06
2.301516174430366600e-05
-4.057346465219357379e-06
-5.503040386036527706e-06
1.634776607505571049e-06
1.324947934289550840e-06
-3.842379997121232559e-07
-2.764665075766857277e-07
8.716126087289169933e-01
4.158414726641553039e-02
-6.875131676563211308e-03
1.188779414253545146e-03
-2.202973904062842001e-04
4.392654622541063202e-05
-9.181814353432697241e-06
1.928051103639140133e-06
-3.894429729929800655e-07
7.231024933109617302e-08
-1.146422316110140913e-08
1.225456384960479741e-09
7.050268334256982607e-11
-9.662991954422463187e-11
3.881025907743746351e-11
-1.190941589112951828e-11
3.162405644056184621e-12
-7.824586137922880413e-13
1.601775083794974034e-13
9.577656022825473681e-01
3.158065181267769722e-02
-1.180725737764390555e-02
4.414536566852683870e-03
-1.650588277573331649e-03
6.172036364023213368e-04
-2.308282913540533302e-04
8.635400385735053543e-05
-3.232318658785640083e-05
1.211028388243473679e-05
-4.544271593680590578e-06
1.709326599190204337e-06
-6.453051147472415707e-07
2.449036191401761457e-07
-9.365685538246228842e-08
3.627064508027767033e-08
-1.450117115337212361e-08
6.590635376456406229e-09
-2.262066537205452315e-09
9.903528108574591871e-01
9.623864468466997169e-03
2.326828040184303919e-05
5.625732517830631149e-08
1.360172109140615808e-10
3.288593813661600793e-13
7.941397157455033098e-16
2.669756857249743611e-18
-5.520470800364811247e-19
3.976859582745304028e-19
-2.720446363107340294e-19
1.780200131561034493e-19
-1.113195843035118045e-19
6.633753755828712425e-20
-3.764720425765109153e-20
2.038901932031239464e-20
-1.071537980438665701e-20
5.884099016384123992e-21
-2.143761316012881383e-21
1.110435667536908477e+00
8.567929427903399299e-05
1.327065221152546200e-07
-2.035497193825179485e-10
-9.603495417022271585e-14
-1.361353643412382578e-16
6.556493046008835570e-19
-8.035604474113821309e-20
2.812406950622130061e-20
-8.585052795467203345e-21
1.115528382986414213e+00
-5.320911077306827823e-03
-1.543321269041821736e-02
-2.238276079903563781e-03
3.934767293933247138e-03
2.621319633636771083e-04
-1.001992785435143300e-03
3.334893095752240895e-05
2.532223216245801543e-04
-3.834220334743892382e-05
-6.053396374362823460e-05
1.715075590838567688e-05
1.369975601169312567e-05
-6.164711011668518059e-06
-2.835243871339505611e-06
1.917824157211444353e-06
5.256349399756537342e-07
-3.954162883704032307e-07
-8.398886289430985386e-08
1.068446154589103747e+00
-2.312421072941495473e-02
3.760656254566071156e-03
-5.535702819611120927e-04
6.172840117024710311e-05
-3.377788406376544217e-07
-2.700984999896528853e-06
1.121266248176131954e-06
-3.317492226689707659e-07
8.267517981965717820e-08
-1.804952281314791631e-08
3.431332284110589891e-09
-5.340577880044976957e-10
5.105256261725484561e-11
5.834569515957933200e-12
-5.175353863421486032e-12
1.933270816081811167e-12
-5.958239883857336901e-13
1.415589146040949246e-13
1.021730026082904086e+00
-1.660012504336950273e-02
6.340547479959027580e-03
-2.421754828257678509e-03
9.249287385921228918e-04
-3.532118580772986450e-04
1.348539468474208806e-04
-5.146475356089131995e-05
1.962608705334886868e-05
-7.474974906645510078e-06
2.841124280301192403e-06
-1.076360236041519590e-06
4.057541148177154278e-07
-1.518239879648652119e-07
5.619483003733355950e-08
-2.048766336902996061e-08
7.369406451867050243e-09
-2.811036176103042312e-09
8.436883229842030261e-10
1.004859005340290379e+00
-4.859005340290180157e-03
-1.179729291633986768e-18
1.071906490019232408e-18
-9.369698426972544722e-19
7.876419038005204032e-19
-6.364372118558630947e-19
4.940138457786999370e-19
-3.680871325589985810e-19
2.630212514637132036e-19
-1.800443619887443752e-19
1.179081217097935917e-19
-7.375852418982349495e-20
4.400036095938538089e-20
-2.500076937262865825e-20
1.355856845920759922e-20
-7.138566742686745515e-21
3.917304980627331838e-21
-1.427639348513987786e-21
3.051528822055138424e-01
