9.263559146371936892e-01
-2.245780989463343029e-03
-2.044973535616711705e-06
3.981024990010074304e-09
2.148476312203170641e-11
-8.149719411422136049e-14
1.324597406823416426e-16
4.416189948312331183e-20
-2.050883667807933864e-19
-5.327584057810637000e-20
4.287128527278138979e-01
-4.805543839310418841e-01
8.452662867657562140e-02
4.354059000514259176e-02
-3.003626850787920535e-02
2.544032816641461376e-03
5.072465556363483022e-03
-2.355670735995386410e-03
-2.776538267048468786e-04
6.666923429152362248e-04
-2.022769318228551908e-04
-7.863825854000094668e-05
8.169847883770523444e-05
-1.469749049634173092e-05
-1.387705913626673118e-05
9.538352290390958603e-06
-9.259524972358007988e-07
-1.925459476439191655e-06
9.871565125383280373e-07
1.804098516066144492e-02
-2.218633820528207595e-02
8.363041614641467808e-03
-2.348085797286895548e-03
5.446898995173580626e-04
-1.111159623323755531e-04
2.068066151764690627e-05
-3.569782820600838632e-06
5.695911673863044684e-07
-8.150535049756311449e-08
9.495320437798690968e-09
-5.404248215367234728e-10
-1.500327418476205784e-10
7.635693149155759870e-11
-2.302101855661715728e-11
5.773020042481126950e-12
-1.302652796719723504e-12
2.814614662133644539e-13
-5.274304814957404011e-14
2.798293461458448909e-04
-5.335349614957931447e-04
4.626617028153613633e-04
-3.658884156394295894e-04
2.649382502037967444e-04
-1.765453330451542376e-04
1.088944894278802135e-04
-6.256565925427081114e-05
3.370586329758685622e-05
-1.714108651745269781e-05
8.284414474076779754e-06
-3.830627112443213692e-06
1.705578279499186699e-06
-7.358127073863235168e-07
3.094695671784260564e-07
-1.278940304133589835e-07
5.300753851517192913e-08
-2.430470522820554227e-08
8.321073421034490711e-09
-4.151202518573296202e-10
7.983328758079994926e-10
-7.094877051022322961e-10
5.820151755829005650e-10
-4.397267015216372245e-10
3.049430541175075212e-10
-1.931620467381555449e-10
1.109871842297820104e-10
-5.726741808654935062e-11
2.613722567177631400e-11
-1.029695147702954550e-11
3.348133596808005992e-12
-8.101388298613258667e-13
9.510825697145573349e-14
2.609384034942977066e-14
-1.719598770038578297e-14
3.408542640739588537e-15
6.441920050635817506e-16
-4.942382452135852151e-16
3.938144823341667711e-01
1.876078440776967650e-03
-1.902147916723896942e-06
1.305875710547345784e-09
-5.849413749270607198e-12
2.128635013366636599e-14
-3.966258412779501872e-17
3.846337518037030622e-19
-8.932656282071183655e-20
-7.350255454024520319e-21
6.537651661740111475e-01
2.372778431517965914e-01
-4.615139945139366123e-02
-1.026945562340322339e-02
1.247568509745632451e-02
-4.012658481371889074e-03
-4.580922631821248065e-04
8.937222683991769131e-04
-2.314270419306094619e-04
-1.057316517368073525e-04
8.936335877295685049e-05
-7.425272838112376518e-06
-1.929326910542117067e-05
9.402503496496927287e-06
1.211396135037973139e-06
-2.993350201734807952e-06
1.003128013641787178e-06
4.540181600487006167e-07
-3.996394021401251883e-07
8.870738622794936967e-01
3.665060303181054413e-02
-5.980620269181817321e-03
9.871831454438015178e-04
-1.659159098668813140e-04
2.849970990281890869e-05
-4.992329088860811735e-06
8.841540581284111899e-07
-1.562318435268406017e-07
2.710498660668389319e-08
-4.527236727792373526e-09
7.072924516689895008e-10
-9.766302992806637678e-11
1.004639613110949771e-11
-1.567327242404815524e-14
-4.003878218715909881e-13
1.586545900273948341e-13
-4.878637930596648781e-14
1.158544720330164820e-14
9.629846048429571148e-01
2.775231475023876362e-02
-1.040368854449478728e-02
3.900131456549122116e-03
-1.462106832389923608e-03
5.481443268164956075e-04
-2.055138868343562989e-04
7.706242486792946856e-05
-2.890278595535294978e-05
1.084411801811124253e-05
-4.070956648998676345e-06
1.529575813723337094e-06
-5.754167017222586918e-07
2.168457168824857599e-07
-8.193186783387712534e-08
3.112631000283953549e-08
-1.207824851139516451e-08
5.255895636648188918e-09
-1.751729985550562672e-09
9.915671850469744975e-01
8.414997162810924913e-03
1.778014280359646173e-05
3.756786508688129035e-08
7.937756731540372128e-11
1.677179900562725782e-13
3.541907749025524079e-16
8.878879045673162506e-19
-1.001383147530023360e-19
7.090539184986143514e-20
-4.721168873861151873e-20
3.006534192344322683e-20
-1.819820847614830540e-20
1.040779340130755503e-20
-5.644313063269072275e-21
2.912911639853507913e-21
-1.417479779927185570e-21
7.247946406540492942e-22
-2.510812953444706496e-22
1.185435848257698099e+00
-1.825785503231064475e-04
9.543664738638825033e-07
-4.080085320713762113e-09
8.712416933053690544e-12
-1.752437343161775866e-14
6.901855256717283694e-17
-3.977437949471038563e-19
3.767164148802298031e-20
-4.360401246904965953e-21
1.139754351208569272e+00
-5.482331794744036563e-02
-5.514509123137182646e-03
5.366614584063564460e-03
6.503664525910545727e-04
-1.295064093734188447e-03
7.927553014149030686e-05
3.845003659582288576e-04
-1.829555646646851533e-04
-3.200552867127022294e-05
6.500772438057166264e-05
-1.980994208107585554e-05
-8.592138663833807834e-06
8.809944358250234179e-06
-1.448070852811221337e-06
-1.742399992620719729e-06
1.126425069518970643e-06
1.264606567210096180e-07
-2.909978576181494052e-07
1.059914437360684358e+00
-2.042664014877462395e-02
3.432391295128783305e-03
-5.586267331681636595e-04
8.549057155019892961e-05
-1.165027158050290030e-05
1.225091460202415327e-06
-3.143015763057670634e-08
-3.243452091280347879e-08
1.296541333568816492e-08
-3.564322821556775524e-09
8.333999592832136343e-10
-1.753650801077154733e-10
3.378878319304307740e-11
-5.944905507873313266e-12
9.310617530346904718e-13
-1.195107694628784056e-13
7.734275140813056069e-15
1.458940535175572926e-15
1.018978517923286198e+00
-1.449822425294171151e-02
5.537749994421969912e-03
-2.115164095185745243e-03
8.078645714811649508e-04
-3.085325485178406113e-04
1.178156556138362332e-04
-4.497762708457839632e-05
1.716342975047796247e-05
-6.544955694928590806e-06
2.493047683613765115e-06
-9.480534269518773183e-07
3.596570457983106131e-07
-1.359834322717830276e-07
5.118950364408260985e-08
-1.918815062230307683e-08
7.241630927475734853e-09
-3.005989336291382702e-09
9.675703321639206345e-10
1.004243736983781998e+00
-4.243736983781873362e-03
-3.126292096926449002e-19
2.823725396171545060e-19
-2.447629281052311847e-19
2.035202855103476642e-19
-1.622388774537867854e-19
1.238981088527033556e-19
-9.056008503008657127e-20
6.328232235540787922e-20
-4.221901287839171237e-20
2.684696993481672432e-20
-1.623962641463272782e-20
9.322339121070615167e-21
-5.066266580112183798e-21
2.605442146274271859e-21
-1.283701918929266900e-21
6.505613061252329436e-22
-2.258572360077228101e-22
4.427218045112781830e-01
