8.412906911525986908e-01
-3.481151118354834217e-03
1.678083165427473701e-06
1.042810373337875350e-08
-2.308997141136552060e-11
-4.907640603625912789e-14
4.301919195445377896e-16
-1.189280339232728056e-18
-1.029294589633046134e-19
8.408254277898806784e-21
3.679932495892123678e-01
-4.199884454699633340e-01
9.872009508938864308e-02
1.879137153817974151e-02
-2.449638685896430093e-02
8.125502596885636128e-03
4.817140887826741949e-04
-1.635427419542270994e-03
6.305536043787407985e-04
3.706685761871738964e-05
-1.461542376453950451e-04
6.171804414208726427e-05
1.207945837589953419e-06
-1.378562710777443879e-05
6.488345360611157563e-06
-2.290523942392731013e-07
-1.203439925424063525e-06
5.251852362743905891e-07
-3.895099623838839141e-08
1.811963658672327560e-02
-2.085804763209791329e-02
7.231469137571612006e-03
-1.866530669719699111e-03
4.002072089824158709e-04
-7.606691508705979744e-05
1.330421703943746976e-05
-2.175902134562383827e-06
3.318374547102301527e-07
-4.601114349598732563e-08
5.389155748552024804e-09
-3.951462514402289481e-10
-3.725893023336120098e-11
2.608195469409152263e-11
-7.960139599443466399e-12
1.944661025136365754e-12
-4.228464377261255259e-13
8.762645370696381709e-14
-1.585480877948976357e-14
3.765806441852631863e-04
-7.140202155677935394e-04
6.091283367598925545e-04
-4.692537051710594454e-04
3.281825416274328959e-04
-2.097515553440911255e-04
1.234243139808296065e-04
-6.739609222278679704e-05
3.442980844296768619e-05
-1.659036891506465700e-05
7.601803913011488212e-06
-3.338419232430237229e-06
1.415760016522178737e-06
-5.838528773248442135e-07
2.356857902631084077e-07
-9.385257264080714181e-08
3.758935179466319904e-08
-1.668056617096603624e-08
5.607517347901631043e-09
-3.158028930715611724e-10
6.050809581408447569e-10
-5.317188543782573101e-10
4.278875130651738843e-10
-3.143950189981599578e-10
2.099641872535588119e-10
-1.265974103324300057e-10
6.823699933765724042e-11
-3.238916560043368225e-11
1.321145268422701368e-11
-4.428129941073977219e-12
1.100013728567518713e-12
-1.329761726615201126e-13
-3.543571506694686372e-14
2.344559520537833520e-14
-4.293246826392457706e-15
-9.552639858154850968e-16
6.233244110585424073e-16
-6.040918890074846194e-17
4.737720585547253727e-01
2.103589794565606779e-03
-3.663860624207957680e-06
3.783317863086813157e-09
-3.039112906790926667e-12
2.192752906475476221e-14
-1.251400737700844822e-16
4.119968692566746713e-19
-1.312473186361805872e-20
6.609967850460064464e-21
7.069045785995482500e-01
2.039908758039429004e-01
-4.480095054691668466e-02
-4.013583612976496205e-03
9.315664617254727775e-03
-4.397269884449333741e-03
7.405620788806067467e-04
3.726982594190719192e-04
-3.065567257634547972e-04
7.656154565409444609e-05
2.144652104816778505e-05
-2.431404095664729535e-05
6.715649226750356177e-06
1.949938822810676775e-06
-2.324017931515501327e-06
6.764132803444551528e-07
1.610528439097738084e-07
-2.150020102719771095e-07
7.046150304756159777e-08
9.050565848924843060e-01
3.106984752996401478e-02
-5.095285970467318230e-03
8.386533320948739208e-04
-1.385796777432472414e-04
2.294443240485014864e-05
-3.789209960811213824e-06
6.199175040917197518e-07
-9.956056144066111826e-08
1.550440556162695042e-08
-2.297055153113318020e-09
3.124616440247904657e-10
-3.576441464914257088e-11
2.354072726500885136e-12
3.719132223176111681e-13
-2.174770634054300294e-13
6.675643233587219333e-14
-1.765173991186423606e-14
3.807792695740371008e-15
9.690530084505102337e-01
2.327473606357853900e-02
-8.752307668634206131e-03
3.291277006559414475e-03
-1.237697531876933614e-03
4.654578904417125103e-04
-1.750551299291335026e-04
6.584429412914003161e-05
-2.477082129366681834e-05
9.321446571146924510e-06
-3.509139609366888509e-06
1.321772906674835983e-06
-4.982240372733020661e-07
1.879717397102238287e-07
-7.101585885345485312e-08
2.692722480618431563e-08
-1.039957224933111094e-08
4.487669706721310641e-09
-1.486549222994592796e-09
9.929712820656882988e-01
7.016345813572546358e-03
1.235034303043526119e-05
2.173937502839783577e-08
3.826617805759695247e-11
6.735713586195575437e-14
1.185045807157528180e-16
2.524840248818314613e-19
-3.054866803231071699e-20
2.077984556028897765e-20
-1.323214140363781473e-20
7.975197202167588358e-21
-4.551879948567190068e-21
2.428166020148287615e-21
-1.218091651349177707e-21
5.752194246936919525e-22
-2.414830545532936338e-22
1.013882193864324813e-22
-3.613523940477335269e-23
1.179574799873454483e+00
-2.163450106851567555e-04
5.368606697120931302e-07
-4.208168484714123619e-09
1.815512346288233907e-11
-4.902736251431497796e-14
1.000628261478362777e-16
-2.646470162959136925e-19
2.720823083182974020e-21
2.325795369513539547e-22
1.125248997700040610e+00
-5.945418185022800783e-02
5.842664334432433803e-04
5.311930432377753690e-03
-1.334703129824575153e-03
-4.724915511083111808e-04
3.624424685661811188e-04
-1.611494518073015686e-06
-9.385227461602101270e-05
4.395970274837233586e-05
2.728586197105589247e-06
-1.269020940660105679e-05
5.974547018759737966e-06
-4.952573253382768218e-08
-1.402208888023726184e-06
7.526938465116815131e-07
-7.791242836478681613e-08
-1.483629379473817077e-07
8.315890887968718655e-08
1.049849205158062349e+00
-1.696228227851362749e-02
2.837944964159784360e-03
-4.592523030099205945e-04
7.022128450457397009e-05
-9.789263962235309938e-06
1.155827078055670800e-06
-8.865996639321861818e-08
-5.884372898328864082e-09
4.776475259734555271e-09
-1.444176114607648004e-09
3.427876800495771392e-10
-7.155880076105206075e-11
1.361043911196151653e-11
-2.379239776293611664e-12
3.787244050775779033e-13
-5.289984880148402026e-14
5.663003722265323781e-15
-2.301678292912400283e-16
1.015799364837949081e+00
-1.206947310970903769e-02
4.609968841515012065e-03
-1.760715734539306052e-03
6.724241506796901045e-04
-2.567593644314129569e-04
9.801231937238737829e-05
-3.739506480705608754e-05
1.425568125456535523e-05
-5.427539700737352065e-06
2.062484203728751708e-06
-7.816375114709623630e-07
2.951371082667763875e-07
-1.109054985596174028e-07
4.142815273545639501e-08
-1.538393996932103712e-08
5.740010603788701133e-09
-2.349442705536639688e-09
7.492438949994522726e-10
1.003532875139955038e+00
-3.532875139954951699e-03
-2.071981791422020211e-19
1.852699920509791930e-19
-1.583231118698541438e-19
1.292257670664848164e-19
-1.006653372847523896e-19
7.476551849971181339e-20
-5.287710611885000518e-20
3.555525387313471145e-20
-2.268702611427427925e-20
1.370443246324784292e-20
-7.814017924926063041e-21
4.189922384803049844e-21
-2.102969318571343362e-21
9.830548538440804817e-22
-4.288379030757618997e-22
1.854271255186845502e-22
-5.763344253436670294e-23
5.802907268170426347e-01
