9.401983415814856304e-01
-1.151795352285274682e-03
-1.760037963374483482e-06
-2.026469145976895443e-10
6.599681350764078584e-12
-2.870253983764902688e-15
-5.807757394314726002e-18
5.853447696280876714e-19
-9.886015491617895815e-19
5.398882872692062145e-19
4.846078895524998376e-01
-4.919292859508226368e-01
3.369003489973494692e-02
6.460526380735444330e-02
-1.910481279847343894e-02
-8.661818984219070774e-03
5.929545879169928306e-03
6.256601511158972444e-04
-1.568458470249927328e-03
2.541239355960042950e-04
3.158829641474220789e-04
-1.460990289800331203e-04
-3.961058507002432436e-05
4.733559885214991644e-05
-3.000973984536998782e-06
-1.124331964071859785e-05
4.330128422273236129e-06
1.640964737496382194e-06
-1.437427015435783045e-06
2.326709416449465606e-02
-2.944686504613164973e-02
1.152737866093852571e-02
-3.361610830718305028e-03
8.064237383283217805e-04
-1.686314546588404755e-04
3.168239216217039872e-05
-5.371012229374434418e-06
7.952173585805619883e-07
-9.006035636273679874e-08
2.342926249378474622e-09
2.859104030248997643e-09
-1.231675713906550847e-09
3.668239943243672949e-10
-9.294852600331143833e-11
2.116918565318625418e-11
-4.407708988520012476e-12
8.578298371587288246e-13
-1.415343830841848664e-13
3.120582831711203272e-04
-5.963567913959220285e-04
5.206644548401387525e-04
-4.163007338571888117e-04
3.058964437908423995e-04
-2.075024224124991643e-04
1.306216056947899051e-04
-7.674172067860301951e-05
4.233244887409909845e-05
-2.206061768818803534e-05
1.092834602050969415e-05
-5.177950066428658111e-06
2.360684728497967055e-06
-1.041668346013088848e-06
4.474856963637508314e-07
-1.886292895568056616e-07
7.966768561575055263e-08
-3.720707359330955861e-08
1.286958555593752047e-08
-6.072357702627263556e-10
1.169554066386151812e-09
-1.044141072611109635e-09
8.632020312245692661e-10
-6.595085156829795942e-10
4.642862489541349091e-10
-2.998861561636212514e-10
1.766558182242158774e-10
-9.410305942985827848e-11
4.476797203257366477e-11
-1.865552591053660305e-11
6.587387955291566763e-12
-1.842184910595957195e-12
3.349827003477453320e-13
3.394483538964801542e-15
-2.804941368173439519e-14
9.415175699975387607e-15
-2.283853561144475630e-16
-7.543660581970836333e-16
3.942608570704133619e-01
1.247252674453726284e-03
-5.128219466987171345e-07
5.647423464733884368e-11
-1.179737254460541168e-12
1.302013143400886703e-15
1.255624100570223895e-18
2.675224240440887397e-19
-2.751568178061652984e-19
-2.319211175926109151e-20
6.328654961321401595e-01
2.346112504517238462e-01
-3.121582578641120265e-02
-1.828269309357581987e-02
1.141985061885977641e-02
-6.579851298120628286e-04
-1.767633053737332084e-03
5.035003748407435552e-04
2.747209657823368066e-04
-1.757444791675114449e-04
-2.777806785142619608e-05
5.091933100371204767e-05
-5.162589343525709635e-06
-1.206109535122166788e-05
4.437527976519536256e-06
2.146679970444032988e-06
-1.878765655457815110e-06
-2.053529269609815323e-07
4.976831616762821417e-07
8.756868176921830393e-01
4.019397441153368250e-02
-6.570969039891180058e-03
1.100768129203516174e-03
-1.918786413422396322e-04
3.508861354868646621e-05
-6.683261048436060371e-06
1.297776355725407040e-06
-2.498710965482095756e-07
4.631129721651473275e-08
-7.972354348192598595e-09
1.196627247776850965e-09
-1.292657105190602047e-10
-2.053645412791947113e-12
6.973320305190707976e-12
-2.830733916559217838e-12
8.592056553462289936e-13
-2.377452985619591114e-13
5.359338296353949131e-14
9.591218405452213158e-01
3.058791013202826967e-02
-1.144406152992111930e-02
4.281695333654071678e-03
-1.601999830005732114e-03
5.994208878157948703e-04
-2.243083619167738339e-04
8.395394784491776153e-05
-3.143274809254000907e-05
1.177525482223662666e-05
-4.415279057617164771e-06
1.657930372028387776e-06
-6.238753698320727389e-07
2.354853809796826439e-07
-8.928954613376562185e-08
3.413688136536942370e-08
-1.338747414825123179e-08
5.920794151598075992e-09
-1.995728811608807941e-09
9.906690278614180833e-01
9.309157480129745185e-03
2.176365847960845716e-05
5.088074097311769314e-08
1.189528768471315300e-10
2.780976894953913474e-13
6.496916585219485059e-16
1.878861765559612543e-18
-2.622592676357244206e-19
1.883726808659628424e-19
-1.278332838736172378e-19
8.294695886214323027e-20
-5.128242105099423046e-20
3.022636158992201861e-20
-1.689289514700452157e-20
8.982327754963737707e-21
-4.644322229168107284e-21
2.485215201871138097e-21
-8.799600145627954646e-22
1.148999165525474986e+00
-4.117663287234165540e-06
3.596828894689924018e-07
-8.697127400615661153e-10
4.370663380215067616e-13
-9.611854798512685303e-16
4.831695414364166118e-18
-7.522973489369260160e-20
-2.291538416482431010e-20
6.719152614808837562e-21
1.131640885805828667e+00
-2.927224637788380934e-02
-1.313466549065702219e-02
1.980639025282628606e-03
3.253303446543562467e-03
-9.136302372165238956e-04
-7.496507841121823361e-04
4.324320767890430157e-04
9.629188343606970410e-05
-1.419977529266460683e-04
1.171885871158681636e-05
3.447774763483478743e-05
-1.198586822531537421e-05
-6.113993392311035573e-06
4.789832365270856420e-06
4.758961656259433504e-07
-1.479594684147215782e-06
9.023293428223590125e-08
3.252039812565856180e-07
1.066273871104397974e+00
-2.252631132944183517e-02
3.743849673806325454e-03
-5.895714731780235616e-04
8.232265119767715063e-05
-8.397727295992925576e-06
-8.721387424434965141e-08
3.800972764235557953e-07
-1.442768341601214892e-07
4.028877427632656418e-08
-9.640783088663023622e-09
2.060271026496018876e-09
-3.952913472769612347e-10
6.643665589083437738e-11
-8.931670131761583262e-12
5.866775656265783161e-13
1.756240992365574622e-13
-1.083679866945291386e-13
3.260988440693181670e-14
1.021008654026442919e+00
-1.604909441787633062e-02
6.130114822645403062e-03
-2.341413910661744018e-03
8.942726225539647522e-04
-3.415276696296333167e-04
1.304107309582022440e-04
-4.978234175396232722e-05
1.899404910651960622e-05
-7.240870928653553673e-06
2.756570591310168794e-06
-1.047186323667186410e-06
3.965468913252325794e-07
-1.494709246838234008e-07
5.597925581814854779e-08
-2.080499511148139936e-08
7.736555321021928963e-09
-3.131181872187757676e-09
9.879402047400214614e-10
1.004697692134332687e+00
-4.697692134332701920e-03
-6.319505003410768800e-19
5.731093679497245679e-19
-4.996301144074747182e-19
4.185496856637671494e-19
-3.367509368595962113e-19
2.600460845664804378e-19
-1.925844411681608431e-19
1.366454594188546217e-19
-9.278081113894544226e-20
6.019956090609974935e-20
-3.726229875037903806e-20
2.196171073903686827e-20
-1.230530762991217825e-20
6.563225435124883281e-21
-3.384769841478250257e-21
1.812828269250032096e-21
-6.512391997103142867e-22
3.576791979949874856e-01
