8.272584241313953868e-01
-3.517159598308977186e-03
2.224238571678628049e-06
9.446795105665872226e-09
-2.720141996720767773e-11
-2.071650446515583126e-14
3.569410839380358831e-16
-1.163812589871959296e-18
3.436285163842259605e-20
-7.791113041457826734e-20
3.622210681829761136e-01
-4.113432206107788813e-01
9.697606355517698895e-02
1.743494569322963719e-02
-2.348050889587376469e-02
8.035096025539515199e-03
2.386695674766581678e-04
-1.479581196671605212e-03
6.109729357371394571e-04
6.977159610827129901e-06
-1.248334259076718986e-04
5.781257591448288660e-05
-2.006454458411369540e-06
-1.111647947571515201e-05
5.873689599866995234e-06
-5.641215922281086225e-07
-8.919433398159341001e-07
4.837865428757228225e-07
-7.618783674977743922e-08
1.849260083272409594e-02
-2.109384592704220338e-02
7.231968158378476209e-03
-1.846068207958379438e-03
3.917286110310770142e-04
-7.374259841630084614e-05
1.277936640717670357e-05
-2.070168813868350169e-06
3.122239808221649176e-07
-4.264765078497266969e-08
4.866548103972333604e-09
-3.260292219030056681e-10
-4.341941783039288755e-11
2.577247604383199993e-11
-7.609565927287638189e-12
1.824596587949656845e-12
-3.909646380957311791e-13
7.987381336704379533e-14
-1.427347375824223617e-14
3.986785949967476387e-04
-7.553134209450909284e-04
6.428437811511149682e-04
-4.933767183941268611e-04
3.433591542358170471e-04
-2.181694807517284838e-04
1.275401511438920682e-04
-6.915843739528900543e-05
3.507650994958126103e-05
-1.678068178774623286e-05
7.635331075059564781e-06
-3.330962083610692705e-06
1.403961241395235031e-06
-5.757895276885514692e-07
2.312922629820351246e-07
-9.170500664328307099e-08
3.658583914873527892e-08
-1.617526362192559564e-08
5.426350432702748581e-09
-3.097042268508097738e-10
5.930757258812153230e-10
-5.203157786223978333e-10
4.175401485501459297e-10
-3.055435823216138956e-10
2.029244342089137139e-10
-1.214606239290154551e-10
6.484284125318536542e-11
-3.038731538103631494e-11
1.217678112993739017e-11
-3.972261419417484359e-12
9.371305811522060861e-13
-9.106633893991905969e-14
-3.984855107043470578e-14
2.133784312519580461e-14
-3.072401585583444385e-15
-1.153057620516710480e-15
5.467152860245854595e-16
-1.728945388129679129e-17
4.857504764725658064e-01
2.063988010470279265e-03
-3.705245811002599504e-06
4.036950019049107381e-09
-2.479615779767645973e-12
1.567616377933952662e-14
-1.069231594807399936e-16
3.739752124450916215e-19
-4.696609232827520206e-21
-2.568567040291181168e-21
7.129085280797464730e-01
1.988036867242029826e-01
-4.339949321189653236e-02
-3.842655713886568292e-03
8.930605563708735387e-03
-4.237365959966685885e-03
7.496203175658113166e-04
3.299787529837924283e-04
-2.877056852649915856e-04
7.800407397707520541e-05
1.581360414558279317e-05
-2.176054338733299175e-05
6.839344266833510232e-06
1.228787616843462030e-06
-1.980795383857542545e-06
6.808167847838596534e-07
7.870292716439137349e-08
-1.835109429825362052e-07
7.077927785152774115e-08
9.066164432845054133e-01
3.057886098604440522e-02
-5.015805877501792499e-03
8.249719711790468772e-04
-1.360082980759520939e-04
2.242052368618401923e-05
-3.677783567441066537e-06
5.961644215373097475e-07
-9.462020049038924221e-08
1.451596155796270452e-08
-2.108342989570089485e-09
2.783593720237160775e-10
-3.001216138691633766e-11
1.474815411275933997e-12
4.848174113847382586e-13
-2.263995348368583280e-13
6.573265980008559645e-14
-1.684036191250116261e-14
3.562555824727645785e-15
9.695755901066221982e-01
2.288781346006895853e-02
-8.609102970473006197e-03
3.238287980410882103e-03
-1.218094692770547169e-03
4.582071857810298006e-04
-1.723733507117691669e-04
6.485219611038861131e-05
-2.440356210372012017e-05
9.185297366240183751e-06
-3.458531875608249395e-06
1.302877265851359865e-06
-4.911199856873171740e-07
1.852742117716279498e-07
-6.997749292354022201e-08
2.651956625790646372e-08
-1.023301991328072828e-08
4.409799648686817798e-09
-1.459365596642861573e-09
9.930917941900909707e-01
6.896254655579537804e-03
1.193047890466640580e-05
2.063965645180776885e-08
3.570648092933047354e-11
6.177206170772538689e-14
1.068145822454792477e-16
2.222964317850870318e-19
-2.598389642732332255e-20
1.756851625011598159e-20
-1.112301779925748161e-20
6.657236759631784010e-21
-3.750847961328762037e-21
1.983235150786413621e-21
-9.888141814554635931e-22
4.509655012362856682e-22
-1.817527239960315476e-22
8.255777539713237206e-23
-2.884699394490336217e-23
1.176873989688768996e+00
-2.099882616400652814e-04
4.308840599802814583e-07
-3.641277096426150001e-09
1.681014604166446861e-11
-4.804346012185892694e-14
9.807494996038166027e-17
-1.757643806219117284e-19
2.065108738803840324e-21
-1.089721365766407593e-20
1.123119091920634416e+00
-5.864412702250104692e-02
8.007093399177143446e-04
5.178370739490766213e-03
-1.387372243643079451e-03
-4.040738366371277057e-04
3.495159385639891184e-04
-1.885865791656006642e-05
-7.972130629870741734e-05
4.116989652740848260e-05
1.628349124032193543e-07
-1.044607689773344855e-05
5.418897553138399918e-06
-3.385083103293459866e-07
-1.101298701123589301e-06
6.638407056332570352e-07
-1.023951323886428438e-07
-1.153885444550764733e-07
7.198478456776339498e-08
1.048981536727937813e+00
-1.665696564984439632e-02
2.782525653240591930e-03
-4.489382048708933791e-04
6.831827744036842777e-05
-9.458616745265419919e-06
1.105261438809641856e-06
-8.274572896966658704e-08
-6.085833924585265159e-09
4.614091803284107511e-09
-1.374306637298434227e-09
3.226970267735858326e-10
-6.669354731943223716e-11
1.255505663353822300e-11
-2.169796543703815743e-12
3.406135641492511597e-13
-4.663974425178744291e-14
4.775753352676348412e-15
-1.381040075407334334e-16
1.015527058838083141e+00
-1.186142430571439192e-02
4.530479058514042152e-03
-1.730334836893966492e-03
6.608051539917324376e-04
-2.523105470781082942e-04
9.630550638290294246e-05
-3.673815881180085422e-05
1.400166861459625020e-05
-5.328685886995133433e-06
2.023701350408667373e-06
-7.662803184933557617e-07
2.889975287188691728e-07
-1.084294940113069134e-07
4.042259775538804346e-08
-1.497283093958900490e-08
5.568499407961604470e-09
-2.269391025684563998e-09
7.215241875752207002e-10
1.003471990575333539e+00
-3.471990575333623510e-03
-2.031247751551772183e-19
1.813604047838770200e-19
-1.546601258963930836e-19
1.258940096069699537e-19
-9.773907527653437995e-20
7.229593730895395057e-20
-5.088301057126784133e-20
3.402033118644898692e-20
-2.156443080049909419e-20
1.292676380160779559e-20
-7.305381255598081422e-21
3.876902348681673537e-21
-1.922355822751598684e-21
8.855182626358976587e-22
-3.790121500972952705e-22
1.596192069372582323e-22
-4.860896123925334387e-23
5.952982456140351042e-01
