9.168061718301683261e-01
-2.565151046242062586e-03
-1.734729813807935316e-06
6.199527485432221990e-09
2.074882346863050857e-11
-1.158738066328466838e-13
2.521867350819757214e-16
-9.054904251503454203e-19
7.119337091799118745e-19
-4.726921232701012090e-19
4.157999848893917383e-01
-4.723951270962455373e-01
9.232740023575733423e-02
3.731616610360709990e-02
-3.015631489599257531e-02
4.759094756797668108e-03
4.023361024363370300e-03
-2.519313022715608495e-03
1.030563079754145771e-04
5.410129679994289892e-04
-2.553114754294564192e-04
-1.815750784040827143e-05
6.924763492085380377e-05
-2.621160466103687110e-05
-5.196914842362009608e-06
8.898963431849063138e-06
-2.899031204764850647e-06
-1.219959705468501350e-06
1.108100002015028095e-06
1.750540588628043265e-02
-2.131152486959511649e-02
7.928571959649509740e-03
-2.196651938557636109e-03
5.032863918891302291e-04
-1.015743852989158333e-04
1.874692829454080805e-05
-3.219501655846235060e-06
5.137727282440959664e-07
-7.431311698695947715e-08
9.023720067878917873e-09
-6.620832856808663266e-10
-8.083485111476904413e-11
5.386363928067894071e-11
-1.699399168637188088e-11
4.329219549519383576e-12
-9.840310082728249250e-13
2.138266594314386926e-13
-4.029448513365255519e-14
2.849040933320745941e-04
-5.427644473270976143e-04
4.695274047403698737e-04
-3.698738223635485156e-04
2.664366640136887551e-04
-1.764321844274568886e-04
1.080500109099671814e-04
-6.159905770288323385e-05
3.291389666097442102e-05
-1.659797541079439207e-05
7.954531937674557502e-06
-3.647798476697899262e-06
1.611324380460177395e-06
-6.899660662811671872e-07
2.881795148727653989e-07
-1.183353337238943256e-07
4.875163239101265685e-08
-2.222363092747735588e-08
7.583945770595025790e-09
-3.857853323637887471e-10
7.415166765162277646e-10
-6.579150211082462278e-10
5.382043526149783785e-10
-4.049878148564937288e-10
2.793287341451968863e-10
-1.756889673401210236e-10
1.000338616689783673e-10
-5.101438186003997055e-11
2.292676278677341184e-11
-8.841635393913822397e-12
2.782908338266408034e-12
-6.325257236909346666e-13
5.617882131326650832e-14
2.824889764637816998e-14
-1.463643718497151400e-14
2.264176876775826688e-15
7.450633174443203395e-16
-4.179460956618337204e-16
4.026206194031585750e-01
2.003801895945137024e-03
-2.363478222399566505e-06
1.816219366719102506e-09
-6.975247856902801775e-12
3.063345512030534666e-14
-7.105830424791561709e-17
-1.087536698246576896e-19
-5.197880021317538882e-20
9.730758773803013819e-20
6.625783105777064419e-01
2.338893327387426002e-01
-4.792643267916633920e-02
-8.386084666213973124e-03
1.207572146893706039e-02
-4.458486789562965576e-03
-6.791871969602407205e-05
8.198883086362918245e-04
-3.078774439345729878e-04
-4.849448472207110237e-05
8.495851604828465263e-05
-2.177110171087619743e-05
-1.170558615840807355e-05
1.019805374490944038e-05
-1.311872285934573416e-06
-2.109135627512526948e-06
1.272146331233209238e-06
1.543228802239197370e-07
-3.295314592790000121e-07
8.907093893083326552e-01
3.552910332251710268e-02
-5.802834936762942160e-03
9.569792627794077716e-04
-1.601739254256769800e-04
2.727695684157214570e-05
-4.714744260783766341e-06
8.208369033378533572e-07
-1.423004637580319487e-07
2.421891929841815846e-08
-3.975307651850623548e-09
6.127983496413942344e-10
-8.423984791427593937e-11
8.897861556883964574e-12
-1.689225300476284554e-13
-2.821619673644547599e-13
1.162899240726981301e-13
-3.591380304144404951e-14
8.511809517007614565e-15
9.642166651846892922e-01
2.684553489181176755e-02
-1.007011911891982081e-02
3.777468820057152798e-03
-1.417016811217189885e-03
5.315752180592191786e-04
-1.994270216805787055e-04
7.482668246084029989e-05
-2.808148957186794699e-05
1.054223119772665689e-05
-3.959827570890765717e-06
1.488550285960101469e-06
-5.601958482605150681e-07
2.111533186889277894e-07
-7.977661257994110096e-08
3.029391391615176406e-08
-1.174286597571077103e-08
5.100493911926868721e-09
-1.697636304783580314e-09
9.918529501176618357e-01
8.130420905481758331e-03
1.659503538374133304e-05
3.387219463681791460e-08
6.913667487098487871e-11
1.411153352729112103e-13
2.878840258882070115e-16
6.994305705684395995e-19
-7.994675898914882535e-20
5.636537800444665486e-20
-3.731335472763268998e-20
2.351586550054146573e-20
-1.411434500536570069e-20
8.014230264944511236e-21
-4.289134019149023887e-21
2.187686132707710109e-21
-1.060110716412601791e-21
5.123570303458879786e-22
-1.756728852898720087e-22
1.188684031048806267e+00
-2.126529733425952670e-04
1.032896434584314746e-06
-4.999351860160233282e-09
1.268253523599516003e-11
-2.664060072715923429e-14
9.618917284540712768e-17
-4.482802197182739264e-19
6.304252072780294761e-20
-2.854483848813203425e-20
1.138583720423606893e+00
-5.820621599737219737e-02
-3.679905640114648161e-03
5.635268213599674975e-03
3.629467920229622745e-05
-1.162383637399589395e-03
2.201530547567583226e-04
2.913638535880158577e-04
-1.934729791460328423e-04
3.903527647702862860e-06
5.239529306039041723e-05
-2.569131056118075733e-05
-1.834157094370884335e-06
7.466400631655119482e-06
-2.869064135062221989e-06
-6.655239519400028387e-07
1.001778291606481740e-06
-1.229827342932633185e-07
-1.548597775254418904e-07
1.057871006354879961e+00
-1.973208966442863144e-02
3.317627061388171966e-03
-5.411777608471491719e-04
8.340841792614358738e-05
-1.160134814102964386e-05
1.306376726132155732e-06
-6.839510938025979439e-08
-2.078405100593282629e-08
9.856207109127450573e-09
-2.820554291476400376e-09
6.704471428404341788e-10
-1.424882189687910473e-10
2.772848559399295523e-11
-4.953272703665323223e-12
7.989276601534043926e-13
-1.101780358105739522e-13
1.023402914390344599e-14
2.094026694875963093e-16
1.018330888725842875e+00
-1.400347431883940987e-02
5.348768126213828723e-03
-2.042975986343986347e-03
7.802885104307870140e-04
-2.979975272990065282e-04
1.137903709332773730e-04
-4.343933222956795513e-05
1.657542590049495871e-05
-6.320151521510091575e-06
2.407100619270091725e-06
-9.152094315765139717e-07
3.471234169130906689e-07
-1.312147063566523475e-07
4.938490217453661508e-08
-1.851065955191038615e-08
6.987820353955373454e-09
-2.903122138282910588e-09
9.351961966121073335e-10
1.004098923768561580e+00
-4.098923768561517356e-03
-2.754922522537816504e-19
2.484660486627604127e-19
-2.149279440184754258e-19
1.782325404226061323e-19
-1.416068264784783096e-19
1.077077326621218950e-19
-7.835304576471952104e-20
5.445001382403543485e-20
-3.609516789727677815e-20
2.278510432232950221e-20
-1.366731588179577487e-20
7.770401487050921263e-21
-4.175851345409949025e-21
2.118979488280929838e-21
-1.026543971721555821e-21
5.094170117314585498e-22
-1.744772049504321566e-22
4.677343358395990025e-01
