5.833540219030800555e-01
-2.163961304359115871e-03
3.135079361904667872e-06
-3.415041923044421389e-09
1.415324050386432071e-12
5.412816187752787875e-15
-1.973554201182941818e-17
-7.000400665633280768e-20
7.125594635805978241e-20
-7.377056586760846238e-21
2.903356704264379307e-01
-2.725189324384602041e-01
4.560113750649699704e-02
1.344544868296333566e-02
-1.118606152552398085e-02
3.154821146584996672e-03
3.665720011391200650e-06
-3.750760428302990523e-04
1.505644407096084862e-04
-1.435040644943828943e-05
-1.290634258360589748e-05
6.837750603088819508e-06
-1.001592180012236745e-06
-5.110498899816726272e-07
3.372760825988074953e-07
-6.464242589291034004e-08
-1.988837239475797984e-08
1.659962348994060083e-08
-4.156897826581444134e-09
2.966288412073436048e-02
-2.872690200095722943e-02
8.129859055789192407e-03
-1.714091657872196441e-03
3.016581900366367133e-04
-4.683781062174626077e-05
6.497381873936679985e-06
-7.761088218441518614e-07
6.776542787812114631e-08
-3.904824405596082782e-11
-1.886895126737825264e-09
6.056415581224327826e-10
-1.408333908403131116e-10
2.800197553723548683e-11
-4.981305446088921341e-12
8.005934533344949999e-13
-1.145615757813719460e-13
1.380288915884426266e-14
-1.147118292789705127e-15
1.097292350310285916e-03
-2.047183773532109188e-03
1.666358589249905542e-03
-1.192418421250028343e-03
7.580825045516025214e-04
-4.334338318816894514e-04
2.257520596769614684e-04
-1.085144150232052673e-04
4.875916776213632103e-05
-2.073581463132312272e-05
8.444119330867198045e-06
-3.327823089410328103e-06
1.280853450396159221e-06
-4.850098648160253041e-07
1.816814086217637889e-07
-6.767272623893489045e-08
2.543449210313317918e-08
-1.056457700796835637e-08
3.411364427354613308e-09
3.799389032752434461e-10
-7.203306372265479756e-10
6.129923944228460890e-10
-4.667975593090117479e-10
3.162403171178418371e-10
-1.887977591214964068e-10
9.782648274269377878e-11
-4.288541703815160299e-11
1.516271307451235994e-11
-3.861397728919651055e-12
4.302552264067677980e-13
1.542081038458238072e-13
-8.625078459040261966e-14
9.954471498110543179e-15
6.166499340928851804e-15
-2.414334062147081761e-15
-2.283177917947659272e-16
2.825977906141454715e-16
-1.367144805588380861e-17
6.496252231082741968e-01
9.667771141644891045e-04
-1.618009950268551053e-06
2.461741207312568393e-09
-3.099478249778443869e-12
2.671487150234912591e-15
1.488340828475334105e-20
7.834703872432900852e-21
1.623168128478813728e-20
-1.796704117090655181e-20
7.797753881071178839e-01
1.231709718732167252e-01
-1.684671460765371082e-02
-5.155540391003874366e-03
4.349791436594481475e-03
-1.412645042614818491e-03
1.172267778533809011e-04
1.232010516573434978e-04
-7.005366405802879539e-05
1.526850863401896358e-05
2.301655506908380667e-06
-2.931094092914953069e-06
9.314449303361824248e-07
-4.393358010121862566e-09
-1.204579640336729288e-07
4.965109956270503116e-08
-4.129644542654858282e-09
-5.596091615994473875e-09
2.675896581716003860e-09
9.164195990622066024e-01
2.720343744756533594e-02
-4.353422191021558835e-03
6.775792948341019962e-04
-1.014412873044610446e-04
1.443525907491168027e-05
-1.917987810181502783e-06
2.291945683145344385e-07
-2.213805227330861663e-08
9.286314696999530136e-10
3.062202282862868539e-10
-1.254111790492415435e-10
3.234437844970349520e-11
-7.028339161781980006e-12
1.378509294320101871e-12
-2.497093707744351289e-13
4.197794598780818509e-14
-6.607312874529238528e-15
9.021179876859573147e-16
9.727712230185944220e-01
2.051604818222939677e-02
-7.728583021285357832e-03
2.911028026049092537e-03
-1.096173151406380905e-03
4.125815098125275066e-04
-1.551688685999204939e-04
5.828771831982105042e-05
-2.185676205870468896e-05
8.176012304060898176e-06
-3.048751100496795835e-06
1.132383182368531893e-06
-4.186339361017285192e-07
1.539439476355160205e-07
-5.628694631253507594e-08
2.048424903715871000e-08
-7.507564659402334867e-09
3.027426589983263724e-09
-9.581935457720957085e-10
9.938271441469828105e-01
6.163315094058616737e-03
9.526012772420079316e-06
1.472339446459332358e-08
2.275646179394403987e-11
3.517226850158392085e-14
5.442995992875870381e-17
3.776426180458866387e-20
2.980175124515531168e-20
-1.779722601325547526e-20
9.897949597053352952e-21
-5.096245848929147585e-21
2.423735449091714002e-21
-1.031672893943501070e-21
3.815851214582489901e-22
-1.181232771078092324e-22
4.123276568272378865e-23
-7.775311963000022598e-24
-2.419416519987574871e-24
1.138422446904232110e+00
-1.475016145911998955e-04
-1.043132829951424612e-08
2.101026593960774390e-10
-1.766516770080199556e-13
-8.886915588888909589e-16
4.618341410054360073e-18
-7.178616207306357698e-21
2.886201632495408379e-21
-2.168038366720147414e-21
1.099976939664473852e+00
-4.188240654368707155e-02
1.534531587459377912e-04
3.078212388974132727e-03
-8.493134807953597746e-04
-6.935131793008288896e-05
1.114550040008921157e-04
-2.329360540774739040e-05
-8.057906556912037673e-06
6.225028226519143331e-06
-1.082604443706033874e-06
-5.366452597561880667e-07
3.782701225393542420e-07
-6.864277974998302930e-08
-3.104103827695238947e-08
2.373301667706877517e-08
-5.147012718759579094e-09
-2.033439607251212733e-09
1.512454687518943603e-09
1.043425507191045210e+00
-1.441803231165575232e-02
2.273679992434783029e-03
-3.293091206285507825e-04
4.175870501681771467e-05
-4.155311239063917587e-06
1.779163563717101229e-07
5.373219619231392443e-08
-2.091918764292750783e-08
4.956316802520558206e-09
-9.602404621463343048e-10
1.618338934839516238e-10
-2.380811685424817338e-11
2.912788083189715569e-12
-2.388949431644940381e-13
-8.834170003000455068e-15
9.984820167670243259e-15
-3.121538424622627997e-15
6.741053480270222646e-16
1.013865280758677212e+00
-1.059000949671946856e-02
4.043179430533078850e-03
-1.542863174198969923e-03
5.881900517325185963e-04
-2.238665716539896353e-04
8.497590880482297384e-05
-3.212413612271800272e-05
1.207341266622951066e-05
-4.501758241009150779e-06
1.661353833671309416e-06
-6.052724376258794397e-07
2.170878944770211402e-07
-7.641186859493546168e-08
2.629649733756747695e-08
-8.806253129182393537e-09
2.863882767605706664e-09
-9.590312428351155256e-10
2.600641856395830907e-10
1.003100775419029755e+00
-3.100775419029807439e-03
-4.237433570228176552e-19
3.680668486871165486e-19
-3.018546587914660577e-19
2.334541007518084681e-19
-1.699952246954644330e-19
1.163011546261526471e-19
-7.455052127671376084e-20
4.461576253062125720e-20
-2.481255795383104417e-20
1.274399981805532937e-20
-5.993720305551595605e-21
2.550015505112093169e-21
-9.631779313507978014e-22
3.127084006095559534e-22
-8.126589874439487140e-23
1.303454919974000736e-23
1.153845979442052124e-27
7.678847117794486143e-01
