9.342854028005014300e-01
-1.841643696185152074e-03
-2.151849523699424809e-06
1.816242907442204997e-09
1.723683044835095489e-11
-4.016345569362406845e-14
3.603420431684324933e-17
-4.817742808677288081e-19
4.698285149967753884e-19
-4.164569482434294434e-20
4.461291851302604528e-01
-4.879038937339140736e-01
7.094964298784874057e-02
5.159873754257267991e-02
-2.835631117023028683e-02
-9.809690950953165421e-04
6.114216115898640086e-03
-1.744077303108117075e-03
-8.407458623549634268e-04
7.195657309759744382e-04
-5.787512880464451917e-05
-1.549988113303957119e-04
7.170152716689426776e-05
1.176146316363067305e-05
-2.208101901441695425e-05
5.130952632824631250e-06
3.328427937265332847e-06
-1.828663106059497244e-06
-2.383768596723211414e-08
1.918703207724022086e-02
-2.386012957574702373e-02
9.126413305369071929e-03
-2.600681586622121625e-03
6.115482658453983821e-04
-1.261652979210099875e-04
2.365912694181622846e-05
-4.090603125612403618e-06
6.468819677573493316e-07
-8.959198026304715981e-08
9.324782508655466661e-09
-1.077747613766410095e-10
-3.189435734476036115e-10
1.258416900376265412e-10
-3.561995154052097707e-11
8.689314454853278279e-12
-1.926871626333899396e-12
4.090451584198789132e-13
-7.524662824819097239e-14
2.817378920259425894e-04
-5.376561645904164542e-04
4.674701857034608502e-04
-3.712712158706837993e-04
2.703714385330671091e-04
-1.814140713056105808e-04
1.127822525858780000e-04
-6.535959171201125256e-05
3.553314999348937658e-05
-1.824066851919104611e-05
8.899478510624862407e-06
-4.153489991669819180e-06
1.866029376203509672e-06
-8.119273125335948458e-07
3.442132216598106287e-07
-1.433097577136612796e-07
5.981476000733905032e-08
-2.761362919724768148e-08
9.489951026326715612e-09
-4.633707546519563398e-10
8.916480853373627867e-10
-7.938279659252837890e-10
6.531747551384613652e-10
-4.956520344388075925e-10
3.457539749394600941e-10
-2.206926996386007810e-10
1.280525489499752228e-10
-6.690776540746144128e-11
3.104287524252521550e-11
-1.250703408318363243e-11
4.205183095001934655e-12
-1.081439755486060077e-12
1.565188080841185340e-13
2.136692969736397586e-14
-2.055351742370765495e-14
5.078008011856623008e-15
4.458525470870545598e-16
-5.848829236454394613e-16
3.883730639992387101e-01
1.676763028380270524e-03
-1.339028038041052375e-06
7.146296535953490466e-10
-3.898823919014418079e-12
1.069411473245182276e-14
-1.312250727212574034e-17
5.690099565664359313e-19
-2.448820107472719417e-19
-3.999260399618446670e-20
6.444832749970650365e-01
2.389696683159100166e-01
-4.242856458838658446e-02
-1.294982051959270644e-02
1.263887211804653674e-02
-3.141448503916488208e-03
-9.903234391077911283e-04
8.991383812654845254e-04
-8.159695030661211158e-05
-1.710017584138023795e-04
7.321931651328539390e-05
1.792292188773688335e-05
-2.463726239806920658e-05
4.028620305864301540e-06
4.911819789364699169e-06
-2.815906038446346653e-06
-1.301436672592742576e-07
6.527630721161036562e-07
-2.128427457375314364e-07
8.827257607407773543e-01
3.799274407015952593e-02
-6.196161085758209938e-03
1.025219126423137974e-03
-1.736257082056048698e-04
3.025935111196384697e-05
-5.413867011276279101e-06
9.836072987468643101e-07
-1.784890953640773708e-07
3.172632653541875104e-08
-5.397284078372188146e-09
8.491407473053255208e-10
-1.150151063586375441e-10
1.042110775653375196e-11
6.830111346747227994e-13
-7.171129137030205302e-13
2.596887364165187119e-13
-7.785966476939923297e-14
1.833486869415419666e-14
9.615089539855733447e-01
2.883687832931577585e-02
-1.080209949830744816e-02
4.046430581086355414e-03
-1.515809010406098415e-03
5.678504473072890340e-04
-2.127435148275153010e-04
7.971478896240883477e-05
-2.987628853884691211e-05
1.120184839748849932e-05
-4.202732892346277977e-06
1.578333209870810081e-06
-5.935898011354531443e-07
2.236965751772824488e-07
-8.455815132537527949e-08
3.215910310007309142e-08
-1.250497890528774548e-08
5.460067140831801061e-09
-1.824189572449034500e-09
9.912244690549715243e-01
8.756234609022434806e-03
1.925390568636220070e-05
4.233702050434495355e-08
9.309401049882105776e-11
2.047028265716321993e-13
4.498723604241117587e-16
1.176618882131648474e-18
-1.350204119777218019e-19
9.645680642040025766e-20
-6.474526547143263668e-20
4.148800338211638675e-20
-2.531690540976460783e-20
1.462230550865439778e-20
-8.035942438891992510e-21
4.203276933394859937e-21
-2.081863386526363660e-21
1.085143299642528444e-21
-3.966793595241883799e-22
1.177242086603395466e+00
-1.279530038475593828e-04
7.654580518782352032e-07
-2.752843715071099775e-09
4.399628965223600524e-12
-8.228357406843370653e-15
3.484087784317345592e-17
-5.651849688523266370e-20
-4.048782380855043038e-20
-1.596350022163819029e-20
1.139330259862072703e+00
-4.836070290059855253e-02
-8.149861845468174201e-03
4.690095928978466229e-03
1.540491662187881087e-03
-1.357354668606357414e-03
-1.679202039845301728e-04
4.760968991834445166e-04
-1.277402600581485658e-04
-8.574339841218153724e-05
6.846364788633438304e-05
-3.449994352279957785e-06
-1.675893248088948523e-05
7.199481034336820828e-06
1.706947740504028096e-06
-2.555167134691868908e-06
5.868140251683115753e-07
4.515653812712756815e-07
-2.936372997539363205e-07
1.062355547821906221e+00
-2.124831378783096150e-02
3.563636379259403197e-03
-5.765297822555881004e-04
8.678177422850889475e-05
-1.129194775025551261e-05
9.994860574454650583e-07
4.853109834077810781e-08
-5.548973646416468261e-08
1.883203395468080289e-08
-4.921296853194657742e-09
1.121577126587211822e-09
-2.313643386732791356e-10
4.353989003404331622e-11
-7.375080526810500465e-12
1.069927024996741729e-12
-1.104058809748856190e-13
-3.510843540815767988e-15
5.206372498014351684e-15
1.019754105812468614e+00
-1.509072153731106682e-02
5.764064120288332413e-03
-2.201608473791239612e-03
8.408832444297094973e-04
-3.211442495854107022e-04
1.226324865327285078e-04
-4.681705064455917337e-05
1.786560835837941542e-05
-6.812804137300130340e-06
2.595070751467689064e-06
-9.868104553344123559e-07
3.743123280689475247e-07
-1.414825678257016547e-07
5.322745225211595795e-08
-1.992894156251338950e-08
7.504604250464100050e-09
-3.102811050564798389e-09
9.955931768250206321e-10
1.004417163471280849e+00
-4.417163471280894510e-03
-3.810601300654662539e-19
3.447262823522685536e-19
-2.994812017805127638e-19
2.497447788434361397e-19
-1.998081113677070891e-19
1.532542972025104824e-19
-1.125939328321628878e-19
7.915100207393623704e-20
-5.317108539504533915e-20
3.407962835453429249e-20
-2.080182432095308518e-20
1.206565638082324830e-20
-6.636393773125881379e-21
3.462245526602046574e-21
-1.736891421573494135e-21
8.999047833539284594e-22
-3.167984781617241262e-22
4.127067669172932440e-01
