9.301309962689395805e-01
-1.333602302329250206e-04
-1.862819736910720609e-07
-1.110205851546000597e-10
-1.465314954427326303e-14
2.524580530307747628e-17
1.006491423493125049e-20
-3.379281479339613463e-21
1.336148969270930429e-21
-1.687185210129148347e-21
6.964603693526194572e-01
-3.367907810126073986e-01
-1.107730792126599417e-01
5.261034458189959434e-03
1.790912338143660354e-02
4.290992850046938638e-03
-1.985406099848806196e-03
-1.309893047855102384e-03
9.880979815755203642e-06
2.497612395762010911e-04
6.571427691120646354e-05
-3.031808372474852230e-05
-2.102032456524245154e-05
2.143671686247459093e-07
4.187664548489699696e-06
1.093297900553932424e-06
-4.899500263895320873e-07
-2.814053471257273096e-07
-7.759185399530935389e-09
9.163514335149705592e-02
-1.186302149265734546e-01
4.695587326638983594e-02
-1.320200690312269519e-02
2.699274218194108819e-03
-3.186383296481220531e-04
-3.899495140904551320e-05
3.990881266013529614e-05
-1.572606609492126196e-05
4.452869973061701682e-06
-9.275238691952396012e-07
1.007604981665748824e-07
2.438168679215645403e-08
-1.999493721880886079e-08
7.856705967655822971e-09
-2.246202869395046963e-09
4.628295148139001342e-10
-3.433951262809735847e-11
-1.522837336639163880e-11
1.040924689751163449e-03
-1.995084003086846584e-03
1.756961451772797366e-03
-1.424506350222810034e-03
1.066404166190455024e-03
-7.399133978584481472e-04
4.779186105636593919e-04
-2.887816337403154867e-04
1.640878275476019132e-04
-8.814841257128401813e-05
4.501431446614509934e-05
-2.197142702984929022e-05
1.030548402232357814e-05
-4.669455646398286936e-06
2.054849674938227256e-06
-8.848615487286862988e-07
3.806503239075580216e-07
-1.805017183438470362e-07
6.290127346614128869e-08
-2.710887973933747759e-09
5.232721155995662389e-09
-4.702742540080423441e-09
3.931880973844867682e-09
-3.053219872602556675e-09
2.196601969768703272e-09
-1.459037399580746771e-09
8.904523132933260478e-10
-4.960022532640491521e-10
2.497914442755992134e-10
-1.121566645521728926e-10
4.391531409736587702e-11
-1.441644053823282651e-11
3.640024092814695627e-12
-5.220084322192842412e-13
-6.922425697255788090e-14
6.738224755696629810e-14
-1.568775728143992402e-14
-5.126174924332725173e-16
5.211522317852829156e-01
3.007044353771592374e-04
3.632923698951980696e-08
-5.054784216626866886e-13
-6.445314141776993448e-15
-5.585124208008942247e-18
-4.438274369293830589e-21
7.410876857153004156e-21
4.494151233001863884e-21
-5.502351609663145022e-21
6.562864329884081638e-01
1.663830437751881441e-01
2.185608317067502110e-02
-1.360509262908608796e-02
-3.951696123998359525e-03
6.002268594761466479e-04
8.440273279920228796e-04
1.479448492268357223e-04
-1.127708541830502257e-04
-6.360818640541854438e-05
2.933955097417642986e-06
1.379862005737590277e-05
3.605145083382031093e-06
-1.761083849825296735e-06
-1.279230887773717258e-06
-8.718953165918704737e-09
2.565809089004203720e-07
5.040035384251792881e-08
-2.652370282898198770e-08
8.824120156235391033e-01
4.188039102227724547e-02
-8.912522432102356479e-03
2.335623284354629032e-03
-6.650795989106693829e-04
1.760062672613874545e-04
-3.767538980492460678e-05
4.654610086429140596e-06
8.138239984860259846e-07
-8.110158883484805563e-07
3.427000534703154660e-07
-1.045427545596072914e-07
2.361998616545948333e-08
-2.975431634796200353e-09
-5.347694109574870601e-10
5.312289710071383015e-10
-2.239757010015441442e-10
7.020817030610661189e-11
-1.527091884774617988e-11
9.623452811747719160e-01
2.822407651908433526e-02
-1.057849369826108568e-02
3.965595608871604755e-03
-1.487193730488837323e-03
5.581980006006596971e-04
-2.098575884569521186e-04
7.914296984639689959e-05
-3.001426942297386784e-05
1.149144309706232612e-05
-4.467142428579147909e-06
1.776282904142342901e-06
-7.284428573191098335e-07
3.103421537636695922e-07
-1.380192531502080099e-07
6.437159147576819009e-08
-3.209621186875647975e-08
1.856693348424188217e-08
-7.258222660086889580e-09
9.914191029801695532e-01
8.562448906268279453e-03
1.840845187020840665e-05
3.957642306937231171e-08
8.508553349127929052e-11
1.829402616747330263e-13
3.815262874142599280e-16
1.006097095851974548e-17
-6.950863421785996466e-18
5.040543395342395912e-18
-3.508163813844220897e-18
2.341299942234063633e-18
-1.496421535282212560e-18
9.148172839471010156e-19
-5.347191608962573340e-19
2.999034949211789318e-19
-1.645515442714083862e-19
9.464337276615398583e-20
-3.543710225953705402e-20
9.780463862995106838e-01
1.304059271250103044e-04
1.222444432370222699e-08
-2.097185860706680417e-12
-4.471511031209418205e-15
-3.570088779306402647e-18
-3.214440352815595600e-21
5.509186685745835442e-22
-2.230258085515494299e-21
9.815818015917885204e-23
1.027035691682577134e+00
5.645328796978914265e-02
1.221297542057522443e-03
-8.179835345519909443e-03
-1.519656472039069379e-03
7.013229972206725662e-04
4.945722744374972304e-04
2.590974839705233011e-05
-8.774355464727456400e-05
-3.272408889853770157e-05
7.648697513496734754e-06
9.084443560456107171e-06
1.188076686046903210e-06
-1.535495226319894273e-06
-7.103001691802124852e-07
1.156236183737479883e-07
1.813055515210966360e-07
1.272864768153521236e-08
-2.622140063512533036e-08
1.058814690443092177e+00
-1.715162277477440614e-02
1.219243586139600894e-03
5.390719455188013997e-04
-3.482620043515605147e-04
1.282593224561368039e-04
-3.511097607857402620e-05
6.866048682069616982e-06
-5.108574894688670479e-07
-3.134168020958525807e-07
1.977338034655785307e-07
-7.214276712842953235e-08
1.936056148776526550e-08
-3.581935883926997347e-09
1.488639182536126098e-10
2.318812953642338958e-10
-1.300442869312475365e-10
4.810869317176075595e-11
-1.197350578776828110e-11
1.019311337959556196e+00
-1.475146402110840034e-02
5.633609581373814033e-03
-2.151014882858054162e-03
8.209137425289333512e-04
-3.129951320124337477e-04
1.191146903835513780e-04
-4.517097212437040508e-05
1.701980405923308535e-05
-6.339783904686551447e-06
2.314584510371354668e-06
-8.155834297739442735e-07
2.691304172481548248e-07
-7.735998089922647502e-08
1.463759328793450983e-08
3.114427202695760011e-09
-6.519787653864260215e-09
6.330674058279205325e-09
-2.928061287193955287e-09
1.004318358196128136e+00
-4.318358196128144547e-03
-1.143437431407736909e-17
1.043094994802485690e-17
-9.169429538555325749e-18
7.764744651980961146e-18
-6.331303067143002746e-18
4.968281801195565931e-18
-3.749550119477513318e-18
2.719347487658525520e-18
-1.893425853924103109e-18
1.264276927063236447e-18
-8.085267183104738756e-19
4.946136054850666203e-19
-2.893259317744129544e-19
1.624285807680105840e-19
-8.923110969088609787e-20
5.139372425830845525e-20
-1.925371973129542594e-20
7.753884711779446270e-02
