9.336620652187076486e-01
-2.484601047558119787e-04
-3.892639588315868157e-07
-2.457972235838423518e-10
4.527398946090976211e-14
1.618096441275195186e-16
9.774126094750749577e-20
7.826503659600691037e-21
-7.266943810202586394e-21
2.626321249825614426e-20
6.261743312640211112e-01
-4.132710412077769679e-01
-8.880887308245226375e-02
3.738376418605977858e-02
2.034247293863331724e-02
-3.852782539958082928e-03
-4.587908003443256881e-03
2.152143610039545163e-04
9.834552176383700491e-04
7.560349754114009744e-05
-2.035056199085565455e-04
-4.107905281135024758e-05
3.987983867721918690e-05
1.391389298310664267e-05
-7.199951527579351605e-06
-3.893865734010048037e-06
1.085417004867288760e-06
7.348396138029339306e-07
-8.830348108223214670e-08
5.780657985332565002e-02
-7.503449285689375858e-02
3.019144682904386506e-02
-8.911632666375682993e-03
2.080547279161979856e-03
-3.859015627546507309e-04
4.909873083652138367e-05
5.908939005600514398e-07
-3.117877094679780744e-06
1.355460635519480452e-06
-4.202136474285731776e-07
1.064026124852357133e-07
-2.202947045261782829e-08
3.292573478361950081e-09
-8.773774441534857116e-11
-1.765446147113778920e-10
8.887325204537061338e-11
-3.182479082894444490e-11
8.122391511220437776e-12
6.644508093104652385e-04
-1.272854775771506842e-03
1.119220371059050437e-03
-9.052155906791372339e-04
6.754582742910654296e-04
-4.668417975274240499e-04
3.002294856913821338e-04
-1.805739155982327910e-04
1.021174639279947194e-04
-5.460119005433638524e-05
2.775864603376920935e-05
-1.349360733514461806e-05
6.306466513426720443e-06
-2.849190416652558138e-06
1.251228469742769987e-06
-5.382719832402506338e-07
2.316737332288029201e-07
-1.101246766090619832e-07
3.845366961283916857e-08
-1.696205867299936157e-09
3.272485260462440818e-09
-2.936602750553300719e-09
2.448962140535411893e-09
-1.894702308174202113e-09
1.356443068122415761e-09
-8.953216882329585225e-10
5.420945431317038307e-10
-2.989693315301287949e-10
1.486843715508020895e-10
-6.568580333903063247e-11
2.516251046034752241e-11
-7.997531289535958148e-12
1.905063252335094338e-12
-2.244016845080138595e-13
-5.840252606459599075e-14
3.939379047798492327e-14
-7.282291383218203025e-15
-9.843848861211470074e-16
4.762385083747323056e-01
4.505900473759132585e-04
3.710623390677599390e-08
-1.217485915192770766e-11
-2.906984882748261216e-14
-2.395317914787446577e-17
-1.005087003234307699e-19
1.334040845506025206e-19
-8.720094472954391421e-20
3.778469416100239884e-20
6.408808004980811601e-01
1.908666962786782217e-01
8.944849413892178719e-03
-2.039417727266419969e-02
-8.113833253446421168e-04
2.660040782888411018e-03
5.758686686074811168e-04
-4.378349573547247477e-04
-1.890588263353275885e-04
6.605799269742017765e-05
5.248719845345973449e-05
-7.099901737238560308e-06
-1.319659304275130547e-05
-2.886334650188526047e-07
3.062554199296686097e-06
4.722281908510609986e-07
-6.663591277584785665e-07
-1.251307788104488260e-07
1.136732099466127266e-07
8.738706031180615286e-01
4.202496264930704467e-02
-7.578589905110726110e-03
1.572599242785132105e-03
-3.748590659684949457e-04
9.448292817695943949e-05
-2.283991116198490513e-05
4.863117585898038539e-06
-7.989294416386158898e-07
4.949122296509349882e-08
3.193918603834546481e-08
-1.894650378880564715e-08
6.924942342393185668e-09
-2.015790210293285602e-09
4.863309279804500338e-10
-9.262315868642015343e-11
1.013114255035346648e-11
2.258106238261475297e-12
-1.501827452456404933e-12
9.588185992533166946e-01
3.081049597211737642e-02
-1.152598467358449674e-02
4.312071093960789456e-03
-1.613450409052619682e-03
6.038838750489801529e-04
-2.261543437002332623e-04
8.478844218094497840e-05
-3.185201656670578373e-05
1.200705454779190229e-05
-4.551983665498139370e-06
1.741045765980066492e-06
-6.746657075087646060e-07
2.662232032413273989e-07
-1.076099183134328317e-07
4.494403215455915960e-08
-1.986940467538969833e-08
1.021785885096114392e-08
-3.771114339392690318e-09
9.905984581674740497e-01
9.379393555768252358e-03
2.209609955394761858e-05
5.205428396443333998e-08
1.226301651790319012e-10
2.888991399511034367e-13
6.762255974824817159e-16
5.006797396339785783e-18
-2.552947048905940921e-18
1.844504978014247385e-18
-1.276512150062020786e-18
8.463127529134144235e-19
-5.369437839893624066e-19
3.255436599664101402e-19
-1.884221913604173460e-19
1.044855359549843940e-19
-5.654021798825724359e-20
3.198854191566128556e-20
-1.186652496847967620e-20
1.029202044727526077e+00
1.378790415639313458e-04
2.310099444797171202e-08
-1.158562642645208824e-11
-1.981103320970998456e-14
-1.642387006700241570e-17
5.404701468491387310e-20
-6.484514622941249100e-21
-4.486095023036279648e-20
1.617440521744326684e-20
1.067296200718304444e+00
3.785811832639959795e-02
-8.383432734288124785e-03
-8.695793693338487590e-03
8.992789967046488191e-04
1.642083892239923132e-03
1.078908635702750617e-04
-3.354658979833087117e-04
-7.832807955099492774e-05
6.352120033515600667e-05
2.794546383188260846e-05
-1.054239077315405110e-05
-8.145274631007880532e-06
1.299846098700210337e-06
2.128457909888790958e-06
-2.732408422834134264e-08
-5.275499646454119056e-07
-2.660971772579270818e-08
1.033457691161364494e-07
1.066015464807946289e+00
-2.139697225493853577e-02
2.948291579785064596e-03
-1.834591348254660244e-04
-8.500846681273680481e-05
4.959909480604522735e-05
-1.730752735487998487e-05
4.753508511285592780e-06
-1.061096941051761879e-06
1.772713800230657941e-07
-1.159900350154380817e-08
-6.561548904088004768e-09
3.889538977152872660e-09
-1.392529854435663910e-09
3.933837870044252981e-10
-9.084720179017938411e-11
1.586075290057123839e-11
-9.361354444075216308e-13
-4.993092723594693487e-13
1.021170288178712804e+00
-1.617221817334337300e-02
6.176839793235528418e-03
-2.358994076951450095e-03
9.007625035346255010e-04
-3.438245376706315485e-04
1.311467355485931787e-04
-4.995807236380048351e-05
1.898559226907817752e-05
-7.185481760236200190e-06
2.700734763468915994e-06
-1.003615605046089367e-06
3.661147142993035268e-07
-1.295553477155769932e-07
4.349691948979639111e-08
-1.316955404634532987e-08
3.020150148273697848e-09
6.978750289912162639e-11
-3.476819398314684549e-10
1.004733904604678596e+00
-4.733904604678633270e-03
-4.591904380821186605e-18
4.183357549911596523e-18
-3.670510678439824574e-18
3.100635526802712029e-18
-2.520601712887109846e-18
1.970800556930782368e-18
-1.481035528005250134e-18
1.068830604138160173e-18
-7.400098513753848598e-19
4.909489785697467574e-19
-3.116842136681666634e-19
1.890913155495793669e-19
-1.095519518615398452e-19
6.080491368950653653e-20
-3.294057727564984217e-20
1.867757500358264943e-20
-6.936116198136388408e-21
1.950977443609023254e-01
