9.375767648336892357e-01
-1.575423413585258113e-03
-2.079587534853983968e-06
8.017108535238699330e-10
1.306948708024506523e-11
-2.021073748820319375e-14
5.760637615605300171e-18
-4.611799422950181839e-19
9.805314179083249764e-19
-6.274171687731264081e-19
4.591043771853058897e-01
-4.909648138965985176e-01
5.917338816715636551e-02
5.690200258336540473e-02
-2.599924172516803605e-02
-3.741465190078725571e-03
6.466616524041936265e-03
-1.041672497360797076e-03
-1.208813945982545974e-03
6.456905162414125531e-04
8.088916824162916926e-05
-1.860905376935393534e-04
4.255879513094676999e-05
3.221048859251288214e-05
-2.153144234142345334e-05
-1.168388619418805503e-06
5.886624091490796231e-06
-8.340502233986196828e-07
-1.007675523550188497e-06
2.033417661704697149e-02
-2.546007476611343578e-02
9.826558056009120079e-03
-2.825746592945889511e-03
6.698967324744649907e-04
-1.390620170288221367e-04
2.615336597991359927e-05
-4.509095329307614468e-06
7.031073086654302774e-07
-9.336350809162867922e-08
8.267685986385613777e-09
5.069500099011190725e-10
-5.247667534721677934e-10
1.825619913098304309e-10
-4.954637974846880328e-11
1.181973280679474444e-11
-2.576067967038267041e-12
5.356443777146992620e-13
-9.625433353531100373e-14
2.884393090867713489e-04
-5.507459843892097400e-04
4.796241413002317699e-04
-3.819171938659057602e-04
2.790944528801712660e-04
-1.880608350748358176e-04
1.174810694469582842e-04
-6.844427783561644917e-05
3.741984528709463482e-05
-1.932104889934426362e-05
9.482026595038181739e-06
-4.451119538087634851e-06
2.011034747224623228e-06
-8.797300452551762536e-07
3.748434538693888655e-07
-1.568000032279906030e-07
6.573998548749881813e-08
-3.048249232749851205e-08
1.050153484021158482e-08
-5.060375166448461002e-10
9.740970581814820013e-10
-8.681678688357260565e-10
7.156547205186176769e-10
-5.445053278074980172e-10
3.811878686146346295e-10
-2.444361691710134297e-10
1.426686160813999870e-10
-7.510941576872981186e-11
3.519200226254522875e-11
-1.436837318197602276e-11
4.926065219347606184e-12
-1.310698575890530252e-12
2.095204632002061310e-13
1.652586733899333711e-14
-2.304546930429017770e-14
6.428411430230772980e-15
2.556933314931917273e-16
-6.458583439496277694e-16
3.881661875575315723e-01
1.524363896071357239e-03
-9.936080249293539554e-07
3.950720975101906048e-10
-2.667531859132681324e-12
5.705088457949631449e-15
-3.965053857355929253e-18
4.581421117573237452e-19
-4.801188199860022699e-19
1.735091347631053573e-19
6.393501627645137297e-01
2.384978184489553454e-01
-3.895735812940098741e-02
-1.490184353683575436e-02
1.246206547425949933e-02
-2.350219180912668272e-03
-1.336792154460864947e-03
8.233854684249902484e-04
4.734802708223626911e-05
-1.976870073755742111e-04
4.541940709339980912e-05
3.572091500615062455e-05
-2.264897370142937848e-05
-2.106676490466727583e-06
6.548869178643096947e-06
-1.484831843467160433e-06
-1.179015772220550327e-06
5.184468812175564970e-07
9.401500594641847622e-08
8.799564297810247293e-01
3.885129070992848072e-02
-6.337419199297006367e-03
1.051684950111117164e-03
-1.794752412868185810e-04
3.170444172048567577e-05
-5.778908355140550485e-06
1.072289898045183149e-06
-1.985725079897734034e-07
3.588149534570509998e-08
-6.160514673237503211e-09
9.649526431268105817e-10
-1.257472317081655200e-10
9.087572580543127613e-12
1.817869078816099285e-12
-1.141941453253931537e-12
3.863945433543934304e-13
-1.129255322186593320e-13
2.628382817153446985e-14
9.605687375973605002e-01
2.952707669505965499e-02
-1.105533079466214375e-02
4.139303933104100490e-03
-1.549858358762030378e-03
5.803302264541871031e-04
-2.173171926041876103e-04
8.139144488500922397e-05
-3.049151629064953854e-05
1.142807888462063879e-05
-4.286258720694810238e-06
1.609386976871877670e-06
-6.052641334092319698e-07
2.281585971662945828e-07
-8.630378393524708443e-08
3.286503842959015879e-08
-1.280752334103528357e-08
5.611224726543537058e-09
-1.879169997797562792e-09
9.910058532719600022e-01
8.973877613477570722e-03
2.022343629880142484e-05
4.557532355045035935e-08
1.027080698275661078e-10
2.314622059347288908e-13
5.213166411889515060e-16
1.408533420880123994e-18
-1.690059615269864627e-19
1.210952772383814221e-19
-8.152494163303956239e-20
5.246897915380497642e-20
-3.224261818456112881e-20
1.881411616675901683e-20
-1.038135645900950087e-20
5.443734719966043305e-21
-2.758697398990475387e-21
1.456123382968704059e-21
-5.113864568102723437e-22
1.168891867362841008e+00
-8.363704304159223486e-05
6.110107630166684752e-07
-1.924732787544059455e-09
2.325895613214269961e-12
-4.171440519178006642e-15
1.846108841417778041e-17
-1.579670386687761417e-19
2.260852165539498473e-19
-1.088692842212154001e-19
1.137650454317356452e+00
-4.245701720222921222e-02
-1.004783616607707493e-02
3.947987098138432301e-03
2.189619094601986688e-03
-1.297218253612784141e-03
-3.738887338455084580e-04
5.030118653332694891e-04
-6.078597039796050200e-05
-1.192879009218805395e-04
5.800844826050528423e-05
1.182792282069002190e-05
-1.932778959455842764e-05
3.360098091310980294e-06
3.957165647241061761e-06
-2.177722174338692576e-06
-2.469308836736004385e-07
5.150561596152605371e-07
-1.130653109520710809e-07
1.063904136950003965e+00
-2.176236354975738183e-02
3.641563322691106913e-03
-5.851559364551338870e-04
8.647059338067550479e-05
-1.066502509614383714e-05
7.318109551814742246e-07
1.341926266494861060e-07
-7.904851572681920860e-08
2.464909298805640640e-08
-6.232307472296606647e-09
1.391756248134928993e-09
-2.815972973196734336e-10
5.161020275552920391e-11
-8.344405215527897911e-12
1.088507320480772075e-12
-7.124682995810064590e-14
-2.226937330027605892e-14
1.057006806031734430e-14
1.020247822955548722e+00
-1.546788485218605555e-02
5.908124779979258105e-03
-2.256632112175562411e-03
8.618980926767783003e-04
-3.291692532058563799e-04
1.256961741364853800e-04
-4.798602924946961102e-05
1.831118078660894436e-05
-6.982319732443189712e-06
2.659349022973721812e-06
-1.011048060185667287e-06
3.833680483566562299e-07
-1.448160489215082992e-07
5.442521454529216511e-08
-2.034212182851552983e-08
7.637254724899790093e-09
-3.141581469541861008e-09
1.004018572899479859e-09
1.004527562526162709e+00
-4.527562526162581986e-03
-4.483915590960416358e-19
4.060276743485098097e-19
-3.532158381226922159e-19
2.950758436271629072e-19
-2.365926986351267357e-19
1.819472264826326637e-19
-1.340903934213010145e-19
9.460392854101747898e-20
-6.381713155434241398e-20
4.109874867444206350e-20
-2.522333654532553746e-20
1.472187593024027598e-20
-8.156149762994411346e-21
4.292000962288451740e-21
-2.176555971102798034e-21
1.142547373434186271e-21
-4.054784434275144582e-22
3.926967418546366551e-01
