5.566965957149109556e+01
3.853752085347728951e+01
3.084441177226505815e+01
2.616128551244720768e+01
2.292940136265309903e+01
2.050595785232185975e+01
1.859865054064981393e+01
1.702810502382631341e+01
1.571484122943488337e+01
1.461929074599718881e+01
1.364173660940711308e+01
1.280253231373407807e+01
1.206192667275406016e+01
1.138013877751502356e+01
1.079744369193640985e+01
1.025399295186543824e+01
9.769997034799347446e+00
9.345624459261227202e+00
8.940984911910831556e+00
8.576223585946307182e+00
8.251445295397189739e+00
7.946717287438069377e+00
7.682124013152948905e+00
7.417681854366214189e+00
7.193461577623057046e+00
6.969455050092755677e+00
6.785710380135800968e+00
6.602203670587135420e+00
6.438953179856254039e+00
6.275942024719633139e+00
6.133180245497102945e+00
5.990646291160443226e+00
5.868345873606057417e+00
5.746255794251750260e+00
5.624366752879219611e+00
5.522681956549506666e+00
5.421178715449834762e+00
5.339859787473190345e+00
5.243695237439760071e+00
5.160192789216401010e+00
5.081839824854889720e+00
5.006127336487035784e+00
4.935549442308357015e+00
4.867598156498769590e+00
4.804768386068949404e+00
4.744553112484652502e+00
4.684445943344426766e+00
4.629443930430890752e+00
4.577041353321688710e+00
4.524733059636139920e+00
4.477516733983899933e+00
4.430387057231125247e+00
4.385841380146244362e+00
4.343876474406286547e+00
4.301988842480055197e+00
4.262676322873361734e+00
4.225936315976842828e+00
4.189266119148017609e+00
4.155163901012710603e+00
4.121127427700373325e+00
4.089655016232732088e+00
4.060744830547593942e+00
4.029395376427528319e+00
4.000605152096589734e+00
3.974372657598946645e+00
3.948196848530325820e+00
3.922076663993537604e+00
3.898510586907821818e+00
3.874998084740213677e+00
3.854037605381010589e+00
3.830629759734503370e+00
3.809772300558163405e+00
3.791464301466979325e+00
3.770707123197679866e+00
3.752498088695654488e+00
3.736836398891750566e+00
3.718724157940762609e+00
3.703158183783996193e+00
3.687639421749449031e+00
3.672167515937355020e+00
3.659240253853665692e+00
3.646358973701604000e+00
3.633523375014865664e+00
3.620733168052026940e+00
3.607988068965026773e+00
3.597785317215616452e+00
3.587626854989109493e+00
3.577512380243676571e+00
3.569938716396863665e+00
3.559911107431850130e+00
3.552423331444322763e+00
3.544977828802249764e+00
3.537574133600324355e+00
3.532708203525069202e+00
3.527882691548455796e+00
3.523096920339300553e+00
3.518350118305408891e+00
3.513641405360472536e+00
3.511465573988975741e+00
3.509325407540740294e+00
3.507219604121814438e+00
3.505146685216546043e+00
3.505600220383725762e+00
3.506082801191758858e+00
3.506592302126499305e+00
3.507126339772756562e+00
3.510176960109993693e+00
3.513246238743905181e+00
3.516330910997170989e+00
3.521921712528191417e+00
3.525025938380341728e+00
3.530627858631863791e+00
3.538722522739756737e+00
3.546810795686136775e+00
3.554887428983560138e+00
3.562946870529349663e+00
3.573476883310111596e+00
3.583977637788688053e+00
3.594442871463286782e+00
3.607359525850475368e+00
3.620227555283179743e+00
3.633040339766484994e+00
3.648284436196271852e+00
3.663459873791396593e+00
3.678560011224031978e+00
3.696071403561616897e+00
3.713494337458001837e+00
3.733315524009606534e+00
3.750542294901528795e+00
3.770154738400255834e+00
3.789653580102521069e+00
3.811526137180605289e+00
3.833273477631161441e+00
3.854890134587634520e+00
3.876370984959628174e+00
3.900204881891336406e+00
3.921400697408307767e+00
3.944942114714912851e+00
3.970826687834314139e+00
3.994064985848902349e+00
4.017149689653834344e+00
4.042574815114279296e+00
4.067847184545316352e+00
4.092968373964328777e+00
4.117940715298020748e+00
4.142767207778956795e+00
4.167451420778239601e+00
4.191997396454589797e+00
4.218904670141327529e+00
4.243187896652857560e+00
4.267347008891123394e+00
4.293882720694958799e+00
4.317809404545169372e+00
4.344123776903273892e+00
4.367839909619385175e+00
4.391459249408446119e+00
4.414987695570633086e+00
4.438431299774441285e+00
4.461796268518905428e+00
4.485088960468028851e+00
4.508315877379762249e+00
4.531483648324206470e+00
4.554599007725017579e+00
4.575171538254991788e+00
4.595705082665896946e+00
4.618704012761061684e+00
4.639180357732282545e+00
4.657140587268110643e+00
4.677586773535675313e+00
4.695530027095153436e+00
4.715972646928344503e+00
4.733925041761181340e+00
4.751891383647843803e+00
4.767379400846608384e+00
4.785391550989679388e+00
4.800936769455248054e+00
4.816518889568309980e+00
4.829644533939398521e+00
4.845316060487813381e+00
4.858540928693262373e+00
4.871822481070131161e+00
4.882666217871406644e+00
4.896074213612804371e+00
4.907052520345586366e+00
4.915604762501472713e+00
4.926732706209320689e+00
4.935441404819372657e+00
4.944233105400313910e+00
4.953110701075228661e+00
4.959577522622431012e+00
4.966135269130089291e+00
4.972786148630709668e+00
4.977032718309035708e+00
4.981376092013125145e+00
4.985817785405866509e+00
4.987859604634556909e+00
4.990002043985436231e+00
4.992245922216131504e+00
4.992092319479695561e+00
4.994540581416717195e+00
