9.759425802762818070e-02
-1.981000265289836309e-05
1.634217304988024138e-09
-1.317437276412505085e-13
1.070196443850186921e-17
-7.982908350669367691e-21
-3.194416713871858843e-21
4.177369144626404480e-21
-4.885498676187420008e-21
2.182790133181284206e-21
8.929058141106038793e-02
-1.044645305049522396e-02
-1.967511561917941344e-03
2.101327565442858499e-04
1.226150034155944039e-05
-2.830433088392476315e-06
-7.513100961626220721e-10
3.052627792896450249e-08
-1.429661825733826214e-09
-2.636219221444933323e-10
2.808701047287066965e-11
1.543259341896106549e-12
-3.813540227161101392e-13
1.271766600406627007e-15
4.136922739922974516e-15
-2.119979208129943033e-16
-3.558956126598205825e-17
3.950254067079434884e-18
2.663465284516978821e-19
6.008442075746513178e-02
-1.676037553237183855e-02
3.869467371450267595e-04
1.200521399888139116e-04
-1.509105448993661748e-05
4.819013885039270580e-07
7.824826643101029227e-08
-1.203440249351067514e-08
5.729551073592462502e-10
4.337668624016802267e-11
-9.400490849048983169e-12
6.043688374753561509e-13
1.805942757035042594e-14
-7.105230542453053299e-15
5.856865113608737045e-16
7.206364832316803753e-19
-5.021366225836185927e-18
4.822253508239510136e-19
-1.672069015368452821e-19
1.090676902446459026e-02
-1.765423506851863250e-02
9.882581694964111957e-03
-4.015375885369485039e-03
1.186423201710109154e-03
-2.222570528819335970e-04
-3.394418982491087776e-06
2.548527150929530581e-05
-1.427189169992973148e-05
5.631672418101391868e-06
-1.809941990482246441e-06
4.749675142510692533e-07
-8.872377400989308841e-08
1.408720929099840631e-09
8.974441358940438441e-09
-5.605166294299732601e-09
2.412883577876547823e-09
-9.011458867782874669e-10
2.456003302853054826e-10
1.825159250538997154e-05
-3.289551234364081596e-05
2.390406456434828996e-05
-1.366149057731021523e-05
5.784711618201841462e-06
-1.531353906347115312e-06
5.733694502205144218e-08
1.278983229354509065e-07
-3.255505710329896108e-08
-1.021354669193578388e-08
5.229812004724950757e-09
1.145571131474438144e-09
-7.923754590857828726e-10
-2.039775290725256627e-10
1.184966737988551210e-10
4.693902070444012625e-11
-1.484261807375365906e-11
-8.830325832073782038e-12
6.822971349857721025e-13
9.023186227170496565e-01
1.092964703215628591e-05
-7.622691995056194271e-10
5.593538644790730524e-14
-4.253299094669454689e-18
2.364209270154860541e-21
-5.537522179691672041e-22
-1.142786236914886030e-21
6.250335005074771122e-22
-1.166250332441269116e-23
9.069968079245992465e-01
5.914046151272865821e-03
1.153440748058297749e-03
-1.010175588720112899e-04
-6.440125929218669927e-06
1.248749142602869102e-06
7.241373023531476810e-09
-1.275595313495594807e-08
5.157965140640259080e-10
1.067991256714185493e-10
-1.040630508241895535e-11
-6.274933527351892199e-13
1.405020250507677959e-13
-4.045011320058495505e-17
-1.512772583024197534e-15
7.371593680804354202e-17
1.303767215280357854e-17
-1.479371583797214239e-18
-1.378048527482914108e-19
9.244331245678961695e-01
1.050488830030934032e-02
-4.839407074282334024e-05
-7.111444658802217500e-05
7.041006203118802895e-06
-1.297815843132640614e-07
-4.126579367498529311e-08
5.030266517523372079e-09
-1.758411672266726316e-10
-2.221941462739219904e-11
3.671723346852811166e-12
-1.960194755499160797e-13
-9.937748609605564485e-15
2.662944016696282778e-15
-1.951611705821603280e-16
-2.003766356636255020e-18
1.872387560671176748e-18
-1.850917034964690463e-19
-5.473212275133898914e-21
9.675687338374662216e-01
2.272132057288720614e-02
-7.400795975636916685e-03
2.127765191729390389e-03
-4.859465505263599718e-04
5.711755084577202013e-05
1.967708722448379839e-05
-1.780325845133013323e-05
8.253548239148844035e-06
-2.891824726677642565e-06
8.062240832083411109e-07
-1.661044060942245076e-07
1.330735099880972253e-08
9.198763598035360945e-09
-6.667823282080662783e-09
2.931362058934629187e-09
-1.025244683502775952e-09
3.111535709038734245e-10
-7.060161455374751299e-11
9.922831485085179537e-01
7.701932496741671109e-03
1.489234196385816252e-05
2.507572412633941138e-08
2.504819819559372535e-09
-1.413824316162227302e-09
6.982434948959667533e-10
-2.848647873589407481e-10
8.928779674487876874e-11
-1.728610526032066286e-11
-5.755196363190823921e-13
1.719764425217345608e-12
-4.702735010594374951e-13
-4.898847090852461601e-14
6.304291395499619965e-14
-7.310193218370021658e-15
-6.444019093005587170e-15
1.521979386759612077e-15
6.194323134987466845e-16
1.049215802692069266e+00
-5.193648753328032837e-06
3.280722211007539529e-10
-2.113126117940294345e-14
1.370603225140217422e-18
-1.063650561427150646e-21
-5.225231728829900755e-22
5.155270987704728543e-22
1.498386590016810910e-22
-1.450185328583518523e-22
1.046970713388221119e+00
-2.844374394062672458e-03
-5.631228459127082548e-04
4.496833348145935278e-05
3.116955214264279715e-06
-5.084647728172919139e-07
-7.811523802102331948e-09
4.767028050167996688e-09
-1.130576091998423038e-10
-3.794920823912494240e-11
2.427155120442231940e-12
2.475664854198062725e-13
-3.044500353455348269e-14
-1.129472061382508924e-15
3.062432340353853045e-16
2.281429935139164618e-19
-2.669828164426099178e-18
7.488234002725405337e-20
5.971346225879128858e-21
1.038428335603884367e+00
-5.220571743389132609e-03
1.318200246202532120e-06
3.625695570942710414e-05
-3.184725002981538429e-06
1.759609028680636487e-08
2.146852925977494040e-08
-2.030271257949361037e-09
2.400568129966436934e-11
1.285640699216318105e-11
-1.341467067660241103e-12
2.479947273251072116e-14
7.954487235126889175e-15
-9.154631786524917723e-16
2.183837316288319405e-17
5.173351120306980123e-18
-6.458495021913875792e-19
8.679127999734672057e-21
6.180012281338394671e-21
1.016481817914529628e+00
-1.164830814721418834e-02
3.800626256403839658e-03
-1.081649662776630084e-03
2.377129721147169610e-04
-2.201617724057995396e-05
-1.336202777156361337e-05
1.021679151337000197e-05
-4.463738682579068631e-06
1.476702456908240815e-06
-3.765839513049345477e-07
6.202000226524173953e-08
3.254781466470341265e-09
-8.186995231619615097e-09
4.351608574822278995e-09
-1.658724253486378663e-09
5.051319935329308569e-10
-1.200031926618863063e-10
1.820188546582118661e-11
1.003880872206037056e+00
-3.880870530323540964e-03
-3.000349765507069131e-09
2.248851892547520335e-09
-1.487526072646159878e-09
8.580954423616019085e-10
-4.232695173921429362e-10
1.723704171723086460e-10
-5.384815836563249067e-11
1.032923081482481986e-11
4.011867885100808719e-13
-1.050921912516129843e-12
2.827165015717432596e-13
3.148101438279176528e-14
-3.847751889057484049e-14
4.278264111765515152e-15
3.977827814853303220e-15
-9.168659012188046881e-16
-3.852828815976822052e-16
9.488099307875446087e-01
