1.101735265063035069e-01
-2.696796753423846534e-05
2.724768161903669288e-09
-2.706360977564962123e-13
2.705785575634856107e-17
5.038355931347511573e-21
-1.289535790123023169e-21
6.782278586578581565e-22
-2.241915251786430463e-21
1.384398355404583362e-21
9.918020720405658353e-02
-1.374263571770725952e-02
-2.470244897353343454e-03
3.262014870098106558e-04
1.504390777004437870e-05
-5.095875739270505023e-06
9.047940285227884880e-08
6.146797100119154268e-08
-4.699629256570706716e-09
-5.404291222426881344e-10
9.329621272889276438e-11
1.787856781345087579e-12
-1.345473290779112172e-12
5.410992729245739140e-14
1.485781994172310623e-14
-1.588909155253331410e-15
-1.071968200905186602e-16
2.718622505740050807e-17
-6.316520675183196590e-20
6.279905776090037584e-02
-1.989115492889027836e-02
7.632878997682527146e-04
1.269408398030135354e-04
-2.176924202911296262e-05
1.253297153598022918e-06
6.437376829344165733e-08
-1.964356040931140927e-08
1.690669441279737642e-09
-8.240045857274547243e-12
-1.564071715394190578e-11
1.947034588728470502e-12
-7.789915126698232094e-14
-9.995494539290186321e-15
1.973218222816681967e-15
-1.372728008578312595e-16
-3.346324194730803923e-18
1.746369241550118142e-18
-8.622160137186792285e-20
1.038765375740833587e-02
-1.713639315906803282e-02
1.004954189044490916e-02
-4.391235766666719970e-03
1.456730180660542346e-03
-3.501206942083163087e-04
4.168563105335453515e-05
1.372033108483524506e-05
-1.259537258426865112e-05
6.068372659402754240e-06
-2.315131698493226515e-06
7.525097920013763686e-07
-2.069265236616720430e-07
4.356742668974129048e-08
-3.529256951565570139e-09
-2.830960553888137326e-09
2.230393511625126501e-09
-1.208906739838464107e-09
4.168186930763177026e-10
1.176198007870228025e-05
-2.129456750518226834e-05
1.569776093553588401e-05
-9.222003086137574605e-06
4.106742158440966873e-06
-1.216327908181188310e-06
1.212489900525858364e-07
7.407681468749174636e-08
-2.913908376320587872e-08
-3.456972419576732851e-09
4.050036384707215422e-09
1.654661229239562421e-10
-5.898809688041976312e-10
-2.975460608492227493e-11
9.405354513518060743e-11
1.204210011654819427e-11
-1.546709483417966112e-11
-3.030657948187004235e-12
2.113439394850798654e-12
8.930913445826290653e-01
1.442027441562766991e-05
-1.231178728310638706e-09
1.115428286152856623e-13
-1.051402109267852709e-17
9.851135420025582175e-22
3.820582814788793178e-22
-1.950945362664228282e-21
4.289402166399768126e-22
4.827212285547209270e-22
8.991195361022046306e-01
7.580463216093724470e-03
1.424122308558202965e-03
-1.528142510771717259e-04
-8.051188789779809005e-06
2.197283902410686848e-06
-2.406579274782086664e-08
-2.525116621531799095e-08
1.718549790798821677e-09
2.179738947649082170e-10
-3.433666228963375009e-11
-8.064492071808736478e-13
4.918043262493631739e-13
-1.823180573261248951e-14
-5.400606457303961218e-15
5.588251015387262914e-16
3.881954450524422983e-17
-9.595427074500589060e-18
1.517690378752034222e-19
9.204590223873436727e-01
1.237715052150412109e-02
-2.059438086315581334e-04
-7.885753366226717583e-05
1.023588888407198216e-05
-4.347986869269879345e-07
-4.117699188976932542e-08
8.464666109245696617e-09
-5.962690134375989313e-10
-8.108834556851251957e-12
6.456811608776388667e-12
-6.866514781781348962e-13
2.054785088832291192e-14
4.112399658862854234e-15
-6.932248099934873352e-16
4.367836828592422245e-17
1.477575640105250647e-18
-5.969151096067383803e-19
6.662345961916492816e-20
9.670369423948873555e-01
2.346029164576911991e-02
-7.890395118798508925e-03
2.412133815249007957e-03
-6.259821010919730880e-04
1.143844844418207864e-04
9.686693481822060200e-07
-1.351671476500492189e-05
8.051581475267463307e-06
-3.343544091506145178e-06
1.124613208002354805e-06
-3.124326015210858922e-07
6.688283795307368525e-08
-6.931891567318456127e-09
-2.908881835086451536e-09
2.484315907842932722e-09
-1.201224691986855902e-09
5.064449316015027301e-10
-1.530466928224623040e-10
9.922351265234103934e-01
7.749769808593921089e-03
1.507511756257210792e-05
2.790767403484143583e-08
1.009259509684069094e-09
-5.658222553506348632e-10
2.912027662295215726e-10
-1.262173702037674639e-10
4.371453523366992569e-11
-1.060796854229615318e-11
8.879615308184494744e-13
5.728331980446592571e-13
-2.669574543013918409e-13
2.113944293398902631e-14
2.253662375635632393e-14
-7.440831716787910983e-15
-1.133890038971833173e-15
9.455659296352130104e-16
-1.416430498011147004e-17
1.053776933507857505e+00
-6.757578010575829050e-06
5.126965154272998771e-10
-3.976258793440107263e-14
3.094800181396783951e-18
4.516288500975104327e-22
-3.026417505469674419e-22
-5.434369051218363387e-22
-2.458162868607946334e-22
5.196922295205476168e-22
1.050912894947267917e+00
-3.612479322972204140e-03
-6.933686300732628573e-04
6.672151143804179257e-05
4.032795990330885605e-06
-8.714660335877269034e-07
-2.397373210561122512e-09
9.246436229629044370e-09
-3.917452791256813954e-10
-8.027663655949616748e-11
7.652625296684914550e-12
5.238934387227747599e-13
-1.022498673076661266e-13
-1.539624081270406070e-15
1.131034756721505409e-15
-2.136872607772068623e-17
-1.139446280263822128e-17
5.053565256643793705e-19
1.315403106066091200e-19
1.040500809385165537e+00
-6.152391164183805550e-03
7.001660644003610250e-05
4.146246613083924662e-05
-4.715872791017175401e-06
1.320434716094945227e-07
2.560408187035327789e-08
-3.697460102423049208e-09
1.634338331084845377e-10
1.455755693860433930e-11
-2.914412362012153724e-12
1.770715173955504281e-13
7.114565625957629764e-15
-2.320274705700077445e-15
1.798248638477829017e-16
2.177598292228648278e-18
-1.891730690687462647e-18
1.674444572481133123e-19
8.916056905071402300e-21
1.016766440999447907e+00
-1.204849721714254182e-02
4.065092593669519978e-03
-1.233492234835451094e-03
3.109822461280295361e-04
-5.098019451193908373e-05
-4.489040609859898485e-06
8.521563872516187905e-06
-4.610020872156821609e-06
1.804657941652787180e-06
-5.677475150382400141e-07
1.414829031511671801e-07
-2.301419100246640260e-08
-1.423977724318944748e-09
3.293285773576206898e-09
-1.810048702144806298e-09
7.316514886962624084e-10
-2.605107856827393111e-10
6.880969842092951753e-11
1.003905164290855634e+00
-3.905163649549930460e-03
-1.153992560252728381e-09
8.768561713954100686e-10
-5.920029462035708601e-10
3.515898720154300217e-10
-1.807251737556713441e-10
7.820976677179669706e-11
-2.701531481413821048e-11
6.517004987371595407e-12
-5.246594324837581426e-13
-3.616594236699182300e-13
1.655116852410508883e-13
-1.238199179749174372e-14
-1.420918845833360346e-14
4.593123810996532563e-15
7.386911512869052487e-16
-5.907641759649578288e-16
5.569279513567972397e-18
9.437921719467243786e-01
