1.167440689989629327e-01
-3.130362897042769687e-05
3.490733649960625299e-09
-3.837003771655103106e-13
4.251003162013367854e-17
-4.824516171620577911e-21
-1.279163435191221891e-21
1.204870571385115887e-21
-2.102744040273707015e-21
1.006894460890911762e-21
1.041772949519465391e-01
-1.565461912759060978e-02
-2.740060006468338777e-03
4.016922546816993297e-04
1.580020720178593573e-05
-6.710329606195316456e-06
1.881445342081622365e-07
8.451104796418555135e-08
-8.005969537149841905e-09
-7.187092909917863841e-10
1.616569671899394364e-10
2.392089350589331539e-13
-2.377873918724932838e-12
1.476124222380879599e-13
2.552777054231801114e-14
-3.798729566615495803e-15
-1.344730025783532600e-16
6.365789139940268047e-17
-1.907090188432637469e-18
6.389029754516932502e-02
-2.146429175417255766e-02
9.907949562446471872e-04
1.247242002368309619e-04
-2.527591748834312672e-05
1.786320279476775924e-06
3.847328479472201984e-08
-2.317954530597492616e-08
2.514274771408023731e-09
-7.590130786065206499e-11
-1.672221867033586482e-11
2.923270242368291987e-12
-1.957904343003688511e-13
-5.950203788401505549e-15
2.835096728191470560e-15
-2.990179121911870932e-16
8.413228362038387333e-18
2.146784223633919293e-18
-5.008593931259048514e-19
1.009994585460080932e-02
-1.679913892569980319e-02
1.005488000005413593e-02
-4.533936329994842779e-03
1.577069323456125769e-03
-4.131632412629127255e-04
6.646677562493086971e-05
6.079754811200680195e-06
-1.087323927120514649e-05
5.934959864605358378e-06
-2.454095343690911308e-06
8.645085652080998876e-07
-2.644601348465926854e-07
6.765689526723414143e-08
-1.216440915498027530e-08
-2.109154072845065472e-10
1.624652105564417114e-09
-1.171026772675731091e-09
4.503915497558625129e-10
9.452878582905799429e-06
-1.714909314833444501e-05
1.272438306875571229e-05
-7.568273182316159649e-06
3.445767473773577577e-06
-1.068885069748156665e-06
1.336649934658175643e-07
5.415196276590557606e-08
-2.612600840006832629e-08
-1.349228766859526711e-09
3.377881802517294732e-09
-1.045971995504273163e-10
-4.756759204984541542e-10
1.697807788986460875e-11
7.641750846989142616e-11
2.108172080598527496e-12
-1.340768000512540704e-11
-1.251304625717794432e-12
2.102442600349174790e-12
8.884780208602908180e-01
1.648084526518502589e-05
-1.553331045072177768e-09
1.559706685128963041e-13
-1.632577443346870149e-17
5.392217794241550460e-21
-4.811708969199804774e-22
-2.730072887643028054e-22
-9.957050877389317037e-22
4.341375939599274777e-22
8.952783404459128125e-01
8.526401727475738795e-03
1.568197747880936991e-03
-1.858995859025565367e-04
-8.650487574514835565e-06
2.863735844287304898e-06
-5.874300613617352366e-08
-3.448442435948283665e-08
2.931093364800726871e-09
2.908817547784364610e-10
-5.928843018857549973e-11
-3.311040488427842570e-13
8.662892416151250990e-13
-5.087837001356679519e-14
-9.261965250272227390e-15
1.338377187310052924e-15
4.895534802213831652e-17
-2.246173183753535173e-17
7.638033646594358218e-19
9.187102420215563781e-01
1.331952809756375283e-02
-3.026270480495717825e-04
-8.052026041074184740e-05
1.195203149445130358e-05
-6.496856548543698943e-07
-3.421102060568994154e-08
1.020310550406470530e-08
-9.145799412352881600e-10
1.382306857980448671e-11
7.283632804808828764e-12
-1.055560629628350333e-12
6.034903157690076480e-14
3.078284142399888465e-15
-1.017186769792762747e-15
9.900906106627822909e-17
-2.155365550343550668e-18
-7.884424868411772874e-19
1.338788678553690434e-19
9.668538164164171000e-01
2.374546754037114987e-02
-8.093094367936218281e-03
2.536746707964425678e-03
-6.911512283080253546e-04
1.431264065789983179e-04
-9.525441938587956675e-06
-1.052352505709612624e-05
7.531099468321872481e-06
-3.412207406577231454e-06
1.240098937976185622e-06
-3.791367026998555131e-07
9.560321665982205799e-08
-1.721968170378498736e-08
2.043429282855786256e-10
1.733360278263935153e-09
-1.101845421369338095e-09
5.470815291991928301e-10
-1.817284050517501048e-10
9.922248457588987991e-01
7.760010915162375914e-03
1.511434323344730443e-05
2.856077436675939405e-08
6.526736857668106526e-10
-3.583361295751980899e-10
1.878133045172173638e-10
-8.355459539031063410e-11
3.014707360497680118e-11
-7.928716583901672060e-12
9.744325536402594859e-13
2.934396219523036164e-13
-1.849915395564434834e-13
2.706604594777924495e-14
1.179090469854407585e-14
-5.728709659760438738e-15
-1.313654526114031423e-16
6.270949587091263499e-16
-9.329032193772459809e-17
1.056038573061447661e+00
-7.662598707161938922e-06
6.350624402949138655e-10
-5.383055063340379569e-14
4.567294032706907484e-18
-3.932669132725981727e-22
-3.204678700727332199e-22
-5.282959128348151834e-22
3.809176668392781458e-22
4.684286154877763798e-23
1.052825461147140818e+00
-4.043026859977870077e-03
-7.628030684249193167e-04
8.035695944834417932e-05
4.469830113303532810e-06
-1.121691088696321709e-06
4.703682635606400614e-09
1.256473652034916161e-08
-6.661929583993299359e-10
-1.125016198269807289e-10
1.293173357762904890e-11
7.088834973027737514e-13
-1.791321852442658636e-13
-8.625525107403255729e-16
2.088724912397034769e-15
-5.972069080919718334e-17
-2.275743361112932572e-17
1.252925634546066386e-18
2.574127926051997943e-19
1.041417105979708824e+00
-6.622637021041255338e-03
1.126239119340129049e-04
4.325675247614537263e-05
-5.571250938073897732e-06
2.166818161845046889e-07
2.563668944930326343e-08
-4.689959259400809613e-09
2.819882306639385861e-10
1.151368908234187120e-11
-3.860626111202579384e-12
3.219634702203385869e-13
4.001791154536810932e-16
-3.110416848692520576e-15
3.454059082893345897e-16
-8.557499011282359368e-18
-2.437754731754782388e-18
3.635085901001297416e-19
-2.308177835778649681e-20
1.016866022086020171e+00
-1.220484618011574186e-02
4.175822145293147346e-03
-1.300813537430715438e-03
3.455387812838042511e-04
-6.577470242606980812e-05
6.436214451040606871e-07
7.210019706373510736e-06
-4.471655549866664955e-06
1.897231458352471159e-06
-6.474791573958986840e-07
1.812242731683891636e-07
-3.847552366124425426e-08
3.520155510319986990e-09
2.043351612465319913e-09
-1.620503705376181890e-09
7.678386596564301546e-10
-3.168063098030434544e-10
9.395599500293307850e-11
1.003910365014588635e+00
-3.910364615903971428e-03
-7.190370305007463310e-10
5.497457919273822686e-10
-3.745935822985793293e-10
2.253820108666609722e-10
-1.179757326422930869e-10
5.240805312928550927e-11
-1.886339512618203886e-11
4.936402218179076263e-12
-5.936609393046539978e-13
-1.891508428358391440e-13
1.164060524184922599e-13
-1.655947118834596994e-14
-7.579020645630567803e-15
3.597583724955399871e-15
1.044017185293853144e-16
-3.982784659449744228e-16
5.708923695357293356e-17
9.412615234894691207e-01
