1.189773014650482574e-01
-3.287592770005555508e-05
3.787217735031621067e-09
-4.304210967994131653e-13
4.933395849324907840e-17
-1.960491654465468719e-20
-9.461755543709629655e-21
8.966515710345477259e-21
2.481534914068044329e-22
-2.165685634675648680e-21
1.058493235603767679e-01
-1.633378073202379835e-02
-2.832186258779545093e-03
4.298448009083379409e-04
1.589070335999045444e-05
-7.335078919601824271e-06
2.323448803401736413e-07
9.351555314734434069e-08
-9.490009542418585128e-09
-7.791601578572852121e-10
1.928053557989684980e-10
-8.734702547547327683e-13
-2.848259422433148592e-12
1.997521444723542336e-13
3.002609005529079025e-14
-5.003163519532083197e-15
-1.272769329531344534e-16
8.329696762797783785e-17
-3.542183369313531354e-18
6.421450056498508030e-02
-2.198661267509918402e-02
1.072307954376834280e-03
1.229776704171063769e-04
-2.643797676465081179e-05
1.986030109949494263e-06
2.616245632683626476e-08
-2.418394355914592534e-08
2.825023312671764315e-09
-1.068103407038905506e-10
-1.639373575752968370e-11
3.272548221465934659e-12
-2.486926141832942875e-13
-2.963327139605534144e-15
3.076893588286300198e-15
-3.691622935451586073e-16
1.495925242227085979e-17
2.119294905315208873e-18
-6.166100959552332061e-19
1.000064574612859712e-02
-1.667682743337367546e-02
1.004609374076206874e-02
-4.574875238541448695e-03
1.614673822015401340e-03
-4.337731197720150417e-04
7.492178984903643234e-05
3.320738131396597944e-06
-1.017852730217896131e-05
5.837235837223870037e-06
-2.480823502696941197e-06
8.959667812143024771e-07
-2.824436148669375471e-07
7.574018165810714202e-08
-1.526746050011468682e-08
8.161489749686125316e-10
1.345967885612884838e-09
-1.123482075854072845e-09
4.504493111360234433e-10
8.790141007414776909e-06
-1.595723566216922221e-05
1.186472085112911876e-05
-7.084835996276453812e-06
3.248310774595057801e-06
-1.022119839532220865e-06
1.358026736939824517e-07
4.842251692974516609e-08
-2.504768141474308296e-08
-7.953789936126230716e-10
3.158991098029107780e-09
-1.701949836579549656e-10
-4.390059635806088710e-10
2.807857728060955939e-11
7.053923709525134854e-11
-3.258613416150044350e-13
-1.259054721445697918e-11
-7.993483071873171600e-13
2.042415269238695307e-12
8.869402983207406166e-01
1.721972064490351860e-05
-1.676844580974403980e-09
1.741841096957539695e-13
-1.886609027731416617e-17
2.273859078492980368e-22
3.414739324927423683e-21
7.859573934205994258e-22
-2.352797217068835598e-21
6.648332113494268224e-22
8.940133174598389187e-01
8.859271712296730439e-03
1.617275252930248193e-03
-1.981435231809237582e-04
-8.794633394128225807e-06
3.120144348199511764e-06
-7.455400551816421179e-08
-3.808414630948650174e-08
3.474373162065045524e-09
3.161386985123171732e-10
-7.063133817162135532e-11
3.306423565479086531e-14
1.036616397656302502e-12
-6.913257028705068957e-14
-1.089042284668661484e-14
1.763104680511309405e-15
4.696163129176612230e-17
-2.947874816450115977e-17
1.213119874169639392e-18
9.181624939149156672e-01
1.363300701844532767e-02
-3.374434017338199176e-04
-8.067610441096930264e-05
1.252939722920043495e-05
-7.308077597504046340e-07
-3.051887744871569787e-08
1.073789919514879174e-08
-1.036243069839936372e-09
2.416431906111412233e-11
7.341153894691952429e-12
-1.190480289982643624e-12
7.848458195298715185e-14
2.189169499382790223e-15
-1.113128180652895539e-15
1.231309501475054942e-16
-4.374871674722287952e-18
-7.634131146802580551e-19
1.626847895449847717e-19
9.668041718923882089e-01
2.382886990018395074e-02
-8.154691929839355188e-03
2.575631826406004493e-03
-7.120099153657571435e-04
1.526047606076461256e-04
-1.313040683600220855e-05
-9.422037241937062014e-06
7.299503605510346248e-06
-3.410552608278621364e-06
1.270471696007188747e-06
-3.994408799175851216e-07
1.050374469193299285e-07
-2.083064352949941485e-08
1.386609871212509954e-09
1.409231572700271621e-09
-1.037971871917198424e-09
5.488539850786069638e-10
-1.879648752144181066e-10
9.922233143156161672e-01
7.761536481976201440e-03
1.512012693964616488e-05
2.870664335864471390e-08
5.666357931580156037e-10
-3.077746313280259732e-10
1.622485530670226907e-10
-7.277369264363975192e-11
2.659024927117676929e-11
-7.160921307949236876e-12
9.616096210779216763e-13
2.280960641249213465e-13
-1.621401723208522455e-13
2.714270039899959005e-14
9.234413966061772248e-15
-5.145886106219949325e-15
6.238142831460218037e-17
5.364940594693069659e-16
-1.028197267308272137e-16
1.056789257728351750e+00
-7.983985200398875244e-06
6.811639714654977522e-10
-5.944001682211928787e-14
5.187409389215368729e-18
-7.058512976902853393e-22
-7.958229885349848536e-22
2.714290678729972252e-22
-4.308574602279732609e-22
3.717687016215219309e-22
1.053453682971325245e+00
-4.193632682381526373e-03
-7.864981793257953737e-04
8.535994188738117998e-05
4.606137080544418224e-06
-1.217227835751629545e-06
8.042892222765353803e-09
1.386792649107192224e-08
-7.876378766003493569e-10
-1.251990275240186129e-10
1.530524100247541482e-11
7.740099581896462720e-13
-2.146937240315282365e-13
-3.173339369115761299e-16
2.551267399137477053e-15
-8.122709725564700219e-17
-2.869562973455443837e-17
1.687242182791498680e-18
3.361989745326906152e-19
1.041704787559249556e+00
-6.779289915927170888e-03
1.280330224395798697e-04
4.370406809321797451e-05
-5.865696443423350802e-06
2.493128354292691649e-07
2.520556306531196814e-08
-5.033021461263737947e-09
3.298933155235408255e-10
9.569061285250353438e-12
-4.172149291992810233e-12
3.824567476325907702e-13
-3.456652326887730585e-15
-3.327934164256400445e-15
4.158903021042363568e-16
-1.466938670593123447e-17
-2.497762881129758279e-18
4.318366747323786808e-19
-2.518239787850969554e-20
1.016893312696677709e+00
-1.225088016404090978e-02
4.209657498239972179e-03
-1.321936719092714962e-03
3.566670737434249599e-04
-7.069102501978885773e-05
2.427882083563831708e-06
6.713383503798972239e-06
-4.394992404898874998e-06
1.916300183036540686e-06
-6.706894663277931752e-07
1.939549253727706351e-07
-4.377646233746446694e-08
5.344009796326522719e-09
1.527868976545820759e-09
-1.514924479112267365e-09
7.649949911594563355e-10
-3.312526969377372552e-10
1.014714404212934165e-10
1.003911139713320022e+00
-3.911139372824825808e-03
-6.145366933761021728e-10
4.707785289772625877e-10
-3.217302331566016871e-10
1.943776149983148051e-10
-1.023331017125427343e-10
4.583362127734726299e-11
-1.670744438679707081e-11
4.478140864670005983e-12
-5.901914196804643342e-13
-1.482806336210020141e-13
1.025344647927035892e-13
-1.675089314586343089e-14
-5.980508699690522040e-15
3.249303973601358528e-15
-2.091263204230836730e-17
-3.426275460587288960e-16
6.373376302367286541e-17
9.404144534052528703e-01
