1.213560226409606119e-01
-3.030295769775091883e-05
3.077779374482586018e-09
-3.096511578964694953e-13
3.187133198340412052e-17
-3.243407015826161825e-21
-1.951082402154616412e-22
2.790133159418012555e-22
6.017140739005463637e-24
-1.141304069922189925e-22
1.090111119550100094e-01
-1.543016965156648705e-02
-2.770879314659710577e-03
3.672537407555333039e-04
1.679556447782253121e-05
-5.741296827248095967e-06
1.114563314903646830e-07
6.917085244280788419e-08
-5.638137755998209882e-09
-5.903820279617089197e-10
1.133459061564172335e-10
1.087290541964991308e-12
-1.646697150512485859e-12
8.885739234513757855e-14
1.766324724079320883e-14
-2.396868170724425731e-15
-9.961290646953621800e-17
4.041683469910917488e-17
-1.104698575152209966e-18
6.821684051427985562e-02
-2.227033486227527129e-02
8.709469565074973857e-04
1.438555753458912339e-04
-2.443858070522297114e-05
1.377524260971960206e-06
7.166832035742969222e-08
-2.134024585101546111e-08
1.848288764316538517e-09
-1.715026746609417967e-11
-1.581403828007308309e-11
2.103402814504202595e-12
-1.038741951459449967e-13
-7.958058342762888376e-15
2.034032433809451907e-15
-1.758998241641022679e-16
1.611044758211704072e-18
1.609671411243255856e-18
-2.098453180036095937e-19
1.083500020779178466e-02
-1.811517216425318627e-02
1.093187078860786976e-02
-4.941010951720243433e-03
1.692503684407397659e-03
-4.167641696805609122e-04
4.968362483285123602e-05
1.724950162356005251e-05
-1.545081684584580852e-05
7.257146656116786564e-06
-2.671918752834958955e-06
8.292503067931781580e-07
-2.142778856471731290e-07
4.032430627703035343e-08
-1.112385208058043053e-09
-3.816167706041582186e-09
2.524574027900537087e-09
-1.268071492617773279e-09
4.214612801240947471e-10
7.738548641394649009e-06
-1.409928882660135164e-05
1.060399360078349288e-05
-6.468736866294524480e-06
3.077235200010649054e-06
-1.039611945258514870e-06
1.771315747309563635e-07
3.285906202176808818e-08
-2.594265974327620217e-08
1.749968370985764044e-09
2.831304819099567478e-09
-5.394919991817438203e-10
-3.553841167270032915e-10
8.990432549048717769e-11
5.591295456560154256e-11
-1.247620880370259363e-11
-1.085914536930794441e-11
1.269028302179911845e-12
2.070927787811718124e-12
8.690059200959757701e-01
1.857668382766459501e-05
-1.639844103600582231e-09
1.520882908029421139e-13
-1.463957832625749247e-17
1.448608342862441983e-21
6.094677292590268574e-23
-5.393876000129730273e-23
5.578916777701646035e-23
-3.582020657221874964e-23
8.767364412584571776e-01
9.710971123317077569e-03
1.810483816761868743e-03
-2.018361103918004881e-04
-1.033704330803863430e-05
2.956643034902587540e-06
-3.764508568479684365e-08
-3.431496484440145577e-08
2.435964983485167714e-09
2.945716022035535658e-10
-4.877063885818602695e-11
-9.365201110553999403e-13
7.004973434527211383e-13
-3.008107333108346309e-14
-7.593589436504648543e-15
8.770006036255825755e-16
4.958026765916019184e-17
-1.495334633267748522e-17
2.285814298085689953e-19
9.037954786895420201e-01
1.555108271359753602e-02
-3.083369953494828858e-04
-9.847066579511878231e-05
1.352730784801717671e-05
-6.173945623382725369e-07
-5.175956750082888233e-08
1.136640186994194372e-08
-8.307714182398153198e-10
-7.701073395681369958e-12
8.582801078081514309e-12
-9.445236553010067312e-13
3.184246551461712648e-14
5.165916552156445125e-15
-9.324198971956187020e-16
6.371382754161733576e-17
1.279825619734790961e-18
-7.888629506523111624e-19
8.565867916793199881e-20
9.606540912636351015e-01
2.815009899757351525e-02
-9.591046998247029082e-03
3.004635216860098313e-03
-8.147076727089903100e-04
1.644957875302964989e-04
-7.405684870270832487e-06
-1.464330034386079482e-05
9.860021409919868132e-06
-4.345148563409767643e-06
1.527891336896129870e-06
-4.421935608663888819e-07
9.970890735581255094e-08
-1.231023581460522345e-08
-3.247604288765592702e-09
3.259822968545832835e-09
-1.631108858889407100e-09
6.981092012330921338e-10
-2.122408577700404807e-10
9.907547322627497932e-01
9.223849104863245801e-03
2.136932341320582797e-05
4.896807650820577565e-08
4.872736507184883965e-10
-2.302229135984196030e-10
1.253422817524086247e-10
-5.873872776043091512e-11
2.290558307887528501e-11
-6.910475550328843179e-12
1.293478066797955287e-12
4.846425169968991837e-14
-1.302012231916927999e-13
3.755147253268061870e-14
2.076189096215945944e-15
-4.532561541010631946e-15
8.605389080693146795e-16
3.393723820307868602e-16
-1.693978338150946296e-16
1.066684320920021189e+00
-8.964039062004005291e-06
7.222452992834894469e-10
-5.969712128299363384e-14
5.016760230645043374e-18
-6.019463595505891732e-22
1.099014463535554789e-22
3.829840172150976747e-23
-9.683125556632262362e-23
5.051519710778121248e-23
1.062912218854602520e+00
-4.750175984312043041e-03
-9.013410681333268362e-04
9.222442915097613862e-05
5.282741818989609045e-06
-1.256928638808490092e-06
2.957659128472724687e-09
1.378597242597621215e-08
-7.138286542732524628e-10
-1.200061090422802809e-10
1.406216831011644704e-11
6.753800529092276616e-13
-1.946685996344776439e-13
1.665511375907380421e-15
2.172058551260548748e-15
-1.207557244256899285e-16
-1.977750196690658890e-17
2.236243770903802020e-18
1.451761672953229622e-19
1.049419997671271254e+00
-7.873972270140699656e-03
1.220582279903676223e-04
5.241961824622437804e-05
-6.456962773812388165e-06
2.209736902731985304e-07
3.188350459952363039e-08
-5.212565405482092054e-09
2.777753833980826084e-10
1.533127743916695777e-11
-4.072716700282303405e-12
3.077662866335014874e-13
2.510273738368906406e-15
-3.040811823774997099e-15
3.143059813994671098e-16
-7.171690476707557654e-18
-2.102743518554251867e-18
3.020736615584941696e-19
-1.475443788411778034e-20
1.020103126098865332e+00
-1.457376022100040185e-02
5.000627959416232768e-03
-1.562617715319966540e-03
4.152824301582872446e-04
-7.790709415192345177e-05
-4.772371503992083638e-07
9.441833312902695393e-06
-5.706757715876453967e-06
2.374839234769255341e-06
-7.866379765541321553e-07
2.082455303196377954e-07
-3.858374755388861381e-08
6.000543258253898124e-10
3.738247692394603333e-09
-2.279555875791352384e-09
9.628809288745166500e-10
-3.564310508282967918e-10
9.725923721624561506e-11
1.004654885748611060e+00
-4.654885500723049928e-03
-4.492318479034622740e-10
3.479858542410836534e-10
-2.417479795623804742e-10
1.494294892144625781e-10
-8.116922702256763478e-11
3.797565779441964744e-11
-1.477077503387728795e-11
4.435264749986160619e-12
-8.192677514941120616e-13
-3.720120706170338639e-14
8.516229484534057288e-14
-2.405331432893998273e-14
-1.534305542447234368e-15
2.966351964886476421e-15
-5.436121116516665618e-16
-2.263689674618776132e-16
1.098104465043963731e-16
9.332880561623158044e-01
