1.621859932518972425e+00
-3.378224834306245428e-01
5.167555031523290987e-02
-8.901826576792221460e-03
1.641552439639140963e-03
-3.186109228468512783e-04
6.447669534080646952e-05
-1.355633919668759382e-05
3.177193840953487138e-06
-7.124233966159026501e-07
2.759902690200860542e-01
-4.151007220898649264e-01
2.616543959026422228e-01
-1.576832749906836584e-01
9.375524467039847432e-02
-5.509506623875806697e-02
3.187318156869115710e-02
-1.805617217876465813e-02
9.947867524457750660e-03
-5.276821547116249990e-03
2.649537248724707049e-03
-1.216780259660438322e-03
4.665685120005179333e-04
-9.471504278865264324e-05
-7.616859590728471911e-05
1.470656694974480832e-04
-1.735609747066607460e-04
1.846386181636059591e-04
-9.168346619317105861e-05
1.064562174220944762e-02
-9.793103875280444529e-03
2.675552121610835863e-03
-5.636606649680155545e-04
1.040787703916041499e-04
-1.809124688798444206e-05
3.072088847766074467e-06
-5.179662140793055801e-07
8.720985246088439472e-08
-1.468695036478651782e-08
2.474924864522074098e-09
-4.173425093857273970e-10
7.042613951161482462e-11
-1.189284837455949808e-11
2.009737706222422297e-12
-3.398497299544069159e-13
5.755354900537787617e-14
-1.004855888876434202e-14
1.654618839767367351e-15
4.623971825469952858e-04
-8.556891034854656117e-04
6.806725857416055054e-04
-4.705473711431257602e-04
2.868402957248466947e-04
-1.567005422063252895e-04
7.799487536585288214e-05
-3.594776048015486871e-05
1.558221716836870083e-05
-6.444786165678594734e-06
2.576384412374362949e-06
-1.006397408037266836e-06
3.874481011880840220e-07
-1.479306095188556045e-07
5.626175441558864111e-08
-2.141351176344817145e-08
8.286838288436567357e-09
-3.580317679089604091e-09
1.187464234987841580e-09
1.107686716933071952e-09
-2.087298421142886927e-09
1.743401435440916300e-09
-1.285239602226430730e-09
8.294498578950957895e-10
-4.621898694267069392e-10
2.172084138572880226e-10
-8.242162178984533427e-11
2.287916517194026839e-11
-3.194772482173934234e-12
-6.777760608922957345e-13
4.813536758911722667e-13
-6.465174266672722236e-14
-3.389617647687067077e-14
1.373031746235492798e-14
1.635607218089877324e-15
-1.936771855438832450e-15
-1.693762030894184069e-17
2.558586716446480036e-16
3.836772468124854396e-01
8.716489745345258611e-02
-1.038446786426187179e-02
1.358721104483576756e-03
-1.829620780948153105e-04
2.507553817063361290e-05
-3.530074648293456501e-06
5.231934312604071707e-07
-9.019348163055463606e-08
1.728714433021519309e-08
8.449161276517105357e-01
1.717671346047559555e-01
-9.544506984307243869e-02
5.315732573947588857e-02
-2.954639258359269272e-02
1.627564849950178388e-02
-8.811616985612891195e-03
4.639904421944169959e-03
-2.340023086403897595e-03
1.100102388471064282e-03
-4.539435931989600596e-04
1.342593678644113939e-04
1.105071615157127350e-05
-6.736542299531786621e-05
8.163051508178298756e-05
-7.891623334341128576e-05
7.209281647713165926e-05
-6.747608475713406646e-05
3.219285205845454675e-05
9.682166584122889885e-01
1.069345823827941473e-02
-1.789791050209577810e-03
2.977455389104266765e-04
-4.926943619206890657e-05
8.125629887008487551e-06
-1.338541300585254528e-06
2.206095995222499057e-07
-3.641151589576973046e-08
6.020332912036555446e-09
-9.971571994192607226e-10
1.654233406743349526e-10
-2.748103056672399296e-11
4.570789743491173054e-12
-7.610317244119305501e-13
1.268294855233068595e-13
-2.117120193644244025e-14
3.641297708439707916e-15
-5.916416945648307745e-16
9.898361788073971601e-01
7.725502630103108122e-03
-2.935927036401623537e-03
1.115638062717053082e-03
-4.238664403009805817e-04
1.609961677572723762e-04
-6.112527349226057176e-05
2.319376602025742830e-05
-8.794064081699870972e-06
3.331240585961338900e-06
-1.260578323123779341e-06
4.764966157783396487e-07
-1.799246415468408836e-07
6.787740950462555041e-08
-2.559544969646953489e-08
9.669279944419225319e-09
-3.713666590205379399e-09
1.591056836346478758e-09
-5.247102405999700986e-10
9.977158291878758245e-01
2.282892706299446354e-03
1.277390661741498724e-06
7.147628498716245670e-10
3.999470430757056666e-13
2.222161286296243093e-16
1.224717619207663797e-18
-7.152940619978276044e-19
4.313873765225280504e-19
-2.397731083858843413e-19
1.219086975742980016e-19
-5.609250743124037541e-20
2.298278225725012766e-20
-8.170264126750773107e-21
2.398330578746209194e-21
-5.140599435030881897e-22
4.308090474840072605e-23
2.468061729429135988e-23
-1.168499357296776282e-23
1.074393236496391069e+00
4.194577331088177735e-02
-9.694569218796232971e-03
1.898266996089757351e-03
-3.584520276366821574e-04
6.750142472531056159e-05
-1.287852669219661527e-05
2.517158875317321218e-06
-5.460373545787602700e-07
1.177825381540320894e-07
1.058159073683160090e+00
-4.931390084605885571e-02
1.665777341909251488e-02
-2.581309926390446506e-03
-2.622894011912281238e-03
3.904529235472929682e-03
-3.623602895129137118e-03
2.855593478216353256e-03
-2.056646248502961780e-03
1.391437273539957538e-03
-8.943165301019110778e-04
5.475175912276234683e-04
-3.177079400509725832e-04
1.717576758493570045e-04
-8.244873342770765278e-05
2.962137908885566020e-05
4.681881171589808423e-07
-1.621815892556399940e-05
1.029612979715852303e-05
1.015788710883167134e+00
-5.358100056086233069e-03
8.964615035924326011e-04
-1.473952580711449195e-04
2.383476189304137904e-05
-3.805080619748410253e-06
6.025065902639580499e-07
-9.498522655594110079e-08
1.494296785576799067e-08
-2.347966667710070790e-09
3.684749520276729501e-10
-5.772407450397663061e-11
9.020051698005792643e-12
-1.404682366689200655e-12
2.177840668128177849e-13
-3.357744651993372896e-14
5.143344273804661643e-15
-7.995436166487307417e-16
1.173989570956351114e-16
1.005010021533166542e+00
-3.826912484792262779e-03
1.461403452437232868e-03
-5.579323661783498192e-04
2.129104186504114768e-04
-8.118778766543643553e-05
3.092411828061456170e-05
-1.176034956713625351e-05
4.463253829697697035e-06
-1.689660656452606233e-06
6.378476519641607820e-07
-2.400633189103148970e-07
9.008051545743881836e-08
-3.370780601549895346e-08
1.258600530328803735e-08
-4.700387710950497601e-09
1.781249762539689731e-09
-7.512789473817032777e-10
2.453570833841112656e-10
1.001120351722746493e+00
-1.120351722746515963e-03
-4.211544258129406393e-18
3.595985212992427051e-18
-2.877816755907489773e-18
2.155020411264022829e-18
-1.506537365479749539e-18
9.801712147000313813e-19
-5.910482949819310085e-19
3.285001934577227558e-19
-1.670110085576282498e-19
7.683889853025583387e-20
-3.148099624369579904e-20
1.118729783166474188e-20
-3.281915823776189108e-21
7.041467912119035168e-22
-5.950109302028834142e-23
-3.389817252174983726e-23
1.612293987213469512e-23
8.257168925312714514e-01
