1.714213034447254369e+00
-4.382607969027057515e-01
8.164985479515007860e-02
-1.714945722053499988e-02
3.878320318622776371e-03
-9.297537716321358598e-04
2.339576291391063409e-04
-6.184862702529399952e-05
1.907038858306981687e-05
-5.289499356975984102e-06
2.667541890805628091e-01
-4.075041159423792858e-01
2.625189587983256523e-01
-1.622257794705329048e-01
9.923998736690081701e-02
-6.026734914662770087e-02
3.624322041579199072e-02
-2.151304282802446455e-02
1.255731277111176748e-02
-7.174452925236414827e-03
3.985600681029971733e-03
-2.129666617449912924e-03
1.072324402527724627e-03
-4.851266313676430662e-04
1.687120312620382938e-04
-4.097781449550348552e-06
-7.803150235334608100e-05
1.165374615848426400e-04
-6.227636914781586950e-05
9.399413527874531105e-03
-8.757506511240671296e-03
2.423541453006013754e-03
-5.161099952737007498e-04
9.608327255155499596e-05
-1.680033829846602452e-05
2.865341037349064405e-06
-4.848210747660125529e-07
8.188850162433754575e-08
-1.383221846670626776e-08
2.337637653286699883e-09
-3.952937482325535102e-10
6.688543000996165825e-11
-1.132438247260856761e-11
1.918512214112377100e-12
-3.252227389067721602e-13
5.521004529299967389e-14
-9.663732791824274014e-15
1.594782978246735840e-15
3.948580578330377223e-04
-7.318212824862419842e-04
5.846590527409620567e-04
-4.068134140332763690e-04
2.499828704685208244e-04
-1.377786087005522238e-04
6.920294285436883125e-05
-3.217812433266381637e-05
1.406200035642055124e-05
-5.857560319298296405e-06
2.355550677258395937e-06
-9.244745561827655982e-07
3.571901227729678074e-07
-1.367441821299567928e-07
5.211195199257483139e-08
-1.986529273142375291e-08
7.698021334725302529e-09
-3.330163181716659616e-09
1.105317459225453843e-09
7.250303845345139189e-10
-1.367571213512237291e-09
1.145695409066486466e-09
-8.490513084493508075e-10
5.522971117222931170e-10
-3.112680591891304517e-10
1.486982689818461418e-10
-5.785745055005216198e-11
1.680470839238582193e-11
-2.706820423914029202e-12
-3.355647400579053347e-13
3.344861455477953903e-13
-6.063287212243450986e-14
-1.900797578613974629e-14
1.041453363934532688e-14
3.579513277606085681e-16
-1.329806829987513699e-15
8.132218299608454508e-17
1.648692579754695077e-16
3.491355758299989898e-01
1.086628984220021216e-01
-1.485735421886986984e-02
2.191498016897665616e-03
-3.272899052588776011e-04
4.919996558022145250e-05
-7.647935388792067408e-06
1.315307099282029098e-06
-3.119437842347235644e-07
8.543157355399744544e-08
8.467103333642795882e-01
1.737658852289792610e-01
-9.899078866244723218e-02
5.658434282515061725e-02
-3.235185904556568681e-02
1.840690808679399174e-02
-1.036181115116588392e-02
5.732863794899131261e-03
-3.090480832743200835e-03
1.602384608134498588e-03
-7.811206356434584981e-04
3.408441209373585753e-04
-1.144738431468610992e-04
5.094891172309205010e-06
4.281037092340904469e-05
-6.048195908098101433e-05
6.510012800338649220e-05
-6.592847911945436633e-05
3.217239522264493798e-05
9.697283125486971800e-01
1.020124849261039822e-02
-1.712209003172528556e-03
2.860226538519674492e-04
-4.757722801226891212e-05
7.892225531561289749e-06
-1.307813735293979466e-06
2.167822636693406977e-07
-3.597270208338490602e-08
5.977603851630824735e-09
-9.947025862121332280e-10
1.657377784973046140e-10
-2.764687466722977146e-11
4.616403198444494763e-12
-7.715081813837333264e-13
1.290390872135398937e-13
-2.161535723151384455e-14
3.730957469889929299e-15
-6.080832647087899421e-16
9.903262767755443008e-01
7.354459383602325075e-03
-2.795521958565641823e-03
1.062543379443062468e-03
-4.038120375338807096e-04
1.534358281829235231e-04
-5.828322827511132193e-05
2.212964503471688416e-05
-8.397688076183032412e-06
3.184516804361764103e-06
-1.206653793765738130e-06
4.568302895902380592e-07
-1.728086462137335264e-07
6.532226214623843014e-08
-2.468438595742603478e-08
9.346037274032967629e-09
-3.598144911346717761e-09
1.545636862108663626e-09
-5.105491137144345079e-10
9.978264003229986301e-01
2.172429668111122876e-03
1.169379096000116212e-06
6.294553457860257514e-10
3.388251049130851712e-13
1.817641121242692667e-16
5.336318635347395493e-19
-2.856058884724050344e-19
1.739953316209366162e-19
-9.789483062484957787e-20
5.052552637164692906e-20
-2.368809497697014292e-20
9.942891733771657778e-21
-3.650694335188299332e-21
1.124756732730981443e-21
-2.648087615091165378e-22
3.396327512990655998e-23
7.707561689178809756e-24
-5.687355067379800583e-24
1.071771754181743974e+00
5.796806175092727997e-02
-1.590765474554026518e-02
3.704790341582683052e-03
-8.334145829973893917e-04
1.880187087639667077e-04
-4.336916777648422476e-05
1.040062493683339046e-05
-2.941351567444674593e-06
8.001334537309930178e-07
1.058603364601020003e+00
-5.217726974987266231e-02
1.951958744311841493e-02
-4.606482240871985837e-03
-1.461222479567166662e-03
3.386161277530134236e-03
-3.511049089603667395e-03
2.963779881207467392e-03
-2.261267631471603704e-03
1.617888386106338360e-03
-1.103148229104553880e-03
7.218516051430095117e-04
-4.539220185028046439e-04
2.732292414797860870e-04
-1.556872588832694786e-04
8.208431552339053212e-05
-3.852537755076514153e-05
1.597377943231323807e-05
-4.467570249855462809e-06
1.015199381780751864e+00
-5.169989485628575382e-03
8.693154690917009831e-04
-1.440951369814904225e-04
2.355755406895727451e-05
-3.810505052661611814e-06
6.122492496315665808e-07
-9.804158400246745838e-08
1.567927719584093588e-08
-2.506493299788207346e-09
4.005768796906324184e-10
-6.398278141137859768e-11
1.020951999076316036e-11
-1.626654523286963202e-12
2.586460396905923140e-13
-4.102074679977388999e-14
6.489258016014933079e-15
-1.049314494787300090e-15
1.605839364621810216e-16
1.004819483351398146e+00
-3.681472682613989942e-03
1.405950627587510817e-03
-5.368295690680984769e-04
2.049063936000762034e-04
-7.816833220569193851e-05
2.979429285518408265e-05
-1.134242062008894764e-05
4.311014580736770273e-06
-1.635283795563909238e-06
6.188954996150758278e-07
-2.336551710675102945e-07
8.799492434508802915e-08
-3.306245222800447467e-08
1.240048902944422735e-08
-4.653530847510024249e-09
1.772870663120030914e-09
-7.522454860904564962e-10
2.465911023616098642e-10
1.001077723289346633e+00
-1.077723289346579081e-03
-1.755645363721839102e-18
1.503182357764558797e-18
-1.207727707877759183e-18
9.091200221237343773e-19
-6.397648898270824871e-19
4.196602125143673505e-19
-2.556055917976201290e-19
1.438115652681596160e-19
-7.422011139811619787e-20
3.479238492868751294e-20
-1.460128195264186415e-20
5.360769879119361032e-21
-1.651732057081843804e-21
3.889191112681606994e-22
-4.858586364674629477e-23
-1.184294635851528427e-23
7.544244404134581721e-24
8.182748271223519998e-01
