1.098023717424349149e-01
-2.350772320184685171e-05
2.013742935611194719e-09
-1.693117037667004924e-13
1.449421435152723267e-17
-1.394580039971231565e-21
4.808144763526629497e-22
-2.336611341236667732e-22
-7.247563673048333768e-23
7.973914575655283186e-23
9.999596236911181824e-02
-1.232352528912213085e-02
-2.302807948108149746e-03
2.557189197452134689e-04
1.440085071886790363e-05
-3.533048499557602798e-06
1.198794947947323516e-08
3.891576733606295329e-08
-2.104243093006787544e-09
-3.358911940607101655e-10
4.168297428382770754e-11
1.721550591284227918e-12
-5.802235364102919792e-13
1.053338092071491685e-14
6.352583085701244305e-15
-4.687073837738472212e-16
-5.137694906412743556e-17
8.351481538583815104e-18
1.871284085983819065e-19
6.589098589050830512e-02
-1.939183610396108190e-02
5.107661884428051514e-04
1.385928275069772382e-04
-1.819531227558830657e-05
6.390774750335992311e-07
8.810530714001243759e-08
-1.455465485269339632e-08
7.873431737797309298e-10
4.064001325288252499e-11
-1.119689977158957023e-11
8.657397179250913511e-13
3.264624571057446893e-15
-8.018120938061769589e-15
8.631255565016112254e-16
-2.475139446398543617e-17
-4.985355939693347538e-18
7.881223286868060663e-19
-4.361491368878307288e-20
1.131690203440732789e-02
-1.864952798368731471e-02
1.084846834483971234e-02
-4.626776908018756518e-03
1.445834959584584543e-03
-2.940974158902978403e-04
5.137482169875733338e-06
2.899597339164977720e-05
-1.709259597006587125e-05
6.805421965293197115e-06
-2.174179839668311645e-06
5.638281400048841141e-07
-1.042776876326416873e-07
2.057619366298213379e-09
9.977472661262811703e-09
-6.217418341284596467e-09
2.669990681629110637e-09
-1.001723900932754225e-09
2.754070747669692436e-10
1.152166661120153651e-05
-2.091667931201076104e-05
1.555318081103862171e-05
-9.286423765961210721e-06
4.254213638705018970e-06
-1.333619007742367043e-06
1.721727559672750186e-07
6.685968175255514249e-08
-3.382435009245712505e-08
-1.152183282255822009e-09
4.335271909692312067e-09
-2.497468593367938951e-10
-6.053553674791544882e-10
4.480163284723243506e-11
9.774776237366276244e-11
-2.030723175528817888e-12
-1.770395744077001112e-11
-8.129341598306351823e-13
2.948960718120001998e-12
8.792551940607549188e-01
1.468663443051198555e-05
-1.097124929653087143e-09
8.537804498592094375e-14
-6.861220104839524551e-18
8.466784840679409695e-22
-9.466177124870626366e-23
-6.545864459219463764e-23
1.288681443835655507e-22
-5.939870018641987554e-23
8.854926421946941462e-01
7.871300512272794841e-03
1.516168241962161708e-03
-1.428754809780744157e-04
-8.679421865405074319e-06
1.849997724085211168e-06
3.341686183014155792e-09
-1.954370309929718351e-08
9.098617837575909426e-10
1.658597412383545577e-10
-1.818239055965388675e-11
-9.157741585784583133e-13
2.494429339109644223e-13
-2.469162323253205624e-15
-2.708424590691524839e-15
1.691358921985830009e-16
2.243903648492100436e-17
-3.099308947118632551e-18
-1.069523051444881298e-19
9.083039482949196719e-01
1.354463730275840862e-02
-1.305243952435728957e-04
-9.139802429025987518e-05
1.001259064326108828e-05
-2.561616859408825136e-07
-5.463614720364463813e-08
7.546915414708751131e-09
-3.258800088886199386e-10
-2.809629552557422651e-11
5.624651807084803662e-12
-3.587016538448342597e-13
-9.224934557924561158e-15
4.038658271066108784e-15
-3.569428437198271735e-16
3.893334705099675376e-18
2.682319164745423268e-18
-3.245987757834957761e-19
8.862804959346938603e-21
9.614386900310250006e-01
2.727790186389590296e-02
-9.078256402534370245e-03
2.718424391125242104e-03
-6.728133356826057057e-04
1.043753911527260702e-04
1.348634001974646341e-05
-2.003286646451041484e-05
1.045312580386338113e-05
-3.978055280550538870e-06
1.205869951166238599e-06
-2.814949765966966604e-07
3.748806003522533801e-08
7.415585439377327784e-09
-8.184069027743121109e-09
4.006585381481243502e-09
-1.500161837889994860e-09
4.912263308488033795e-10
-1.204087790073708001e-10
9.908737823772965081e-01
9.105347111695043585e-03
2.082353465170210243e-05
4.633000656370012253e-08
9.878280160068194654e-10
-5.314636865700391770e-10
2.803679930411674431e-10
-1.257981348274744329e-10
4.594120677720735857e-11
-1.232806800318570726e-11
1.614452648555775535e-12
4.223480323304460972e-13
-2.903455445402189800e-13
4.808696105319699739e-14
1.686108052615470042e-14
-9.393078370492349663e-15
1.438680486551714645e-16
9.860558765879374076e-16
-1.984363576631001388e-16
1.061450162838359912e+00
-7.135837343649342209e-06
4.919725898317461554e-10
-3.460091606082672752e-14
2.469412613368856020e-18
-1.975282118825950330e-22
6.845156998771702532e-23
-2.621327213321051564e-23
-6.270074528671448105e-24
5.805340650342905226e-24
1.058393366212718734e+00
-3.864858941690343420e-03
-7.543925888863147085e-04
6.589619628491473447e-05
4.310599275852045566e-06
-7.962463675307446538e-07
-7.627633313769032864e-09
7.902614322547974865e-09
-2.617479792129989082e-10
-6.521183927644950773e-11
5.335022224854211126e-12
4.101484012380399803e-13
-6.994595558780990631e-14
-1.090292128569163916e-15
7.383501092166323642e-16
-1.963630812508661073e-17
-6.542809151518919741e-18
4.455516677980268628e-19
4.944464609466665382e-20
1.047012990462601767e+00
-6.842596408377903811e-03
4.013294838818568032e-05
4.745044607223224034e-05
-4.705099738478638586e-06
7.165591344824800127e-08
2.922748915919736218e-08
-3.274815725609504675e-09
8.468387993658037509e-11
1.721104201838472735e-11
-2.312692326891536730e-12
8.889380308317254970e-14
9.649190479939435229e-15
-1.657095031546177979e-15
8.562634202406547737e-17
4.991576572882834762e-18
-1.202162260740670927e-18
7.624389675947889679e-20
4.843957732996266519e-21
1.019682534893132653e+00
-1.409401824419987369e-02
4.716987361198008745e-03
-1.405613346630596623e-03
3.388715551367042127e-04
-4.650596186887734243e-05
-1.081974596446612076e-05
1.179226588806386340e-05
-5.768951840039581800e-06
2.083089411294097709e-06
-5.881956619900192782e-07
1.190134191360873768e-07
-7.058961057121285281e-09
-8.243642196865893059e-09
5.461427888509440532e-09
-2.296736062623081019e-09
7.626626109936924582e-10
-2.101289579061693183e-10
4.159396284213449489e-11
1.004594532919982575e+00
-4.594532331435405292e-03
-1.062367162662912858e-09
8.141195777318718642e-10
-5.566058884609020474e-10
3.364335551216227554e-10
-1.771841948037515037e-10
7.935741644838814578e-11
-2.889555808540480182e-11
7.707507670187742706e-12
-9.847878273983548965e-13
-2.764966828633641727e-13
1.840357641063663408e-13
-2.955808056863133813e-14
-1.100628325584900647e-14
5.944252644934743672e-15
-4.910688527905530955e-17
-6.326802796588558262e-16
1.227323418910700303e-16
9.384379087665971619e-01
