8.806810211139126654e-01
-1.928817874530552520e-02
2.913798590242706378e-04
-4.947463031368224601e-06
8.853132330735796935e-08
-1.632149664390317897e-09
3.068875394270492528e-11
-5.853923418054015075e-13
1.129965910393985185e-14
-2.214495372215389672e-16
3.019729410462635988e-01
-3.657631162896708421e-01
1.523410181657526563e-01
-4.846916893474109006e-02
8.561194403647633816e-03
3.400827089470495179e-03
-5.009310804696105214e-03
3.670294739332359384e-03
-2.081191772120051953e-03
9.698875785630510981e-04
-3.548891572574204610e-04
7.449628101892781344e-05
2.461882118172226515e-05
-4.275787988232738232e-05
3.321133271129948772e-05
-1.932987936615235508e-05
8.919282861265921621e-06
-3.234374656185225643e-06
7.487056117092114217e-07
2.272703630267772917e-02
-2.009288282232080114e-02
5.230724752366278617e-03
-1.045915619188004381e-03
1.828592331440865074e-04
-3.003153894174601926e-05
4.805341841953916669e-06
-7.607233139921666950e-07
1.197661357654273333e-07
-1.877962847342894283e-08
2.934017333302026076e-09
-4.567327923098149071e-10
7.081415630030623527e-11
-1.092622994747677395e-11
1.675407777644188603e-12
-2.548160553681957948e-13
3.835450246261818111e-14
-5.817359454302560606e-15
8.299618302848884844e-16
1.079486723663395428e-03
-1.990699415360901777e-03
1.567849664327920648e-03
-1.067338700308087269e-03
6.380413403254503284e-04
-3.407602916961184961e-04
1.654659050268395785e-04
-7.431416928009744721e-05
3.138021463099679406e-05
-1.264961748096269177e-05
4.934299726700372142e-06
-1.883767619625312576e-06
7.100374171910104538e-07
-2.658559872231983441e-07
9.928169898325480241e-08
-3.712618840652500405e-08
1.410868841001478560e-08
-5.974723854318700268e-09
1.957248055067854203e-09
4.099468186373650650e-09
-7.712639787589564726e-09
6.410485990004580493e-09
-4.685538193017959299e-09
2.984903232248904339e-09
-1.632262237874584601e-09
7.462384293274145178e-10
-2.711549904266252126e-10
6.925698239610880485e-11
-6.888441187856541055e-12
-3.243069588033429307e-12
1.562288862646326907e-12
-8.659216110449405136e-14
-1.434753532392552348e-13
3.639254922569372844e-14
1.131033523884123351e-14
-6.093691465492408116e-15
-8.065382893303670380e-16
8.753309518915457585e-16
6.181420395976144899e-01
5.408568609981096766e-03
-7.402392989440086655e-05
1.198179408920790958e-06
-2.065669351022476716e-08
3.667941780092645284e-10
-6.618171874138707207e-12
1.205770944136819482e-13
-2.212149213529244185e-15
4.095194075615304402e-17
8.174148199514965629e-01
1.400274206172150426e-01
-4.613261697381029758e-02
1.177960211088302164e-02
-9.411230463157113386e-04
-1.573704628959330352e-03
1.550734169453879541e-03
-1.003239594820172454e-03
5.281397919334358815e-04
-2.318740106806710789e-04
7.895878201642620949e-05
-1.309671804245796225e-05
-8.535039948987499899e-06
1.143481888437096452e-05
-8.387106941577071907e-06
4.725257469583671854e-06
-2.106787966217230984e-06
7.092038886484438953e-07
-1.445233685198368927e-07
9.435841645098429487e-01
1.854853319743755488e-02
-2.994995424466321762e-03
4.728545234942483667e-04
-7.303301208339749151e-05
1.108149041695663528e-05
-1.660775329451804432e-06
2.469641786276212889e-07
-3.654032663776165177e-08
5.384788447496141135e-09
-7.901284196534450651e-10
1.153080266230426591e-10
-1.670633632127012668e-11
2.397255574120963580e-12
-3.395714931354340268e-13
4.726015687561769677e-14
-6.417606506587594017e-15
8.531631075008115167e-16
-1.042499811317274121e-16
9.817550631783850124e-01
1.380846856024319121e-02
-5.224417649079529137e-03
1.975943552590008444e-03
-7.468522662379227647e-04
2.819964079131349801e-04
-1.063097885863610348e-04
3.999054971449604530e-05
-1.500097297454744124e-05
5.608024895543005421e-06
-2.088545497211359888e-06
7.746934494870936299e-07
-2.862094549373332219e-07
1.053501552998112492e-07
-3.866159596391584981e-08
1.417830386816799947e-08
-5.267886978349348972e-09
2.172112533779473996e-09
-6.991683013632439543e-10
9.958822437219022605e-01
4.113512326849515059e-03
4.239577234627852407e-06
4.369505553442080475e-09
4.503448994554993538e-12
4.616784484460192769e-15
2.183290315673633624e-17
-1.094370853851012428e-17
6.497050983694058586e-18
-3.540594348214743064e-18
1.756724160549841463e-18
-7.837837452965811914e-19
3.084629386184827316e-19
-1.036283414279213025e-19
2.780684651842446697e-20
-4.904354774447502583e-21
-3.996601026316372773e-23
4.184082076292921396e-22
-1.431747262181928746e-22
1.110137436303959335e+00
8.685773976715974089e-04
-3.247373312105701106e-05
7.416801577760853040e-07
-1.555892317522020587e-08
3.170165589488095063e-10
-6.375121743844203269e-12
1.273418044005429700e-13
-2.536026048959554228e-15
5.070052530542316660e-17
1.075281712380008914e+00
-4.018699680363470306e-02
3.440721414898497820e-03
3.814529343347219242e-03
-3.005380734791441005e-03
1.316813316466900440e-03
-3.005453011358280688e-04
-9.678800996390300281e-05
1.713192506011475985e-04
-1.304958641821770749e-04
7.299591590974331397e-05
-3.137507234034506230e-05
8.770763779880911678e-06
6.596230594055329108e-07
-3.120927722612576798e-06
2.760862631125267890e-06
-1.748699050191331432e-06
9.915211885323889490e-07
-3.587454151785837122e-07
1.028922182219678128e+00
-9.620591690061745110e-03
1.538798710514353591e-03
-2.339901018262683654e-04
3.366471295400616379e-05
-4.575254584513050876e-06
5.847006385103953455e-07
-6.911422116625174938e-08
7.195942990802493150e-09
-5.552058737746088679e-10
-2.179904993628707661e-12
1.416660645397584233e-11
-4.356007358219195157e-12
1.011525344546546223e-12
-2.089511686271234170e-13
4.043907245541623433e-14
-7.510162947850863641e-15
1.396860763045085771e-15
-2.385492573783210518e-16
1.009235324188042071e+00
-7.052728006490083940e-03
2.691837787530287386e-03
-1.026574931999014355e-03
3.909474087461624011e-04
-1.485438587180396594e-04
5.624880239077616472e-05
-2.119963234159474733e-05
7.941610224398180175e-06
-2.953275189241771424e-06
1.089104988426081045e-06
-3.980285168669523445e-07
1.441184575598292846e-07
-5.170585251744561718e-08
1.839137660173698332e-08
-6.497640540106975379e-09
2.307050193234517761e-09
-8.985064983793260705e-10
2.782346298823224707e-10
1.002065548580893584e+00
-2.065548580893520735e-03
-6.074696968356987463e-17
5.163821616207181953e-17
-4.106340888715296994e-17
3.049186843114466517e-17
-2.108917121523895130e-17
1.353932590950948792e-17
-8.031620369217993492e-18
4.374972041510138956e-18
-2.169504017792281111e-18
9.672295197165899272e-19
-3.802795162359978279e-19
1.275664804170112507e-19
-3.412826819215682602e-20
5.973528312948732177e-21
6.947719054358529673e-23
-5.192867047242047801e-22
1.755507380618496729e-22
8.354421871207190486e-01
