4.262886506179229262e-01
-1.213961361846714864e-03
1.962832966946251018e-06
-3.552678512869096179e-09
6.839480947923769389e-12
-1.363820242511634927e-14
2.780552538383158307e-17
-3.454184297786119917e-20
-1.571969133897172001e-21
-1.126489185192100290e-20
2.460526681852823749e-01
-1.763950770661427137e-01
1.802586207124754272e-02
8.881570965274518392e-03
-5.257065275832373437e-03
1.374631709120462510e-03
-7.052370484895306387e-05
-1.138469096966616213e-04
6.007538110949374563e-05
-1.521135604258597671e-05
2.835013877272042744e-07
1.628819818869157313e-06
-8.066593652625596973e-07
1.916416380501489299e-07
4.634489874291958780e-09
-2.520162147506133144e-08
1.133599154168961038e-08
-1.952473634103901326e-09
-2.763965573306487444e-10
4.676902564718186245e-02
-3.636428622796145788e-02
7.954048617105151722e-03
-1.271841706457320278e-03
1.656371875760726756e-04
-1.802855259988719603e-05
1.494445153139744804e-06
-3.719069665814547452e-08
-2.118667235550285907e-08
6.762776525739091892e-09
-1.460069833426117962e-09
2.690671152031696235e-10
-4.503956099313759873e-11
6.999503557053723949e-12
-1.013638054303816078e-12
1.352159613588106108e-13
-1.601341275998828730e-14
1.488440993076095261e-15
-5.868535922554928628e-17
2.826587458896534684e-03
-5.161104646415043580e-03
3.951194449867067963e-03
-2.574108906197665383e-03
1.453811040420570485e-03
-7.258988192620941405e-04
3.266822242105597461e-04
-1.350064304159528667e-04
5.215191517910752116e-05
-1.914381649162921016e-05
6.775552736709478659e-06
-2.339484676622919997e-06
7.945330323872719820e-07
-2.665568223660267448e-07
8.839674148746978472e-08
-2.891766670730193279e-08
9.343395891440983687e-09
-3.185575188657933321e-09
8.874657065485189503e-10
2.886122238019157626e-08
-5.408953945877126064e-08
4.442631814280660404e-08
-3.180041845770126202e-08
1.962117846099041026e-08
-1.023655956340454157e-08
4.359978257985645819e-09
-1.408140301851302746e-09
2.760604692352101582e-10
9.997539869802065045e-12
-2.683728202365382988e-11
6.291379833749889152e-12
1.301558738191397822e-12
-9.472028790328692826e-13
-9.784398089747456973e-16
1.177102310146771803e-13
-1.182571542661815333e-14
-1.302146666068403270e-14
2.192370746406972108e-15
7.054051298629828715e-01
4.678039806685923728e-04
-6.160368957450653365e-07
9.829160191699197123e-10
-1.739708317781233072e-12
3.274395253084480638e-15
-6.408472183013864963e-18
4.545158076109585159e-21
6.826389315252255631e-21
-2.147944586846890928e-21
7.875598862987455151e-01
8.463348128272593640e-02
-3.789295195015836195e-03
-4.463279435242043479e-03
1.953250764151707314e-03
-3.939455084534718003e-04
-1.295119470165659530e-05
4.262552217688062581e-05
-1.732121135384146398e-05
3.374436274175590688e-06
2.886590178404314633e-07
-4.955278357713448614e-07
1.982949394268499787e-07
-3.741996256861094245e-08
-4.884625449795138912e-09
6.621537517941920025e-09
-2.543315089431568212e-09
3.312504677720917907e-10
1.025638568330349919e-10
9.008345122618458545e-01
3.039769352515250822e-02
-4.309595708645220895e-03
5.469986895373665867e-04
-5.947427620690919184e-05
4.924390666738367559e-06
-1.326879152165054721e-07
-6.217973954944558761e-08
1.939539276865311266e-08
-4.007596728690733778e-09
6.990478080723629558e-10
-1.094291574483344657e-10
1.565336416821794923e-11
-2.038795921079974746e-12
2.349786198372009150e-13
-2.184953361493426503e-14
1.000704095855296525e-15
2.272486621342980265e-16
-8.313246499829350337e-17
9.669979156309080892e-01
2.477165032957428376e-02
-9.286638313972283773e-03
3.474174718129221465e-03
-1.294999197330607820e-03
4.799422721336586727e-04
-1.763810557208030029e-04
6.408175562281910164e-05
-2.294252530950230615e-05
8.068462272134099990e-06
-2.778784659867960079e-06
9.343804415391891902e-07
-3.057489771981467777e-07
9.694430405867787857e-08
-2.958701701297001760e-08
8.585282704946412247e-09
-2.307728547510681222e-09
5.560174609074921634e-10
-1.004752833708599613e-10
9.924923066358314339e-01
7.493575495088487283e-03
1.409132108372639556e-05
2.649807282611386710e-08
4.983055443432435800e-11
9.213356732349129884e-14
1.231975097424368995e-15
-6.559439144511313393e-16
3.740286324458624337e-16
-1.938534518420715941e-16
9.029550530953836096e-17
-3.712229694901724010e-17
1.306715452386756519e-17
-3.708454517148297468e-18
7.200428903503033625e-19
-2.137828088769672956e-20
-4.783509106367119942e-20
1.812786637935612990e-20
-2.308582962681456757e-21
1.136738179893847844e+00
-1.293755720191370410e-04
4.570288909153774885e-08
1.020863630465794262e-10
-4.398759316957314164e-13
1.233214957194544844e-15
-3.075933501827765060e-18
5.870541622895836389e-21
-1.583160380225178968e-23
-6.170003577353263807e-22
1.104649767579061637e+00
-3.537416580362151564e-02
-7.449375568996498623e-04
2.188583544080566212e-03
-5.411750733718244258e-04
-4.626856970473801525e-06
4.413204931429587564e-05
-1.302455981894776075e-05
-1.476147718954192859e-07
1.496078718182916813e-06
-5.638056133191649116e-07
4.759586348268450846e-08
5.117021900427940362e-08
-2.906034425151971760e-08
6.664205808592465576e-09
6.790976778240862682e-10
-1.165347371847900791e-09
4.378734734828590222e-10
-6.555286068324121359e-11
1.051667094947808856e+00
-1.605266103616985809e-02
2.210082017066208621e-03
-2.542136218985746707e-04
2.134988250449907561e-05
-4.337367996244803345e-07
-3.113680835441125737e-07
8.937630512955742187e-08
-1.713752240376623700e-08
2.709829438317299491e-09
-3.686379067879670292e-10
4.223360703362926741e-11
-3.560785070728560285e-12
4.717521947084716553e-14
6.839421689347489033e-14
-2.073560083173074839e-14
4.391442888842169615e-15
-8.052842683172920073e-16
1.251980882477979758e-16
1.016864683989626039e+00
-1.286264522878465509e-02
4.895745789630782593e-03
-1.856782226802811738e-03
6.999786340606747046e-04
-2.614183232471350830e-04
9.631966816590179534e-05
-3.484612702322120378e-05
1.231372384148330591e-05
-4.226183202545164093e-06
1.399528604513403297e-06
-4.433863381233882481e-07
1.326324606934785997e-07
-3.656005880880432849e-08
8.772936449544017316e-09
-1.498717475081595362e-09
-9.265444960411917309e-11
3.198781960784320802e-10
-1.577948783669610142e-10
1.003775091637297390e+00
-3.775091637295457242e-03
-3.381385002671992996e-15
2.843414704500987231e-15
-2.226288142315018105e-15
1.619367079459673723e-15
-1.090855232411571069e-15
6.776019744885895072e-16
-3.858342120421052743e-16
1.997393674060735693e-16
-9.289368746791821613e-17
3.810917554703856418e-17
-1.337197170433656821e-17
3.774201661609001300e-18
-7.230213855018910567e-19
1.629829969946948782e-20
5.031522225168552473e-20
-1.854275724092900670e-20
2.240104158497723853e-21
8.550699230264392492e-01
