1.903067383174487759e+00
-6.204290179362920155e-01
1.414689902808650979e-01
-3.639476593925063813e-02
1.026428462412965620e-02
-3.139240044666871503e-03
1.029044229937405280e-03
-3.663231771461388994e-04
1.645700029327400204e-04
-5.833561154264894146e-05
2.550950451931827123e-01
-4.047614624866274213e-01
2.713469458117767075e-01
-1.738578377333616365e-01
1.101912512392366067e-01
-6.946619484838692515e-02
4.351974589084622869e-02
-2.704219484800350626e-02
1.663006670337422929e-02
-1.009615096851989094e-02
6.031817324628806556e-03
-3.530347248736874066e-03
2.010003265485314945e-03
-1.099756567827907868e-03
5.650560467775377679e-04
-2.595222804815621159e-04
9.355004812779041921e-05
-1.394607316491286248e-05
-4.304975092358253574e-06
6.456437171200724370e-03
-6.447712311065311071e-03
1.913745694975442979e-03
-4.317944126561276317e-04
8.384507933153204692e-05
-1.507305065086717716e-05
2.616072229700365154e-06
-4.477808363688691556e-07
7.628338168136585068e-08
-1.297754994076279976e-08
2.207065326094055205e-09
-3.753545907064369308e-10
6.384544815712552977e-11
-1.086208798904342276e-11
1.848480201857006268e-12
-3.146730534583986260e-13
5.363289310494057346e-14
-9.425385435575263344e-15
1.560779538057002434e-15
2.223899350296960865e-04
-4.155628835638409241e-04
3.398364785596249692e-04
-2.450165234730972532e-04
1.573580014649809348e-04
-9.110698151439484353e-05
4.816095306968756214e-05
-2.354516949484781305e-05
1.078142665806267086e-05
-4.680910741287620459e-06
1.949196042069462789e-06
-7.866417973833163053e-07
3.104607338827348044e-07
-1.207110388524136515e-07
4.651104834832790079e-08
-1.786979692792090617e-08
6.965409441800254200e-09
-3.027670621302736694e-09
1.007527088965430315e-09
2.877980941986006002e-11
-5.458803135616960250e-11
4.651640982621098192e-11
-3.550554137127173317e-11
2.413813025278728040e-11
-1.448212328305849850e-11
7.556237068322263861e-12
-3.345883880796429865e-12
1.201755041882739416e-12
-3.155331005177514414e-13
3.982720308288551220e-14
1.051379762428887918e-14
-6.772269450769637151e-15
9.592156109904778140e-16
4.299235481922264746e-16
-1.967847718412006071e-16
-9.302424617380316644e-18
2.172499986010077351e-17
-2.125468307436439495e-18
2.928039659149576091e-01
1.387634884374638611e-01
-2.005347630787516003e-02
2.835855409166954198e-03
-3.510913576152328267e-04
3.440969878068817492e-05
-3.004076603722946118e-06
1.162706731110242675e-06
-1.302022102587617788e-06
6.822277321807692388e-07
8.490013477338701486e-01
1.784220538153112878e-01
-1.058004104375157989e-01
6.274782677435090938e-02
-3.716568600317837062e-02
2.192314116294965046e-02
-1.283403572150527278e-02
7.425017274985607103e-03
-4.222547510995855978e-03
2.342799704223971682e-03
-1.253374785321567132e-03
6.330424963553298858e-04
-2.882128529480497935e-04
1.027134439504132871e-04
-7.364729998943467388e-06
-3.856128104342469677e-05
5.871614889891581230e-05
-6.676300997697166611e-05
3.352917043747339671e-05
9.722851202709096308e-01
9.369378424474756814e-03
-1.581920316273563443e-03
2.666583258009370852e-04
-4.487134685167695546e-05
7.539594499994620225e-06
-1.265661460461103317e-06
2.123803075661763320e-07
-3.563878573425998650e-08
5.982167979173566672e-09
-1.004564125678288479e-09
1.687710903347727618e-10
-2.836725721850938237e-11
4.770066078089243571e-12
-8.024276300500494050e-13
1.350388607630199438e-13
-2.275266236985658784e-14
3.950167784411298011e-15
-6.469998864827363338e-16
9.911547512116666292e-01
6.726803651217565932e-03
-2.557847474611288884e-03
9.726033793591271721e-04
-3.698179115061449632e-04
1.406126529979257801e-04
-5.346076880512041596e-05
2.032389010718200381e-05
-7.725428375547053569e-06
2.936050325963335915e-06
-1.115605027749018194e-06
4.237861362587015679e-07
-1.609394496259761914e-07
6.110419691947370501e-08
-2.320111561355370263e-08
8.829224815675073971e-09
-3.417816064088505114e-09
1.477021245775696268e-09
-4.896601529661692661e-10
9.980131841322467112e-01
1.985814097209607793e-03
1.001265441929438822e-06
5.048470985322517291e-10
2.545484771736841756e-13
1.283451929409134482e-16
6.504402859028189330e-20
-1.942598220133231412e-22
1.432080637081870350e-22
-8.719543772730645572e-23
5.001980269872563352e-23
-2.431038732779502670e-23
1.316016847015502023e-23
-5.051526403786715870e-24
1.965780720825871193e-24
-1.309119582059698690e-24
-3.317515263704651068e-25
5.849216443480681559e-25
3.778251991415806767e-25
1.048802088751342509e+00
9.511305296726388359e-02
-2.962942992638056133e-02
7.835413689107907295e-03
-2.004398553361783596e-03
5.241317474308876357e-04
-1.452588210843160684e-04
4.434974108823171423e-05
-1.891039517115770545e-05
7.094109882026538002e-06
1.058185027544897405e+00
-5.459742606000648341e-02
2.221604263535491980e-02
-6.324175983231059527e-03
-7.408093207678821332e-04
3.355482166561014022e-03
-3.865242095153601214e-03
3.481784576403657797e-03
-2.805768669130892772e-03
2.114858405691634208e-03
-1.520569893982487474e-03
1.052968995776170768e-03
-7.056013077383783277e-04
4.585542439129847137e-04
-2.896453372507385620e-04
1.793261616574411740e-04
-1.124027882617531650e-04
7.825829681983083471e-05
-3.326665426379041908e-05
1.014258670276940277e+00
-4.873393836991328845e-03
8.279409273377711254e-04
-1.394887871217399421e-04
2.328629481129687240e-05
-3.855824041955230250e-06
6.345883474354539265e-07
-1.040373042733967298e-07
1.702007931139055828e-08
-2.781429530477134895e-09
4.542721737098452037e-10
-7.415669137068022325e-11
1.209843648739336629e-11
-1.972304853208732106e-12
3.212126604266378407e-13
-5.225116857029539454e-14
8.493549319486234079e-15
-1.416704360327688412e-15
2.234821660322616098e-16
1.004514273046959394e+00
-3.448522918798409189e-03
1.317150334268126421e-03
-5.030512299018147270e-04
1.921063223234776348e-04
-7.334804594377664544e-05
2.799635433321825116e-05
-1.068098747427512899e-05
4.072240454152671072e-06
-1.551216624821566503e-06
5.902454943071629931e-07
-2.242999911654973311e-07
8.511410696633580847e-08
-3.225039928945607183e-08
1.220561998653770655e-08
-4.623967592934436794e-09
1.779361027287677235e-09
-7.632674190041901166e-10
2.518559115891156750e-10
1.001009435779204093e+00
-1.009435779204106770e-03
-2.353603919585986394e-21
2.046571525745061158e-21
-1.681162942588584302e-21
1.303040767181097001e-21
-9.514225529995291262e-22
6.530862238415015150e-22
-4.203401271671312676e-22
2.527898891992890042e-22
-1.414133004041093931e-22
7.315001487407690618e-23
-3.470592696085851522e-23
1.492869970840717979e-23
-5.720791744983059424e-24
1.895704101588575787e-24
-5.095625520098131608e-25
9.019813044417397305e-26
-3.760369441597637367e-27
7.648092256532684763e-01
