2.174492709415030423e-01
-1.470100163956799969e-04
4.575694754267578191e-08
-1.499359209864539212e-11
5.165084731276787786e-15
-1.849089460842701276e-18
-3.827381124030680534e-22
1.858692851727145935e-21
8.503449125298860266e-23
-4.631002261212240582e-22
1.710520219528500196e-01
-5.464994335562393946e-02
-5.601892410191091839e-03
2.672502920014816711e-03
-2.022028827485366348e-04
-6.042903012363411722e-05
1.660448280989348742e-05
-5.271345285258002516e-07
-5.206090070326061087e-07
1.070547292861941665e-07
1.585306667209497551e-09
-4.397448755209374597e-09
6.976059689060230039e-10
5.231406387127984482e-11
-3.690400670907813203e-11
4.361486083357650332e-12
7.225480909244288747e-13
-2.940909269753182492e-13
2.273390481298089751e-14
6.979725486911812771e-02
-3.829248111068812854e-02
4.907917949505530113e-03
-2.667401842727846507e-04
-2.764535829886555308e-05
9.449503220434354411e-06
-1.435460258679042280e-06
1.405310197588830149e-07
-5.822751124861806994e-09
-1.076662247430644023e-09
3.228120989566465315e-10
-5.067438074837008103e-11
5.418863319503928975e-12
-3.055795782602994703e-13
-2.729743470793510989e-14
1.138151208707954093e-14
-2.037497567015488061e-15
2.496697426771617109e-16
-1.910380416996071331e-17
6.842448331349151348e-03
-1.212086078443516159e-02
8.527137080054774179e-03
-4.881887519718236014e-03
2.332720210746814897e-03
-9.505460559060674572e-04
3.353852638314245367e-04
-1.029885108429025764e-04
2.707907072576305816e-05
-5.619250457981265533e-06
5.535163363257692348e-07
2.820760793144095371e-07
-2.515915015915987638e-07
1.355129730663400293e-07
-6.154250119336674311e-08
2.546298451382524972e-08
-9.964565126592676039e-09
4.060383987583037583e-09
-1.266250505209355196e-09
5.710959290409349595e-07
-1.058239828065345988e-06
8.392074273692410299e-07
-5.642849540311544992e-07
3.156583290626856086e-07
-1.415930551683380611e-07
4.697446655269729365e-08
-8.882521482180619349e-09
-7.399221291470655756e-10
1.022368742975785798e-09
-1.753475211292498442e-10
-7.684125143123476156e-11
3.303805854973903285e-11
5.650726135638018751e-12
-4.923983137879781703e-12
-5.255945671094362899e-13
7.628083940312823429e-13
6.293950894930268762e-14
-1.160746912942340095e-13
7.972926821312683598e-01
7.747188039164849003e-05
-2.037149214596417731e-08
5.964988431990139356e-12
-1.872585982097147922e-15
6.183526687545490698e-19
8.393168975392027044e-22
-3.342346867273901263e-22
-2.121087335583843825e-22
8.423114321653272033e-23
8.232414873820153023e-01
3.102866844267819155e-02
3.793130614439106825e-03
-1.327473646887411931e-03
7.317286301741589608e-05
2.992194989185680221e-05
-6.744335081816137894e-06
4.816565371057326058e-08
2.191874811817976363e-07
-3.644021730309236394e-08
-1.830640997699744416e-09
1.603953486997034176e-09
-1.985427662854252110e-10
-2.605341301755671046e-11
1.180867211913050492e-11
-1.017882183550043091e-12
-2.766142649157069715e-13
8.338713689366570540e-14
-3.764527558236597000e-15
8.870218082861295317e-01
2.774932040539690795e-02
-2.402076092174612078e-03
6.615867201019400500e-05
2.222595310936561282e-05
-5.193940152981112660e-06
6.690664633344586644e-07
-5.245447558331068530e-08
1.738574373992438617e-10
7.788900297506678231e-10
-1.611032988626835102e-10
2.065617112630181615e-11
-1.675907260711551414e-12
1.224620336565550502e-14
2.510950782394114597e-14
-5.518979162754198743e-15
7.527337144849883397e-16
-6.683942653285771050e-17
1.729653270968973100e-18
9.595325947901093278e-01
3.002002467901963845e-02
-1.102339631051624420e-02
3.976155766831136230e-03
-1.393331962120534758e-03
4.673071247116250093e-04
-1.469065961795366524e-04
4.185096188617061578e-05
-1.005132875034232848e-05
1.571881885865950342e-06
1.919938822402122314e-07
-3.246090496815062295e-07
1.949157978490687393e-07
-9.137845962238246876e-08
3.773549267937242167e-08
-1.432815742448967783e-08
5.132962360858443689e-09
-1.887679276858351012e-09
5.472738435211507624e-10
9.907113387555812611e-01
9.267041233443042841e-03
2.156968991035519009e-05
5.020314377408254458e-08
1.182125244221324013e-10
-6.554972042427916031e-13
5.770629048925472670e-13
-3.231176581808513436e-13
1.614181310489253021e-13
-7.053832457233230071e-14
2.612196981212318478e-14
-7.693053400061274792e-15
1.508348113529233026e-15
-2.189074522957668393e-17
-1.157238384476808752e-16
4.211697075686702203e-17
-2.917912386432437650e-18
-3.258443339839541292e-18
1.194955073263914875e-18
1.102342432590842636e+00
-3.425270197945901431e-05
7.261039248008052047e-09
-1.589679423073933793e-12
3.344562112308239325e-16
-5.889171841452310928e-20
-3.297805500452809916e-22
1.059046979207519035e-22
4.171109509079839940e-23
-6.154931213239228229e-24
1.090257515812426581e+00
-1.461730657099830077e-02
-1.995369914878256361e-03
5.711138802587679411e-04
-1.503971265550168494e-05
-1.315116220379706539e-05
1.942050852630732943e-06
1.328323782443283238e-07
-6.979269808102493308e-08
4.169001645813047160e-09
1.585898179487073814e-09
-2.984925533390713515e-10
-1.866194677216670629e-11
1.188692664176136370e-11
-5.810526427590957312e-13
-3.859140331773701296e-13
6.773041672981512692e-14
8.113406190073578761e-15
-3.996560674213526463e-15
1.058700217081075756e+00
-1.435251526375546337e-02
1.145698722629871205e-03
-8.914317137148103866e-06
-1.455327951577570809e-05
2.726914828061077105e-06
-2.828156987544482218e-07
1.206209100158702208e-08
1.934095189210649301e-09
-5.446242309896126748e-10
7.429924677898502040e-11
-5.882312430067954254e-12
-2.523507431968964484e-14
9.949661215245346293e-14
-1.944830276502418371e-14
2.272674306119410903e-15
-1.357006997109419272e-16
-1.168921248329581047e-17
4.607664514536256839e-18
1.020750951843557131e+00
-1.566568539894686724e-02
5.836219130087459163e-03
-2.125281943997328789e-03
7.463156345174591904e-04
-2.480788502787088703e-04
7.594155589047137350e-05
-2.036124486397428163e-05
4.182369896954099641e-06
-2.458186383572031604e-07
-3.631663323232716307e-07
2.754916009937164694e-07
-1.399015028786682227e-07
5.984717008953133066e-08
-2.297542705465882041e-08
8.109541773840637142e-09
-2.659508841397641021e-09
8.568839632779205221e-10
-2.202442841811631505e-10
1.004676886333102592e+00
-4.676886332158322439e-03
-1.742950597859063414e-12
1.418890351683495941e-12
-1.060136010121442032e-12
7.241672506600379866e-13
-4.497042573407835207e-13
2.518115068511760532e-13
-1.256122445856188390e-13
5.477901462418060803e-14
-2.022302552314756684e-14
5.923368135971974640e-15
-1.145429997780175150e-15
7.891652370251810105e-18
9.169941776029265272e-17
-3.258072092673320457e-17
2.029463842895352550e-18
2.592594829605096638e-18
-9.255498216697028427e-19
8.977387159031705588e-01
