1.460195635096346978e+00
-1.984991981538181960e-01
1.980314654664754731e-02
-2.219369133135349215e-03
2.643083766308614176e-04
-3.283860137507422947e-05
4.218972512690875640e-06
-5.575654634568009928e-07
7.787968552589668627e-08
-1.101419492814184363e-08
2.907890935772194374e-01
-4.258510897275384899e-01
2.561544740094836570e-01
-1.454090112899883436e-01
8.038509056370979344e-02
-4.318526441859173171e-02
2.228612744063507636e-02
-1.083076932894035983e-02
4.769156899792513157e-03
-1.721107294146325501e-03
3.046914386427674541e-04
2.667362257641777540e-04
-4.287659160647555785e-04
4.138263492298893155e-04
-3.398332926754141204e-04
2.623737344051997838e-04
-2.046195234755875982e-04
1.738461817281605846e-04
-8.046236150883252954e-05
1.248637824219554597e-02
-1.139438910389780832e-02
3.086059114913858748e-03
-6.448817556538225361e-04
1.182230954044207692e-04
-2.042018342762155943e-05
3.447513851875606735e-06
-5.780144763296555977e-07
9.677572620569074575e-08
-1.620576586082122836e-08
2.715298896798975207e-09
-4.552628715692982126e-10
7.638807930225276842e-11
-1.282661147315121301e-11
2.155305401444330659e-12
-3.624094876943453121e-13
6.102482479785070489e-14
-1.058996754423488621e-14
1.734268334991162175e-15
5.532688680669123945e-04
-1.022960118646721196e-03
8.117241466088131931e-04
-5.590454394719544719e-04
3.392061322344800843e-04
-1.843450381863627203e-04
9.125517459610048244e-05
-4.183174352279920330e-05
1.803932984642849224e-05
-7.425942520144767670e-06
2.956330084730204065e-06
-1.150739710317760281e-06
4.417113785873911689e-07
-1.682338805848129982e-07
6.384971707863960931e-08
-2.425628011027306099e-08
9.370135244371045655e-09
-4.040762502151085647e-09
1.338663150955113378e-09
1.518280649353214713e-09
-2.859566569473143546e-09
2.384733715540040166e-09
-1.753278678288389689e-09
1.126888374078466124e-09
-6.242362897065506709e-10
2.908589614762971938e-10
-1.089116812661761193e-10
2.949340590164332161e-11
-3.770912931320909341e-12
-1.025094278392903296e-12
6.353361303653196166e-13
-6.995505972325668176e-14
-4.901949198853467563e-14
1.715813558752070088e-14
2.916522617019990200e-15
-2.546711053276146566e-15
-1.159302457533986470e-16
3.459987535631666557e-16
4.455846368074127817e-01
5.353439160965027532e-02
-4.495366052631008698e-03
4.208198389426349908e-04
-4.092915564520642718e-05
4.063945934528668135e-06
-4.109356819680123888e-07
4.250495317172050216e-08
-4.636474700857182521e-09
5.325625900300212050e-10
8.412744430817696850e-01
1.678679900603302910e-01
-8.818847859845921344e-02
4.607325131235805171e-02
-2.375997684275156160e-02
1.193034814719014410e-02
-5.714123357716354573e-03
2.518022897720293470e-03
-9.374951808250800564e-04
2.060670002031872298e-04
9.325358973248879121e-05
-1.842098701722448182e-04
1.837775333680582827e-04
-1.506018821057989311e-04
1.121791757238294740e-04
-7.999331533257459119e-05
5.779576185480487415e-05
-4.600164201239038953e-05
2.074200450540743590e-05
9.652583637253251414e-01
1.165547187454270273e-02
-1.941985401622930030e-03
3.209628590334533062e-04
-5.267218178680459667e-05
8.604615994107753555e-06
-1.403235790081095979e-06
2.289378407863242797e-07
-3.741299340695569572e-08
6.126920281734387413e-09
-1.005487062363460712e-09
1.653250148993830272e-10
-2.722825758611812730e-11
4.490738279823762833e-12
-7.415564053886311081e-13
1.225841514254221191e-13
-2.029849302795338643e-14
3.461996886283630933e-15
-5.583487879749749381e-16
9.888750109093044083e-01
8.451915559546665027e-03
-3.210343800734515203e-03
1.219248259569596536e-03
-4.629491293593228298e-04
1.757159479017198790e-04
-6.665643532170394353e-05
2.526547309671141662e-05
-9.566758492394998806e-06
3.617952435626116444e-06
-1.366334081221363392e-06
5.152541832033902840e-07
-1.940341063886694750e-07
7.298026434782158652e-08
-2.742982432306683799e-08
1.032601018634434251e-08
-3.950749154020612664e-09
1.685363265226953778e-09
-5.543368006587147178e-10
9.974985998578685953e-01
2.499866099453775838e-03
1.533101889783034056e-06
9.402109145115958034e-10
5.766106640554999976e-13
3.505361924585344807e-16
2.363767592479213326e-18
-1.390863504101564559e-18
8.345012955206526351e-19
-4.609091860149743836e-19
2.325297563707226910e-19
-1.059526748747939812e-19
4.286787204783745680e-20
-1.497525279283049887e-20
4.276596545254003238e-21
-8.675489596931919125e-22
5.350669005237438333e-23
4.999571684722532271e-23
-2.251548883731095048e-23
1.076816563300542207e+00
2.211966994393375907e-02
-3.468119669939032177e-03
4.565940407879941296e-04
-5.775754024054308616e-05
7.235471753742280314e-06
-9.090020772200632001e-07
1.153531465429062978e-07
-1.528875431900937964e-08
2.065804681981111840e-09
1.058199270233757927e+00
-4.444040624482998442e-02
1.167365045860094437e-02
7.898263658016035091e-04
-4.339490387975580149e-03
4.440565151779873876e-03
-3.473244504201388437e-03
2.386468970477720851e-03
-1.499333750651918274e-03
8.702758146936489126e-04
-4.632085391175869995e-04
2.189863347234357162e-04
-8.308696945024075721e-05
1.374851194413978148e-05
1.790453503239991504e-05
-3.039927391743546450e-05
3.477688065540896243e-05
-3.685588109381193668e-05
1.835046788707182837e-05
1.017289190793452924e+00
-5.849078771909848283e-03
9.718412948391762750e-04
-1.579275745398233039e-04
2.511722926723296902e-05
-3.926356578364230139e-06
6.064769212667576375e-07
-9.296510163255310896e-08
1.417684032434827197e-08
-2.152273616180571741e-09
3.250994939148831400e-10
-4.878678687451825876e-11
7.258227155708264590e-12
-1.067473351045852360e-12
1.545872615696910188e-13
-2.191825834435493267e-14
3.016180889997743732e-15
-4.023381593443850795e-16
4.848115430170108722e-17
1.005491515814340486e+00
-4.194554730937367568e-03
1.601671865893438155e-03
-6.113859859956541441e-04
2.332378694035497119e-04
-8.889163873865819714e-05
3.382883530688435275e-05
-1.284770698469252542e-05
4.866453833760265901e-06
-1.837410966891048747e-06
6.912309025303072304e-07
-2.590396733958522722e-07
9.670331833863611383e-08
-3.597201230458432269e-08
1.334214414372660607e-08
-4.946057800462694540e-09
1.858727331333107589e-09
-7.763426261558742070e-10
2.519761759722014142e-10
1.001228053009068697e+00
-1.228053009068671162e-03
-8.029867617240659113e-18
6.846503884426393204e-18
-5.468060683502338007e-18
4.083718650096035483e-18
-2.845143897499385702e-18
1.843274353128457423e-18
-1.105753511780387590e-18
6.106792870098619360e-19
-3.080514853521158795e-19
1.403444173201087953e-19
-5.677185460347051311e-20
1.982403180922447151e-20
-5.659521543185094975e-21
1.148691335324182807e-21
-6.838031105383875639e-23
-6.725531925495929350e-23
2.844872548232884471e-23
8.292414225788720117e-01
