1.442255588372579611e+00
-1.864881190424766688e-01
1.768310319771532885e-02
-1.883104323456165309e-03
2.129576605103882740e-04
-2.510520281044436664e-05
3.058113335446304393e-06
-3.829005241010569755e-07
5.047716805401841770e-08
-6.757569342312864221e-09
2.921484867334153135e-01
-4.264656506536819158e-01
2.549657585278781169e-01
-1.435722242616605526e-01
7.856593582499196704e-02
-4.165834325111499037e-02
2.111874628597896347e-02
-9.995516547586591818e-03
4.203516817017587288e-03
-1.357249640183847165e-03
8.284057474938407177e-05
3.937711096369506765e-04
-4.955245874282663025e-04
4.440842250467823423e-04
-3.490640050920323771e-04
2.601016525577623246e-04
-1.963815393308895212e-04
1.626987779285994065e-04
-7.460362676555562446e-05
1.268421378406063386e-02
-1.156790536614265945e-02
3.130855223682723048e-03
-6.537753979684745751e-04
1.197697307374625625e-04
-2.067323562603900838e-05
3.487875301275060155e-06
-5.843793496015540277e-07
9.777215460057985684e-08
-1.636071677966774415e-08
2.739226376172654604e-09
-4.589293933242960983e-10
7.694493516536802898e-11
-1.291026566926947003e-11
2.167695987426527387e-12
-3.642098424956489916e-13
6.127940393566473152e-14
-1.062505632209027768e-14
1.738662635233047906e-15
5.628406073323437026e-04
-1.040597014041502212e-03
8.255820496447765144e-04
-5.684451330796968897e-04
3.447991839260340879e-04
-1.873162994336361234e-04
9.268977655353457666e-05
-4.247236909201960482e-05
1.830836927362663894e-05
-7.533864155974476336e-06
2.998254469913905414e-06
-1.166693549655263401e-06
4.477106313615054987e-07
-1.704765900897631984e-07
6.468641220234350529e-08
-2.456898564082215588e-08
9.488937628578575421e-09
-4.091068608623537783e-09
1.355142424309873582e-09
1.557569929802236550e-09
-2.933477201050518162e-09
2.446146863159505631e-09
-1.798141618948452991e-09
1.155442629605596380e-09
-6.398291242240517310e-10
2.979716939898183518e-10
-1.114858678981955089e-10
3.014495833051422251e-11
-3.832429379221220302e-12
-1.057158473096878381e-12
6.502532578019871660e-13
-7.065449937442452194e-14
-5.042973781817757284e-14
1.750019435565375910e-14
3.031199774679404632e-15
-2.605480812406496454e-15
-1.243978207969456527e-16
3.545497588836542445e-16
4.522548588231252720e-01
5.045751013399520091e-02
-4.054468361107979764e-03
3.636320367123503541e-04
-3.390221745490961048e-05
3.226865480392995869e-06
-3.125764062691501151e-07
3.092141941119016626e-08
-3.209156621356118306e-09
3.494933456433036471e-10
8.408389617802733973e-01
1.673576970422422372e-01
-8.727042478864381614e-02
4.519362311421459139e-02
-2.305709898891118714e-02
1.141671594013606190e-02
-5.360113147723561365e-03
2.285392981532110169e-03
-7.914992026919238791e-04
1.189583258404816802e-04
1.420729856092793901e-04
-2.092350992106874338e-04
1.947396931437483242e-04
-1.537305857620411198e-04
1.112543319728084710e-04
-7.715878754707812483e-05
5.415452912019790948e-05
-4.202812828931762340e-05
1.876037710764856810e-05
9.648929258243916784e-01
1.177394918897249447e-02
-1.960686052327657945e-03
3.238105520907288786e-04
-5.308871276271607398e-05
8.663056423262947944e-06
-1.411080435135144527e-06
2.299358996125199174e-07
-3.753025756364098033e-08
6.138753549615435893e-09
-1.006246154716733911e-09
1.652594100060286879e-10
-2.718664553256247949e-11
4.478863901084017357e-12
-7.387761328465019978e-13
1.219898788432135251e-13
-2.017776378721915727e-14
3.437392175954849105e-15
-5.538032233632483760e-16
9.887560256805958403e-01
8.541729984192631547e-03
-3.244231673571029879e-03
1.232027821555987859e-03
-4.677641240774409919e-04
1.775274603904032601e-04
-6.733646905533949832e-05
2.551996657357953423e-05
-9.661613912191351121e-06
3.653131458543442989e-06
-1.379305909987078427e-06
5.200072772073965775e-07
-1.957643056563245113e-07
7.360598305283714301e-08
-2.765473739813085717e-08
1.040651357569635391e-08
-3.979796532526144966e-09
1.696905963483290109e-09
-5.579597525839032955e-10
9.974716758217777590e-01
2.526754717298471033e-03
1.568486678618190749e-06
9.736403895338196602e-10
6.043930501253107504e-13
3.719239292025993000e-16
2.497687912550751060e-18
-1.466870830086433196e-18
8.798446132578629217e-19
-4.857740056001911940e-19
2.449595734146084146e-19
-1.115540037312769265e-19
4.509939405583941056e-20
-1.573637230283989888e-20
4.488172344349016127e-21
-9.089683207205610630e-22
5.455401294047032442e-23
5.367987198890169105e-23
-2.367266816127159630e-23
1.077224880634521487e+00
2.051509526901471731e-02
-3.071570541052163605e-03
3.855134071890983912e-04
-4.646765668429584300e-05
5.543315985396968559e-06
-6.626131137892359107e-07
7.991926872148185448e-08
-1.002557598799271612e-08
1.283219476339799615e-09
1.058315789236321747e+00
-4.398555044665965197e-02
1.118846662077020541e-02
1.096217710670208253e-03
-4.465782435409624759e-03
4.446104965809467326e-03
-3.416505343992359139e-03
2.308273895815850327e-03
-1.423035797544406397e-03
8.065753321050090968e-04
-4.150690055384978895e-04
1.853372778013652629e-04
-6.121227545890372971e-05
6.377154485940089333e-07
2.490978455925237466e-05
-3.338856316907519586e-05
3.529080110417605402e-05
-3.602176830655011447e-05
1.773752747626861971e-05
1.017498554431216728e+00
-5.918101076421096278e-03
9.826345141055383304e-04
-1.594938747059765946e-04
2.532332489637577851e-05
-3.949885979186559152e-06
6.084930960381818353e-07
-9.298685291209883188e-08
1.413036309839524785e-08
-2.136653101768033848e-09
3.212630067017232931e-10
-4.795411556975638730e-11
7.089096830768366963e-12
-1.034508872307865731e-12
1.483405908388887062e-13
-2.075843538814992926e-14
2.803931936459925387e-15
-3.626887297774253752e-16
4.161017237311059502e-17
1.005558546494881966e+00
-4.245739967825568929e-03
1.621204494814362882e-03
-6.188323611153429644e-04
2.360716595263301929e-04
-8.996699606477677360e-05
3.423516237951074355e-05
-1.300031986198620450e-05
4.923324284173100016e-06
-1.858397973699731189e-06
6.988874870158596560e-07
-2.617970681964212562e-07
9.768239230953002571e-08
-3.631441916776360495e-08
1.345997662098739218e-08
-4.985935250097556840e-09
1.872079479397760165e-09
-7.811151458145154129e-10
2.533579725314646133e-10
1.001243045684900412e+00
-1.243045684900327989e-03
-8.458846849660632982e-18
7.211661498097923311e-18
-5.759010620264462931e-18
4.300328269432993507e-18
-2.995454110084971644e-18
1.940170631319219758e-18
-1.163523127222510529e-18
6.423422453394797059e-19
-3.238730091720552231e-19
1.474662471688199991e-19
-5.960734747820824735e-20
2.079216739607675640e-20
-5.926064063447722716e-21
1.198589491914429310e-21
-6.943140783438244329e-23
-7.096526817162038591e-23
2.982175858463632956e-23
8.294364011333233977e-01
