1.637038694801617789e+00
-3.536546290296538331e-01
5.606527250163136772e-02
-1.001145955014647558e-02
1.915373968782540679e-03
-3.860926690384901792e-04
8.122397686771683581e-05
-1.777898947223540685e-05
4.368012254269459100e-06
-1.017797401691945678e-06
2.744456866642682180e-01
-4.137953076570988209e-01
2.618160541989122958e-01
-1.584987946479476939e-01
9.473929920852464104e-02
-5.602057105683363319e-02
3.265139796183477716e-02
-1.866770445861970149e-02
1.040564049648547498e-02
-5.606350556270565597e-03
2.878724224367235768e-03
-1.371063754444946025e-03
5.670565669940272769e-04
-1.579064119821538519e-04
-3.789691548270822765e-05
1.246762615765038623e-04
-1.605361610485728295e-04
1.762517297760132914e-04
-8.824157125924147365e-05
1.045445728117634296e-02
-9.630846044112585311e-03
2.635035114533086122e-03
-5.558194839176044868e-04
1.027327611904548703e-04
-1.787089488517168876e-05
3.036522241228363218e-06
-5.122424857802268244e-07
8.628943251769096455e-08
-1.453905225444529472e-08
2.451180019433277773e-09
-4.135333298846618795e-10
6.981552363040446959e-11
-1.179504849110129139e-11
1.994091027198742018e-12
-3.373503861439314361e-13
5.715493986840051532e-14
-9.983485289789842033e-15
1.644562445220310508e-15
4.524469485083067394e-04
-8.374145998658858890e-04
6.664483115416579631e-04
-4.610401907041115910e-04
2.812898106182646209e-04
-1.538165954011366029e-04
7.663561629720344332e-05
-3.535554522970026521e-05
1.533929688147174129e-05
-6.349356733245529652e-06
2.539935863444217740e-06
-9.926968072805675934e-07
3.823354299547992119e-07
-1.460262640902325586e-07
5.555167602021463586e-08
-2.114768433815961063e-08
8.185502962398649102e-09
-3.537193487831000808e-09
1.173290391776001100e-09
1.054437453893004727e-09
-1.987162964529200089e-09
1.660292213084131523e-09
-1.224651136025866392e-09
7.910105813864589728e-10
-4.413025250503369332e-10
2.077548578807839186e-10
-7.904687520863149416e-11
2.205112313767610550e-11
-3.130833965480882021e-12
-6.304479867942110242e-13
4.615374559024286587e-13
-6.426970302645163907e-14
-3.185625148200350064e-14
1.330207949268189386e-14
1.455445050634194586e-15
-1.857018495097609925e-15
-2.461401664661453836e-18
2.438382143798763045e-16
3.778557116624894907e-01
9.072334741357594712e-02
-1.110129925595710818e-02
1.488581510154512273e-03
-2.050591978164109327e-04
2.872259109755164998e-05
-4.136816681401489156e-06
6.305301278485850883e-07
-1.138488530318405495e-07
2.302987121609246833e-08
8.452313287533841368e-01
1.720934495209044957e-01
-9.604836594579932441e-02
5.374767154941328257e-02
-3.003288111285461887e-02
1.664643008941479527e-02
-9.081459530564188129e-03
4.829798220278477480e-03
-2.469854707165677205e-03
1.186413213618097698e-03
-5.096270761045866267e-04
1.689557159736210050e-04
-9.640763445542321680e-06
-5.575683011702595334e-05
7.571777455365468769e-05
-7.641646051228505202e-05
7.149148830146233140e-05
-6.777990136477059918e-05
3.246385531192395152e-05
9.684729147227044699e-01
1.060997984839472282e-02
-1.776597337853756458e-03
2.957407664210961410e-04
-4.897750814346846714e-05
8.084872018281526873e-06
-1.333086810543541893e-06
2.199143816933789195e-07
-3.632884934974169272e-08
6.011668622029206638e-09
-9.965036564540115344e-10
1.654377361196596222e-10
-2.750286859335585946e-11
4.577524090245976701e-12
-7.626511968369905570e-13
1.271798894461004207e-13
-2.124282562497402882e-14
3.655940540164437960e-15
-5.943511664287825754e-16
9.899192846045077321e-01
7.662611413321722929e-03
-2.912138015885220102e-03
1.106645244755023608e-03
-4.204706059890993860e-04
1.597160879252067613e-04
-6.064400635472299249e-05
2.301348712408140946e-05
-8.726853266109743201e-06
3.306327572817639707e-06
-1.251404487592199134e-06
4.731424133347413643e-07
-1.787071366554967258e-07
6.743859525308979099e-08
-2.543830844686793597e-08
9.613253718928682919e-09
-3.693531029565438185e-09
1.583086670355448415e-09
-5.222140909561164805e-10
9.977345867069435936e-01
2.264154453187758147e-03
1.258140359116549027e-06
6.991206609910310346e-10
3.884877158709464210e-13
2.144600726750179868e-16
1.108388039274692112e-18
-6.435940493445169118e-19
3.885623314514630896e-19
-2.162561494156971045e-19
1.101273101112209650e-19
-5.077235925213367577e-20
2.085758150366219544e-20
-7.438239475618573448e-21
2.193695726028179541e-21
-4.761336025854916844e-22
4.406553556700200381e-23
2.169298060146859264e-23
-1.157443983213888070e-23
1.074136617436538321e+00
4.435545556485004370e-02
-1.058379640219909469e-02
2.140400540210554443e-03
-4.175599668819188941e-04
8.130277919016394442e-05
-1.605902204715775982e-05
3.255919720156383449e-06
-7.389024577466571588e-07
1.660012587281941336e-07
1.058226358984592830e+00
-4.980718874836764787e-02
1.715116875359655457e-02
-2.928919780546860533e-03
-2.426072870776398507e-03
3.819649667060426041e-03
-3.608657681226411576e-03
2.877953144380041278e-03
-2.094573316435445302e-03
1.432070433101098302e-03
-9.310250670219610445e-04
5.776215788836309767e-04
-3.408027948504644398e-04
1.886007372395878765e-04
-9.428183259964266017e-05
3.779814658020602789e-05
-5.339639623640299241e-06
-1.162680926437105966e-05
8.227781592622126594e-06
1.015681131691643202e+00
-5.323452106493632707e-03
8.913472318761796230e-04
-1.467397747167293318e-04
2.377011254944770197e-05
-3.802864970344090859e-06
6.036211601064455987e-07
-9.541400660258984498e-08
1.505322087059762538e-08
-2.372492946069344490e-09
3.735407849473412857e-10
-5.872487706348268330e-11
9.212049583874497137e-12
-1.440761335058488349e-12
2.244606598976490383e-13
-3.479855251642501742e-14
5.364838586851876298e-15
-8.407512616288914451e-16
1.245363378463329790e-16
1.004975333781450653e+00
-3.800431946135869685e-03
1.451304496229672419e-03
-5.540871899152391162e-04
2.114505695997400585e-04
-8.063612280411911956e-05
3.071710617915961221e-05
-1.168343158730025554e-05
4.435046381512458639e-06
-1.679486973669076451e-06
6.342523301278627864e-07
-2.388235882137068454e-07
8.966553230076181199e-08
-3.357391977647255245e-08
1.254486195779092038e-08
-4.688628457826024113e-09
1.778313962420306168e-09
-7.507760408823019699e-10
2.453435038764208800e-10
1.001112591735946911e+00
-1.112591735946921257e-03
-3.805288285822806992e-18
3.250056033877358527e-18
-2.602059674166884970e-18
1.949598466049484661e-18
-1.363885144089128184e-18
8.881305561211606751e-19
-5.361172586061411549e-19
2.983576365177754621e-19
-1.519292230782971594e-19
7.004002760436596326e-20
-2.876971886651113679e-20
1.025999637791097981e-20
-3.026201780319786064e-21
6.562462959942145709e-22
-5.854871957321740310e-23
-3.027683381237863848e-23
1.478039057281534482e-23
8.249583372770585843e-01
