1.528075904128897156e+00
-2.500753298883339748e-01
3.009062141538553295e-02
-4.071584340454961586e-03
5.870472070317729564e-04
-8.859341648781450236e-05
1.386851336361742747e-05
-2.240541045763375424e-06
3.894913596021283346e-07
-6.744066475403107251e-08
2.850801589190205543e-01
-4.223380874195893364e-01
2.595138005954326643e-01
-1.514666885147638864e-01
8.667099947552114880e-02
-4.862531117654447094e-02
2.655960966024467976e-02
-1.397426952681651326e-02
6.963870452326660111e-03
-3.183706407486463098e-03
1.235679170848889017e-03
-2.968803722785097400e-04
-1.081028374171495970e-04
2.472875149687557951e-04
-2.670782691316039045e-04
2.441723852208521443e-04
-2.163792625428988758e-04
2.004517129894621303e-04
-9.557457955231524031e-05
1.173994471308249972e-02
-1.073996295184361308e-02
2.917018999915109434e-03
-6.112573187776767060e-04
1.123549483672892020e-04
-1.945506003616177457e-05
3.292534641098582363e-06
-5.533722966279557654e-07
9.287988498405501665e-08
-1.559286694416635754e-08
2.619348700722461259e-09
-4.403185732728534427e-10
7.407359982906641548e-11
-1.247052443884375106e-11
2.100968907051275943e-12
-3.542057626647564548e-13
5.980326582266458631e-14
-1.040783724821627942e-14
1.708864758046180721e-15
5.170896917223725053e-04
-9.563063040696270908e-04
7.593739616034102160e-04
-5.235588171402480754e-04
3.181062658012757038e-04
-1.731444242293093635e-04
8.585092717890621520e-05
-3.941969327845724203e-05
1.702660578743578457e-05
-7.019665897915959575e-06
2.798431637878480377e-06
-1.090604350813129489e-06
4.190727190963039631e-07
-1.597592276508751492e-07
6.068312968222273536e-08
-2.307077495599400763e-08
8.918871268034062488e-09
-3.849245061822429888e-09
1.275835663672121208e-09
1.367334969652527982e-09
-2.575618208082548121e-09
2.148821812433749438e-09
-1.580973799794511526e-09
1.017251348592409906e-09
-5.643918819209298469e-10
2.635791714358651967e-10
-9.905027458201609182e-11
2.700375598948386602e-11
-3.539276640406084127e-12
-9.010185021209146925e-13
5.781511365148848051e-13
-6.741076371141248049e-14
-4.357209591083187010e-14
1.585396441650624485e-14
2.469833610718665185e-15
-2.321092340108117319e-15
-8.262948168801559039e-17
3.130653981306299201e-16
4.198594043311122403e-01
6.644032407172144328e-02
-6.538160377447299436e-03
7.136718769204105587e-04
-8.072709995840421262e-05
9.318964594485005292e-06
-1.098853234665225744e-06
1.336328865191111823e-07
-1.760357750635213101e-08
2.483682845648019502e-09
8.428603537403311918e-01
1.696373468103591353e-01
-9.144515901487393350e-02
4.923176470033910346e-02
-2.631773665988129327e-02
1.382935276393388625e-02
-7.048260680298571584e-03
3.415396551403573639e-03
-1.517192411346288952e-03
5.649679764432198863e-04
-1.181611278911800231e-04
-6.756331384315874015e-05
1.255857877838723676e-04
-1.268638773497098721e-04
1.077071096745266666e-04
-8.563939235641261616e-05
6.837343259090570083e-05
-5.881122482206139541e-05
2.729224471828142160e-05
9.665619166742419610e-01
1.123214603617707016e-02
-1.875053541903393475e-03
3.107509558271808500e-04
-5.117469785553240274e-05
8.393729981020887844e-06
-1.374761366664488865e-06
2.252795220517233815e-07
-3.697543033807239232e-08
6.080986421988523461e-09
-1.002070640474115310e-09
1.654259736605861911e-10
-2.735200140479448078e-11
4.528559842442416831e-12
-7.506478559005939532e-13
1.245546089188831687e-13
-2.070226824595446230e-14
3.544791694427701776e-15
-5.737061514179212816e-16
9.892989979168559378e-01
8.131696624459354775e-03
-3.089454535111020323e-03
1.173633835291183107e-03
-4.457532659024397281e-04
1.692428934543930468e-04
-6.422515668135104214e-05
2.435511287052062823e-05
-9.227267935771131158e-06
3.491979520512063198e-06
-1.319858385780182969e-06
4.982152414456652922e-07
-1.878279431425300863e-07
7.073432710301596008e-08
-2.662190347115867615e-08
1.003656407595673238e-08
-3.846189111253401033e-09
1.643747803759761040e-09
-5.412596771578197937e-10
9.975944870206162607e-01
2.404099133987295037e-03
1.413014405833113141e-06
8.305022338326976144e-10
4.881327721175676307e-13
2.844281743324360261e-16
1.891781051375678341e-18
-1.117598047435113096e-18
6.714516094947868306e-19
-3.714739486069163939e-19
1.877963060759664624e-19
-8.579610413031323797e-20
3.482848941175843188e-20
-1.222071298678687729e-20
3.517400293087459145e-21
-7.257785231098982135e-22
4.913131686970595630e-23
4.023361504795124288e-23
-1.806500880367050977e-23
1.075625399435913065e+00
2.919463867162039664e-02
-5.428852827478225333e-03
8.519065358452182794e-04
-1.286625001721864467e-04
1.929399209645123856e-05
-2.912180234427128140e-06
4.461186344122397074e-07
-7.280099541982335664e-08
1.203839529353574922e-08
1.057976052530809730e+00
-4.634311001895947968e-02
1.365430553889112990e-02
-5.094785029817979795e-04
-3.734020101184236124e-03
4.316640296921069389e-03
-3.614969194080399750e-03
2.637721080151760218e-03
-1.766107785708606734e-03
1.105264712562120969e-03
-6.489666237236096057e-04
3.547218934187343462e-04
-1.757871627358806820e-04
7.288500248032602109e-05
-1.686439390568747658e-05
-1.222155013975471703e-05
2.704093956409573050e-05
-3.475963653970330896e-05
1.817601261132389124e-05
1.016575218008675119e+00
-5.614260108668658530e-03
9.353388588605987108e-04
-1.526950646191938671e-04
2.444553764518306760e-05
-3.853831820052668586e-06
6.013380687362020639e-07
-9.325729243801585092e-08
1.440930518977943893e-08
-2.220037076723779066e-09
3.409646856356196589e-10
-5.215248371813953895e-11
7.933406597151022631e-12
-1.198141549055630218e-12
1.792522874159013956e-13
-2.648956613979451923e-14
3.852471245191286774e-15
-5.587072311315226238e-16
7.561957242372380616e-17
1.005262763066865128e+00
-4.019881401113457875e-03
1.535019036769042985e-03
-5.859789827617965493e-04
2.235710854791188372e-04
-8.522473456285815420e-05
3.244417530031943638e-05
-1.232816697574934816e-05
4.673142748795595864e-06
-1.766227842449577680e-06
6.653396468234651426e-07
-2.497532515953152532e-07
9.342375099160952987e-08
-3.483319277233612253e-08
1.295389241680668233e-08
-4.816302767303445940e-09
1.816055907003047312e-09
-7.615199725439800602e-10
2.477891068287162918e-10
1.001176887305387231e+00
-1.176887305387220445e-03
-6.485831141954546219e-18
5.532095357449279831e-18
-4.420669076492716211e-18
3.303848783827055289e-18
-2.303891051840290102e-18
1.494293830655134005e-18
-8.976434947196419443e-19
4.965848997505263933e-19
-2.510213253535526396e-19
1.146627830120890356e-19
-4.654178781359264104e-20
1.632880175463149218e-20
-4.696272281680694171e-21
9.679948702921053144e-22
-6.441410837175435065e-23
-5.387421947461745078e-23
2.348140203794959709e-23
8.283426510150286859e-01
