1.256410466781060720e+00
-9.478765813507356031e-02
5.179804579689683067e-03
-3.173273522478830492e-04
2.053869387741630154e-05
-1.376886769365458369e-06
9.475821936034958141e-08
-6.661707003333253752e-09
4.810354396830347079e-10
-3.565200416741258116e-11
3.024511969243213194e-01
-4.241434058693908660e-01
2.348154170627450577e-01
-1.189939128017754727e-01
5.657790934373164993e-02
-2.460002726993183730e-02
9.038620765377073166e-03
-2.040763401274380169e-03
-6.887586730760638862e-04
1.436799046099767989e-03
-1.370517312233000221e-03
1.048072321968405865e-03
-7.094970111747317268e-04
4.384356299123389638e-04
-2.486598035072711682e-04
1.278428154378001287e-04
-5.795855004296032617e-05
2.353493361389859145e-05
-6.641119048566608602e-06
1.497439207428964865e-02
-1.356333884930228592e-02
3.641100805277534738e-03
-7.538292201475388929e-04
1.369039882147024924e-04
-2.342526482745358317e-05
3.917286865438275027e-06
-6.503523951151808663e-07
1.077823670055321572e-07
-1.785945545646173153e-08
2.960110781710041014e-09
-4.908489375988102274e-10
8.143811858458261833e-11
-1.351927711054246221e-11
2.245429261374351816e-12
-3.730981477050075731e-13
6.205758643799450274e-14
-1.062548286867665933e-14
1.718723982561375078e-15
6.750372095148904307e-04
-1.247252895096273703e-03
9.877806402198055068e-04
-6.782697716552680113e-04
4.099929512588129047e-04
-2.218479662891298799e-04
1.093041561947105222e-04
-4.986159020858572211e-05
2.139749190073983199e-05
-8.766875296607015190e-06
3.474712424110950856e-06
-1.347010297272325495e-06
5.151391068383490914e-07
-1.955427440847570719e-07
7.398561530861547951e-08
-2.802463764464854075e-08
1.079375089138243791e-08
-4.639712229147962719e-09
1.534069443767281650e-09
2.034972760448268556e-09
-3.831459120217931621e-09
3.192024807077395976e-09
-2.342674460152080208e-09
1.501698696321608563e-09
-8.286525483937118379e-10
3.839302701734971010e-10
-1.424950811610966778e-10
3.794300266943470553e-11
-4.544007428972252436e-12
-1.450974344207515000e-12
8.293910948817951120e-13
-7.801193533662146232e-14
-6.762715507719918949e-14
2.152779310051248559e-14
4.457345825035888146e-15
-3.306728776179361861e-15
-2.324853281370851126e-16
4.570785054377679041e-16
5.171227783950655965e-01
2.615118512624119151e-02
-1.276582548188025202e-03
7.044317893112720145e-05
-4.060197602431992822e-06
2.390034773786794953e-07
-1.425942273541197880e-08
8.604391977480184961e-10
-5.287348161391043212e-11
3.333070219905357229e-12
8.356433269777547856e-01
1.608293554193029884e-01
-7.625582089243550243e-02
3.507317708780076371e-02
-1.533311764319285689e-02
6.066653900352067183e-03
-1.900903066578272854e-03
1.833182318459860628e-04
4.024600932652272933e-04
-5.028262527816476646e-04
4.249524578342086210e-04
-3.055653001065027920e-04
1.981728019366545731e-04
-1.179234376053799001e-04
6.411928370395395243e-05
-3.097462651135827376e-05
1.232111754648590086e-05
-3.320943628075526661e-06
3.724582349531444050e-07
9.603188091926724290e-01
1.325064447163421325e-02
-2.192344556869633022e-03
3.587653909464414911e-04
-5.813238353831484841e-05
9.356464090830708167e-06
-1.501298989325877254e-06
2.408391224346372446e-07
-3.869212399260569334e-08
6.229485133745502124e-09
-1.005189208209155542e-09
1.625242075570382654e-10
-2.632287534429335200e-11
4.269380108423189252e-12
-6.932614655602119816e-13
1.126773278168347468e-13
-1.834032591951717799e-14
3.071114094882086174e-15
-4.871408524183100097e-16
9.872634281555350277e-01
9.667312006563951593e-03
-3.668505831380359811e-03
1.391862899020246055e-03
-5.279198273101883042e-04
2.001322823403783456e-04
-7.581069362882384636e-05
2.868631605687373302e-05
-1.083956770605730676e-05
4.089016175109785699e-06
-1.539599227721064216e-06
5.785522326226774240e-07
-2.169942982491553632e-07
8.124934411743625328e-08
-3.038777426194463581e-08
1.137876192311995857e-08
-4.327986205022772709e-09
1.833934814863325504e-09
-6.006777857565515840e-10
9.971336093557455760e-01
2.864340604874248720e-03
2.048573194284492240e-06
1.465137245803642567e-09
1.047872162520439695e-12
7.437370980764263451e-16
4.494913755957013492e-18
-2.557723760928809103e-18
1.529617109231213087e-18
-8.414209977357418078e-19
4.223716583395467751e-19
-1.912469229951249278e-19
7.674511524369115088e-20
-2.650050873957423538e-20
7.431310640535182470e-21
-1.451015618322966527e-21
6.191770807026687086e-23
9.405616597902820220e-23
-3.754607330683644341e-23
1.084051665118976659e+00
8.896922222425239501e-03
-8.161092482236176338e-04
6.091872924266759665e-05
-4.339602090978781814e-06
3.042860842706453597e-07
-2.123690540839492349e-08
1.483539255426119112e-09
-1.049386137179199885e-10
7.560920678418798908e-12
1.060962314394945816e+00
-4.056699057992576435e-02
7.165107790291115955e-03
3.327055077149458900e-03
-4.963313053237456557e-03
3.908069782655348642e-03
-2.465849065302149097e-03
1.332707477939750092e-03
-6.070237055496277741e-04
2.037674558906951922e-04
-1.061347771446395589e-05
-6.264581597520836164e-05
7.594304619185352531e-05
-6.438130934289439133e-05
4.625410195988731177e-05
-2.983211789536741368e-05
1.808085798185648320e-05
-1.153809609953648615e-05
4.652640500170310471e-06
1.020142460921008354e+00
-6.788804879304837989e-03
1.118485809987738782e-03
-1.791366514481318082e-04
2.789409307368946963e-05
-4.241026264706211297e-06
6.330490479565594472e-07
-9.316772305734158141e-08
1.354473045655823775e-08
-1.943727553512486309e-09
2.744483451071424695e-10
-3.790172225224734337e-11
5.068782456494058408e-12
-6.449943563017445817e-13
7.535990672408935206e-14
-7.368138728406507367e-15
3.841039539228584040e-16
8.300979972746693861e-17
-3.462187014248562044e-17
1.006405325296585218e+00
-4.892336260784063348e-03
1.867940184099074318e-03
-7.128872764754717959e-04
2.718598642890247895e-04
-1.035443330416648808e-04
3.936331958909625124e-05
-1.492524356154727200e-05
5.640025710827650804e-06
-2.122581605122671432e-06
7.951271872320032377e-07
-2.963934165522134679e-07
1.099397456235372742e-07
-4.059003111822468461e-08
1.492686815062262091e-08
-5.480576004052117191e-09
2.036950754564861882e-09
-8.396746120430581698e-10
2.702273546142660463e-10
1.001432445996043308e+00
-1.432445996043146472e-03
-1.458114619165120781e-17
1.242094422660952254e-17
-9.907187667078747429e-18
7.386174033092587492e-18
-5.134644692061102134e-18
3.317465069658291873e-18
-1.983409076185520367e-18
1.090868135326656160e-18
-5.474725329812468830e-19
2.478198295904732357e-19
-9.940774922998001990e-20
3.430746244200228733e-20
-9.614231817376773531e-21
1.875049970294614895e-21
-7.698999771452036337e-23
-1.238925094698103242e-22
4.884994745578086303e-23
8.313023499091580781e-01
