1.591287192083862267e+00
-3.071987402760459340e-01
4.359550106329009717e-02
-6.964113700171217954e-03
1.188958443075619539e-03
-2.132284207897284047e-04
3.979891340236515118e-05
-7.698027787554532914e-06
1.638457368647840448e-06
-3.389177207018129150e-07
2.790638835023478981e-01
-4.176668900211593094e-01
2.612084904844608202e-01
-1.558993382860229537e-01
9.164377844303298049e-02
-5.312868895108405903e-02
3.023307903674270908e-02
-1.677763506798081103e-02
8.998928966632483914e-03
-4.600146068306766763e-03
2.183936030955025906e-03
-9.072677652815595980e-04
2.680631562434288104e-04
2.760850774029509415e-05
-1.481070278977012085e-04
1.871878485725405044e-04
-1.950421572272718722e-04
1.968648884226775384e-04
-9.634573190635807062e-05
1.101676736964265005e-02
-1.011124076966192498e-02
2.755877247848997728e-03
-5.793618353398799752e-04
1.067939765815993528e-04
-1.853764743844762018e-05
3.144263859937156818e-06
-5.295816273790874057e-07
8.907588404279742404e-08
-1.498630507653174349e-08
2.522882000680023625e-09
-4.250154448054429036e-10
7.165224566971689849e-11
-1.208850667809368806e-11
2.040907017952092746e-12
-3.448040299587302799e-13
5.833914061109075707e-14
-1.017588900576608487e-14
1.674147420809467203e-15
4.813274321379046512e-04
-8.904844658541986218e-04
7.078203854377152285e-04
-4.887610684529419824e-04
2.975273374289104551e-04
-1.622871271844394123e-04
8.064604646479956438e-05
-3.711132713130734439e-05
1.606302205312854449e-05
-6.634978335289714782e-06
2.649467385723948006e-06
-1.034002619949861733e-06
3.977868027553336469e-07
-1.517910053573055798e-07
5.770342731377414820e-08
-2.195371779293545599e-08
8.492872328851610778e-09
-3.668017511269598358e-09
1.216291385372405409e-09
1.203813996421176027e-09
-2.268069357784628390e-09
1.893444120294930605e-09
-1.394636217856659402e-09
8.988681627088067039e-10
-4.999236240265203820e-10
2.342972221831059092e-10
-8.852972730383369568e-11
2.438290340871621515e-11
-3.314068327538185611e-12
-7.620818101278182210e-13
5.170277637936606877e-13
-6.543454800771395546e-14
-3.753352743954880430e-14
1.450191678003670429e-14
1.954934968165130330e-15
-2.079153659452482809e-15
-4.252165192132831896e-17
2.772277890626327496e-16
3.954724230429442766e-01
8.011919247126150778e-02
-9.008743433734797690e-03
1.116766776816851452e-03
-1.428921196373675177e-04
1.863414291870881757e-05
-2.491092790193994749e-06
3.476367263545842342e-07
-5.477090400359208514e-08
9.458913911788494567e-09
8.442643025256812983e-01
1.711001132103922850e-01
-9.419652852244787822e-02
5.193162038972446576e-02
-2.853557636037231532e-02
1.550605491623444944e-02
-8.253005050256535802e-03
4.248433552091850779e-03
-2.073912378057295343e-03
9.245277741766667499e-04
-3.417710994832626561e-04
6.525063406124728682e-05
5.148929279746132650e-05
-8.945381195496537928e-05
9.233778032573480800e-05
-8.288225705098422767e-05
7.234604043509395470e-05
-6.596102561016406896e-05
3.121326595767860370e-05
9.676915268407891846e-01
1.086451119333270085e-02
-1.816852545889101594e-03
3.018667126469288002e-04
-4.987162111113144382e-05
8.210089633563503436e-06
-1.349909287556699385e-06
2.220692707341969635e-07
-3.658692800963799635e-08
6.039070053619107424e-09
-9.986508487854173317e-10
1.654172806697802033e-10
-2.743970831528170364e-11
4.557468402586138838e-12
-7.577755732115256542e-13
1.261186805674658751e-13
-2.102505874719966482e-14
3.611287941528286197e-15
-5.860743210714653813e-16
9.896658166209876262e-01
7.854385482555199111e-03
-2.984663157810811106e-03
1.134056457833806713e-03
-4.308199837401039539e-04
1.636169814930013751e-04
-6.211059354941447926e-05
2.356291287574574853e-05
-8.931736093210842516e-06
3.382301504500146858e-06
-1.279396693546592005e-06
4.833847920284665508e-07
-1.824283301009596603e-07
6.878123636366771439e-08
-2.591969714405521348e-08
9.785114370987471837e-09
-3.755388767748353881e-09
1.607613585405844524e-09
-5.299041739601827752e-10
9.976773651401722454e-01
2.321315843961421592e-03
1.318266802037916164e-06
7.486389060596902199e-10
4.251518225277278502e-13
2.395580640212562270e-16
1.451851518307966261e-18
-8.541747353179731759e-19
5.142853855821962264e-19
-2.852686817093720718e-19
1.446758580343305564e-19
-6.636155678188013542e-20
2.708300755816489818e-20
-9.569897376097967036e-21
2.782489959391192678e-21
-5.888814420004298126e-22
4.676727844661087859e-23
3.049725439890631710e-23
-1.420786163725082285e-23
1.074819092808447563e+00
3.738547492549110923e-02
-8.076392633012364694e-03
1.476718633527902575e-03
-2.602302602899400673e-04
4.566209354845236150e-05
-8.098330536973193266e-06
1.466230140899257716e-06
-2.901131408941584758e-07
5.752290209991425963e-08
1.058048695683925677e+00
-4.832074164335219135e-02
1.566111823176736390e-02
-1.884078419789361877e-03
-3.010547114127460656e-03
4.063856109957999542e-03
-3.642077684743168491e-03
2.800691906678367052e-03
-1.972846797313926575e-03
1.304628498311422458e-03
-8.174681002507360036e-04
4.855192512838341925e-04
-2.708909926585889301e-04
1.382073551233818187e-04
-5.938807314562263032e-05
1.415259603521677177e-05
1.102861130570646570e-05
-2.423119587117265002e-05
1.384157069614628361e-05
1.016021047193709892e+00
-5.433316084504962590e-03
9.077078047186663791e-04
-1.488790506598307501e-04
2.399277817003390702e-05
-3.814162039105884082e-06
6.010123056630867229e-07
-9.424155426531995614e-08
1.473987233180092784e-08
-2.301553284655534521e-09
3.587416232546714946e-10
-5.578253079159739014e-11
8.645129311289286622e-12
-1.333901804003225827e-12
2.046416682434063791e-13
-3.116787330525376545e-14
4.705490862313273576e-15
-7.179760111952558258e-16
1.032604596512460277e-16
1.005084818575507466e+00
-3.884016061785778001e-03
1.483184327951682976e-03
-5.662278614035215225e-04
2.160616073611483577e-04
-8.237975580991110881e-05
3.137212275807990279e-05
-1.192722851393724737e-05
4.524680287547701903e-06
-1.711934451664265475e-06
6.457784114473475960e-07
-2.428266309447663242e-07
9.101901902229700949e-08
-3.401691163098172335e-08
1.268395991837148792e-08
-4.729826905703808442e-09
1.789382910870027757e-09
-7.532423353386151066e-10
2.456972093358955319e-10
1.001137083830879959e+00
-1.137083830879960207e-03
-4.997108132646768731e-18
4.264779594271145974e-18
-3.410812392026044536e-18
2.551939069190025976e-18
-1.782058268269249255e-18
1.157850660292813419e-18
-6.970253543593574100e-19
3.866112357692908570e-19
-1.960614532357961760e-19
8.992099979388708854e-20
-3.669105974690135894e-20
1.296615278904964747e-20
-3.771212087490937002e-21
7.953338518152251491e-22
-6.111999742306142154e-23
-4.085187650203361295e-23
1.868142612424447563e-23
8.268884292536757830e-01
