1.324015436692620229e+00
-1.220325080613564178e-01
8.190366013427959405e-03
-6.165296450253616740e-04
4.910727320851926691e-05
-4.059458193884793800e-06
3.452191004408390199e-07
-3.004982663098127765e-08
2.704285960574282724e-09
-2.495889108091998954e-10
2.994923945710030733e-01
-4.268795161754880274e-01
2.438088613843723829e-01
-1.290523286331630437e-01
6.514301342935413519e-02
-3.095678542237201292e-02
1.332876888079544825e-02
-4.706830176172095530e-03
8.310668716929888291e-04
6.593803442579640331e-04
-1.035665626587866945e-03
9.531659153428135483e-04
-7.287298976733876717e-04
5.005669269337536349e-04
-3.180676326227510620e-04
1.903827139572490689e-04
-1.113270020546569138e-04
7.114311048656918671e-05
-2.900593584426900621e-05
1.406920961097226155e-02
-1.277777327385530917e-02
3.441365600375109485e-03
-7.149490690179496552e-04
1.303060434349441812e-04
-2.237719805912723078e-05
3.755932936547901091e-06
-6.259674602413065946e-07
1.041577669054021566e-07
-1.733088096429879205e-08
2.884868126102241336e-09
-4.804831309498640750e-10
8.007768978186382004e-11
-1.335466476094856812e-11
2.228557517532477712e-12
-3.720950561958228238e-13
6.220374883461670245e-14
-1.070989159979684296e-14
1.741323986887916054e-15
6.303579710158276495e-04
-1.164977031907512856e-03
9.232484698917712120e-04
-6.346226215898951662e-04
3.841211681263326434e-04
-2.081691209183884395e-04
1.027369249727975612e-04
-4.694801824198212845e-05
2.018279835729226701e-05
-8.283483257816520398e-06
3.288510965384921640e-06
-1.276771391341207828e-06
4.889600914299405484e-07
-1.858428474997986258e-07
7.039892543077992659e-08
-2.669627435692681399e-08
1.029399537115316595e-08
-4.430453285010207193e-09
1.466006178329799227e-09
1.840695964920768069e-09
-3.466053631230305304e-09
2.888574384525105762e-09
-2.121216838933013759e-09
1.360954497806816557e-09
-7.519608686237791915e-10
3.490582949882581573e-10
-1.299386855028933742e-10
3.479738390957083263e-11
-4.262885970644954178e-12
-1.289681610167737945e-12
7.569710621106455829e-13
-7.528498239495021225e-14
-6.061181004659678532e-14
1.991816042334102328e-14
3.869117100655966021e-15
-3.024200661141658035e-15
-1.872741769652534986e-16
4.156479301843951394e-16
4.944943380946715261e-01
3.351439380455616818e-02
-1.978075864431843960e-03
1.313259257325311664e-04
-9.090808495786301810e-06
6.425100326418242449e-07
-4.606997639795999462e-08
3.348872511780074532e-09
-2.496877330054654886e-10
1.921503013232007873e-11
8.377120509215938426e-01
1.634790933267620539e-01
-8.058397150477213111e-02
3.895247902119398226e-02
-1.820996434315530835e-02
7.990356705167331319e-03
-3.090344892741532686e-03
8.643340882853270965e-04
4.743662902574855998e-05
-3.423611520207899559e-04
3.714953750806734498e-04
-3.047190231192814535e-04
2.185919039936308147e-04
-1.432331647362229427e-04
8.704068065535097720e-05
-4.935981773830712166e-05
2.665532631601942728e-05
-1.525670078720964189e-05
5.833897499187514130e-06
9.621781887552529611e-01
1.265165577930990951e-02
-2.098705051516134429e-03
3.447151037885830293e-04
-5.612261360704632701e-05
9.083843962696097794e-06
-1.466581685759267435e-06
2.367986572267881763e-07
-3.829522456694556685e-08
6.206711605889539669e-09
-1.008204367393505624e-09
1.641024135076584466e-10
-2.675707252370761011e-11
4.369186451159505125e-12
-7.143257875520607185e-13
1.169080019087270488e-13
-1.916417353073617616e-14
3.233642145506168883e-15
-5.165049153226701564e-16
9.878707936938415646e-01
9.209477453742851219e-03
-3.496003254976098526e-03
1.326905735838926435e-03
-5.034845306308943736e-04
1.909553978157987257e-04
-7.237275191039706831e-05
2.740282567808306408e-05
-1.036258185536148109e-05
3.912746782033736807e-06
-1.474883508334433756e-06
5.549631260947147459e-07
-2.084610086946356584e-07
7.818603469535510187e-08
-2.929618070477190845e-08
1.099201796645016237e-08
-4.190175935391934601e-09
1.780054184969907170e-09
-5.839586710081436262e-10
9.972712295553020079e-01
2.726922128538116462e-03
1.847064214102625940e-06
1.251097768484329609e-09
8.474296998106952774e-13
5.693820504646270632e-16
3.599662587680763339e-18
-2.076351922782302834e-18
1.243088830378464033e-18
-6.847300443390225463e-19
3.442903133676937734e-19
-1.562195374805061801e-19
6.286053828889917543e-20
-2.179142716294436977e-20
6.149975791788715211e-21
-1.217352140602346576e-21
6.026616001760156797e-23
7.695459986051992200e-23
-3.217490457430576000e-23
1.081031416987652927e+00
1.221428509595152805e-02
-1.341287239049212317e-03
1.215323144612935808e-04
-1.053655487055246287e-05
9.008034287113806873e-07
-7.681125567570427852e-08
6.571446186318301681e-09
-5.733024885164180736e-10
5.105089521109264767e-11
1.059697861131751795e+00
-4.153682316979300654e-02
8.420990407591345817e-03
2.709330016862501224e-03
-4.944473570696527806e-03
4.216515181111382508e-03
-2.873215539931969938e-03
1.707826693088866860e-03
-8.968018619096222548e-04
4.016951317151134073e-04
-1.317955941717325751e-04
3.066984235049322002e-06
4.609082979729436816e-05
-5.542134378451074345e-05
4.819422452717154689e-05
-3.682263873397975733e-05
2.722931289178086081e-05
-2.173216123067492711e-05
9.795999134989678728e-06
1.019083293757117703e+00
-6.440659256055401329e-03
1.064409305257083601e-03
-1.713855237571642123e-04
2.689605704339821475e-05
-4.131778165179492500e-06
6.247534164131828136e-07
-9.339350624228882842e-08
1.383380892632509112e-08
-2.030510051695770576e-09
2.947905952995566200e-10
-4.218364571565147639e-11
5.917201525590689293e-12
-8.066853299521538206e-13
1.053456726431225356e-13
-1.281719596890170922e-14
1.359608127623956042e-15
-9.487692525736188851e-17
-4.468518138253270310e-18
1.006065899706601874e+00
-4.633158715770603446e-03
1.769045469443400942e-03
-6.751929823193993487e-04
2.575199874023193576e-04
-9.810601216628086682e-05
3.731046967491801722e-05
-1.415537402231910190e-05
5.353760908600480671e-06
-2.017256458408959751e-06
7.568539880508423767e-07
-2.826800858287603072e-07
1.051017425793780674e-07
-3.891156849405000487e-08
1.435499656073677446e-08
-5.289474962276038022e-09
1.974050664631459384e-09
-8.177652194491182532e-10
2.640201655956741573e-10
1.001356524951598770e+00
-1.356524951598813864e-03
-1.188638225791675688e-17
1.012850309691007515e-17
-8.082222543053446518e-18
6.029084736777626459e-18
-4.194323739761897062e-18
2.712409821453334225e-18
-1.623491311782731470e-18
8.941496176851190892e-19
-4.495142111316675185e-19
2.039177564891410432e-19
-8.202878971162229616e-20
2.842166909524271101e-20
-8.015067860378730598e-21
1.584752730414662744e-21
-7.521714492829442159e-23
-1.006003340421154205e-22
4.059292527425029650e-23
8.306339627262581127e-01
