1.365674726720904397e+00
-1.420526861345339231e-01
1.079013958300866979e-02
-9.196030475055476296e-04
8.302462452291464842e-05
-7.790403052716090592e-06
7.530852500330545114e-07
-7.461743744722381018e-08
7.683791924794536389e-09
-8.099160444514054340e-10
2.972236979193448314e-01
-4.274738049239164006e-01
2.484039283161364742e-01
-1.346343529101319825e-01
7.013156503654363605e-02
-3.482412298567940517e-02
1.606425875858587607e-02
-6.504123060972469804e-03
1.931895978165481219e-03
3.534570480944771050e-05
-7.156176061219553502e-04
8.134666434382740096e-04
-6.875339767794055607e-04
5.076456772376921776e-04
-3.451865207789548296e-04
2.235374607372715206e-04
-1.450497722160245639e-04
1.045924233836528479e-04
-4.527741894168306892e-05
1.355883842929276641e-02
-1.233307995648182630e-02
3.327651394785554554e-03
-6.926501210774168140e-04
1.264872088618542139e-04
-2.176381795731674175e-05
3.660223494290678001e-06
-6.112632448681801280e-07
1.019267786880752095e-07
-1.699689009509081175e-08
2.835653688144275223e-09
-4.733734598776350652e-10
7.907739023257715040e-11
-1.321919352605965184e-11
2.211290788898933680e-12
-3.701264308734761284e-13
6.203286403174110324e-14
-1.071033158657177730e-14
1.745869764807058971e-15
6.053551272472318693e-04
-1.118924139517756379e-03
8.871029180418903018e-04
-6.101485547715793968e-04
3.695929684585883023e-04
-2.004738448198429917e-04
9.903443473069976314e-05
-4.530131977758914563e-05
1.949437024787621179e-05
-8.008693637877594505e-06
3.182324620378642740e-06
-1.236583920857284221e-06
4.739318835047608141e-07
-1.802561013300176603e-07
6.832629238645692892e-08
-2.592606181192871523e-08
1.000317021917927765e-08
-4.308167396209665722e-09
1.426125470727434004e-09
1.734266336374769173e-09
-3.265862680964795008e-09
2.722293459675947675e-09
-1.999823489978277268e-09
1.283764275359139114e-09
-7.098676598323424517e-10
3.298966741569187459e-10
-1.230265490355212864e-10
3.305933096411363026e-11
-4.104375375965602989e-12
-1.201870556730116474e-12
7.170423343031978316e-13
-7.364909316604427714e-14
-5.677751980759780703e-14
1.902073051383929456e-14
3.551028394053191325e-15
-2.867906344733199709e-15
-1.631546791968514374e-16
3.927935301581705797e-16
4.799777965864255869e-01
3.885216037375634895e-02
-2.565297955385435931e-03
1.899958152179087622e-04
-1.465716572667697034e-05
1.154392511611714230e-06
-9.232055950389095189e-08
7.500044278071619194e-09
-6.288024131228745324e-10
5.467455888732776286e-11
8.388737980333079713e-01
1.649521471426673991e-01
-8.306755449977139272e-02
4.123581950089598436e-02
-1.995342450635647844e-02
9.197933464580077684e-03
-3.870438104865067501e-03
1.337289953365604096e-03
-2.199320648541147757e-04
-2.044295964860938931e-04
3.100371597810841289e-04
-2.851150361418341105e-04
2.195746542149002388e-04
-1.526544613226945147e-04
9.863198227101894306e-05
-6.042449660469610917e-05
3.652179599877435919e-05
-2.430107230558467291e-05
1.011760107767502756e-05
9.632035035471993023e-01
1.232062794849345631e-02
-2.046761266877414071e-03
3.368729917158889845e-04
-5.498999451383855525e-05
8.927899025246784594e-06
-1.446244758862944633e-06
2.343313414880029731e-07
-3.803027920720147418e-08
6.185535059737799918e-09
-1.008289538996125396e-09
1.646886282223135898e-10
-2.694600103678673149e-11
4.415336230445755970e-12
-7.243908076542783000e-13
1.189723278783998878e-13
-1.957218049129349441e-14
3.315087502347220570e-15
-5.313437856570273392e-16
9.882053726715217534e-01
8.957175357352197692e-03
-3.400903659804100938e-03
1.291080091425386147e-03
-4.900013806247195680e-04
1.858888389613881469e-04
-7.047335018791652103e-05
2.669309902863628749e-05
-1.009852957974542859e-05
3.815027524661910721e-06
-1.438942396550903402e-06
5.418333683003729876e-07
-2.036985173913412369e-07
7.647083825948130883e-08
-2.868263019492544619e-08
1.077364850751875232e-08
-4.111925166111810727e-09
1.749235375042928631e-09
-5.743459697548171776e-10
9.973470122889860345e-01
2.651247367647764468e-03
1.739201711877263946e-06
1.140905452033549028e-09
7.484323125886308019e-13
4.868899770310694382e-16
3.157281121334580448e-18
-1.834449397178270076e-18
1.098977116076965582e-18
-6.058496764048022299e-19
3.049403271145395166e-19
-1.385411124688441562e-19
5.584360838311922657e-20
-1.940243564333407550e-20
5.492284909223021891e-21
-1.096337039739643127e-21
5.836438416465892836e-23
6.720164762137132283e-23
-2.784562982662947763e-23
1.079468966250931139e+00
1.473169089495060882e-02
-1.806088145054788024e-03
1.839167657611633067e-04
-1.794528840385520546e-05
1.728725304998411454e-06
-1.663404033499299291e-07
1.608690490050308283e-08
-1.595495698771055071e-09
1.616200685931796123e-10
1.059089816173153897e+00
-4.228953737214587172e-02
9.310910838824439095e-03
2.220851280920876653e-03
-4.844083477658583589e-03
4.347038291235621674e-03
-3.094302983171530897e-03
1.932249144862818171e-03
-1.083296282793714963e-03
5.386004081129723174e-04
-2.229277272173139977e-04
5.829572685287566806e-05
1.613462736939533075e-05
-4.178132603428157522e-05
4.432383465840738731e-05
-3.844545337182647221e-05
3.182756828000027881e-05
-2.791981369782576812e-05
1.306583140558377067e-05
1.018485509945795897e+00
-6.243664928280303651e-03
1.033623981168806799e-03
-1.669197731667887495e-04
2.630790055293726951e-05
-4.064272388022392577e-06
6.188320441498187338e-07
-9.327683654324335920e-08
1.395140759302399833e-08
-2.071332896287124770e-09
3.048601033875739598e-10
-4.436335039886873137e-11
6.357401794364155733e-12
-8.918326303832621927e-13
1.213368977578403579e-13
-1.575652244410440409e-14
1.891550784332596061e-15
-1.929724403134683882e-16
1.232479840557187443e-17
1.005874482233481748e+00
-4.486992195017940575e-03
1.713268676324307318e-03
-6.539303430581901947e-04
2.494289827551247809e-04
-9.503610824044777627e-05
3.615075621157033019e-05
-1.371993535677583693e-05
5.191566231912483593e-06
-1.957433480058399530e-06
7.350427670963624665e-07
-2.748305522811842043e-07
1.023165672653286833e-07
-3.793817135198003166e-08
1.402020388816128317e-08
-5.176208324703349188e-09
1.936121777275969130e-09
-8.041966559438984470e-10
2.600878154385081552e-10
1.001313710513235034e+00
-1.313710513235186606e-03
-1.052846241368640164e-17
8.973071081216434115e-18
-7.162125590582873672e-18
5.344600383924383095e-18
-3.719802932106318067e-18
2.406880449117233781e-18
-1.441603092932527556e-18
7.946390698160925665e-19
-3.999018415760875101e-19
1.816488448107576507e-19
-7.319565765984509413e-20
2.542155326572424118e-20
-7.196112971948134981e-21
1.434436379873547853e-21
-7.348530514800182149e-23
-8.885952601195376857e-23
3.636770121223339303e-23
8.302176752034823304e-01
