1.652214532426017124e+00
-3.698389653542670796e-01
6.069366478385406632e-02
-1.122146810733513217e-02
2.224820500855004355e-03
-4.652582863816285045e-04
1.016452153686331990e-04
-2.314201164458270105e-05
5.956372902264203563e-06
-1.440479410606691659e-06
2.728993241430759387e-01
-4.124892269656157406e-01
2.619526163154508591e-01
-1.592762077536733767e-01
9.568473802394955596e-02
-5.691356831475265221e-02
3.340522127618636428e-02
-1.926253727204383856e-02
1.085298167661949940e-02
-5.930070785178965208e-03
3.105244613451641107e-03
-1.524652270409474365e-03
6.679795932531818999e-04
-2.221081924661948051e-04
1.630260406908735306e-06
1.009557689764926014e-04
-1.461674694367787815e-04
1.665062411659077679e-04
-8.413291699708319322e-05
1.025824007299058586e-02
-9.465544963844649273e-03
2.594118538936634327e-03
-5.479660243286254770e-04
1.013932626935652070e-04
-1.765249097510570458e-05
3.001340562934463193e-06
-5.065845967711588823e-07
8.537954218240466122e-08
-1.439276983125850980e-08
2.427674358130200140e-09
-4.097581496689890152e-10
6.920948115559717448e-11
-1.169781165801716774e-11
1.978502317332778316e-12
-3.348542777545175750e-13
5.675571517720802017e-14
-9.918079229440912751e-15
1.634417385722270710e-15
4.420804594384259117e-04
-8.183863153866761334e-04
6.516617910365081002e-04
-4.511836167236849991e-04
2.755561030700979098e-04
-1.508506881673961765e-04
7.524490686838778450e-05
-3.475302657464685876e-05
1.509357844040571474e-05
-6.253366094851407195e-06
2.503456000375327810e-06
-9.790410141001518882e-07
3.772554876328280213e-07
-1.441382999086199611e-07
5.484873788205663718e-08
-2.088477654722444391e-08
8.085340205299278187e-09
-3.494584621970156498e-09
1.159288563507475786e-09
9.972287091280442258e-10
-1.879579298364690007e-09
1.570995300231470369e-09
-1.159544611542184544e-09
7.496987732335059937e-10
-4.188502569935386269e-10
1.975911010764385926e-10
-7.541812683625641276e-11
2.116096486465675906e-11
-3.062479754473202466e-12
-5.792654527523782724e-13
4.401221069024838950e-13
-6.385450012005113527e-14
-2.964788729719148827e-14
1.283627746468713861e-14
1.260737233070176590e-15
-1.770164612216445439e-15
1.310553596898248942e-17
2.307346724568642486e-16
3.720739118230281806e-01
9.429895965673455727e-02
-1.183416685090377118e-02
1.623487428121749053e-03
-2.283331645011112707e-04
3.261359000244060845e-05
-4.795061287651536805e-06
7.505861382920296099e-07
-1.421706819495571441e-07
3.040326423008253974e-08
8.455398155259045145e-01
1.724185285216075225e-01
-9.664196894889849621e-02
5.432646376231987234e-02
-3.050909895517851106e-02
1.700927917810940090e-02
-9.345737951799212156e-03
5.016111399219015665e-03
-2.597597182414343280e-03
1.271667792801542060e-03
-5.649157535082079042e-04
2.036445933257689453e-04
-3.052554289355565516e-05
-4.387050120299188177e-05
6.950724261278853943e-05
-7.362742350096677642e-05
7.061513158241369392e-05
-6.781538223391305983e-05
3.260461495283195106e-05
9.687262115729208256e-01
1.052747185349451470e-02
-1.763568713118052970e-03
2.937648263913077758e-04
-4.869061836981541849e-05
8.044975887567021154e-06
-1.327775103458627279e-06
2.192420499598013729e-07
-3.624973943723518785e-08
6.003541285703213502e-09
-9.959288164481377442e-10
1.654632762967827303e-10
-2.752621348458230587e-11
4.584448138430979313e-12
-7.642915932246554714e-13
1.275319246723641429e-13
-2.131439996055435406e-14
3.670514127833971567e-15
-5.970391416638527912e-16
9.900014167018640343e-01
7.600445199109801507e-03
-2.888618989316695321e-03
1.097753072159546057e-03
-4.171123666501131842e-04
1.584501016710217832e-04
-6.016805124738820010e-05
2.283522486645307508e-05
-8.660414554953475535e-06
3.281712762580252068e-06
-1.242346711414239859e-06
4.698336269056782165e-07
-1.775074476511797486e-07
6.700676557805502123e-08
-2.528389716290657132e-08
9.558291450922200226e-09
-3.673814574520252992e-09
1.575299450366655623e-09
-5.197787537509631421e-10
9.977531208844788724e-01
2.245638899312959059e-03
1.239531642526096779e-06
6.841877777458277039e-10
3.776547284892794208e-13
2.072034664262750975e-16
9.908092207925003532e-19
-5.708076435708481600e-19
3.450479015380178787e-19
-1.923304395128781930e-19
9.812985316780730054e-20
-4.534536940455911763e-20
1.868467004370203165e-20
-6.694843467648548205e-21
1.986709501079670066e-21
-4.344709284356812858e-22
4.123434596120453914e-23
1.825427523700175463e-23
-9.329995327388479599e-24
1.073832598489667278e+00
4.685873631567596259e-02
-1.152897611316788459e-02
2.404907663826531036e-03
-4.840578502888274429e-04
9.732611847663901806e-05
-1.987822950314067574e-05
4.176253648373014393e-06
-9.910474704450249210e-07
2.316855866578606401e-07
1.058299173767036194e+00
-5.029641217703342132e-02
1.763984315348456414e-02
-3.274359198830270514e-03
-2.228737246743342938e-03
3.732590464927574778e-03
-3.590927785679948886e-03
2.897648472674139043e-03
-2.130327058338651620e-03
1.471133552827480311e-03
-9.667281338688151534e-04
6.071779775715824713e-04
-3.636864529115026276e-04
2.054612856671494579e-04
-1.062787357236377620e-04
4.622918662310992430e-05
-1.145839962438651952e-05
-6.686979321541774495e-06
5.982763926423524447e-06
1.015578295005155951e+00
-5.290453160546555733e-03
8.865211495995993420e-04
-1.461342840550478148e-04
2.371395273767500591e-05
-3.802050021153353891e-06
6.049602714729324973e-07
-9.587792675418921879e-08
1.516887627466587021e-08
-2.397839809795781768e-09
3.787303050909741077e-10
-5.974423979023574374e-11
9.406827109825434036e-12
-1.477256760190456454e-12
2.311998374157542713e-13
-3.602912141052342908e-14
5.587779768739750818e-15
-8.821896424104855951e-16
1.317089839227873693e-16
1.004942138280794595e+00
-3.775091772289481014e-03
1.441641441910643945e-03
-5.504087586520377360e-04
2.100545829417479245e-04
-8.010896105646154411e-05
3.051951798479765664e-05
-1.161014802623164356e-05
4.408244369045206895e-06
-1.669857903792655935e-06
6.308682312205804281e-07
-2.376657151741526778e-07
8.928219124396545664e-08
-3.345221382823901904e-08
1.250838309564976445e-08
-4.678648445406286891e-09
1.776063629049499792e-09
-7.505657020690381351e-10
2.454259698415919006e-10
1.001105165351612314e+00
-1.105165351612435098e-03
-3.391955389551049537e-18
2.898031621592957584e-18
-2.321365169001060565e-18
1.740421263604758752e-18
-1.218557463826022985e-18
7.943098631392901264e-19
-4.800848163006001565e-19
2.675847276136870861e-19
-1.365162167722346222e-19
6.308301931378613857e-20
-2.599088810792041389e-20
9.307506640316807577e-21
-2.762655022966056866e-21
6.065204303911328710e-22
-5.739832441518699005e-23
-2.657549596341458253e-23
1.339349302052092267e-23
8.240527691313742631e-01
