1.872977701379247240e+00
-5.974455922252447371e-01
1.344297406974652442e-01
-3.412748165858924682e-02
9.464618479826108696e-03
-2.833937214167158748e-03
9.060785544027301526e-04
-3.130902875596113487e-04
1.353815006629036425e-04
-4.692367116862677028e-05
2.559308260620800635e-01
-4.034992981864292116e-01
2.688507954032248182e-01
-1.714407757554652634e-01
1.082136964944147850e-01
-6.794907269976532826e-02
4.239702792378684942e-02
-2.623291789031658230e-02
1.605964623677542252e-02
-9.702408975259556312e-03
5.765619782431370167e-03
-3.354239100111481783e-03
1.896202224044157402e-03
-1.028096893134819185e-03
5.211366411268760412e-04
-2.331518675779886349e-04
7.750345781253501301e-05
-3.005953115613552515e-06
-8.925991997864198330e-06
6.916932190447189037e-03
-6.806535942058914226e-03
1.989985300589750244e-03
-4.433841454144793492e-04
8.530341870199850750e-05
-1.524212403517225705e-05
2.635520547213604878e-06
-4.500556160475448859e-07
7.654723294489402363e-08
-1.300603725126355669e-08
2.209547009050813767e-09
-3.754226812367649125e-10
6.380315629575181203e-11
-1.084662065043218981e-11
1.844567405222590387e-12
-3.138068509226383376e-13
5.345354271171597752e-14
-9.388382075945213277e-15
1.553888948910044381e-15
2.490729974832173112e-04
-4.646377666097009618e-04
3.781340861694140200e-04
-2.706110262029196912e-04
1.721847331174175793e-04
-9.865148875196713566e-05
5.157889523334086137e-05
-2.494258018571548309e-05
1.130422127745952820e-05
-4.862551667226214489e-06
2.008778488033587860e-06
-8.054398435530271272e-07
3.162819225254349795e-07
-1.225161666456384266e-07
4.708078918974137436e-08
-1.805466387670625210e-08
7.027892942612109073e-09
-3.051614288342763758e-09
1.014935040833220937e-09
8.628611090756067059e-11
-1.634713008912578287e-10
1.388020255334999596e-10
-1.052921463091412963e-10
7.092579629503322071e-11
-4.200619730502252207e-11
2.152672877796105295e-11
-9.290445748432179144e-12
3.206705301598276812e-12
-7.799506162566889912e-13
7.041835107354934387e-14
3.774086416622127987e-14
-1.783257469212550379e-14
1.354256844828243895e-15
1.472490233740265208e-15
-4.565320730546570429e-16
-8.310930334033370794e-17
5.814790430722891119e-17
2.160303208138491252e-18
3.001141448746642570e-01
1.358857561197826247e-01
-1.986145665726832266e-02
2.909502264876072906e-03
-3.902906094207276460e-04
4.600218496125467715e-05
-5.426245615376009581e-06
1.398662790843876652e-06
-1.103942053262754180e-06
5.499600475836021481e-07
8.487682215020933008e-01
1.776385371890429610e-01
-1.047400818661059774e-01
6.181557494420435867e-02
-3.645650294848108708e-02
2.141969894042707045e-02
-1.249111378494462653e-02
7.198475254728429508e-03
-4.076965704247478145e-03
2.251945929262338508e-03
-1.198643688482701293e-03
6.016118764337401951e-04
-2.714453273490575699e-04
9.491000185128453128e-05
-4.841540242881538752e-06
-3.813402392408065728e-05
5.677179344387127673e-05
-6.413745878296406517e-05
3.216083032455055441e-05
9.719409125500161339e-01
9.481659685988123865e-03
-1.599574254931695420e-03
2.692873297849716278e-04
-4.523663466631890116e-05
7.586137067010792876e-06
-1.270908184515670713e-06
2.128476740263519988e-07
-3.565351900929065941e-08
5.975011216902573893e-09
-1.001912065432994830e-09
1.681060136362323988e-10
-2.822194854052702028e-11
4.740464518919974873e-12
-7.966445713411552223e-13
1.339397621349835043e-13
-2.254755158091855421e-14
3.911137875100967367e-15
-6.401341214344788285e-16
9.910433165522657406e-01
6.811226674953825555e-03
-2.589818770178078239e-03
9.847050047014306497e-04
-3.743944140019982180e-04
1.423406966807888466e-04
-5.411167041383674060e-05
2.056818021974920593e-05
-7.816654039590116722e-06
2.969894128299242360e-06
-1.128059204723858556e-06
4.283254936094660208e-07
-1.625761827089632263e-07
6.168743225220437154e-08
-2.340638350515789408e-08
8.900611657767082897e-09
-3.442576709924087094e-09
1.486328612600984429e-09
-4.924639118669239144e-10
9.979880598556670757e-01
2.010915519767716552e-03
1.024102752726726206e-06
5.215467471490184364e-10
2.656091056604657977e-13
1.352621352530764274e-16
7.258012223076077931e-20
-2.475211557559919703e-21
1.597307802805322161e-21
-9.497083915468397947e-22
5.209280233394657971e-22
-2.630864692626465141e-22
1.231339698768932357e-22
-5.187954129478135507e-23
1.907341498795846067e-23
-5.937300428062921329e-24
9.937982545595588178e-25
-1.499172156032777491e-25
1.872835474137363251e-25
1.054589984291331106e+00
8.937759781677029336e-02
-2.785889697046107713e-02
7.374527888549834917e-03
-1.888445378735182202e-03
4.923238773687075480e-04
-1.349437241994844779e-04
4.027401466580186521e-05
-1.633548196991515880e-05
5.909199534420533546e-06
1.058474772453598778e+00
-5.467440661250994732e-02
2.219981510732634000e-02
-6.374932115467345575e-03
-6.209126448540228755e-04
3.200708411188629612e-03
-3.705808600765878990e-03
3.336228168399756056e-03
-2.682718283417089445e-03
2.016400386492149706e-03
-1.445095786343302512e-03
9.971441037616890664e-04
-6.655728120585651568e-04
4.306099194024454353e-04
-2.705124132852001042e-04
1.662529798426600055e-04
-1.031221058079057241e-04
7.089764113709936622e-05
-2.994649929120114448e-05
1.014399012398406130e+00
-4.918193182202539905e-03
8.343781415118759880e-04
-1.402594286399595996e-04
2.334823448972355459e-05
-3.854035140942692466e-06
6.323473240720876936e-07
-1.033754365673619555e-07
1.686847613523301750e-08
-2.750271799023586917e-09
4.482260231942843027e-10
-7.302275780143880887e-11
1.189040524591016551e-11
-1.934718926221077563e-12
3.144979077239798370e-13
-5.106190377012636468e-14
8.284168309041463969e-15
-1.378878700200046322e-15
2.170887362746067155e-16
1.004559628410755634e+00
-3.483148058235110891e-03
1.330356029857659517e-03
-5.080795180436446963e-04
1.940152674865616733e-04
-7.406917166294442359e-05
2.826666244373235586e-05
-1.078116331712666195e-05
4.108782383994473952e-06
-1.564267801393935100e-06
5.947807148497532255e-07
-2.258212130429649250e-07
8.560120649249721508e-08
-3.239662652970995582e-08
1.224531418357424679e-08
-4.632788637511703225e-09
1.780237764995458073e-09
-7.624860393006604195e-10
2.513702225946409806e-10
1.001019582009798237e+00
-1.019582009798360254e-03
-2.191356267193529943e-20
1.899430465818356826e-20
-1.553068418959833257e-20
1.196406550683499491e-20
-8.668769215229000232e-21
5.894716726015515702e-21
-3.750943231703266315e-21
2.225139450692838609e-21
-1.224527252420164475e-21
6.210126826880402207e-22
-2.875921515128972798e-22
1.200124773720301848e-22
-4.420126426566561960e-23
1.384947222749645019e-23
-3.391289098493660787e-24
4.482855785193563318e-25
4.076047509280456452e-26
7.779016146009626320e-01
