1.404994159355026806e+00
-1.635436698000450606e-01
1.393420266752260980e-02
-1.332675130629529074e-03
1.351828111911924186e-04
-1.427269756596873984e-05
1.554749867174151949e-06
-1.738327804404680529e-07
2.032203098458661579e-08
-2.423996499054091285e-09
2.947652950021876217e-01
-4.272895135652778897e-01
2.520766429330414948e-01
-1.394429632408339947e-01
7.459135631872239325e-02
-3.838941309262218493e-02
1.866632049385120312e-02
-8.275363413880659769e-03
3.064484224149051014e-03
-6.439076479376280165e-04
-3.376444796390139528e-04
6.236974044376869964e-04
-6.079838858353910254e-04
4.880813256632779385e-04
-3.554936716667009560e-04
2.471864820735294663e-04
-1.740589259388182063e-04
1.359035558420327910e-04
-6.088418078630852598e-05
1.310189589716084443e-02
-1.193378367449873280e-02
3.225127412617858659e-03
-6.724412457772779459e-04
1.230044155450937945e-04
-2.120018759239467902e-05
3.571487805748853510e-06
-5.974839128719516807e-07
9.980880548846186257e-08
-1.667469862146513371e-08
2.787211022461634008e-09
-4.661904302116429202e-10
7.803073765319213384e-11
-1.307021316268436566e-11
2.190786650011850213e-12
-3.674489217449457386e-13
6.171432042291475710e-14
-1.067983926225515823e-14
1.744560528819390765e-15
5.830943621951434905e-04
-1.077914563881035960e-03
8.548989763279551003e-04
-5.883252737828381998e-04
3.566239871876994557e-04
-1.935951084093643227e-04
9.571953036247080168e-05
-4.382432964405608313e-05
1.887565519619796014e-05
-7.761198659635466795e-06
3.086470072326839811e-06
-1.200223083070446615e-06
4.603032700016239897e-07
-1.751780565805898928e-07
6.643809660209446442e-08
-2.522276843394260459e-08
9.736955517857465054e-09
-4.195912826588348811e-09
1.389450612056197318e-09
1.641128636991693045e-09
-3.090664103442783839e-09
2.576747621225788574e-09
-1.893537223818313354e-09
1.216150597400925898e-09
-6.729731645084833235e-10
3.130857122918237960e-10
-1.169531308581374896e-10
3.152745644943846413e-11
-3.962337693657745066e-12
-1.125435787641199378e-12
6.819132516921941635e-13
-7.211220104128820632e-14
-5.342910110420906536e-14
1.822387752724465822e-14
3.275808324192881877e-15
-2.730033843947443412e-15
-1.425345158385802900e-16
3.726823084044456945e-16
4.659031557325726824e-01
4.450791007004938765e-02
-3.255810190290044179e-03
2.664744236737161156e-04
-2.269479685929513561e-05
1.973277987219448557e-06
-1.744002109916908427e-07
1.569567710888427881e-08
-1.468693044151313768e-09
1.433090300584731290e-10
8.399066416907138288e-01
1.662346338568850834e-01
-8.528359110750249883e-02
4.330817789112338667e-02
-2.156613133365863078e-02
1.034039977867889232e-02
-4.629034988604775053e-03
1.813452512245504814e-03
-5.018446920684705532e-04
-4.889136600553801440e-05
2.323534084264427613e-04
-2.525613554042182587e-04
2.112644118697363301e-04
-1.560424845342014792e-04
1.067446065074400212e-04
-6.981725121570105910e-05
4.585815490461253428e-05
-3.341667683670337616e-05
1.452324156450561655e-05
9.640993200669052410e-01
1.203095621426641428e-02
-2.001196759871072105e-03
3.299680989149499978e-04
-5.398704749751817643e-05
8.788620285271611928e-06
-1.427838883234978828e-06
2.320483517093785430e-07
-3.777431286096188608e-08
6.162450035352717056e-09
-1.007523106673950029e-09
1.650488803749785632e-10
-2.708394676555653422e-11
4.450862472340659663e-12
-7.323436832056511530e-13
1.206294233852929907e-13
-1.990325664313940738e-14
3.381727583456544996e-15
-5.435531010441262964e-16
9.884974669395806268e-01
8.736839757104273088e-03
-3.317825623471019111e-03
1.259772260518908895e-03
-4.782140669959723269e-04
1.814576314896459422e-04
-6.881130475831751555e-05
2.607168853046220669e-05
-9.867164708671108902e-06
3.729327462824467045e-06
-1.407386981320831052e-06
5.302902773063000489e-07
-1.995048209695161027e-07
7.495762195895707864e-08
-2.814012519502410104e-08
1.058005917628215943e-08
-4.042332188079529058e-09
1.721713075166920489e-09
-5.657365382258227446e-10
9.974131512897537188e-01
2.585200273008741653e-03
1.647386791316722284e-06
1.049776782394604944e-09
6.689620906182926924e-13
4.226566337621334829e-16
2.797930626515791058e-18
-1.635408968006070638e-18
9.803490437638077060e-19
-5.408716656302455174e-19
2.724922748866593892e-19
-1.239478432118810095e-19
5.003654408345100971e-20
-1.742157198450838798e-20
4.951767081353528383e-21
-9.969401297825034657e-22
5.570205104980804881e-23
6.019613184488105632e-23
-2.504382091790463231e-23
1.078214160214413742e+00
1.749747211510653891e-02
-2.378226360429372323e-03
2.698789928555906368e-04
-2.938035747277138512e-05
3.161677507632294830e-06
-3.403635000347082891e-07
3.689687859433046484e-08
-4.128857734533677437e-09
4.718572815891206046e-10
1.058636452193022937e+00
-4.310998898838786647e-02
1.023549708484827389e-02
1.680578770379963227e-03
-4.682095970931553740e-03
4.422046547406704824e-03
-3.274969686963557190e-03
2.132829119339141148e-03
-1.259621277780519988e-03
6.746142627956932224e-04
-3.183136277009091268e-04
1.198037717236093510e-04
-2.014317065305094889e-05
-2.280530902930559640e-05
3.644974037263993476e-05
-3.731818576207656947e-05
3.462071760979780108e-05
-3.284312570606888975e-05
1.580001929501569354e-05
1.017960234030635513e+00
-6.070396485480209457e-03
1.006486104029886497e-03
-1.629667181106740723e-04
2.578342294689729285e-05
-4.003220510587888431e-06
6.132773284147376571e-07
-9.310870005873086951e-08
1.404329145827375647e-08
-2.105325506422287372e-09
3.134198061391118165e-10
-4.623803684037658979e-11
6.739234318365756855e-12
-9.662159975700874903e-13
1.353968240557746369e-13
-1.835680497744725351e-14
2.365015734832344476e-15
-2.808591226211581413e-16
2.745971317820504683e-17
1.005706333906295491e+00
-4.358592329801003890e-03
1.664270182646625717e-03
-6.352505602072658483e-04
2.423200415647391967e-04
-9.233830297178226092e-05
3.513129171613890857e-05
-1.333697332232468716e-05
5.048819702693146065e-06
-1.904733295561707065e-06
7.158040178892614082e-07
-2.678954106419693770e-07
9.985070633148088202e-08
-3.707412596710336993e-08
1.372205630345685243e-08
-5.074924558009492150e-09
1.902018093022431502e-09
-7.918965356189500911e-10
2.564992151096244488e-10
1.001276101020633913e+00
-1.276101020633876957e-03
-9.408850439130045371e-18
8.020255506561146964e-18
-6.403199059960108358e-18
4.779839674155628504e-18
-3.328126236797418130e-18
2.154567907074422430e-18
-1.291305087334286495e-18
7.123501996430800822e-19
-3.588376471913854048e-19
1.631952536388989423e-19
-6.586460539131184471e-20
2.292617483733651687e-20
-6.512511302521006192e-21
1.307917920563638117e-21
-7.151636783883413486e-23
-7.917915245951621541e-23
3.284333783418645008e-23
8.298218673345406637e-01
