1.096680766741791713e+00
-5.037213605530715954e-02
1.649225746494944241e-03
-6.053876753454993682e-05
2.342454324806569684e-06
-9.356129116261511562e-08
3.821768280513942532e-09
-1.588643366943793018e-10
6.719947552088101191e-12
-2.906769664371852827e-13
3.059106610320848074e-01
-4.086244891745283714e-01
2.061813481839622486e-01
-9.111084969755217644e-02
3.515389808425002649e-02
-1.028674738531063122e-02
5.036256352395390885e-04
2.467631154338981777e-03
-2.696871282804021077e-03
2.059262838358904071e-03
-1.328272196549785261e-03
7.586518598367616301e-04
-3.857260471350256728e-04
1.694409231629808777e-04
-5.684686851890607690e-05
4.476378880503276986e-06
1.705075683582677159e-05
-2.496282133042195388e-05
1.311700630357736862e-05
1.762430683043381130e-02
-1.583975368184082494e-02
4.211358011177863438e-03
-8.626850554486660289e-04
1.549210246349458874e-04
-2.619846277903899968e-05
4.327514496821365871e-06
-7.092202920308789511e-07
1.159445127827799133e-07
-1.893828015829886457e-08
3.092271513360807965e-09
-5.048536188948934896e-10
8.242274485988622783e-11
-1.345568690799863237e-11
2.196186185127485228e-12
-3.582823228346975230e-13
5.844258228084593375e-14
-9.788757866999745553e-15
1.550638605531016338e-15
8.083324253240239780e-04
-1.492571320609383705e-03
1.179868596875889358e-03
-8.078381287439866760e-04
4.865124353872684812e-04
-2.621196159198271869e-04
1.285328286066810129e-04
-5.833846632401173645e-05
2.490640787204186107e-05
-1.015236614232161480e-05
4.003958433485853441e-06
-1.544924195389281536e-06
5.882531567368285115e-07
-2.223917160299066945e-07
8.382392946406202564e-08
-3.163436543797978400e-08
1.213792026442118206e-08
-5.195818529459711494e-09
1.713547791794295391e-09
2.644568659852589307e-09
-4.977853764765746019e-09
4.143628483857735397e-09
-3.036618144808863492e-09
1.942206834312725119e-09
-1.068273749846480065e-09
4.926086175048245429e-10
-1.814653190012152449e-10
4.762301433164928522e-11
-5.368009126526620955e-12
-1.964287043863993015e-12
1.053409128375134745e-12
-8.474929103347890344e-14
-8.976062061296226837e-14
2.638058708667138910e-14
6.356689972654236469e-15
-4.174259220335340287e-15
-3.826304216703141034e-16
5.851290253355978791e-16
5.655277388748255474e-01
1.395644240066269692e-02
-4.172112275664928991e-04
1.430943031715292282e-05
-5.155646392977896117e-07
1.900755818001816719e-08
-7.099431533273052716e-10
2.675226472315540586e-11
-1.017764096833231761e-12
3.935388115622018816e-14
8.295336509094934918e-01
1.532659515647694926e-01
-6.461351116337737954e-02
2.527388078403581054e-02
-8.600377675042963563e-03
1.974754575860050623e-03
3.308684602492165095e-04
-8.829578003776649385e-04
8.077087376733894670e-04
-5.737205502029204445e-04
3.540214578133460887e-04
-1.952670798339004488e-04
9.579943857944102966e-05
-3.999436319925428555e-05
1.187954821019590994e-05
6.416636877457350302e-07
-5.423565613413084132e-06
6.979207015492089465e-06
-3.565909241968450024e-06
9.547270023611182932e-01
1.504116100360932719e-02
-2.469219359150616293e-03
3.995430546953384070e-04
-6.379113539155168865e-05
1.008715470580952387e-05
-1.586745811016282768e-06
2.491938008647616549e-07
-3.915735590566670713e-08
6.162457144780512832e-09
-9.714750401486924053e-10
1.533726056999313677e-10
-2.424042107616285765e-11
3.833837139883843359e-12
-6.065365648431271100e-13
9.595103183779315959e-14
-1.518166071925927433e-14
2.463826974181732525e-15
-3.794967027445068516e-16
9.854320250634126532e-01
1.104657476279764967e-02
-4.187685112194285131e-03
1.587158190576533909e-03
-6.012958545595988198e-04
2.276484245332992479e-04
-8.609962326769569061e-05
3.251803697993054762e-05
-1.225896265538103821e-05
4.611352056353282357e-06
-1.730341631836843679e-06
6.476102744790865480e-07
-2.417683237604749996e-07
9.005305846411066434e-08
-3.348684650439032370e-08
1.246065863080939929e-08
-4.706416985717767032e-09
1.978270370103750191e-09
-6.446658922683488570e-10
9.967182713034610231e-01
3.279029065013260979e-03
2.697410741798432843e-06
2.218957048316890369e-09
1.825382411719479384e-12
1.491748581544193537e-15
8.067880048482408793e-18
-4.404191164826070290e-18
2.626906121550322581e-18
-1.440190195014946215e-18
7.199407057444796658e-19
-3.242717156177009703e-19
1.292315186375282096e-19
-4.419535888780688019e-20
1.220318187867729557e-20
-2.303724647238986986e-21
6.143102403477732701e-23
1.657094156404530271e-22
-6.295222081191735482e-23
1.093337683768433211e+00
3.866801675472244983e-03
-2.322545110866845188e-04
1.072507051794721970e-05
-4.683604637899493639e-07
2.004724548489749316e-08
-8.509217959707725779e-10
3.600568834373282175e-11
-1.527680948208398437e-12
6.558914048557923273e-14
1.065383169890546045e+00
-3.945183998372932266e-02
5.018476018714833516e-03
4.035736869856862592e-03
-4.433451506965756413e-03
2.858830171752367675e-03
-1.416445421908422379e-03
5.187120452513350717e-04
-7.317801164708140761e-05
-9.630833312565183311e-05
1.279585683246584223e-04
-1.053674238262635230e-04
7.063536743690008318e-05
-4.080878774387634091e-05
2.016205979130883752e-05
-7.649693222225005811e-06
7.941571181793677366e-07
2.568477648138344911e-06
-1.740904809049474671e-06
1.023141318275347267e+00
-7.766440804804639053e-03
1.267350000438168802e-03
-1.996256005944781902e-04
3.032251341377965238e-05
-4.457102367593228708e-06
6.368150036445918473e-07
-8.865403752206810473e-08
1.200527586123590864e-08
-1.569337403474233928e-09
1.946596434902741210e-10
-2.206511512860411762e-11
2.063278532298716210e-12
-9.210059749484279640e-14
-2.401408127428067056e-14
1.016873442246898935e-14
-2.666690921160082066e-15
6.226243699347013978e-16
-1.235924527905991059e-16
1.007368775212450274e+00
-5.627931150245469791e-03
2.148560343622710027e-03
-8.197992230463660608e-04
3.124973577248467199e-04
-1.189328479618254774e-04
4.515785687798399504e-05
-1.709003110070893652e-05
6.440425728465289957e-06
-2.414715789799196269e-06
9.001177523454959388e-07
-3.334577167397873490e-07
1.227611487035881599e-07
-4.492402685205360351e-08
1.635316689112109577e-08
-5.934968326777353173e-09
2.176159540855931837e-09
-8.824589174326059322e-10
2.809400038416840838e-10
1.001647959859128578e+00
-1.647959859128540934e-03
-2.485608625143351816e-17
2.115762557729620113e-17
-1.685745964146052699e-17
1.254981843543087543e-17
-8.708324038351872621e-18
5.613620829996181332e-18
-3.346827012204869671e-18
1.834416058721268823e-18
-9.167122551174603813e-19
4.127239059127566262e-19
-1.643846593048165704e-19
5.616884612258524477e-20
-1.548960429919670758e-20
2.913954861547667431e-21
-6.974672457466347415e-23
-2.125709495823995661e-22
7.922859091939127758e-23
8.328588317067752156e-01
