1.345156592452766420e+00
-1.318578074914867615e-01
9.425998911258115509e-03
-7.558828607212228490e-04
6.417483760333827722e-05
-5.658616195879328518e-06
5.136554706282714291e-07
-4.775825882133672653e-08
4.602406925854481589e-09
-4.544992712457167217e-10
2.983839727779609707e-01
-4.272837637945424150e-01
2.462312898292132457e-01
-1.319463131095425512e-01
6.770605785031033608e-02
-3.292825193602223754e-02
1.471178774786185452e-02
-5.606820505699204073e-03
1.375679653952114560e-03
3.557304605571034789e-04
-8.839039800379943452e-04
8.901951145975550619e-04
-7.132357609422858508e-04
5.075327179656042784e-04
-3.336918590368739704e-04
2.080362290893574950e-04
-1.286254142008136175e-04
8.796156390330728909e-05
-3.713682643044295109e-05
1.380634081735194509e-02
-1.254889960582602701e-02
3.382900108402589305e-03
-7.034993085871219009e-04
1.283483695635883074e-04
-2.206336763552767778e-05
3.707077898375636372e-06
-6.184827780758882051e-07
1.030260867205627952e-07
-1.716219768396470702e-08
2.860150867042068553e-09
-4.769388749666122632e-10
7.958418397400569067e-11
-1.328886284169767181e-11
2.220387186065998787e-12
-3.712120693180950363e-13
6.213940171474017962e-14
-1.071453423495258415e-14
1.744437151153883139e-15
6.174621188851931852e-04
-1.141225137501524975e-03
9.046087211667272433e-04
-6.220042966848552887e-04
3.766327962566763795e-04
-2.042040420399731315e-04
1.008299397187173305e-04
-4.610026596773336753e-05
1.982856175644422554e-05
-8.142165167086966681e-06
3.233933067538671300e-06
-1.256127884163277736e-06
4.812449542936212821e-07
-1.829764215604499394e-07
6.933612745391172525e-08
-2.630156147221818329e-08
1.014505042054581021e-08
-4.367870789284656002e-09
1.445605816689356760e-09
1.785571070825612151e-09
-3.362366684008312043e-09
2.802454201548072311e-09
-2.058349170204313461e-09
1.320983128017228640e-09
-7.301671154954746139e-10
3.391396283022182916e-10
-1.263620548584052850e-10
3.389871207512087928e-11
-4.181257896613817717e-12
-1.244142122446891896e-12
7.363166969659595230e-13
-7.445261030749459615e-14
-5.862487190445230931e-14
1.945497324283249272e-14
3.703920661106253888e-15
-2.943405118839739366e-15
-1.747127499248872589e-16
4.038265246346884062e-16
4.871800041682252114e-01
3.614210617650136237e-02
-2.259143018070090912e-03
1.586162137615596554e-04
-1.160564344758197437e-05
8.669588054871932162e-07
-6.573083337657276731e-08
5.057088074672799366e-09
-4.002380866155448494e-10
3.277068419753261825e-11
8.383111213922740390e-01
1.642415912345965845e-01
-8.186184125531305311e-02
4.012211284364342739e-02
-1.909856009598413784e-02
8.602115698203259553e-03
-3.482590895638461217e-03
1.099856654567423018e-03
-8.394503367244086315e-05
-2.759580747057997362e-04
3.430307662574278707e-04
-2.966681167492305491e-04
2.203023510707293646e-04
-1.487073882491856877e-04
9.325321333912128113e-05
-5.506947563230357988e-05
3.161705855906751973e-05
-1.972939570730638297e-05
7.940293637709372858e-06
9.627090018101783775e-01
1.248034675227990137e-02
-2.071840718916627758e-03
3.406633824141600724e-04
-5.553833634273360820e-05
9.003586971224411144e-06
-1.456153926431312009e-06
2.355414866382575575e-07
-3.816194358543652223e-08
6.196474921102832144e-09
-1.008381611685711084e-09
1.644299203047330277e-10
-2.685916184879531876e-11
4.393833512390131671e-12
-7.196686211111338576e-13
1.179996743486536219e-13
-1.937937163072230283e-14
3.276511838463610291e-15
-5.243048962784538834e-16
9.880440399455302503e-01
9.078844062470139281e-03
-3.446767681075214342e-03
1.308359352149469565e-03
-4.965051343742039880e-04
1.883330217618017527e-04
-7.138977063359827982e-05
2.703558261011558547e-05
-1.022597579001359113e-05
3.862204237309158627e-06
-1.456299451362827573e-06
5.481765748552763139e-07
-2.060004275016019054e-07
7.730032262276022289e-08
-2.897954195146795855e-08
1.087940389047608798e-08
-4.149857314366872351e-09
1.764193005403694053e-09
-5.790154021412218604e-10
9.973104729638366805e-01
2.687734947144639844e-03
1.790894911653565055e-06
1.193311330203685799e-09
7.951345063471499414e-13
5.254810157808261853e-16
3.366315373480060668e-18
-1.949128970371448661e-18
1.167302699938586074e-18
-6.432639749449501051e-19
3.236068373945852929e-19
-1.469257647593597087e-19
5.917440970488764537e-20
-2.053809102835859423e-20
5.805424173529093793e-21
-1.155435650150827562e-21
5.963642216801472752e-23
7.255319024384848804e-23
-3.031134357959401228e-23
1.080209046729418976e+00
1.344213933783620744e-02
-1.561121664727354924e-03
1.501248566258891071e-04
-1.382363832722004550e-05
1.255964735882507960e-06
-1.138958705716338904e-07
1.037179167725777577e-08
-9.657657246055483242e-10
9.182531897478476922e-11
1.059372951856165423e+00
-4.190386173463152980e-02
8.861221199790715944e-03
2.472061008119823180e-03
-4.902438189405048351e-03
4.288982299045273998e-03
-2.988852069849231609e-03
1.822888473741214816e-03
-9.911037343733777698e-04
4.700275941419321366e-04
-1.766289663162225318e-04
2.974660776549481806e-05
3.199912007845455447e-05
-4.931826483544307670e-05
4.677404049621304837e-05
-3.796744411204708910e-05
2.972722098511717002e-05
-2.494708080756873257e-05
1.147816839833372547e-05
1.018774696822928316e+00
-6.338998932256254167e-03
1.048535122427690994e-03
-1.690863692472230350e-04
2.659411075621699935e-05
-4.097319527824772005e-06
6.217781505748285987e-07
-9.334907979006551446e-08
1.389741003207604117e-08
-2.052089987310621021e-09
3.000737583124767195e-10
-4.332259455404798169e-11
6.146567024266789236e-12
-8.509515882374077181e-13
1.136429528433928725e-13
-1.433956331039297268e-14
1.634638843093519701e-15
-1.455023519212213506e-16
4.184122601665290153e-18
1.005967072745374669e+00
-4.557694705682399823e-03
1.740248861544003902e-03
-6.642156591951005329e-04
2.533429758572977889e-04
-9.652126533040064204e-05
3.671186543834970196e-05
-1.393065222954564138e-05
5.270075208104343885e-06
-1.986400567959436540e-06
7.456090958555636975e-07
-2.786355918199089999e-07
1.036677542259144138e-07
-3.841087959311016152e-08
1.418299674723030993e-08
-5.231374838085394056e-09
1.954636501989415597e-09
-8.108424113750169008e-10
2.620192067551794104e-10
1.001334420214115450e+00
-1.334420214115387537e-03
-1.117259347305311185e-17
9.521175734399266923e-18
-7.598621184639781521e-18
5.669347893455509379e-18
-3.944958872174177797e-18
2.551870483182250124e-18
-1.527932744761987635e-18
8.418791863020433358e-19
-4.234598783882481469e-19
1.922263700839455453e-19
-7.739304335464212053e-20
2.684799964227017873e-20
-7.585867450204360335e-21
1.506134131241083787e-21
-7.438937421672226180e-23
-9.442893979945092210e-23
3.837818545868806159e-23
8.304229613632865270e-01
