1.033168298017167919e+00
-3.853395886575057550e-02
1.016291304291963267e-03
-3.006486422579915193e-05
9.371574379687088884e-07
-3.012849535262335543e-08
9.895048083340012414e-10
-3.303320625441350194e-11
1.119682084090225124e-12
-3.872361651182007107e-14
3.058512080738601813e-01
-3.987480666523779971e-01
1.920340249719051928e-01
-7.885027363643873355e-02
2.672011295893726018e-02
-5.352309985805620701e-03
-1.941546038964686235e-03
3.405793693068060249e-03
-2.853820267543718918e-03
1.889828145558572004e-03
-1.078012194660177671e-03
5.372823655469695760e-04
-2.268828905354706158e-04
7.093121083968246664e-05
-3.977206980926957415e-06
-1.850171272521420926e-05
2.266469387238160172e-05
-2.195685726396999702e-05
1.042804849065940019e-05
1.891996884331821616e-02
-1.693758908441480790e-02
4.480924122734975673e-03
-9.127840665728974030e-04
1.629247686306795040e-04
-2.737357422609798673e-05
4.490404454900473618e-06
-7.304826309410469588e-07
1.184778381850300114e-07
-1.918946840641842299e-08
3.105422148688042825e-09
-5.022460075141215723e-10
8.118601285746209662e-11
-1.311498196271153069e-11
2.116673766796714827e-12
-3.411618229361194207e-13
5.492081655386916151e-14
-9.059042873403865440e-15
1.413668014247243203e-15
8.751757868288222121e-04
-1.615489920371109087e-03
1.275886006360366391e-03
-8.723574070188625526e-04
5.244208267787482712e-04
-2.819442049405242504e-04
1.379276500465308273e-04
-6.244453288621579939e-05
2.658972685469373855e-05
-1.081004010060853646e-05
4.252367938912423565e-06
-1.636729701054109093e-06
6.217592976835118284e-07
-2.345440145672335962e-07
8.822028936531531250e-08
-3.322572933089108373e-08
1.272155369293062468e-08
-5.432888293101746016e-09
1.789134382695703938e-09
2.973044860729510063e-09
-5.595454734692872230e-09
4.655969255687650641e-09
-3.409825641452097385e-09
2.178717821340108597e-09
-1.196610609878085049e-09
5.506001976913370521e-10
-2.021348854517047985e-10
5.269274597756759499e-11
-5.767245324397130953e-12
-2.246469209507910584e-12
1.171634000868167668e-12
-8.696365657828583421e-14
-1.017862923581485556e-13
2.884251175886146136e-14
7.422752030791752670e-15
-4.627352458306465613e-15
-4.700810030727895912e-16
6.527002299023215602e-16
5.826000925925710616e-01
1.068906718028499875e-02
-2.580361622214344267e-04
7.201256133318188766e-06
-2.117901824815772116e-07
6.382353949169643849e-09
-1.949431350972087482e-10
6.006257258412689286e-12
-1.865526377291962084e-13
5.875197248135633153e-15
8.264932429661723257e-01
1.497487487223702896e-01
-5.947285513948555313e-02
2.125153085823840854e-02
-6.092362071614548964e-03
6.417636753967400015e-04
9.217856421636219178e-04
-1.068361179208720656e-03
8.041102481194379974e-04
-5.029728732962824786e-04
2.755851599292024885e-04
-1.323797887815277388e-04
5.326300118146525968e-05
-1.485425177191452695e-05
-9.168854405806120502e-07
5.720337366078252626e-06
-6.196821297612503260e-06
5.689686351778293749e-06
-2.651643241143401616e-06
9.519373056176604342e-01
1.592744143846534441e-02
-2.604333657270273706e-03
4.189555844756089054e-04
-6.637374550663050507e-05
1.039659451034960385e-05
-1.617776415929202227e-06
2.510628426159099082e-07
-3.895291235516204955e-08
6.048683130523437749e-09
-9.402164701257724788e-10
1.462593757910428771e-10
-2.275878819416204598e-11
3.540608428636916956e-12
-5.503939078575082628e-13
8.544622846897851696e-14
-1.324682203528612990e-14
2.100133793381080497e-15
-3.161613255643405919e-16
9.845152034387801843e-01
1.173622085042836521e-02
-4.446951314669410522e-03
1.684548472197908934e-03
-6.378283331217682404e-04
2.413213169003748269e-04
-9.119948963713467598e-05
3.441111612084500848e-05
-1.295723246317423206e-05
4.866887968685205947e-06
-1.822990289772971546e-06
6.808506747594421388e-07
-2.535587004541470358e-07
9.418464350980123975e-08
-3.491641319985914022e-08
1.294916874686803682e-08
-4.872594349844946405e-09
2.039216588831474441e-09
-6.626904800163469312e-10
9.965101049401613453e-01
3.486842965357118442e-03
3.049425266403937667e-06
2.666880749616002937e-09
2.332342640674993885e-12
2.027165867599947215e-15
1.050318987412756358e-17
-5.614445119095128523e-18
3.344809099303655354e-18
-1.830998609791413308e-18
9.135909794778953109e-19
-4.105179278606554915e-19
1.630864699605121461e-19
-5.552790111514246059e-20
1.522799406202028851e-20
-2.830026711319856842e-21
4.844755189751269684e-23
2.141972955453685771e-22
-7.690794361178064861e-23
1.097805205397670569e+00
2.647965966804817581e-03
-1.353326335181748749e-04
5.114413814084024008e-06
-1.817604869822526753e-07
6.318863137219146748e-09
-2.175638816274730602e-10
7.458884885267784267e-12
-2.558389230090134077e-13
8.856982159725164223e-15
1.067775025602234251e+00
-3.943397111125288013e-02
4.432451079490832765e-03
4.078573618492907331e-03
-4.062459417596793985e-03
2.385497249191584779e-03
-1.026716666042648551e-03
2.673667183083222208e-04
5.649070722091127167e-05
-1.440251766964868057e-04
1.310328073658856285e-04
-8.995500154654314173e-05
5.165708505061684182e-05
-2.500920192735111558e-05
9.439231730170121368e-06
-1.555814427815509476e-06
-1.961536014949349624e-06
3.405942478274234970e-06
-1.854178022852324861e-06
1.024587361447551803e+00
-8.233735328490587868e-03
1.337001106504002654e-03
-2.087875992318962727e-04
3.130207552793726352e-05
-4.517512748092367699e-06
6.296402871382924232e-07
-8.477124237956436040e-08
1.095825558064232923e-08
-1.337103805267220239e-09
1.478203867830514474e-10
-1.314185175471000557e-11
4.278560373405882920e-13
1.991689840751443197e-13
-7.472400781154208298e-14
1.883014513127341812e-14
-4.122122914525397893e-15
8.699819547722856670e-16
-1.628144096238828268e-16
1.007834597508610042e+00
-5.983546887024231153e-03
2.284189586365559244e-03
-8.714457502828919016e-04
3.321096267818697610e-04
-1.263471723225222337e-04
4.794205859200316639e-05
-1.812575959823211957e-05
6.820964258583810836e-06
-2.552364022945453992e-06
9.489744037923682374e-07
-3.504141516985442025e-07
1.284924635572906059e-07
-4.680069134335917240e-08
1.694361725416326352e-08
-6.110796009301763860e-09
2.224089179819611333e-09
-8.937020248259534955e-10
2.827822878101279871e-10
1.001752167254686077e+00
-1.752167254686122890e-03
-3.154836215848533988e-17
2.684496871180213885e-17
-2.137844277663879174e-17
1.590523786583309243e-17
-1.102755666048896275e-17
7.101368516530297336e-18
-4.228466598455646165e-18
2.314040209484443033e-18
-1.154158268123200068e-18
5.183528427275978716e-19
-2.057886454100245652e-19
6.999505248666362935e-20
-1.915901266688940812e-20
3.542689081462170910e-21
-5.526148731506276991e-23
-2.701748107432350254e-22
9.821890200417290888e-23
8.335249627345426848e-01
