5.839682217572546019e-01
-3.658108064827489056e-03
1.489902624839517340e-05
-7.262855665355884186e-08
3.908892613524096373e-10
-2.233055223607206622e-12
1.326890889391400506e-14
-8.107167344688639548e-17
4.807554663328493947e-19
1.283074046198183792e-20
2.747203792820088197e-01
-2.624499310113179162e-01
5.947429295370494640e-02
1.347781124320267558e-03
-8.335640119853776273e-03
4.735061462580793593e-03
-1.714767011016361722e-03
3.707522931145106537e-04
3.060988478130547688e-05
-8.128852699849792589e-05
4.966173619470952801e-05
-1.986347133157786529e-05
4.961154912667718569e-06
9.595286117784454409e-08
-9.605266227795728751e-07
6.518161406395666759e-07
-2.731278248859148358e-07
6.282757807011880647e-08
-1.280548815270301617e-09
3.074300939508213884e-02
-2.827212684765835135e-02
7.425460628887904473e-03
-1.427761640965139953e-03
2.266856230136412621e-04
-3.186633716442391275e-05
4.120077672890531534e-06
-4.953348043199450818e-07
5.430082234049050315e-08
-5.014194286496800267e-09
2.682191912130700261e-10
3.408266484093404765e-11
-1.644805262996665561e-11
4.180454374331878914e-12
-8.827994720521409834e-13
1.699679219137530822e-13
-3.091258894323980309e-14
5.552177690743526496e-15
-9.115774925924418483e-16
1.275287874019130239e-03
-2.372875349501351455e-03
1.916175637712493052e-03
-1.353532921568962591e-03
8.453790976540935228e-04
-4.726267297925818597e-04
2.395727820567914942e-04
-1.115296737242583574e-04
4.829071300615914641e-05
-1.968713279527419685e-05
7.645951171249018525e-06
-2.859813586704782732e-06
1.040202600944472354e-06
-3.709605316818427836e-07
1.305561772565589490e-07
-4.560949325011501537e-08
1.603329410192668048e-08
-6.191727189432945536e-09
1.909574076447585624e-09
8.568658353472820765e-10
-1.623463943872092077e-09
1.378743510209433921e-09
-1.046222358322848604e-09
7.050480434762985055e-10
-4.177772846018650792e-10
2.142020506467815699e-10
-9.247296036593784746e-11
3.190544691907596890e-11
-7.735328075623462363e-12
6.752642395405371533e-13
3.898175065621497846e-13
-1.819917453053076967e-13
1.367817898000224778e-14
1.518638768947946684e-14
-4.748884486057998897e-15
-8.421760277053870714e-16
6.079543905887064293e-16
1.717815130164031967e-17
4.216858115174539345e-01
2.186978492107305872e-03
-7.277480618157027190e-06
2.998087379031958311e-08
-1.394209978312797792e-10
7.011328772262964440e-13
-3.723756051494273252e-15
2.059381827566335673e-17
-1.019172955806456732e-19
-1.298962252027015960e-20
6.433022660862302011e-01
1.997668633290804463e-01
-3.336749975129068430e-02
-3.951449107036770179e-03
6.027360167349328675e-03
-2.880200293634737480e-03
8.658555278274824695e-04
-1.135578005475665618e-04
-5.672415735285840530e-05
5.253354317694023469e-05
-2.459355318667016707e-05
7.528641099776080721e-06
-9.391257999860901611e-07
-6.172289569900586957e-07
5.662611569491864980e-07
-2.733286979514676210e-07
8.348125125661343778e-08
-3.144044620952334834e-09
-7.954653242584410419e-09
8.613639110214332817e-01
4.376958454251086983e-02
-6.780161052931624188e-03
1.017889984665054691e-03
-1.463308241533391510e-04
1.990919991745899309e-05
-2.524687909931733088e-06
2.898325434556942580e-07
-2.793185216892713973e-08
1.638106564710756801e-09
1.545234461849525044e-10
-8.370955741315625344e-11
2.141293319124878490e-11
-4.464249449480872849e-12
8.398325546481131746e-13
-1.479483970427083188e-13
2.483727597890338502e-14
-4.103859102990837296e-15
6.227121206570146659e-16
9.539970192470046406e-01
3.432958864406238098e-02
-1.280812871399267423e-02
4.777821841883982470e-03
-1.781700320184650922e-03
6.640338763986094626e-04
-2.472468173784188664e-04
9.192291115930011471e-05
-3.410110678238824068e-05
1.261256067384863396e-05
-4.646482453316971678e-06
1.703377750924293828e-06
-6.208028359604077389e-07
2.247409584950379178e-07
-8.076622322063074647e-08
2.883235838439582815e-08
-1.033282759067299290e-08
4.051105786462774846e-09
-1.257169292058007842e-09
9.894714994138326114e-01
1.050071512343892996e-02
2.771213491384435981e-05
7.313429727843014925e-08
1.930066187758496485e-10
5.093576449203520351e-13
1.344641494880707489e-15
3.268576151416531194e-18
1.873387228411418335e-19
-1.059450462874354640e-19
5.859364574049201048e-20
-2.981808013500970810e-20
1.391147287922018233e-20
-5.894618171326223559e-21
2.201969438535071808e-21
-6.669256405859240714e-22
1.548905450689435356e-22
-3.920998384938654659e-23
5.240742043305714746e-24
1.333408598465839479e+00
-1.320043972361934588e-03
4.602341086386212433e-06
-2.017073756953740121e-08
1.001998830551420478e-10
-5.375687375954264501e-13
3.035917893920319823e-15
-1.779062297647522897e-17
9.975983685253184016e-20
5.693185715420265554e-21
1.202132351364280982e+00
-1.179602035669072013e-01
1.996300875598192026e-02
2.229500567694375594e-03
-3.503429411201640625e-03
1.695978967280761243e-03
-5.286287183271260338e-04
8.197205578450117121e-05
2.690223583928292149e-05
-2.978098192454199102e-05
1.512600257766296086e-05
-5.153851941844479093e-06
9.347512239092837463e-07
2.404617318528828775e-07
-3.242588749947860509e-07
1.793964154052142593e-07
-6.408500105121878342e-08
9.295403655349460050e-09
2.470529816923356484e-09
1.074466242343632416e+00
-2.491498699914147796e-02
4.019939660357659331e-03
-6.155461996367447624e-04
8.844767983460495402e-05
-1.182802317766543564e-05
1.455298540101401344e-06
-1.602225289305085205e-07
1.450119176893318255e-08
-7.012085733166408850e-10
-1.146295223923261080e-10
4.916520630019269286e-11
-1.192521461496168392e-11
2.421433875939204140e-12
-4.486423518304325944e-13
7.838504396542222307e-14
-1.312314996725737623e-14
2.174525470204146043e-15
-3.324222795392045230e-16
1.023726867698222520e+00
-1.812244470970793969e-02
6.919324222680160036e-03
-2.640665007498021240e-03
1.006930400027322096e-03
-3.834102197478082103e-04
1.456590464940580839e-04
-5.514907985034312436e-05
2.078191529085102185e-05
-7.782820423025795030e-06
2.892272011960017018e-06
-1.065080437228113440e-06
3.881946795777583839e-07
-1.399109082291951231e-07
4.984015090406267283e-08
-1.756264526890379023e-08
6.185312629240510417e-09
-2.371477345379490018e-09
7.249483888997504486e-10
1.005306111868561558e+00
-5.306111868561533100e-03
-2.243507989703389556e-18
1.945319160110026122e-18
-1.591373757591709782e-18
1.226697997138060210e-18
-8.895263051127343220e-19
6.054439385763123011e-19
-3.856832534918245597e-19
2.290867470094176823e-19
-1.262527620535436188e-19
6.413343036789531093e-20
-2.975501852907484518e-20
1.244237101374115093e-20
-4.593083154366542007e-21
1.442736380491902230e-21
-3.541551807819645170e-22
4.681394942996253101e-23
4.343568962909815531e-24
7.726448867806330334e-01
