8.129247617182299157e-01
-2.126183038946035178e-02
4.890100901361144016e-04
-1.415145392613914962e-05
4.563966747650730226e-07
-1.566020589146240790e-08
5.592735995886324139e-10
-2.053904781641432707e-11
7.717968690464345037e-13
-2.973558863519748455e-14
2.790842499900062501e-01
-3.338181693115730431e-01
1.352137785456205277e-01
-4.341778351879119896e-02
9.716014158577219312e-03
6.558376534733275764e-04
-2.785522435357034622e-03
2.427567815814290954e-03
-1.601941531598336703e-03
9.123015635326309518e-04
-4.621388693681221550e-04
2.063344118958935255e-04
-7.653320122208590330e-05
1.827948231233868047e-05
3.666655585437198713e-06
-9.435744258620219931e-06
9.400156131057965444e-06
-8.342270855075312658e-06
3.847854100639894407e-06
2.045084108820608565e-02
-1.914518043244851919e-02
5.202445730450104035e-03
-1.056723757323961869e-03
1.822278557939762138e-04
-2.883114452034993695e-05
4.387057705788491208e-06
-6.584347447469511909e-07
9.854445204592129301e-08
-1.475700720387952674e-08
2.211613533714703300e-09
-3.314432159668145897e-10
4.961444791026214737e-11
-7.408924955588787576e-12
1.102125131198905933e-12
-1.630490517171487258e-13
2.395099162728917851e-14
-3.559329399414883235e-15
5.008999800753758743e-16
8.234798619852318983e-04
-1.532370502247494591e-03
1.237952563203060857e-03
-8.753452643472416084e-04
5.478271549902464111e-04
-3.073576303556981048e-04
1.566707045751874214e-04
-7.353873479661705240e-05
3.220963919664886725e-05
-1.333474577495082733e-05
5.282306876415796801e-06
-2.024831435333994274e-06
7.585214772071501688e-07
-2.799641659730857380e-07
1.024660489217856045e-07
-3.741503111790856896e-08
1.384495515230046604e-08
-5.691581059559124389e-09
1.830855465475536400e-09
5.555032414868130558e-10
-1.051998852089112189e-09
8.921583557811521073e-10
-6.753373031457600466e-10
4.534599206084551977e-10
-2.673333495162521932e-10
1.361013041793482442e-10
-5.816609518242656643e-11
1.975503353335720253e-11
-4.641797807578321219e-12
3.371501988059644289e-13
2.603018633278687783e-13
-1.103488805905608920e-13
5.393281268288143156e-15
9.995423915857910991e-15
-2.687612507435434343e-15
-6.582692972329874196e-16
3.645967964025927502e-16
3.155028455814277407e-17
2.790919716789287963e-01
1.043933459175317054e-02
-1.739987332429780774e-04
3.953505275502091593e-06
-1.053844115267921250e-07
3.092990725345821374e-09
-9.678681736690340577e-11
3.170180220575653501e-12
-1.076579698709752656e-13
3.786527508725451708e-15
6.505243813742126457e-01
2.627477498421309510e-01
-8.461324886323774719e-02
2.073707242483224453e-02
-1.385667153158167721e-03
-2.744867011568804301e-03
2.554732617194338268e-03
-1.608243470929399078e-03
8.469014521988718278e-04
-3.890464850853353864e-04
1.533095698864491395e-04
-4.663063848261272672e-05
5.219532780756296732e-06
7.025798258646788390e-06
-8.114955767185256665e-06
6.034487063764644348e-06
-3.839946007516719736e-06
2.448214657091101605e-06
-9.718096527434641374e-07
8.892667000167094882e-01
3.570612617076283218e-02
-5.709616312395843392e-03
9.014274539498779056e-04
-1.400908077655273946e-04
2.141293484494050746e-05
-3.221725019365436928e-06
4.778649996624007231e-07
-6.996828982692806213e-08
1.011876170309166823e-08
-1.444759761873649338e-09
2.033357429371491601e-10
-2.812423291424138409e-11
3.804064341885940949e-12
-4.990967386234185051e-13
6.262501914411031033e-14
-7.309115491809351051e-15
7.418137442542413052e-16
-5.227872881153819797e-17
9.636539920411819615e-01
2.725905276639754848e-02
-1.022157190191878839e-02
3.832571607770335689e-03
-1.436804600187865412e-03
5.385054864598361668e-04
-2.017406250465408955e-04
7.552762804757574844e-05
-2.824878548251254061e-05
1.055182492891006758e-05
-3.934898186713322227e-06
1.464430836618089848e-06
-5.437620834674502517e-07
2.014076778166517736e-07
-7.442608572542107677e-08
2.748708893256217007e-08
-1.028182540096665446e-08
4.264396874019000721e-09
-1.376389845342335802e-09
9.917223574673820208e-01
8.260480347163362894e-03
1.712660278629921630e-05
3.550889423726500926e-08
7.362123073581349842e-11
1.526399776737487232e-13
3.166498706969180345e-16
5.353933759810509144e-19
7.806195996305303256e-20
-4.545149493300134126e-20
2.493650194423669493e-20
-1.256137348611269248e-20
5.770727709915014408e-21
-2.417179335049702720e-21
8.954776474815566766e-22
-2.768028471083119579e-22
7.346475758829345576e-23
-3.612532128539367839e-24
-9.229086031695370576e-24
1.450464563575107668e+00
-8.311081005305063357e-03
1.686955225416580928e-04
-4.481096516407697106e-06
1.355353655661016089e-07
-4.420481411198521320e-09
1.514225036751754568e-10
-5.368424517100623107e-12
1.956656394088982849e-13
-7.335317810406103075e-15
1.203875871430125866e+00
-1.657814320422939247e-01
5.805325089223033891e-02
-1.663344005725532829e-02
2.749150216250972976e-03
1.001692120040994713e-03
-1.463689921264624055e-03
1.088121798635566370e-03
-6.522875611074047727e-04
3.419984554240674776e-04
-1.588587967850764243e-04
6.345436074636154062e-05
-1.924496614801030669e-05
1.579043286316714028e-06
3.825168956103398018e-06
-4.373908405225891464e-06
3.522967675389490032e-06
-2.712114476915585271e-06
1.176482722719744526e-06
1.058655409562805794e+00
-1.986988434754911881e-02
3.305479385800757716e-03
-5.365556624308412750e-04
8.483468429280145370e-05
-1.310251493523396488e-05
1.987599020844933658e-06
-2.978447512478152130e-07
4.428614820107934619e-08
-6.550500775327778912e-09
9.646662506135471398e-10
-1.413851397778691783e-10
2.059804803368251295e-11
-2.977493254197584489e-12
4.260029256015152750e-13
-6.012730786413880017e-14
8.334777472355211070e-15
-1.146209302241032022e-15
1.471035484052656802e-16
1.018620358070094101e+00
-1.422339175448765827e-02
5.431722415350417194e-03
-2.073824228064424270e-03
7.914480073690325105e-04
-3.018276784801170957e-04
1.149736270100855335e-04
-4.372224978285374226e-05
1.658794706426563597e-05
-6.274390737073398982e-06
2.364597691404772455e-06
-8.873984085310943306e-07
3.315184810188039615e-07
-1.232790876946398082e-07
4.564806114499122452e-08
-1.686667035769149068e-08
6.305217331201668607e-09
-2.613429542996886277e-09
8.436888638608582690e-10
1.004163884260439676e+00
-4.163884260439705033e-03
-9.459730823428378909e-19
8.191504616835177688e-19
-6.688397368228239175e-19
5.142866966037285971e-19
-3.717612453938910198e-19
2.520624948391965600e-19
-1.598253923711771603e-19
9.440432674003884599e-20
-5.168044427146635816e-20
2.604117474292216408e-20
-1.196288570496615904e-20
4.940430472943559771e-21
-1.793999243312641048e-21
5.503506598314906890e-22
-1.296382783558254063e-22
1.458232261376062966e-23
2.656586244190409491e-24
7.785913103702339910e-01
