4.616755925602210320e-02
-2.782856188866278768e-06
5.826374757377850972e-11
-1.090291721306074697e-15
3.536518903511385477e-20
6.724235745685034741e-21
-3.474482249143727771e-21
-6.876773668074837074e-22
-2.693798939841602158e-21
2.902679091314691358e-21
4.487797472856340508e-02
-1.659284577285577000e-03
-3.638504372009045292e-04
9.645308953846311675e-06
9.782982185850076590e-07
-3.691877222976212860e-08
-2.204384778906202931e-09
1.189014001137706846e-10
4.356592551735764175e-12
-3.485378775280239277e-13
-7.217049166569205417e-15
9.592940121773317519e-16
7.945522323436440763e-18
-1.587819923740116408e-18
3.003507905060362207e-19
-6.042573910635081128e-19
-2.595717194846577612e-19
1.657187777437868941e-19
4.676491115746079583e-20
3.898136747237713334e-02
-4.099397894473852041e-03
-1.953145677979137556e-04
2.007570484991871992e-05
-7.630382758243989611e-09
-5.533455915024871644e-08
1.624706185399525683e-09
9.521904254786726990e-11
-6.924075285855780848e-12
-3.446872632653944803e-14
1.839793946155609542e-14
-4.689473657272093930e-16
-3.220428138395709049e-17
3.319231496770051450e-18
7.238874853250474480e-19
-1.471358278597582631e-19
-5.283483691112640722e-19
-2.772312514641082309e-19
-1.080804302773436687e-19
1.236684449887192998e-02
-1.632188082923866773e-02
5.610164446180703444e-03
-7.911861474610789756e-04
-1.962656244804542917e-04
1.442693428511283306e-04
-4.029565156670659418e-05
4.657773349400403800e-06
1.113968986289383079e-06
-7.451313099938703831e-07
2.046012507961640135e-07
-2.648213688620054037e-08
-3.872112354554680728e-09
3.266504439776364452e-09
-9.825368392426472723e-10
1.547901185830368521e-10
6.977751690516259572e-12
-1.412898813641295876e-11
4.645942832210122543e-12
1.714043365072079230e-04
-2.992008658410217183e-04
1.957823748508830846e-04
-9.019110807527263966e-05
2.367133009494285265e-05
6.631411025184541182e-07
-2.721325083241418929e-06
3.604736448629582599e-07
3.358406837807891583e-07
-6.577283717595936246e-08
-5.483591392052674448e-08
7.655711457782594008e-09
1.074538200991488521e-08
1.516153820748745268e-10
-2.100977731227443734e-09
-4.891837846898241935e-10
3.069738810658122331e-10
1.491446352067992196e-10
-7.799415019123310542e-12
9.396631412869095312e-01
2.124296466623214472e-06
-4.128968519433491745e-11
7.714118720045368812e-16
-1.481430247225839600e-20
9.549280256782417791e-22
-5.174641060407655720e-23
-3.449195518827416578e-22
-1.121574524443369366e-22
2.448854605714511113e-22
9.406502222753736486e-01
1.270834782893364269e-03
2.797596032802978716e-04
-6.836570738287006370e-06
-6.936729321396513662e-07
2.608590994881433556e-08
1.552950055839763927e-09
-8.481476136087480089e-11
-3.089315919074812454e-12
2.509607352517957910e-13
5.145597795276654541e-15
-6.958789181675975785e-16
-5.325893216468993569e-18
1.797621021905093588e-18
-1.522705542207351005e-19
5.766866612310270263e-20
2.311203408364272797e-20
-3.980372629880474901e-20
1.883316237321797298e-20
9.452070514947377156e-01
3.189975898003252330e-03
1.620094269492762399e-04
-1.426937902648242090e-05
-5.997226337700155427e-10
3.874300798848537536e-08
-1.162140851160858181e-09
-6.631599370404470090e-11
4.967729991175939216e-12
2.071877533336277860e-14
-1.323016726618516872e-14
3.468239330842213788e-16
2.298351392089664642e-17
-1.656158701920715291e-18
-1.424060178744728711e-19
1.004230185078472251e-19
1.003512562232029022e-20
-4.313467066950400207e-20
6.181599140633016170e-20
9.698787243441007178e-01
1.749616787792743558e-02
-3.787378670545917935e-03
3.351111964088153428e-04
1.608098313980012100e-04
-9.533426618047126562e-05
2.656858977586479004e-05
-3.352519785396230757e-06
-6.637557178446934261e-07
5.023694915655411591e-07
-1.460430520194996079e-07
2.063050847610615520e-08
2.254320757836945240e-09
-2.279093511503329995e-09
7.166677372381563596e-10
-1.192084279706441792e-10
-2.968355939830738657e-12
1.002234740342955798e-11
-3.420579542304435934e-12
9.919883496653217891e-01
7.995121829073645672e-03
1.682223204441564695e-05
-4.927371901338378509e-07
2.977153210680386254e-07
-1.360561473472321716e-07
4.635238100952811755e-08
-9.163177120792634845e-09
-6.889808857751312505e-10
1.119434167113626350e-09
-2.337877408088489351e-10
-7.552404865735115159e-11
4.363050349130953581e-11
3.127334253482652314e-12
-6.458396656104105529e-12
1.212328216976803180e-13
1.017361099437239351e-12
-4.274517393228634336e-14
-1.640363326752836704e-13
1.030579988411345793e+00
-1.065610125291558694e-06
2.026891223930899633e-11
-3.688948523635891161e-16
7.026158695109361216e-21
-6.018931378176973487e-22
2.253152056980281390e-22
5.897758038672933684e-23
-3.403543921253527580e-22
2.331378910908586218e-22
1.030084483003175677e+00
-6.380483298645916969e-04
-1.405996412897818435e-04
3.363016709794688191e-06
3.424139767383530387e-07
-1.252207661323689902e-08
-7.515210610944947528e-10
3.966476673727704672e-11
1.469267012001604446e-12
-1.143254283131564675e-13
-2.430521593263095534e-15
3.090192599377854744e-16
2.656621587662660827e-18
-7.533912978059008965e-19
-4.525426319363436707e-20
-2.359787996431293448e-20
3.987049525591900539e-20
1.384987022579530385e-20
-7.676668272292821535e-21
1.027792067300138612e+00
-1.607094153850530290e-03
-8.256545139588478859e-05
7.095618224016640302e-06
7.274247864269336147e-09
-1.906874870636022269e-08
5.379383549787247267e-10
3.289206693060919479e-11
-2.301714064370810538e-12
-1.481177332154895824e-14
6.116999808459242472e-15
-1.432043325960852785e-16
-1.087573364765427847e-17
6.061570415294499456e-19
2.664795868708050965e-20
-3.324710130501913064e-20
1.363815480307615686e-20
2.872959410162823539e-20
-2.411064316222594565e-20
1.015258373234127376e+00
-8.912561667711671812e-03
1.923640874092829049e-03
-1.629773307839619569e-04
-8.508500692549274768e-05
4.890410810153822375e-05
-1.325495245662744352e-05
1.535800608926827961e-06
3.840799360384940624e-07
-2.581513455761093274e-07
7.087631376562003410e-08
-8.824247466006658315e-09
-1.533530905885775788e-09
1.173916597385406540e-09
-3.380467213892229087e-10
4.871631874520746765e-11
4.161505977831061396e-12
-5.139677608738524202e-12
1.577134836233549254e-12
1.004029999240782178e+00
-4.029751315616957735e-03
-4.284299528891481832e-07
2.905740759850674473e-07
-1.646074157812410754e-07
7.512637928601031516e-08
-2.551892245450752984e-08
5.000558108461549945e-09
4.048066680249856995e-10
-6.219326193519610962e-10
1.273955186617395577e-10
4.275216014205720733e-11
-2.413180871762505275e-11
-1.870123857389069827e-12
3.597129472834432413e-12
-4.918117061015960933e-14
-5.687053597745098122e-13
2.183280169159031735e-14
9.161521022388354283e-14
9.693200823580958581e-01
