4.335148012445177446e-01
-1.096175723558782998e-03
1.507440675296943722e-06
-2.359067551036147784e-09
4.020140905368104895e-12
-7.237891917497785478e-15
1.352748285489822131e-17
-1.818389487457975205e-20
-6.033628020260055985e-21
2.289115641353554849e-21
2.543924482223924310e-01
-1.795126031181855097e-01
1.427528936509331499e-02
1.005184563938737660e-02
-4.884954715799913645e-03
1.016909023451145408e-03
3.375238248852533384e-05
-1.106370110827955340e-04
4.400295283601418097e-05
-7.968765627615423413e-06
-1.041343282225456004e-06
1.308526741271233253e-06
-4.784619103799373209e-07
7.480682739345251871e-08
1.862971371790473641e-08
-1.693844747566653799e-08
5.653690945654632098e-09
-4.364130584683224075e-10
-3.519920567599366079e-10
4.616493015889764490e-02
-3.861648712875711403e-02
8.889549408905983788e-03
-1.433153907473470011e-03
1.768078916076379706e-04
-1.641011856109537983e-05
7.868826984161483017e-07
1.133659058549788412e-07
-4.578662297391611727e-08
1.011056028636472580e-08
-1.829488544184879565e-09
2.946422560641730209e-10
-4.326215098659712989e-11
5.784151072429900118e-12
-6.855999002524408107e-13
6.600986155120226410e-14
-3.316210774168831459e-15
-6.410555374027077362e-16
2.493310113882774717e-16
2.334298011852269875e-03
-4.313997748766769912e-03
3.415873588153824081e-03
-2.339135204160857923e-03
1.402597030839607128e-03
-7.465691330605970328e-04
3.576511036636673396e-04
-1.562871768356795526e-04
6.309737224512369140e-05
-2.381945501657063577e-05
8.500592522737333032e-06
-2.895411083081221905e-06
9.483895457985298039e-07
-3.001447166878966794e-07
9.185443425819396854e-08
-2.704971339750055001e-08
7.564673669036874847e-09
-2.032477951972785812e-09
4.404510346788481850e-10
4.508550698649673893e-09
-8.516188445777841497e-09
7.165415963632716740e-09
-5.349997244804442884e-09
3.519034552516188917e-09
-2.014615678643777835e-09
9.837897659772287551e-10
-3.952781021435045729e-10
1.211259528306383976e-10
-2.240124388194664965e-11
-1.151458594052613424e-12
2.295432043946034750e-12
-5.618378965073285724e-13
-8.601713769972116303e-14
7.935384997204588576e-14
-5.397084264597200276e-15
-8.744947358840861905e-15
1.499180255675407906e-15
9.522307754673824870e-16
5.376722096900404813e-01
7.221865498598989191e-04
-8.693766690626480990e-07
1.219262856307954514e-09
-1.872736215518678707e-12
3.059238197034349920e-15
-5.225820151665479178e-18
5.699957875989282477e-21
2.056808820558379911e-21
-7.989424903337650196e-23
6.679317086187724906e-01
1.345950111151219819e-01
-5.891003829846205332e-03
-7.412276640153401402e-03
3.129218851533091452e-03
-5.588011150391637878e-04
-5.517205275610619167e-05
7.211149574808471522e-05
-2.410232434094857634e-05
3.084843115768742437e-06
1.050274377013293801e-06
-7.506401323867455617e-07
2.160091319987951895e-07
-1.679694128192532038e-08
-1.503532980124956340e-08
8.378501080453872576e-09
-2.091171779590274691e-09
-7.898722032158746693e-11
2.214881801439236220e-10
8.465277039081634536e-01
4.693245041229621856e-02
-6.794100889878415712e-03
8.984126712566526014e-04
-1.031708020736714262e-04
9.148172583177805026e-06
-3.078463101823643428e-07
-1.100371419504469118e-07
3.670375369276810371e-08
-7.751911506187660492e-09
1.355141617782414924e-09
-2.088164016261243021e-10
2.874098383002709401e-11
-3.467261212688022236e-12
3.387649722116673105e-13
-1.810993148190872877e-14
-2.554354447167092583e-15
1.208308172312721699e-15
-2.741704876067060957e-16
9.484713101146970970e-01
3.833502429508947595e-02
-1.425456997173760523e-02
5.296548552853404430e-03
-1.965329726837432723e-03
7.275225736328313174e-04
-2.682860691926308044e-04
9.836790031312445570e-05
-3.577454097039304068e-05
1.286905879605112541e-05
-4.564689390959266028e-06
1.590980874259546529e-06
-5.427652246671088244e-07
1.803871885409318694e-07
-5.803363399801113804e-08
1.789407123159460106e-08
-5.202139774017367664e-09
1.441751879826705878e-09
-3.183434174041846529e-10
9.881721765835788096e-01
1.179274533474596563e-02
3.497404970167704004e-05
1.037234433010254781e-07
3.076153275379985971e-10
9.122797031660982714e-13
2.721960615459921731e-15
-2.829266665050363347e-18
6.745357553474978995e-18
-3.858587819320303706e-18
2.040707520696241986e-18
-9.857785065677385850e-19
4.296280361594184502e-19
-1.658246920311131358e-19
5.488230391231270488e-20
-1.457766982407175645e-20
2.533804963750509381e-21
1.125262745244323875e-22
-2.024025101864650820e-22
1.256939814954078249e+00
-3.960232688189672620e-04
4.662226543967183041e-07
-6.541061622099585743e-10
1.021528384593068888e-12
-1.712615716010999395e-15
3.016154382865470460e-18
-3.495205994063497990e-21
3.501224894597012310e-22
-1.177726797165748486e-21
1.184085970893975492e+00
-7.570167251823847754e-02
2.852544214298098190e-03
4.204038728690080717e-03
-1.688218564835459231e-03
2.864914135498731031e-04
3.193401129325452889e-05
-3.779204115357104305e-05
1.247185720994148905e-05
-1.632501634658137650e-06
-5.150686229127547067e-07
3.833960534902340638e-07
-1.149777306475403420e-07
1.116113511703440981e-08
7.075804089092831570e-09
-4.360115639109730787e-09
1.190928244623479463e-09
-6.328122995877909818e-12
-1.055347346483308796e-10
1.082779397376891550e+00
-2.671460168603253041e-02
3.967684230587555962e-03
-5.208125777827014033e-04
5.705455791458947273e-05
-4.446845937594941983e-06
1.882496444148001743e-08
8.433049530576888545e-08
-2.275390031891986668e-08
4.380129599612487521e-09
-7.169481083566373280e-10
1.045367959853069139e-10
-1.365959882364980355e-11
1.556215990919470658e-12
-1.392197413095156487e-13
5.045679020192336672e-15
1.670490910620638770e-15
-6.174101141337102149e-16
1.321752638807752654e-16
1.026673368075064596e+00
-2.036390396634777528e-02
7.767448605866358533e-03
-2.958308569371806418e-03
1.123674652758596378e-03
-4.249160173494059920e-04
1.595831925978510586e-04
-5.934463123663955768e-05
2.177455578447720267e-05
-7.852033109333188976e-06
2.770962594866139752e-06
-9.525180119979504949e-07
3.172236629067561555e-07
-1.016417502424563231e-07
3.100334597015218769e-08
-8.829879864644495798e-09
2.242766269373929567e-09
-4.446236441093996203e-10
4.655972177797824164e-11
1.005966790954660572e+00
-5.966790954660557665e-03
-6.826442638769156960e-17
5.869372380647841589e-17
-4.744001603738319862e-17
3.599276336978469341e-17
-2.558143414777983756e-17
1.698648216822041033e-17
-1.050041433138499037e-17
6.014354471624626255e-18
-3.171770642301001394e-18
1.526659268492273375e-18
-6.622351756347864484e-19
2.538668803840575747e-19
-8.315471779604616445e-20
2.170446680001394907e-20
-3.623397025292942435e-21
-2.486109640694469861e-22
3.349791394430719870e-22
7.996236375592467027e-01
