4.952165855094221580e-01
-1.825688248224002991e-03
3.933812353079626766e-06
-9.865783804624911764e-09
2.712212593243631911e-11
-7.895869798110905924e-14
2.388510660235500631e-16
-7.315887262236203477e-19
3.517185808420058916e-21
-1.981710881096183709e-21
2.649398362538399887e-01
-2.162434315392448292e-01
3.063423473279087983e-02
8.822807092524160427e-03
-7.057916547224427246e-03
2.386293417770029342e-03
-3.803840335294136161e-04
-8.815958973725377605e-05
9.265769842472327883e-05
-3.807135832757535006e-05
8.495988317029172160e-06
4.106216608373915352e-07
-1.370309298018558585e-06
7.035525243825775389e-07
-2.031323990149773559e-07
1.596038090647111926e-08
1.942062289289827019e-08
-1.439739803166446818e-08
4.923418803170695757e-09
3.880246647504840413e-02
-3.411976619431306840e-02
8.420780673535369076e-03
-1.492632839791900980e-03
2.121885354672171519e-04
-2.540007413307474748e-05
2.527648391040241733e-06
-1.756353185728427305e-07
-3.194357864612024191e-09
4.578722757277052092e-09
-1.235803975690095111e-09
2.557610631701268606e-10
-4.682011421205368327e-11
7.929767023108174068e-12
-1.264648395309837816e-12
1.909883190281989203e-13
-2.724862322370629496e-14
3.680117253030185953e-15
-4.404750483171636714e-16
1.773873807234609915e-03
-3.290202893918223615e-03
2.632762509829018275e-03
-1.833006873193999400e-03
1.123275804456239438e-03
-6.137608551652984704e-04
3.030292100734667754e-04
-1.369820127693527519e-04
5.742446060606008610e-05
-2.260086445094026703e-05
8.448718675005695639e-06
-3.031917512567607930e-06
1.054241469018790557e-06
-3.578701247888825878e-07
1.192446431263996384e-07
-3.914934559317385381e-08
1.277148509116199847e-08
-4.468586943039056803e-09
1.279680023814459598e-09
2.063342348519669258e-09
-3.903772196009479649e-09
3.300950432888208552e-09
-2.486025916465287224e-09
1.656563054083390800e-09
-9.660616735597406088e-10
4.843213579336585734e-10
-2.023539470697884156e-10
6.622594272954345429e-11
-1.435378559157865054e-11
4.595696531587224848e-13
1.037226646123417553e-12
-3.562413485415138984e-13
-5.610645425055679185e-15
3.850638368451089527e-14
-7.223188718557058200e-15
-3.254394464158145391e-15
1.149320167585249513e-15
2.601154189692358948e-16
4.877714894214818520e-01
1.159186052066543769e-03
-2.129196950747748438e-06
4.669550972379640061e-09
-1.135843699720785114e-11
2.959652774405295133e-14
-8.098701279312803498e-17
2.277813063564113853e-19
-2.137747884173974047e-21
-3.582992678991336000e-22
6.542697356549300736e-01
1.629922810604428063e-01
-1.564503309052924993e-02
-7.296798900990080460e-03
4.641991170660737971e-03
-1.366439491486958662e-03
1.470825999208829487e-04
8.030759285192345270e-05
-5.632651153834934720e-05
1.878968260682524691e-05
-2.783786163101110560e-06
-8.727403945892868746e-07
8.033611949739733863e-07
-3.122979583434332819e-07
6.248934211769293284e-08
7.127940520972550095e-09
-1.187828978519963147e-08
5.612122134207169253e-09
-1.429574357851626289e-09
8.518974836383774729e-01
4.606346979320277701e-02
-6.922926212791214590e-03
9.834032356941524444e-04
-1.287517840405776612e-04
1.497159414897492253e-05
-1.417662362698959143e-06
7.337254543723275129e-08
1.033367014474324735e-08
-4.573151684675288215e-09
1.082151895248184888e-09
-2.095017548494685982e-10
3.624892407914582047e-11
-5.779825673519649978e-12
8.576819081235925889e-13
-1.180922811277189198e-13
1.481231023296854772e-14
-1.610420143922592136e-15
1.281475333706455145e-16
9.505635531464168286e-01
3.682359974017167942e-02
-1.371185610553539956e-02
5.103935413695333614e-03
-1.898493102267856305e-03
7.053036418954227805e-04
-2.614949983736523866e-04
9.665002381337926525e-05
-3.556299773534975239e-05
1.300626721710424040e-05
-4.719432178746825265e-06
1.695874314145904532e-06
-6.023279821599890716e-07
2.110403110489913590e-07
-7.279891831484256597e-08
2.468284893556561631e-08
-8.266208953385104941e-09
2.944948262648963145e-09
-8.488361571892891786e-10
9.886654680467181766e-01
1.130232278223710848e-02
3.211764272199708149e-05
9.126822811731847070e-08
2.593555730375616191e-10
7.370028592697731998e-13
2.097221752857729357e-15
4.010263953323364479e-18
1.238726610029807696e-18
-7.151511479967015413e-19
3.873779855552886804e-19
-1.927745808218643271e-19
8.718392041574374831e-20
-3.525621765903428113e-20
1.243769951739133528e-20
-3.668967903607823017e-21
8.189430693387890810e-22
-6.859659445826838321e-23
-3.357883503571292101e-23
1.288772494330834739e+00
-6.571182637804237657e-04
1.209404465910018543e-06
-2.717324802935486316e-09
6.858688754709843033e-12
-1.864957039785291918e-14
5.335476032118930286e-17
-1.565414103834021057e-19
-1.044022602697194989e-21
1.062032615125950415e-21
1.193502904787557828e+00
-9.358646390651907676e-02
8.638965477048756586e-03
4.255306550211075851e-03
-2.606338171293481713e-03
7.530639332844155662e-04
-8.153775951944927550e-05
-4.273473734239294734e-05
3.054057151604854588e-05
-1.050668843847895596e-05
1.741336893402364426e-06
3.896626744412232956e-07
-4.284900353673773156e-07
1.802430350039170006e-07
-4.163786958880748214e-08
-1.138993874314904623e-09
6.159428507959193929e-09
-3.414238566265850732e-09
9.909813444715671625e-10
1.079815696946675674e+00
-2.628388584319605453e-02
4.086985014809358177e-03
-5.845612553378474801e-04
7.494009033611715126e-05
-8.267815161541163530e-06
6.994849039869026627e-07
-2.004748143252286436e-08
-9.031227344499977290e-09
2.930309426202741920e-09
-6.300940476846353262e-10
1.152761749341364517e-10
-1.915747417122596093e-11
2.962027989159185874e-12
-4.291316359849688736e-13
5.801329316213394197e-14
-7.184352162946396748e-15
7.772219398299982873e-16
-6.254328918626623735e-17
1.025556036000402793e+00
-1.951624975114314361e-02
7.448675982032206509e-03
-2.840456323942367606e-03
1.081478400496633987e-03
-4.106797154830620685e-04
1.553088364155943892e-04
-5.838031864004794097e-05
2.176368749460558477e-05
-8.026293882080381059e-06
2.920790568284331318e-06
-1.046148188193135925e-06
3.679099292511649334e-07
-1.267411676925922191e-07
4.266227044441485613e-08
-1.399508829926518298e-08
4.481832773376085718e-09
-1.495863878545710975e-09
4.083982927930883403e-10
1.005715809188221010e+00
-5.715809188221041698e-03
-1.361514454278315312e-17
1.175922538664478366e-17
-9.565934582655993798e-18
7.319597593635673628e-18
-5.258508922915366975e-18
3.538333259247223421e-18
-2.222867660595276958e-18
1.298359184491988389e-18
-7.011911084107085008e-19
3.475103149726977499e-19
-1.563773656430971660e-19
6.288769276070120968e-20
-2.202555673390715707e-20
6.398465023905124900e-21
-1.358016494088103785e-21
8.162965878737034367e-23
5.723482143975065545e-23
7.858866907836653537e-01
