7.590416223922822336e-01
-1.388203220166389293e-02
2.069124027537319632e-04
-3.845519206592731917e-06
7.955183380442578673e-08
-1.750576374466474554e-09
4.009505363550552917e-11
-9.443976236830900309e-13
2.273043869617178234e-14
-5.596718827784395370e-16
2.804211227233967541e-01
-3.239340963727411760e-01
1.196256388065779636e-01
-3.101613126880572308e-02
2.519981598939820613e-03
3.908091572158844430e-03
-3.797477776547346449e-03
2.425351895572754046e-03
-1.271813813697972610e-03
5.663395756801432174e-04
-2.046838584563959401e-04
4.661066793173715054e-05
8.994979064339443935e-06
-2.053072231070375355e-05
1.694879391729071537e-05
-1.054828532821280306e-05
5.516217651629763478e-06
-2.696496589712533591e-06
8.978093175615745072e-07
2.177257092491258206e-02
-2.052958733614691778e-02
5.610768687174011622e-03
-1.142035605310839658e-03
1.963506127465424996e-04
-3.079139039913096832e-05
4.616595959627169703e-06
-6.789914759963442864e-07
9.907949482990467247e-08
-1.439292583098065827e-08
2.080867250145246736e-09
-2.988671876871640952e-10
4.252712358273155892e-11
-5.973024303052168008e-12
8.237411937920719734e-13
-1.106726068704366907e-13
1.430039801842486622e-14
-1.753025875894219159e-15
1.883612862515820192e-16
8.580554642661911754e-04
-1.598302641116899382e-03
1.294896870549227131e-03
-9.195952749457938277e-04
5.786381451448369302e-04
-3.266022942153484830e-04
1.675152294134375449e-04
-7.910034256798187348e-05
3.483253823845010804e-05
-1.448491461915337204e-05
5.756540210328616414e-06
-2.210688121633302253e-06
8.284578487167258988e-07
-3.054592767386554566e-07
1.115382452077813158e-07
-4.058754953698096171e-08
1.495008233233761321e-08
-6.109456244938661493e-09
1.957440786127977704e-09
4.533006721827953361e-10
-8.590364836569445995e-10
7.300367003279942525e-10
-5.546176119930453606e-10
3.744129939850396751e-10
-2.224139906042561357e-10
1.144395069133995803e-10
-4.966100905416280472e-11
1.727785916615292851e-11
-4.261443320927994586e-12
4.084054702816466114e-13
1.989992639318030040e-13
-9.847499926383887000e-14
8.754816127979356106e-15
7.817161028100558637e-15
-2.634100502881892549e-15
-3.893212324917219486e-16
3.269677129875411190e-16
7.958718239770150406e-19
3.092949774768489757e-01
7.180095639456314342e-03
-7.978121236642251657e-05
1.181557117837520580e-06
-2.036951796646759844e-08
3.853774343099256246e-10
-7.761104229764803610e-12
1.634568476076180404e-13
-3.563103537319436454e-15
8.022315177797432359e-17
6.449056642367950731e-01
2.526408052575517815e-01
-7.308365152207582649e-02
1.337797668907369196e-02
2.051812409180463898e-03
-3.847285073713663413e-03
2.610675252654032479e-03
-1.340359409261677667e-03
5.673642100612803253e-04
-1.910658284824209331e-04
3.847970623193349771e-05
9.859909899341724268e-06
-1.760282329989423743e-05
1.331524350447134785e-05
-7.687789736950452642e-06
3.655123094061486204e-06
-1.371808857097633871e-06
3.147063528458138473e-07
-1.178361950695960251e-08
8.825690957517038360e-01
3.772063436039100465e-02
-6.004467536206465825e-03
9.422431966992429915e-04
-1.451653396968478232e-04
2.191249367615376547e-05
-3.239621608577727614e-06
4.692424757873587514e-07
-6.657935873064265798e-08
9.240044551241327276e-09
-1.249645748078237971e-09
1.635061186117258680e-10
-2.041931169167368632e-11
2.368974985948818857e-12
-2.393173096974007583e-13
1.664942529616819937e-14
6.837752815431997798e-16
-6.661591485464439264e-16
1.783579809593357900e-16
9.613681308543068349e-01
2.893942983240596969e-02
-1.083895869048954498e-02
4.059303395019373331e-03
-1.520026391781309928e-03
5.690312732382124452e-04
-2.129269269574971977e-04
7.962118651934268414e-05
-2.974364887159404206e-05
1.109599128916377234e-05
-4.132076398185468812e-06
1.535413664736294360e-06
-5.690882549818793634e-07
2.103369654303725087e-07
-7.752562356968827214e-08
2.854178968572938995e-08
-1.063360623688151322e-08
4.386959486973681477e-09
-1.410765064070007163e-09
9.911915760576383017e-01
8.788984784822987534e-03
1.939625760016956376e-05
4.280526341787688817e-08
9.446619125153991434e-11
2.084756448612941266e-13
4.601896001183008969e-16
9.416396487472955075e-19
4.936216419796721916e-20
-2.811385024082013613e-20
1.558072210409060780e-20
-7.975618780594227722e-21
3.731230252616563458e-21
-1.580189718767494065e-21
5.780235938370186119e-22
-1.867512322361717890e-22
5.905373359472637886e-23
-8.777073182952136019e-24
-6.485962552078257306e-25
1.421539223839917376e+00
-5.255055709433692143e-03
6.845791821902681273e-05
-1.161619945976649801e-06
2.245986508115097810e-08
-4.687208477270876636e-10
1.028096231921036213e-11
-2.335101078630424755e-13
5.447135752140106641e-15
-1.304779628232649923e-16
1.205764205336532724e+00
-1.569960305492202612e-01
4.868920760485150045e-02
-1.053539401097666403e-02
-2.640158413377746076e-04
2.109683866524709843e-03
-1.654835527223239575e-03
9.450220663223768500e-04
-4.495165885425626232e-04
1.790931965754129717e-04
-5.410523811581058876e-05
5.761092644878017190e-06
8.017811283037824338e-06
-8.795375951766635337e-06
6.089209514721842821e-06
-3.387506182975132226e-06
1.577477478117838983e-06
-6.383076057751650046e-07
1.766576429077103818e-07
1.062435060834622691e+00
-2.113075319561886350e-02
3.506009369155380345e-03
-5.658999476703768751e-04
8.858245130063939650e-05
-1.347061122742443932e-05
1.999259935867948837e-06
-2.910987431078758917e-07
4.174499008098735229e-08
-5.906476942125838535e-09
8.240449660271566651e-10
-1.130282973037078684e-10
1.515671375201768142e-11
-1.968341740227211920e-12
2.434700114778070432e-13
-2.774372445916710044e-14
2.673830654850408488e-15
-1.398192805156962992e-16
-1.959549423585596929e-17
1.019825188342804223e+00
-1.514370094894851304e-02
5.783160747622894879e-03
-2.207987489471632727e-03
8.426351094750023042e-04
-3.213356795004253404e-04
1.223943350155559402e-04
-4.653642178223863472e-05
1.765021726370054924e-05
-6.672694130890518947e-06
2.512585719643854158e-06
-9.417307657153848880e-07
3.511682117043588328e-07
-1.302550512903020109e-07
4.806921553340308114e-08
-1.768411995099154380e-08
6.573198880576685902e-09
-2.703979413073876425e-09
8.684141416288111039e-10
1.004433311204595558e+00
-4.433311204595687290e-03
-6.187950880477491548e-19
5.368595904472565806e-19
-4.395410159287458099e-19
3.391846987258053846e-19
-2.462935809124351665e-19
1.679200226844558061e-19
-1.071893992214329274e-19
6.382627938471502641e-20
-3.528133476527525613e-20
1.798784610281115699e-20
-8.383520993919087072e-21
3.526015409632666168e-21
-1.311752142433654260e-21
4.167179257278410771e-22
-1.043514291073339934e-22
1.483139204836415648e-23
8.308810488176789878e-25
7.713120636954513554e-01
