2.690470208813763864e-01
-2.245842433770895081e-04
8.451642603185612567e-08
-3.355553835195387459e-11
1.411738970880685782e-14
-6.207400482386616024e-18
2.362037167760048219e-21
-1.292659525951289508e-21
1.209587782181671061e-21
-4.345650324763427874e-22
2.026763154422557278e-01
-7.693590040457772006e-02
-6.344176970370272832e-03
4.125962842891508706e-03
-4.390841563829212197e-04
-8.511773933608587504e-05
3.293469633440421386e-05
-2.647248069375582483e-06
-8.796586185262475342e-07
2.849496813385458620e-07
-1.766168406168510634e-08
-9.184270631259805463e-09
2.651701579655684686e-09
-1.179799440958303047e-10
-9.879025657148965793e-11
2.586500440315672667e-11
-7.046275998530405654e-13
-1.087078361200282681e-12
2.598913246896511377e-13
7.078106997804195499e-02
-4.491538594198388190e-02
6.835807078260005415e-03
-5.234501441133647534e-04
-1.424290495109433776e-05
1.142510555098620142e-05
-2.103658413694801320e-06
2.546975181570991682e-07
-1.979512049069962119e-08
3.314421533487759395e-11
3.319921068433530497e-10
-7.504252226338358894e-11
1.112395459628925758e-11
-1.194429230302569168e-12
7.264067145443456346e-14
5.150194590426381821e-15
-2.552920121889375171e-15
5.097848467598338884e-16
-7.019531168081294475e-17
5.585170376137804475e-03
-1.010477189540351720e-02
7.527113251791725697e-03
-4.683655452933126878e-03
2.475344401525626532e-03
-1.128462171773544388e-03
4.491197685823469028e-04
-1.570323285974570347e-04
4.802956707580238261e-05
-1.248443927319557304e-05
2.464750520735690226e-06
-1.529807922150562109e-07
-1.851385406364529332e-07
1.395934684872312994e-07
-7.101768463961654797e-08
3.110238285764742038e-08
-1.267929411618018055e-08
5.400517679944221851e-09
-1.737631097480313623e-09
8.764812381394455932e-08
-1.641351694878796598e-07
1.344849393288419798e-07
-9.584579928904022149e-08
5.873197807716949818e-08
-3.031649974927571199e-08
1.269141909452788646e-08
-3.968073314202501431e-09
7.078070470531338605e-10
6.672770967487098127e-11
-8.417895115273667288e-11
1.628273216076230766e-11
5.122072075210371852e-12
-2.845346336796020118e-12
-1.576420108862809375e-13
3.809664055157275493e-13
-1.736911695693694211e-14
-4.398203025924443183e-14
4.289192296504379211e-15
6.881264144999016397e-01
1.602571109533236710e-04
-5.567292593791523901e-08
2.109866884129735470e-11
-8.450824916774200467e-15
3.525995550740313269e-18
-6.346255075087975151e-22
-4.638426920612565856e-22
1.976681569585021613e-22
-1.075207342543077187e-22
7.372411092422812562e-01
5.750514317484944904e-02
5.505844999313049166e-03
-2.848363704525794498e-03
2.786110383008933333e-04
5.997810060425274632e-05
-2.149291898144628960e-05
1.479783028025947854e-06
6.063434684799987967e-07
-1.747415118504979906e-07
7.395257996625134268e-09
6.082342307642052243e-09
-1.495823696405031338e-09
2.406943819042795587e-11
6.167782835957585211e-11
-1.326607920265114930e-11
-1.400122915607274295e-13
6.258782565623024421e-13
-1.195427951122981202e-13
8.442194237211571028e-01
4.178767882378953830e-02
-4.450992323264191426e-03
2.818789367322121434e-04
1.440520997769511148e-05
-7.854869953026776108e-06
1.433262857607294828e-06
-1.738400131343253380e-07
1.303718041562429776e-08
1.594238651210446014e-10
-2.625301648281877967e-10
5.545413849114277070e-11
-7.729943304160505188e-12
7.450431201312106842e-13
-2.894716336887878587e-14
-6.965716367862714475e-15
2.119704076889099967e-15
-3.614484377985504459e-16
4.321397910185794274e-17
9.455438242328634280e-01
4.033749182071121736e-02
-1.488335264084019414e-02
5.452311740036123143e-03
-1.972687045346366731e-03
6.995966181063660323e-04
-2.406881598223925675e-04
7.919388770444661110e-05
-2.439528041917101705e-05
6.773133821932390335e-06
-1.546842274809629656e-06
1.926946481872900089e-07
6.851242300849534093e-08
-7.317432025589370917e-08
4.217798584715586703e-08
-1.997071732705285740e-08
8.611057297111263830e-09
-3.829736493405537251e-09
1.258420657105461076e-09
9.874590500149343919e-01
1.250150746623502306e-02
3.931846825203993778e-05
1.236604150593549406e-07
3.889455366320341722e-10
1.207755615943450287e-12
1.421199867037099659e-14
-6.392911839227448444e-15
3.623123149421190486e-15
-1.859762807583540723e-15
8.553356222609540538e-16
-3.455658887704617830e-16
1.185293610477328511e-16
-3.216228083119072920e-17
5.571522528022488467e-18
1.772498656453920676e-19
-5.159159944085243156e-19
1.590896264246350988e-19
-1.177542991377536113e-20
1.167094501375707916e+00
-8.300521917415950278e-05
2.725751059815419391e-08
-9.882078350396778599e-12
3.843653448636469129e-15
-1.575312150995425913e-18
-2.978085530526351423e-22
-5.104062927418663035e-23
1.516760625249057074e-22
2.364041597809129972e-23
1.141147282324560974e+00
-3.052457016472060608e-02
-3.103264792248969228e-03
1.470352652779853032e-03
-1.286439392865659879e-04
-3.151949739950010173e-05
1.018909617035345146e-05
-5.938645603384776708e-07
-2.928265435264665145e-07
7.806570383129406957e-08
-2.655628456945400695e-09
-2.765285477432260771e-09
6.487429592580327713e-10
-7.285535114325213280e-12
-2.703777276877803043e-11
5.715283032538406294e-12
6.282866945517452394e-14
-2.698243798652639199e-13
5.207088182104921167e-14
1.083284580181839374e+00
-2.302125504331139355e-02
2.414749032047866853e-03
-1.353444164292765841e-04
-1.151605231252723097e-05
4.563984737207523768e-06
-7.505755465696003067e-07
8.144709576612510312e-08
-4.844720570096367835e-09
-3.079545814132093718e-10
1.462137285228082989e-10
-2.653153164846307730e-11
3.327892496401120220e-12
-2.794324351876357780e-13
4.385767251847945297e-15
3.929064950954852905e-15
-9.659006994344037398e-16
1.505318994089974209e-16
-1.672676261887977307e-17
1.028218975164771676e+00
-2.145463564618724922e-02
8.110517948848381189e-03
-3.034911734925479360e-03
1.116406890208304116e-03
-3.998867357183826052e-04
1.376978825205398482e-04
-4.477566883272934384e-05
1.336658499768684012e-05
-3.462087386744135432e-06
6.564044678849728030e-07
-2.465371676509161925e-09
-8.374974841295943010e-08
5.809974061198100723e-08
-2.925163041353508766e-08
1.272287161918649362e-08
-5.100340198632493689e-09
2.102945172455827535e-09
-6.587768612555042936e-10
1.006329950351295688e+00
-6.329950351278220040e-03
-3.256998509615897298e-14
2.733265866903753106e-14
-2.133768734738093319e-14
1.545942365241852999e-14
-1.036055703702632750e-14
6.393480761743988219e-15
-3.610147537410462464e-15
1.848853772344079047e-15
-8.477074729739359811e-16
3.410137566294979148e-16
-1.162030597140090901e-16
3.115877030558307357e-17
-5.220306939844552243e-18
-2.671387868465114820e-19
5.263730411221354430e-19
-1.546205732117948071e-19
9.231297398456831437e-21
8.537718232461237733e-01
