2.360552379389087851e-01
-1.524460665972952346e-04
4.274963434972206142e-08
-1.241330557071931611e-11
3.789127320284257144e-15
-1.206788012376804753e-18
6.388239318250357463e-22
6.246376740647686816e-22
-2.558678555106516989e-22
-6.153093110977353099e-23
1.864629672202444965e-01
-5.881689205758282302e-02
-6.525951068570339832e-03
2.767847177552078004e-03
-1.612591966392428074e-04
-6.425080721035971495e-05
1.429355994056527907e-05
-2.292935580295899774e-08
-4.699412756917685828e-07
7.296444639497855123e-08
4.802176310084568835e-09
-3.309733812188899937e-09
3.569127426550498117e-10
6.151978950644284118e-11
-2.290092694266512465e-11
1.470214648426611307e-12
6.049079822611758329e-13
-1.473389186426497513e-13
1.814580417505133826e-15
7.496048834743686273e-02
-4.298970437113840137e-02
5.527524790866195255e-03
-2.540510212896662486e-04
-4.226763295487953603e-05
1.153314315320948724e-05
-1.516555463203158022e-06
1.168109030332892866e-07
1.802455603753237360e-10
-1.829357289738469171e-09
3.650163210584276303e-10
-4.525867520728367267e-11
3.424778178991353685e-12
2.912613334794048141e-14
-6.280252596605403499e-14
1.274255484883154896e-14
-1.638210753004170582e-15
1.293725316898424708e-16
-7.654826005323208652e-20
6.731680178024279648e-03
-1.207647415930390711e-02
8.782386417164403380e-03
-5.263240664359527220e-03
2.645487589874850540e-03
-1.131320318848765211e-03
4.146659909164522877e-04
-1.294967120914369992e-04
3.314654997699833443e-05
-5.888092328812650735e-06
-9.364915455315891258e-08
7.406893916659536200e-07
-4.685713944454034285e-07
2.199740350988036697e-07
-9.009445661746345950e-08
3.388108777254666523e-08
-1.201464451036060713e-08
4.361370035691325354e-09
-1.251793331007042582e-09
1.953696548749663971e-07
-3.647353366186781499e-07
2.960175181832370189e-07
-2.074410243696252651e-07
1.238352492798693209e-07
-6.144914877616713090e-08
2.416949800348274751e-08
-6.727428032646557663e-09
8.073642706565601232e-10
2.938477351296916478e-10
-1.618127597556517502e-10
1.075778407470942672e-11
1.551647720945822924e-11
-3.984408162454173197e-12
-1.378585821648085129e-12
6.710730347830560337e-13
1.427084883503233834e-13
-8.721268527963543033e-14
-1.962660698166325266e-14
7.216356426171945948e-01
1.101901654759111451e-04
-2.871485446778140214e-08
8.048309583564043039e-12
-2.365447854947377654e-15
7.216449270682851922e-19
-4.543016116650984724e-22
-1.298811366891488275e-22
5.426410607722961915e-22
-3.017026137072691052e-22
7.584977377904852380e-01
4.404654139240661570e-02
5.331814439624675897e-03
-1.914656614955356859e-03
1.013455184784395975e-04
4.423881793541214189e-05
-9.382672084462304578e-06
-6.136440977854876591e-08
3.129475237886713393e-07
-4.430782461426810037e-08
-3.815751697676397036e-09
2.078390866589398929e-09
-1.872594354264816818e-10
-4.305931291369353427e-11
1.323500323263990748e-11
-5.520917488704863111e-13
-3.829264456195625628e-13
7.647287159814462620e-14
1.522755362357380224e-15
8.479896980911345583e-01
3.831058891835281005e-02
-3.503601099746595383e-03
1.176049533615592334e-04
3.101499524955892524e-05
-7.817009004723909002e-06
1.031822594210842618e-06
-7.927446028447469191e-08
-5.719182556910868693e-10
1.361346494139758899e-09
-2.628173697049295251e-10
3.110787856304668813e-11
-2.061721738832913929e-12
-8.600067517990164591e-14
5.149404421890889580e-14
-9.201610298276733343e-15
1.050126368741311910e-15
-6.250292779398380295e-17
-4.172608169338380665e-18
9.458406317842252831e-01
4.002978799965976192e-02
-1.469739067273421497e-02
5.331438420039266365e-03
-1.894512202067842382e-03
6.514871725967857864e-04
-2.130667762771142407e-04
6.450453836631442383e-05
-1.717240545393797240e-05
3.489730693718945129e-06
-1.675231446952184945e-07
-3.414474842061007009e-07
2.578339806021000940e-07
-1.335224697114013500e-07
5.870953785179432685e-08
-2.329808399164707877e-08
8.613424959027054849e-09
-3.237197516924018943e-09
9.477248558321771222e-10
9.875104299962461640e-01
1.245045052125622574e-02
3.899695363546084518e-05
1.221450098966511769e-07
3.827020959018455616e-10
1.111027528254135949e-12
6.105258047200211643e-14
-3.444013092833151148e-14
1.882843879835823900e-14
-9.251603520762882190e-15
4.020174536520732110e-15
-1.503330790199362280e-15
4.592981835564607870e-16
-1.006408197766318724e-16
7.650143127725191419e-18
5.108144846914279223e-18
-2.515614696223973440e-18
3.227748779996085554e-19
1.095793868931919688e-19
1.148024958167778387e+00
-5.666149466913113550e-05
1.394222030389722253e-08
-3.721886655561384555e-12
1.055546352715805355e-15
-3.158719710246406992e-19
6.969325855049679053e-22
6.171648473289050124e-22
-4.123106108255347549e-22
7.259427125943702698e-23
1.128750787350028428e+00
-2.312153449910386849e-02
-2.914909414531803231e-03
9.720749514700503888e-04
-4.336734611077084869e-05
-2.226278938121881574e-05
4.311025246760631554e-06
7.303288186085888873e-08
-1.443686899051799830e-07
1.877396246718213150e-08
1.882463309204008844e-09
-9.027346311880218092e-10
7.494965371791104595e-11
1.907955247739271487e-11
-5.555731724887012684e-12
2.098914860391674613e-13
1.620084697834695396e-13
-3.170819359037471836e-14
-6.603754850339485488e-16
1.080892782071107838e+00
-2.085434374663694759e-02
1.855553678677694792e-03
-4.617143246547478327e-05
-1.905063022787734724e-05
4.220037824862905738e-06
-5.028231885733300486e-07
3.193159324087295318e-08
1.396499034122411030e-09
-7.446489034847699237e-10
1.236216689895724151e-10
-1.293189101960424384e-11
6.580499968707595950e-13
7.038170305521466091e-14
-2.465383656637142256e-14
3.899791637741083299e-15
-4.021809618289408610e-16
1.863275546611107873e-17
2.543974621346949976e-18
1.028045457096425919e+00
-2.125810335929981601e-02
7.984857650997609704e-03
-2.951344913921025940e-03
1.062268750800690609e-03
-3.668995717877270957e-04
1.190811597555378396e-04
-3.509998296664876841e-05
8.744516097095199870e-06
-1.435201472500222804e-06
-1.573279103732202218e-07
2.945770189085262857e-07
-1.807436266653174473e-07
8.529051346533738816e-08
-3.498948224020586941e-08
1.300620522568542216e-08
-4.473961887479623344e-09
1.530029772971489339e-09
-4.148440529728525714e-10
1.006303771299645433e+00
-6.303771299551621035e-03
-1.744830435696667957e-13
1.451492310255952278e-13
-1.118938884002940975e-13
7.971428625986014140e-14
-5.227694336924632111e-14
3.138793230625394647e-14
-1.712250555226515004e-14
8.392981243236125880e-15
-3.634916830694663109e-15
1.352612575847856295e-15
-4.098790289015292775e-16
8.818708095287195781e-17
-5.874492269183676792e-18
-4.866446129261991083e-18
2.284728170137907445e-18
-2.696327410788306589e-19
-1.082176889482621002e-19
8.677139984152857366e-01
