5.166775129879360717e-01
-2.166986929579979917e-03
5.448564834212867783e-06
-1.606103260675095631e-08
5.199892279630817654e-11
-1.783971295462089900e-13
6.361668716506642411e-16
-2.335461722673604989e-18
1.947674140397295839e-20
-1.362356982762362284e-21
2.678277102606999027e-01
-2.282156223908069770e-01
3.715263245150072363e-02
7.657379733592589201e-03
-7.643702652831239203e-03
2.956081169967383643e-03
-6.266458392588094770e-04
-3.466600905702282832e-05
1.015328069351510124e-04
-5.258323019842560994e-05
1.597477699552212848e-05
-1.781989650123588021e-06
-1.266080301839734751e-06
1.006637452539947864e-06
-4.090722896790125683e-07
9.326637886835929552e-08
6.638283628436386478e-09
-2.208340595032843320e-08
1.042851850596590516e-08
3.659045551362279103e-02
-3.260797653605453789e-02
8.198183121123971476e-03
-1.489161480658890424e-03
2.190326594545803250e-04
-2.762339468385578107e-05
3.019677377893352162e-06
-2.675212444872339601e-07
1.226039217602628543e-08
2.184929878476153922e-09
-8.942105219246480705e-10
2.117827804696443233e-10
-4.203866764820149861e-11
7.594394440961169709e-12
-1.287360969365671210e-12
2.074607958576612599e-13
-3.194049906306529498e-14
4.783822697573567992e-15
-6.545281303811085141e-16
1.625979189746632305e-03
-3.018772723394516893e-03
2.422285198869724657e-03
-1.693876771631145891e-03
1.044009441700924573e-03
-5.744160198040384113e-04
2.858685806810911507e-04
-1.303783946930282649e-04
5.519343125913026601e-05
-2.195614682564991278e-05
8.303877016464918467e-06
-3.018123329734765277e-06
1.064254480165998092e-06
-3.669486639621853899e-07
1.244482434075795869e-07
-4.170741350555387126e-08
1.395869152863538515e-08
-5.059831770889206871e-09
1.490003366285211219e-09
1.625001415963911571e-09
-3.075778597264056976e-09
2.604266011072508685e-09
-1.965857072567433428e-09
1.314469029958086481e-09
-7.703186267336492366e-10
3.888629598018105153e-10
-1.641233818580187115e-10
5.460968054439223639e-11
-1.227432154951874591e-11
6.163453470402861091e-13
8.010303578944810761e-13
-3.009469232680906804e-13
4.151738187366883492e-15
3.020256699208902375e-14
-6.714169909531635152e-15
-2.313523456769467412e-15
9.904678927828881678e-16
1.567705951929431972e-16
4.711904550878077691e-01
1.357059053350535014e-03
-2.880176881465642242e-06
7.361973125028816622e-09
-2.096202335073889311e-11
6.408984691454666499e-14
-2.060917459392557513e-16
6.862750939807750720e-19
-2.678599164317544334e-21
-3.963103542617289763e-22
6.507481065650625451e-01
1.723895319167912665e-01
-1.959467657186888395e-02
-6.849715390041972822e-03
5.103049224850263535e-03
-1.713730880176743019e-03
2.739435046677217997e-04
6.215406306853768503e-05
-6.583827719332995074e-05
2.720437141127357523e-05
-6.225906956564879713e-06
-1.649418865605990208e-07
9.239177282835124040e-07
-4.942182207040015769e-07
1.515593532980550362e-07
-1.739754129234325796e-08
-1.140967798352976448e-08
1.006279617805569416e-08
-3.714413542836601515e-09
8.540386665891096518e-01
4.559577080413933226e-02
-6.916069103031846459e-03
9.994449150750779349e-04
-1.347965446003257615e-04
1.651673572797808873e-05
-1.743162075921925122e-06
1.334328725445743298e-07
3.846405636908255992e-10
-3.086681841261715817e-09
8.852676616220396628e-10
-1.878331793594500611e-10
3.475127827952812071e-11
-5.894237685931680112e-12
9.346337525117296596e-13
-1.394230972440279411e-13
1.950991648373149781e-14
-2.555910203553756567e-15
2.926344933382595861e-16
9.513572784561902251e-01
3.624824134793507707e-02
-1.350399764880339491e-02
5.029301373866787266e-03
-1.871999067959348494e-03
6.960916685446799299e-04
-2.584086257549267807e-04
9.568363956526308007e-05
-3.529895637840039022e-05
1.295659726387887682e-05
-4.724678583038361885e-06
1.708923201103416208e-06
-6.121495201807275998e-07
2.168249062419358378e-07
-7.583094025545135270e-08
2.616703076011271745e-08
-8.972999294449383291e-09
3.309614032491166986e-09
-9.810445050350404713e-10
9.888521219079552393e-01
1.111672247218747911e-02
3.106854744404720820e-05
8.682906698948433181e-08
2.426662200243942957e-10
6.781909688076900063e-13
1.897079093635538274e-15
4.152035570940143781e-18
7.386821456620738497e-19
-4.258832263627461078e-19
2.321532672872839272e-19
-1.163929914485996945e-19
5.311053154106016310e-20
-2.174352226372374007e-20
7.848061027230212924e-21
-2.368407209217741151e-21
5.503748613309425410e-22
-5.400924776354490950e-23
-3.502716003293560343e-23
1.299666823874854993e+00
-7.796935632847249928e-04
1.674427501434308659e-06
-4.423771576729915077e-09
1.316380223782368873e-11
-4.223482048898912381e-14
1.426051490199211338e-16
-4.985830769471678761e-19
3.962829968166001391e-21
2.024143186606190824e-22
1.196085365382256960e+00
-9.967272719587785823e-02
1.107936610639669202e-02
4.016726822168687275e-03
-2.898377893986696027e-03
9.627037049797187822e-04
-1.569219427491895297e-04
-3.171779869841120225e-05
3.589980782646360312e-05
-1.541113089176419912e-05
3.819114262269470674e-06
-8.034996605052866249e-08
-4.746270899418968100e-07
2.826483112104385801e-07
-9.630911044059127579e-08
1.570902336289568478e-08
4.822731033331152476e-09
-5.884656931381410233e-09
2.392276657947881475e-09
1.078613368987756171e+00
-2.601605093496229745e-02
4.091584329612503630e-03
-5.976412154251434282e-04
7.941930756445349921e-05
-9.344266837667022699e-06
9.132044563477573860e-07
-5.717002675079441714e-08
-3.255271288524190908e-09
2.123999230195726431e-09
-5.318413854313521103e-10
1.058654652723754970e-10
-1.879859415952888493e-11
3.096731028588053082e-12
-4.807720166577016051e-13
7.068622380500150865e-14
-9.813175636469171235e-15
1.286508105834410740e-15
-1.491262378483153021e-16
1.025132586237867516e+00
-1.919397534934436794e-02
7.326610156419528265e-03
-2.794645158559728396e-03
1.064574579955200823e-03
-4.046259700332649587e-04
1.532504394439487708e-04
-5.774320936411056764e-05
2.160215513686798973e-05
-8.006642431495150048e-06
2.933575986499690238e-06
-1.060250029662264073e-06
3.772479169667566378e-07
-1.319101108706936711e-07
4.525344440585447105e-08
-1.521431800536550893e-08
5.039789628583608950e-09
-1.772210605232593604e-09
5.064065383844783219e-10
1.005620889857982370e+00
-5.620889857982477172e-03
-8.331377878481088364e-18
7.204351622212952006e-18
-5.870665674769809126e-18
4.502230549156880027e-18
-3.243705812901380631e-18
2.190296131365090974e-18
-1.381881075576515664e-18
8.113165383755263709e-19
-4.408998631958837573e-19
2.201797489750593796e-19
-1.000220560857470990e-19
4.071684245414090309e-20
-1.449888697307362495e-20
4.319120423094390833e-21
-9.626602577834150517e-22
8.148719372327926338e-23
3.094925018677621128e-23
7.819682789310302695e-01
