8.661375876698694520e-02
-1.150708729642266773e-05
5.578068538539423061e-10
-2.512666644973795142e-14
1.126151562333059315e-18
-3.415773929700294060e-21
1.893028654569957174e-22
1.790665479846934943e-21
-1.132849307837113825e-21
2.300043718257272468e-23
8.152455265519492622e-02
-6.480292326096911970e-03
-1.327437468963755954e-03
8.264610550424148676e-05
6.820283308268995389e-06
-6.996621077133244816e-07
-2.422178621947880784e-08
4.940635647271700953e-09
1.621204974332976138e-11
-3.087114594916637952e-11
7.511298390820088299e-13
1.713925310981345437e-13
-9.536892728811542140e-15
-8.115362049517369594e-16
8.395392391016360990e-17
2.858884125509441314e-18
-6.966326653314469647e-19
-7.737790457389448413e-21
2.050652867621394037e-20
6.117431571958229647e-02
-1.285783618987674723e-02
-1.250700324595914860e-04
9.649355735406200431e-05
-5.280852519250856372e-06
-2.186067331201733065e-07
4.280737387935343212e-08
-1.557293702430401238e-09
-1.293178152376670437e-10
1.690906768076215492e-11
-4.280244167834924509e-13
-6.309283671265176038e-14
6.633138881703454945e-15
-1.076804931652357680e-16
-2.928262087880295640e-17
2.777287604401020527e-18
5.838581665485614885e-21
-8.306626501469378554e-20
9.081031017480243946e-22
1.296036444329446390e-02
-2.046183926435820102e-02
1.061770587159543457e-02
-3.682981119957638542e-03
7.410198897757781095e-04
2.679577673620690183e-05
-9.321456308781056975e-05
4.503137577673591653e-05
-1.385563421598971827e-05
2.784746615367901562e-06
-1.306704224429371792e-07
-1.890609166186128455e-07
1.085416206617972622e-07
-3.837493503937943553e-08
9.815014638290566324e-09
-1.549165909168298966e-09
-1.068992672586598144e-10
2.299161381156949859e-10
-9.442996152792769604e-11
2.684129286861335260e-05
-4.841803687199351208e-05
3.527465362097756781e-05
-2.024953022247116927e-05
8.630147081986406894e-06
-2.304388252618765259e-06
8.543856050185334330e-08
2.007594499384020393e-07
-5.409268980992632328e-08
-1.525912610095044047e-08
8.874599053474809200e-09
1.541548772707161778e-09
-1.376430560342116509e-09
-2.633755547778830569e-10
2.171112203135826389e-10
6.341768504672475789e-11
-3.187583522292565689e-11
-1.254593104135791245e-11
3.132126584882308952e-12
8.893307404696171314e-01
8.706176711861012885e-06
-3.945824280532015963e-10
1.774298581356321763e-14
-7.971626326372742611e-19
4.916835544708052689e-22
-4.326539344843839671e-22
1.109832726171611122e-22
1.815042402925966367e-22
-9.087116874532707781e-23
8.932030634019362259e-01
4.937282113373297164e-03
1.020478191639009793e-03
-5.849346760927033953e-05
-4.834017784465497053e-06
4.930813936573487492e-07
1.693422273337437643e-08
-3.501926572484626752e-09
-1.062721795766007987e-11
2.198409019377468112e-11
-5.352195622255710837e-13
-1.224042353955595356e-13
6.752565950655839168e-15
5.817783278988905385e-16
-5.902056629765229392e-17
-2.071412181405600122e-18
4.151776565990910681e-19
2.045020462209147934e-20
1.471518898424006680e-20
9.089991303708688797e-01
1.014673404500225293e-02
1.730542382415302231e-04
-6.909773792871710691e-05
3.635577138221813201e-06
1.501075653132081341e-07
-2.999548317269101598e-08
1.132533516280846227e-09
8.995609586272274746e-11
-1.213654511177078862e-11
3.157106365204153371e-13
4.540415825954182338e-14
-4.803322767041317631e-15
7.541162179500093081e-17
2.149388209216440568e-17
-1.903817889333191433e-18
1.245974450257138676e-20
2.011019207528301797e-20
-4.506551572035285142e-21
9.584341473007438328e-01
2.820482596209250917e-02
-8.616343505031586261e-03
2.163085805609733792e-03
-3.367304940130600431e-04
-4.150974448033145289e-05
5.946704052538956099e-05
-2.831664631607255171e-05
9.160530332141435998e-06
-2.022253052946151101e-06
1.609758888357416166e-07
1.116705739555658669e-07
-7.336194619804422554e-08
2.749357870901615048e-08
-7.379886767534989909e-09
1.265549855052589573e-09
3.484320016061111823e-11
-1.596785547674953861e-10
6.853507411805503910e-11
9.898974593637710484e-01
1.007695477374146061e-02
2.552576441585534893e-05
5.665973228910403766e-08
5.446718745060367308e-09
-3.068948275323309853e-09
1.528420322478444832e-09
-6.304437762052434188e-10
2.006542624808271311e-10
-3.990414817080015232e-11
-1.010535807227686949e-12
3.992200221134587443e-12
-1.174915143884210084e-12
-8.444540328610687215e-14
1.521881946134988832e-13
-2.354210581514964713e-14
-1.433441501571761575e-14
4.378994711275413476e-15
1.175970395615319182e-15
1.056718902301626350e+00
-4.382498703660327432e-06
1.916242883611076868e-10
-8.277520600898142144e-15
3.574888737756659817e-19
-1.174640677229316019e-22
1.094631656756586922e-22
2.704975819788403977e-24
-6.241235624650799724e-23
1.723839272553788782e-24
1.054764573757499990e+00
-2.493248845744104082e-03
-5.173111842194213009e-04
2.861491782084896936e-05
2.400460074105226420e-06
-2.330112391071874811e-07
-8.395022969294086985e-09
1.601231082753405204e-09
8.354414911122393042e-12
-9.766902600250148829e-12
2.097263868917579152e-13
5.317460149349199576e-14
-2.715326412159997935e-15
-2.497451806931917946e-16
2.356823521156337719e-17
8.730603017768224895e-19
-1.918796146753598195e-19
7.772756986779147444e-21
1.181467115886254041e-20
1.046739395132497252e+00
-5.179028652641345931e-03
-9.693459930072248249e-05
3.507059253664267115e-05
-1.726191127885247248e-06
-8.204449717758446055e-08
1.443074978057992338e-08
-4.735005840095919292e-10
-4.614089145827167459e-11
5.447124446323883808e-12
-1.087506460654408093e-13
-2.171473436723265478e-14
2.008368496885883823e-15
-1.748371223345974485e-17
-9.618408304386032756e-18
7.447572386961799656e-19
9.344445680230082923e-21
-5.661391859085444305e-21
-2.694974997049109959e-21
1.021232621088482562e+00
-1.458557114760958284e-02
4.477533910127136536e-03
-1.115697467463471057e-03
1.652682654011555785e-04
2.691733374781560834e-05
-3.265996503895820971e-05
1.493520565112812223e-05
-4.624803394233789978e-06
9.382118271276971966e-07
-3.600245877283870507e-08
-7.100388947022026834e-08
3.964792138059575581e-08
-1.361862524718808541e-08
3.294121261067481981e-09
-4.363462375383837010e-10
-7.888462436812587190e-11
9.077584818954788447e-11
-3.431543446397792767e-11
1.005089802010197042e+00
-5.089798397311860040e-03
-6.476264493499237524e-09
4.869216059192970840e-09
-3.235232937239495296e-09
1.877545909867173998e-09
-9.334354866016037310e-10
3.840451014798221058e-10
-1.216635862673469828e-10
2.388866021510497374e-11
7.897122500713642811e-13
-2.467567293439635623e-12
7.102377792843858589e-13
5.769074750956971521e-14
-9.400335024175517736e-14
1.389393680443373680e-14
9.020798374792325729e-15
-2.663342936384362012e-15
-7.540425865541819542e-16
9.444674969602737669e-01
