9.914290712456681476e-01
-2.113147719850931305e-01
6.604831153651331832e-02
-2.638304071913330495e-02
1.171108889404538604e-02
-5.574328578439316333e-03
2.869493090045779297e-03
-1.685106457218790406e-03
1.224186671454128997e-03
-5.266967521509190219e-04
2.596566423443184002e-01
-2.948815603458757595e-01
1.341979012048978570e-01
-6.356004445861922203e-02
3.276712082058287623e-02
-1.794659514196708314e-02
1.019185085829749961e-02
-5.916860217780199604e-03
3.483945558604878943e-03
-2.070911650063264435e-03
1.239012665991611091e-03
-7.447459013058467959e-04
4.493940922507984586e-04
-2.725293320143570668e-04
1.669910393496595315e-04
-1.049827463420284951e-04
7.018120177293005397e-05
-5.331431114994485777e-05
2.362305450702112020e-05
2.840017642831083391e-02
-2.227746075913043799e-02
5.011798813669531526e-03
-8.562590628370258953e-04
1.280838174763501214e-04
-1.828242654391719682e-05
2.610602139878943928e-06
-3.800634347436644802e-07
5.659295197884545192e-08
-8.595735422093962435e-09
1.326784494203452273e-09
-2.074485920416876861e-10
3.277270472438501403e-11
-5.221069538776934849e-12
8.375310216321231830e-13
-1.351262724637921173e-13
2.192303809092819278e-14
-3.673184628068056191e-15
5.845135443487103809e-16
1.708250023681992915e-03
-3.117084256144533969e-03
2.382271595294018548e-03
-1.548507343569717346e-03
8.726634228124042049e-04
-4.350826920740953987e-04
1.957849837001363568e-04
-8.107847222776260224e-05
3.148159766358979406e-05
-1.166455923172032964e-05
4.190204126427594155e-06
-1.478981060381672894e-06
5.181727310248772989e-07
-1.814410432629002999e-07
6.375165162488028471e-08
-2.255111193719681214e-08
8.134527217894023859e-09
-3.271853274944308656e-09
1.039970677216350304e-09
1.923642383853709447e-08
-3.602931468518557634e-08
2.953667385091679188e-08
-2.107215166508644218e-08
1.293564685099670293e-08
-6.698019725809797320e-09
2.820323096698938268e-09
-8.931077361409550053e-10
1.665146228769971977e-10
1.053218665776561225e-11
-1.762392976538992619e-11
3.666703013284103242e-12
9.908145744138610613e-13
-5.947736970364208963e-13
-2.473049944458783589e-14
7.729305287040050689e-14
-4.083116811727041895e-15
-8.810677610480949815e-15
8.826542084920990715e-16
1.962093603838978018e-01
8.464692884197227984e-02
-1.825708148755447735e-02
5.695035185758246660e-03
-2.096793854524201840e-03
8.576148992791013045e-04
-3.868199451964961016e-04
1.990530991868954386e-04
-1.233564160958114820e-04
4.837156958444592146e-05
6.937637334592587912e-01
2.465524696602958421e-01
-9.980649379159699242e-02
4.262930365716065956e-02
-1.939839800426855845e-02
9.285067324675704004e-03
-4.596826648267453644e-03
2.321996146597982667e-03
-1.184695795314102268e-03
6.056445543765563971e-04
-3.079479728874596513e-04
1.544394407405566842e-04
-7.551683029628235744e-05
3.530279820445057667e-05
-1.512148768284714219e-05
5.191329923126921088e-06
-3.670040006751124652e-07
-2.006981359072141209e-06
1.354281979111794009e-06
9.056508571267303243e-01
3.015096833422468633e-02
-4.697068056797469929e-03
7.119419733093465368e-04
-1.056043267183045246e-04
1.548597142763886555e-05
-2.267770587305115927e-06
3.340557156625546593e-07
-4.968776054151457307e-08
7.471237873020621815e-09
-1.135296496940254074e-09
1.741793858624881839e-10
-2.695168134580066343e-11
4.201665731366623548e-12
-6.593090780880968776e-13
1.040468182554210955e-13
-1.651280869048439653e-14
2.703748083418184942e-15
-4.212702660624620671e-16
9.690198461384319506e-01
2.329166409245915850e-02
-8.751855827412792152e-03
3.285849678708566320e-03
-1.231950368918017548e-03
4.608940934122833836e-04
-1.718994452288847273e-04
6.385651518871852928e-05
-2.360705793569575718e-05
8.680745973112215312e-06
-3.174658590218380123e-06
1.155048721644874111e-06
-4.183906855044780264e-07
1.510414354313483772e-07
-5.441784231968583218e-08
1.962196670311983700e-08
-7.179110084163223992e-09
2.917354910619662313e-09
-9.311425825205432667e-10
9.929622194269182023e-01
7.025402459090387269e-03
1.235634325004138153e-05
2.173245027580541567e-08
3.822422395415183470e-11
6.651241843838274565e-14
5.980339328072693678e-16
-2.964084934058547398e-16
1.679036159585887582e-16
-8.628519388829184820e-17
3.975904992802658927e-17
-1.611487802726886499e-17
5.560010721692400710e-18
-1.527661631957361663e-18
2.752329181013170956e-19
1.998022960378992066e-21
-2.231590378022930288e-20
7.294551502617393143e-21
-6.499676198117438825e-22
1.636521426751317954e+00
-1.426311909892626628e-01
4.362881954255198869e-02
-1.682751075238552926e-02
7.236527118863745646e-03
-3.356310504997394098e-03
1.686860599275016208e-03
-9.546912682819496320e-04
6.476393568465836246e-04
-2.667151453751690935e-04
1.183375012144302740e+00
-1.679900606776164040e-01
8.005689463876623779e-02
-4.115925947394304812e-02
2.248088399103205862e-02
-1.273423027782701923e-02
7.362520198426936342e-03
-4.307300458504441897e-03
2.537550794399458069e-03
-1.500968308186912282e-03
8.896244215373070056e-04
-5.276077008434457019e-04
3.128586754918026894e-04
-1.855775190868540149e-04
1.105310867669270336e-04
-6.694725125036683322e-05
4.268509024900245334e-05
-3.092231201590889137e-05
1.341968830596604770e-05
1.049299170453078744e+00
-1.630965708153587004e-02
2.600065461154348143e-03
-3.997359702131005272e-04
5.997224482061160630e-05
-8.927196568858659418e-06
1.337600235470816506e-06
-2.034075765994726804e-07
3.145888602588717385e-08
-4.940116099415189609e-09
7.853973656300961923e-10
-1.260689626546989719e-10
2.038720725260387284e-11
-3.316258020514892947e-12
5.419694437161970138e-13
-8.891405390333728765e-14
1.464489667893669123e-14
-2.488967747659260273e-15
4.006837011980848754e-16
1.015780173171470624e+00
-1.204738108648623421e-02
4.595363117745143375e-03
-1.750458897709321901e-03
6.652587483314667321e-04
-2.519534990300401284e-04
9.496365805562701715e-05
-3.557414507244448357e-05
1.323135894713729844e-05
-4.883560686542823642e-06
1.788876512543143428e-06
-6.508510878499403949e-07
2.355306742486223037e-07
-8.493249451854409521e-08
3.058505398799718869e-08
-1.103844682917381429e-08
4.051506059754384462e-09
-1.657578159525343344e-09
5.321406586677076761e-10
1.003530024980926028e+00
-3.530024980925209211e-03
-1.522068538621969026e-15
1.277655624129757972e-15
-9.978283397937341608e-16
7.233645533656128833e-16
-4.851860101858096090e-16
2.997579679253316970e-16
-1.695422964952843379e-16
8.703480055781614789e-17
-4.004771756243372751e-17
1.619993153180113899e-17
-5.572728432536009456e-18
1.523063481251260840e-18
-2.705965900325926564e-19
-4.057750460955265432e-21
2.284722706201583185e-20
-7.291848346120709330e-21
6.010160521817071426e-22
8.587203560883091003e-01
