1.583177178062055990e-01
-5.087829071292312505e-05
6.492951096555679423e-09
-8.156557044629795077e-13
1.051027494886751719e-16
-1.389743244233422625e-20
-1.837957764774821626e-22
-1.231945752771349225e-22
2.894241045416760323e-22
-1.765537732460623815e-22
1.383640857239746003e-01
-2.472222301144489862e-02
-4.146843753722744691e-03
7.069647404104826291e-04
2.125503087290074158e-05
-1.272286396545120791e-05
5.518923035095906815e-07
1.645418022479639339e-07
-2.105994389862902586e-08
-1.135652378050042842e-09
4.379046474348789452e-10
-1.443748208934761290e-11
-6.370052818419948186e-12
7.478298255701060201e-13
5.220588694578170489e-14
-1.729142416459321252e-14
4.529874298386788915e-16
2.691012748353331171e-16
-2.959803758415576626e-17
7.758919647133995234e-02
-3.092906666116968656e-02
1.893973603937990297e-03
1.563136239901928418e-04
-4.124675455030488532e-05
3.495133120198965153e-06
-1.118398113866515155e-08
-3.538798579532002823e-08
4.837247067445994242e-09
-2.765640260354976387e-10
-1.446335238771067047e-11
5.055951218423165689e-12
-5.509964626123286962e-13
2.142243406048568485e-14
3.188807136823667701e-15
-7.044016872549364742e-16
6.519578459331508529e-17
-1.166955532711343281e-18
-6.064995128142843376e-19
1.016149996740923003e-02
-1.759867672293030996e-02
1.160441311556395169e-02
-5.963954127744766631e-03
2.421532266094355863e-03
-7.663520531613976852e-04
1.716022665745480002e-04
-1.230921350236730894e-05
-1.256394255576460690e-05
9.005062282854550950e-06
-4.061252230400112228e-06
1.480879492565435381e-06
-4.611897253090336420e-07
1.215110897477883605e-07
-2.447124887214386849e-08
1.771084138768472706e-09
1.686205830312526357e-09
-1.466495083607128120e-09
5.894778372199674630e-10
1.862652551243128005e-06
-3.438214577872360299e-06
2.693931853955301103e-06
-1.772113878640989949e-06
9.565092376020464732e-07
-4.044019596329780937e-07
1.197259368827252503e-07
-1.531089443724487250e-08
-5.426220170778335221e-09
2.999340749445323221e-09
-1.066426989656024634e-10
-3.286884403058801288e-10
6.074114368248998183e-11
3.717345741038444311e-11
-1.116169041708689230e-11
-5.033303183346593860e-12
1.786116495659919304e-12
6.777247063042365269e-13
-2.419877176968005727e-13
8.054614891247390274e-01
3.775579404169306113e-05
-4.516578086078304974e-09
5.598872817147982550e-13
-7.123998850910027184e-17
8.898217532444022756e-21
-1.561415071072754924e-22
3.234653189944791501e-22
-4.106691940725633235e-23
-5.224953764143111397e-23
8.204700258963865123e-01
1.865788545385735006e-02
3.216678438801707802e-03
-4.949462053229790109e-04
-1.547149035005910167e-05
8.806855379007345828e-06
-3.736701685824963100e-07
-1.141681533157384061e-07
1.428351386959349047e-08
8.197412096059274518e-10
-2.962152496790792261e-10
8.466105734882127371e-12
4.338182931873169798e-12
-4.724162265954388057e-13
-3.793887571407340879e-14
1.102770565579798356e-14
-1.959829187578752463e-16
-1.742560819396859888e-16
1.685738914111730446e-17
8.682418718062424601e-01
2.547970483365554276e-02
-1.074199253094878896e-03
-1.239239330762341830e-04
2.824284645397923349e-05
-2.389970748005669793e-06
9.699517928685104293e-09
2.464665086684369450e-08
-3.414629989294947623e-09
1.933913567388489140e-10
1.109407935149775585e-11
-3.668798480008534792e-12
3.856201817950983723e-13
-1.270688432707767219e-14
-2.569417207145975357e-15
5.071652718305562460e-16
-4.258471865666340218e-17
1.663381608816692499e-19
4.596571231412167210e-19
9.490712112456234362e-01
3.706211605921370250e-02
-1.314645956787786028e-02
4.456903804829591767e-03
-1.400161347085331423e-03
3.858779342062197801e-04
-8.130121101430283254e-05
5.063529155347238488e-06
6.938669857056289976e-06
-5.167325401566947721e-06
2.491886969138843812e-06
-9.747620219166922490e-07
3.249483311934221858e-07
-9.178584378887412825e-08
2.036058494408908515e-08
-2.290954345607602679e-09
-9.348189861986407604e-10
1.004288298515969251e-09
-4.209385512028101521e-10
9.881432492120248989e-01
1.182150065088482041e-02
3.514535103580828052e-05
1.044648658016374103e-07
3.269637306277644750e-10
-9.995705279786696421e-12
6.598364083799263111e-12
-3.561459698386907213e-12
1.692835260836489681e-12
-6.906046313867867678e-13
2.306986183296578792e-13
-5.644570115031434009e-14
6.146357010983365304e-15
2.262766014872196461e-15
-1.358449113380027369e-15
2.383405889259105940e-16
6.014615015956049583e-17
-3.775051913864981165e-17
4.082948431413416381e-18
1.101556018206064858e+00
-1.916250744916238229e-05
2.176475694850790957e-09
-2.563728033634880246e-13
3.121277063018271747e-17
-4.246567528225543987e-21
2.012076255190855659e-22
-4.838646137557214060e-23
-5.560390863478587021e-23
6.367424545478149822e-23
1.093873229560931692e+00
-9.569459031851216754e-03
-1.674643816480750379e-03
2.440966359383456459e-04
8.618980786686922070e-06
-4.196639527938776464e-06
1.531011970445763948e-07
5.340359854482992583e-08
-6.110319618504251083e-09
-4.000171313795965534e-10
1.260293248980001984e-10
-2.836348001044094372e-12
-1.840768626906543931e-12
1.851790990723867011e-13
1.656942741445688386e-14
-4.378911247221088924e-15
5.691737811851408393e-17
6.949560930929389863e-17
-6.358848107944683379e-18
1.069026584636205923e+00
-1.341330143735354995e-02
5.241943030677433894e-04
7.057623189502093661e-05
-1.457163627937659038e-05
1.111323702623116039e-06
1.018728495723114791e-08
-1.281688927234176800e-08
1.555180377731963857e-09
-7.050070693135159907e-11
-6.961897750195077668e-12
1.682694983682598857e-12
-1.541154526760809473e-13
2.962078686579585537e-15
1.270053312758209551e-15
-2.094883981641857490e-16
1.529942255839463910e-17
2.125183663896936815e-19
-1.994428117798168608e-19
1.026259155149503721e+00
-1.951048308467493927e-02
7.032138535557597679e-03
-2.405065068296343474e-03
7.540811476762485956e-04
-2.035362671855534510e-04
3.978455359335605614e-05
-3.895891091729558498e-07
-4.762214162731877370e-06
3.126181750724517997e-06
-1.418170379211899319e-06
5.244156901803207837e-07
-1.632054646588744780e-07
4.151461168804765884e-08
-7.307852071341850391e-09
-1.179418230172415016e-10
9.057692434058740807e-10
-6.263155660622372774e-10
2.351722795553866452e-10
1.005981513532721916e+00
-5.981513521629578875e-03
-2.039317823547526860e-11
1.642001657376779228e-11
-1.207322859554594042e-11
8.068928744090201365e-12
-4.868133418900765311e-12
2.624428634413188517e-12
-1.244643963120494816e-12
5.060891387504276105e-13
-1.681485541294902587e-13
4.067783233464622718e-14
-4.190801025499305558e-15
-1.748085386476822768e-15
1.003606495943471719e-15
-1.683079060876683014e-16
-4.732370803354309244e-17
2.790378690585424533e-17
-2.726947048727968045e-18
9.047833532186534411e-01
