3.308358049487875041e-02
-1.355675196827958206e-06
1.898484248486630654e-11
-2.346174969119632721e-16
-5.670392247632332420e-20
1.623946423106941045e-19
-8.913996595367496290e-20
-2.541956329370120834e-20
2.909064874597151111e-20
7.248633399038069905e-21
3.244766072243471244e-02
-8.204347542972358770e-04
-1.829903362828825435e-04
3.230970988363447719e-06
3.429142563325888349e-07
-8.318396531452569469e-09
-5.463206155002314588e-10
1.795390712198083856e-11
7.923923217504003127e-13
-3.528116138991675597e-14
-1.037584880644630014e-15
9.902423185220892794e-17
4.609151439108344307e-18
-7.708925767795338468e-18
-2.934742842291247602e-18
-1.008575012499038401e-17
1.342183273327918052e-17
3.883707951967698085e-18
-1.011078267607960910e-17
2.942586087321969260e-02
-2.156350586835597063e-03
-1.267287897018240311e-04
7.804622875042737751e-06
1.056031008913722648e-07
-1.691037820989562652e-08
1.378516105780035486e-10
2.698375184254341214e-11
-7.650287059121605183e-13
-3.081118534956784275e-14
1.908994169285895816e-15
5.034043458491072599e-17
1.531996701953009220e-17
-4.627348309334214858e-17
-1.291558676076537444e-17
2.515346798212081393e-17
-1.555092950461808693e-17
-7.798991811431845468e-18
1.729956475708348238e-17
1.125310131913140159e-02
-1.289176488375439432e-02
3.250840419470249834e-03
-6.511897032070934285e-05
-2.253209910137120558e-04
7.745594602060843089e-05
-1.017661626677853470e-05
-1.499514245207843997e-06
1.059315580755598433e-06
-2.420416541590990256e-07
1.510084648306849933e-08
8.868907860120835488e-09
-3.591844316000733617e-09
6.253625991884153620e-10
3.338233811558213053e-12
-3.538800815909357990e-11
1.082856172060325781e-11
-1.315452719149416930e-12
-1.452828405869836312e-13
3.327504333407496065e-04
-5.683634385572869548e-04
3.453893306068918346e-04
-1.340938430330396495e-04
1.941413912740154563e-05
9.024764779617988256e-06
-3.906046609691778949e-06
-8.762215452818605761e-07
6.120584979033990096e-07
1.659059070050093101e-07
-9.277905115770395533e-08
-4.400874985034535887e-08
1.026793037851401239e-08
1.144944663284569660e-08
7.640401085606678433e-10
-2.402269839999123115e-09
-1.007107540505711810e-09
3.122530749724999981e-10
3.209939358099836808e-10
9.564417154960141998e-01
1.037516468465315685e-06
-1.344398337001989507e-11
1.655110054976880240e-16
-6.266175033517676517e-20
6.704784454216984993e-21
1.619011253814738658e-20
-8.166588493481757480e-21
-5.032565621883486860e-21
6.705346765992013951e-21
9.569293164048081612e-01
6.293464034954885690e-04
1.407430141443963517e-04
-2.288410666936253809e-06
-2.429559018618801180e-07
5.868112794674729067e-09
3.847297903212316301e-10
-1.278685216435609981e-11
-5.625372046529926704e-13
2.537502349068005772e-14
7.578812393231652068e-16
-4.950173748533359514e-17
8.109646482096301013e-19
4.864160856431362458e-19
-2.260279279841888461e-18
-8.693319107018471007e-19
8.927417187577161182e-19
4.763479046868540928e-19
1.174148071035524212e-19
9.592618202357339197e-01
1.672191113707869031e-03
1.018018536324859832e-04
-5.537931131491608935e-06
-7.626724580078737623e-08
1.186268597381212280e-08
-1.010449674393057477e-10
-1.898933289972490094e-11
5.528758964564097718e-13
2.171491073224724141e-14
-1.377716126915046364e-15
-8.599709690788154405e-18
1.925483140775222297e-18
-1.169598095447249681e-18
2.921945479194445324e-19
-5.991341824204714002e-19
1.327869727208795615e-18
5.679873452549689860e-19
-8.431730991199393652e-19
9.754341281159347732e-01
1.264848670343391400e-02
-2.035887329835081670e-03
-6.410431009879788520e-05
1.599214113127030699e-04
-5.130193590797894643e-05
6.948426711239392108e-06
9.250906871031094642e-07
-7.180019141993888080e-07
1.726718663030299176e-07
-1.257846360856778202e-08
-5.930101255115988022e-09
2.558850566075309198e-09
-4.657979919119862388e-10
3.055009037233080140e-12
2.482302946209680599e-11
-7.912285124641326748e-12
1.017728748724361108e-12
9.053244478302736914e-14
9.930318401961053532e-01
6.953653794662126644e-03
1.608895508081374808e-05
-2.467550834921514723e-06
1.254188842452804720e-06
-4.692458924978182804e-07
1.046626013697844729e-07
3.665116074366633849e-09
-1.160895682139854972e-08
2.521562037743543225e-09
8.914019267693072112e-10
-4.732302152094831332e-10
-6.690771151596799019e-11
7.523235629364302796e-11
6.846844130890081615e-12
-1.219564612707769536e-11
-1.529899211680286554e-12
1.682248334982820810e-12
4.141330749790074964e-13
1.021993686072625307e+00
-5.199345231358161945e-07
6.629511694280226872e-12
-7.996061421646853735e-17
8.389286180017787028e-21
-1.660108055947237281e-20
1.207023899432687304e-20
-2.572344814323449247e-22
-1.216583141502911682e-21
-6.902952679441755868e-22
1.021749243856817424e+00
-3.155267803881322088e-04
-7.059761592334985432e-05
1.129663228022331364e-06
1.201376160103457896e-07
-2.841876750446374690e-09
-1.870326169842698208e-10
6.062755327164665863e-12
2.686810839552915078e-13
-1.176725357541442315e-14
-3.549911399656003078e-16
2.150095079134658704e-17
8.086086612306275319e-20
4.612279696260422364e-19
-2.981725969325011303e-19
-3.974255635223185131e-19
1.291829176234694797e-19
1.106900370607739065e-19
-5.706342654477420538e-20
1.020578585189728660e+00
-8.398847945893686377e-04
-5.139966853349272528e-05
2.749207510944726557e-06
3.927839500947854973e-08
-5.816824508460785014e-09
4.473864839459634621e-11
9.227888202656202097e-12
-2.550277886611685779e-13
-1.060513524012861457e-14
6.312826781149588713e-16
6.146820415156005438e-18
-1.378699332758443278e-18
-4.705298373863714945e-19
2.813355492944317275e-19
3.890682139206108484e-19
-4.160924311841659866e-19
-2.274480271481370126e-19
3.760964470705394382e-19
1.012403916180321772e+00
-6.407340606589337871e-03
1.025333292087626455e-03
3.659357537760675228e-05
-8.179159511953384282e-05
2.574812143427709460e-05
-3.335336998187810732e-06
-5.143957701811727327e-07
3.636354218914775124e-07
-8.357061124767994402e-08
5.016354640241517654e-09
3.174425437113347410e-09
-1.255342999735778509e-09
2.101783762654366858e-10
4.254740298195108337e-12
-1.277090169469787427e-11
3.692904461176049666e-12
-4.001967738424575745e-13
-6.403165530708336006e-14
1.003502284501214037e+00
-3.501030586029862685e-03
-2.114521035667360325e-06
1.334739909769921966e-06
-6.719087390182542129e-07
2.508926076415954548e-07
-5.564816599597010481e-08
-2.148550390241018789e-09
6.248822036169668132e-09
-1.336512881785751190e-09
-4.860817780231733829e-10
2.534417711203164451e-10
3.717270444016553486e-11
-4.047377986038792754e-11
-3.875327544404130029e-12
6.576948864611220903e-12
8.569481932749597931e-13
-9.097928535349556743e-13
-2.273428012332231930e-13
9.777589485386685153e-01
