3.386837817112673399e-01
-4.641012917699863932e-04
3.102912488234972719e-07
-2.267170250248254755e-10
1.779489676145008140e-13
-1.467939216118220479e-16
1.256949548586797819e-19
-4.530996176844690350e-21
2.483667077378738392e-21
-3.252137136562900889e-22
2.297567021933348830e-01
-1.194087857550613641e-01
-1.961666831284787464e-03
7.382803293675888577e-03
-1.711790027109497516e-03
1.591687046275439192e-05
9.828413313720279663e-05
-2.841930647210732895e-05
1.850578936754136246e-06
1.323032925280446235e-06
-5.149922847953367344e-07
6.374547880237467653e-08
1.644665363600098845e-08
-9.482944371078199073e-09
1.735907480995414465e-09
1.462569184813136110e-10
-1.699381403085216398e-10
3.864597450494871438e-11
-1.779662257425861880e-13
6.008965314436131439e-02
-4.439439837336824068e-02
8.544970881436525154e-03
-1.047738882224693788e-03
7.363099184852037334e-05
2.292704746187697148e-06
-1.853043905598195002e-06
3.991295808953976944e-07
-6.285376272412962974e-08
8.039874686443739901e-09
-8.098327129459078605e-10
4.789630797036055352e-11
3.951331257416043556e-12
-2.014273711481627354e-12
4.481437747643528386e-13
-7.639636668036775982e-14
1.083564440447752351e-14
-1.266159369179209717e-15
1.063045602037034363e-16
3.787169508325017447e-03
-6.934316609340736987e-03
5.345489547503511421e-03
-3.509578056951359170e-03
1.991216276431041765e-03
-9.911148572848654630e-04
4.389884079317607100e-04
-1.752287784362804792e-04
6.369893325650802880e-05
-2.124230131568757105e-05
6.511598985056428983e-06
-1.819824003270509780e-06
4.489613850161552075e-07
-8.739188368621581954e-08
6.045378888990079351e-09
6.332653609437502086e-09
-5.236778054033557229e-09
3.285476659739909726e-09
-1.264535415655042885e-09
2.071421637662117818e-08
-3.897282503947489330e-08
3.239635995408915658e-08
-2.368184207311191271e-08
1.508652348965941517e-08
-8.246991103653879911e-09
3.765548946527090227e-09
-1.363152643517556776e-09
3.439316273047268856e-10
-3.111410507086778873e-11
-1.795212892272610024e-11
8.255091134912977657e-12
-3.982781754218612056e-13
-7.869620728702482191e-13
1.980191933631291698e-13
6.228171602908339035e-14
-3.411697075744833173e-14
-4.302872976886903912e-15
4.967597991940583694e-15
6.211688521491949277e-01
3.211998439229620428e-04
-1.945458197337319201e-07
1.322370202551826461e-10
-9.648738475333416158e-14
7.399670084351858450e-17
-5.790044728161288830e-20
7.950911986490205525e-22
-1.263409760874711057e-21
7.458816989775976056e-22
7.011212423967474461e-01
8.915555357388202373e-02
3.396212521857754508e-03
-5.135048805090851320e-03
1.085276893909686326e-03
1.040833961495211825e-05
-6.559598656040792309e-05
1.694232333023680935e-05
-6.101115074352021559e-07
-8.904839967310908197e-07
2.895084328949239050e-07
-2.476317089288094418e-08
-1.190535503762343209e-08
5.106887615003050803e-09
-6.931624035639585955e-10
-1.433092091111925612e-10
8.970711145465014229e-11
-1.496123343716069522e-11
-1.444865682414558638e-12
8.420472597578150253e-01
4.590689523181435555e-02
-5.908847888371508358e-03
6.132846943748842703e-04
-3.848689394433753075e-05
-2.352170210253432515e-06
1.320848227841391972e-06
-2.800836439385485943e-07
4.374900648856768295e-08
-5.433533242139676684e-09
5.011593580445660185e-10
-1.835380291339451432e-11
-5.449168883237508474e-12
1.776738456564516725e-12
-3.474695421610660874e-13
5.348704670841294860e-14
-6.710096780090084466e-15
6.290970914626023901e-16
-2.580237610324616774e-17
9.461149103367975099e-01
4.000914107940046344e-02
-1.483396292875894910e-02
5.485941315473921547e-03
-2.019559390532419969e-03
7.378274775014697154e-04
-2.663984829638131949e-04
9.454574894561164767e-05
-3.276048535584090416e-05
1.098867251540057021e-05
-3.527070506218398578e-06
1.064325292829113512e-06
-2.922439594398359296e-07
6.747395208987209869e-08
-9.447375670857976182e-09
-2.209931417883818624e-09
2.939072184885095078e-09
-2.102122579074251399e-09
8.449787475703060774e-10
9.876106136951681158e-01
1.235089284618366874e-02
3.837386060555484431e-05
1.192264544839925788e-07
3.704339855610525183e-10
1.150257925297940724e-12
4.037893576729814166e-15
-2.861464710194282042e-16
1.768244821919404866e-16
-9.659055278235104941e-17
4.806512802433767503e-17
-2.151500772235498625e-17
8.498224731427396099e-18
-2.866247594213490479e-18
7.718348726529274620e-19
-1.362734386237017518e-19
-1.471180710151319006e-21
1.204564663206591941e-20
-4.124895170338470269e-21
1.206140560426513852e+00
-1.696257270095437829e-04
9.796549275362374409e-08
-6.465360234457757060e-11
4.660268060673869132e-14
-3.574586754871306675e-17
2.798047681865790346e-20
-9.660502645096124487e-23
8.834520753812234018e-22
-6.523361748168198804e-22
1.162904447781237360e+00
-4.850222985258061115e-02
-2.189316006460883656e-03
2.757573496958801943e-03
-5.423868673146848684e-04
-1.262607497617992502e-05
3.328842715317227992e-05
-8.073458907209442434e-06
2.153222699077740211e-07
4.330797680261655522e-07
-1.357891653768545821e-07
1.125779161524753640e-08
5.576010888204778286e-09
-2.384118809031762042e-09
3.322569903616301086e-10
6.310079195955226281e-11
-4.169237989156246134e-11
7.387488716184292056e-12
5.190334831954726095e-13
1.084977490284031898e+00
-2.578210761722138020e-02
3.336768040615616278e-03
-3.311306358065333540e-04
1.684595076357907445e-05
2.142123418766352031e-06
-8.161019775153146027e-07
1.546871928930112149e-07
-2.207711155668643979e-08
2.480353151269213309e-09
-1.932315654838506203e-10
6.137469676011409965e-13
3.587775033188381489e-12
-9.201950830430802265e-13
1.635428784837022968e-13
-2.354973023900339034e-14
2.772507741348577216e-15
-2.356093620848023038e-16
5.412493115043254167e-18
1.027928947073018628e+00
-2.129630199791821346e-02
8.101304846471374041e-03
-3.068864748610121949e-03
1.154083331955090344e-03
-4.289819703276934030e-04
1.567087627275706686e-04
-5.585827462422290478e-05
1.925634657122839082e-05
-6.347152221862306842e-06
1.967521653767820430e-06
-5.574433854002279292e-07
1.354657672445967566e-07
-2.264871709074533192e-08
-1.650152893563393147e-09
4.089233349494717741e-09
-2.723128885796483713e-09
1.584641944383882068e-09
-5.923611019637117286e-10
1.006252734910299873e+00
-6.252734910299080281e-03
-1.610576243287633160e-15
1.369566453181909249e-15
-1.089632373780108537e-15
8.096085960173546754e-16
-5.603532581050406644e-16
3.600344135104196880e-16
-2.137514633932416296e-16
1.165262348905974463e-16
-5.782055393245097433e-17
2.578451747597791907e-17
-1.013162621044241504e-17
3.390308473550147190e-18
-9.001778528947781925e-19
1.530017562412349621e-19
4.852578182945924457e-21
-1.490053894340619155e-20
4.904202279627907466e-21
8.277443598549303339e-01
