1.280368010835865877e-01
-3.001948889372343617e-05
2.751660844210758366e-09
-2.484305868901696444e-13
2.322651628437218167e-17
-2.135339341049086359e-21
-5.013455669756443150e-22
4.053435073957612870e-22
-1.014601934625626687e-22
-3.739187776207686750e-23
1.156273688344900824e-01
-1.556234716691203522e-02
-2.864151638463937645e-03
3.416856436716337263e-04
1.798565604750259963e-05
-4.931322216907244099e-06
4.790018038939736108e-08
5.606360444095767391e-08
-3.736954208481935746e-09
-4.765231246689654083e-10
7.514841620401528052e-11
1.610377959360151526e-12
-1.076934902699509521e-12
4.450463272381390764e-14
1.167952842450501914e-14
-1.322965307798695413e-15
-7.761725579962602730e-17
2.262557759087005113e-17
-2.575713207738115310e-19
7.338708780737059068e-02
-2.359001109264826507e-02
7.703964692228660888e-04
1.669672265910753190e-04
-2.396200903454836641e-05
9.789247413319466264e-07
1.022291469645955438e-07
-1.920302299556926067e-08
1.233957741152108335e-09
2.698616212453903645e-11
-1.393029942638051092e-11
1.395250016284132334e-12
-3.986345039890405493e-14
-8.146970811639790750e-15
1.381829441347856534e-15
-9.316613911899025376e-17
-1.892735078020826248e-18
1.196496987727029600e-18
-1.346955056916480183e-19
1.153755919019996273e-02
-1.945590550578562422e-02
1.194453765033983393e-02
-5.483084857849785179e-03
1.879970500097368370e-03
-4.419813660678079928e-04
3.401838992332055901e-05
3.098390805560879226e-05
-2.159207636536584628e-05
9.088651133081279151e-06
-2.963728230673017878e-06
7.689483658143042940e-07
-1.405827437540588288e-07
2.935118303766920094e-09
1.263875602182581710e-08
-7.660412447433874369e-09
3.193247317812871144e-09
-1.163883337852056078e-09
3.141789199371868426e-10
5.431150413203444814e-06
-9.949627470333467883e-06
7.613066944463473085e-06
-4.794774208007296194e-06
2.407819968706440791e-06
-8.984999141163920260e-07
2.017232476586993621e-07
4.467375834699676869e-09
-2.049001294668364118e-08
4.415775091950989095e-09
1.530844304998844746e-09
-7.723963700730565930e-10
-1.252997466568181820e-10
1.176609135753229484e-10
1.555192277178982172e-11
-1.834378681431037637e-11
-3.504927453418893207e-12
2.482394858839651742e-12
8.857399241832677705e-13
8.413780249439680725e-01
2.209088073181445457e-05
-1.859685182364736956e-09
1.610961965385908006e-13
-1.433104586106786438e-17
1.092083133205444273e-21
2.698393031359461007e-22
-1.346524392143073718e-22
4.254241439610349440e-23
7.044328251740435952e-24
8.506235045617029922e-01
1.162847987474114990e-02
2.187171909556175509e-03
-2.340255950213303131e-04
-1.283774642381289273e-05
3.288601646234855120e-06
-2.054609305902191488e-08
-3.684482217575754278e-08
2.181798968624935705e-09
3.175112574489877616e-10
-4.336674948370458927e-11
-1.435996914681360068e-12
6.106594014551034948e-13
-1.690175250105206840e-14
-6.658453359738779104e-15
5.984328158698100933e-16
4.988983035236643096e-17
-1.044333348851829779e-17
-5.418911318507093053e-20
8.832961842607741643e-01
1.889211109134931663e-02
-3.492668118945581887e-04
-1.239274058690625012e-04
1.624941396843141979e-05
-6.319689032280157684e-07
-7.434973757706590445e-08
1.337410219148158884e-08
-7.930967097193607864e-10
-2.995731541855815933e-11
1.021732933053418248e-11
-8.725204416104005676e-13
7.533426244956216356e-15
6.935492000847267229e-15
-8.621989933443716390e-16
3.668563742576124401e-17
3.609995573432862961e-18
-7.655013548073265278e-19
5.982690217882587016e-20
9.523482973601123946e-01
3.409482399329386015e-02
-1.165805677170572534e-02
3.680282264708569298e-03
-1.009327630611264780e-03
2.065082212615817515e-04
-9.208376115881102805e-06
-1.913619548718907648e-05
1.300403495755406796e-05
-5.753490500969149587e-06
2.006487094546455004e-06
-5.619374731929902695e-07
1.146210459256007942e-07
-7.135891140698285572e-09
-8.069318516474072773e-09
5.535439781680956237e-09
-2.433024884017268576e-09
9.219919209255061344e-10
-2.549968830499333154e-10
9.887900744262374531e-01
1.117842151247449255e-02
3.141565766367545459e-05
8.805535681586390597e-08
4.141007286576074532e-10
-1.054952482513672450e-10
6.044446129401958783e-11
-3.014713882066097164e-11
1.285272515444838743e-11
-4.472053653199490787e-12
1.139346812358503612e-12
-1.332989275550922577e-13
-4.419832088391383846e-14
2.767586458971509183e-14
-4.682758524605802123e-15
-1.457323765499214152e-15
9.000562993844255582e-16
-2.084605557905266162e-17
-9.543626117328279514e-17
1.082113338915914991e+00
-1.114073902850782550e-05
8.918674849490816639e-10
-7.304685324873673582e-14
6.132214400527431923e-18
-4.409793733500265996e-22
-1.103533588437173241e-22
1.581254036136102150e-23
2.931117221578619827e-23
-1.858155938333742294e-23
1.077421934539766202e+00
-5.908741455747354258e-03
-1.122354380069176321e-03
1.142665617866707380e-04
6.615820053873984733e-06
-1.543099179529906757e-06
2.562483906653339605e-09
1.676035495668694364e-08
-8.662197402750532834e-10
-1.436408716239926129e-10
1.722825838990681106e-11
7.480655046738028930e-13
-2.392121165280380397e-13
3.936015298475034512e-15
2.617843046548006405e-15
-1.871368248300376002e-16
-2.139434937607447229e-17
3.355467025108150226e-18
9.052393304840608934e-20
1.060630081530086422e+00
-9.800136952285183958e-03
1.543049703316828338e-04
6.605315355256199516e-05
-8.062287076230054996e-06
2.593800279364389979e-07
4.104173041715588267e-08
-6.352294726964408835e-09
3.162568241757453558e-10
1.987706012883241037e-11
-4.779451107076519664e-12
3.466540133201105873e-13
3.230501472303243956e-15
-3.371312539956274905e-15
3.474419087133754886e-16
-9.090102859744970661e-18
-2.088850435583787085e-18
3.217055432994595910e-19
-1.926996241945261515e-20
1.024484867425084156e+00
-1.782899404562468190e-02
6.167547375205655394e-03
-1.952448052513284160e-03
5.290552700528697782e-04
-1.026917010714093235e-04
7.338220857617830338e-07
1.192118477935846545e-05
-7.426191666919850030e-06
3.125502449337645827e-06
-1.032277603013186625e-06
2.662353813279028722e-07
-4.469406136543959936e-08
-2.207388311949713387e-09
5.968104278096556223e-09
-3.234917763189217787e-09
1.265148514495878934e-09
-4.272634927044783524e-10
1.072553721080966252e-10
1.005652441026476218e+00
-5.652440916005254182e-03
-2.014254656689822513e-10
1.586212607113209083e-10
-1.129003522455136056e-10
7.216624547940504009e-11
-4.102253823951125371e-11
2.042378726048024849e-11
-8.683922290973583955e-12
3.008214246475356139e-12
-7.594138253227161342e-13
8.519110739276947492e-14
3.128378381839058234e-14
-1.882172492701735398e-14
3.057015603984532614e-15
1.037019067217257073e-15
-6.128262114809687429e-16
9.220023577565667116e-18
6.638875916675946292e-17
9.215939379281620214e-01
