8.111619753573176550e-02
-9.919097338327112173e-06
4.424075780058007703e-10
-1.840910723150345409e-14
7.676731765763580645e-19
-6.601986712692607589e-22
-1.933189551144511394e-22
3.595079843846536475e-22
-2.900039003626818253e-22
1.638977583566241756e-22
7.670091007451240728e-02
-5.630337735104361946e-03
-1.164625488209742677e-03
6.649681086846954601e-05
5.652039531149333377e-06
-5.245131494367513279e-07
-1.974569644608865028e-08
3.481945132769452363e-09
2.423591931480335509e-11
-2.067643654774741869e-11
4.080657363314277114e-13
1.104941980066911997e-13
-5.454539721233001163e-15
-5.126070150637176819e-16
4.742228944639129210e-17
1.787843034106331551e-18
-2.865452094877637879e-19
-7.955950048506440404e-22
-2.428623588980841165e-20
5.872957377404921381e-02
-1.150542877815770304e-02
-1.698052586204021168e-04
8.394584421226156297e-05
-3.943906958700712756e-06
-2.137819150303770210e-07
3.282327609545892319e-08
-9.018617372953133940e-10
-1.092024552390623673e-10
1.137412718203076753e-11
-1.732589173148771980e-13
-4.675382970475635591e-14
3.970973476120081590e-15
-2.192433864559628265e-17
-1.936340799120816571e-17
1.445181999246118747e-18
-3.635920890026933251e-20
4.540658075824433267e-21
1.810043677975535857e-20
1.302402215462706604e-02
-2.027223777516691527e-02
1.016304996884655198e-02
-3.320135044969019927e-03
5.752939490829359894e-04
7.137734833803517892e-05
-9.588037016724295118e-05
4.081122593107899344e-05
-1.118502888247678554e-05
1.793672403106779966e-06
1.178393555332134255e-07
-2.177086998612842774e-07
9.763221187422760982e-08
-2.938589153617444061e-08
6.061090538747672263e-09
-4.449522543315075403e-10
-3.135238941291978625e-10
2.171535881604426378e-10
-7.251507495775112253e-11
3.407578288841245221e-05
-6.127941777605673079e-05
4.420683849000780336e-05
-2.489630930877453313e-05
1.023567201354949072e-05
-2.504520177221376021e-06
-3.361083465270167452e-08
2.601190717485114689e-07
-5.075103743306413389e-08
-2.440759988705353726e-08
9.304642179885969874e-09
3.008426752769584655e-09
-1.465839170714476634e-09
-5.287520350232543491e-10
2.155949520630575204e-10
1.146127290402195093e-10
-2.344670975620560854e-11
-2.063327327672927687e-11
-3.351177966413896651e-13
8.962786647916265448e-01
7.478041315417290217e-06
-3.096203700219270133e-10
1.271012877565365797e-14
-5.218212681843765198e-19
3.205552194736547962e-23
-1.062093260319894287e-22
3.146225378918292915e-23
1.062917075114491187e-23
3.097406533019037451e-24
8.996263299947159231e-01
4.274504601562534312e-03
8.920000375431484923e-04
-4.664846133601327998e-05
-3.984227301464429587e-06
3.633177527921896798e-07
1.381235891000298443e-08
-2.397202617042661022e-09
-1.893425948110151709e-11
1.409955834900071292e-11
-2.494264864813568836e-13
-7.453086258119051562e-14
3.371849313438120369e-15
3.448759855369555580e-16
-2.882085870915819823e-17
-1.257244229548049283e-18
2.028006547805315423e-19
-1.798817290916524637e-21
-1.753463312001988653e-21
9.135194251875625726e-01
9.034758424353897879e-03
1.955134675436997159e-04
-5.988835035309451757e-05
2.681036790774895896e-06
1.495305480475180377e-07
-2.287586835487777428e-08
6.245882833655268048e-10
7.801585603110998299e-11
-7.968372920935038555e-12
9.936156079595837090e-14
3.430093758770860483e-14
-2.678049235195174385e-15
-5.059803441600698502e-18
1.412069040512008580e-17
-8.846172274692454162e-19
-1.406886523791656100e-20
3.261971050947065816e-21
2.206490274080532558e-21
9.597265677795533412e-01
2.700160292327322131e-02
-8.039904056736605492e-03
1.909104157433248305e-03
-2.443283137868507604e-04
-6.523116846131340693e-05
6.113820001809777054e-05
-2.599803035513127491e-05
7.529391351585910407e-06
-1.354529285813657884e-06
-2.682393304764048237e-08
1.406850999754090032e-07
-6.859243531263038406e-08
2.171829171753102271e-08
-4.724256146863465527e-09
4.229226761737171233e-10
2.148444618540757840e-10
-1.634103703399482013e-10
5.623300900863761498e-11
9.901402611458315350e-01
9.835364964206300825e-03
2.432168474045360787e-05
4.651869582324449667e-08
9.022593388124351799e-09
-5.052075784925810927e-09
2.443878179599229960e-09
-9.646629196610348644e-10
2.842159219156704746e-10
-4.564381149525234843e-11
-6.952340299931505983e-12
6.655520472962940282e-12
-1.338093669309884855e-12
-3.530878296383582037e-13
2.372617386885062551e-13
-6.458740988934428311e-15
-2.934947905051658396e-14
3.976384781341106991e-15
3.358043881632365933e-15
1.053071720103605058e+00
-3.760702889063212848e-06
1.503738177793046328e-10
-5.930134631281008286e-15
2.336721370329729104e-19
-1.107437963075668117e-23
-2.509072539243494595e-23
2.566545300245408881e-23
-4.114696660131589599e-23
2.801638301778431643e-23
1.051384254817740338e+00
-2.155773517083225781e-03
-4.513988392000767703e-04
2.280750958021398358e-05
1.973846427267871647e-06
-1.715894148761451339e-07
-6.793854914889007396e-09
1.094207214429358898e-09
1.096294454815435360e-11
-6.238695921281371725e-12
9.214226952916912040e-14
3.214654597016092372e-14
-1.313956090651669386e-15
-1.466109280531170818e-16
1.111787713309617632e-17
5.441717074895154109e-19
-7.807140631748009638e-20
-5.557276604585811017e-24
1.514152453474798885e-22
1.044338753030995548e+00
-4.600957980167358005e-03
-1.065831087977884791e-04
3.026773376674601304e-05
-1.263967879812058683e-06
-7.919717507763998350e-08
1.092899715764364157e-08
-2.487990151588477999e-10
-3.890354549619649187e-11
3.532367837842902095e-12
-2.199914647367503630e-14
-1.602222705911923420e-14
1.093309866679256724e-15
1.178143496378252784e-17
-6.208093011404471654e-18
3.285354760853117136e-19
1.213088931486052280e-20
-9.296392985177049017e-22
-8.481068654388575824e-23
1.020550618365879902e+00
-1.393615401669990976e-02
4.165444250189075104e-03
-9.798908525505199522e-04
1.172144865473619493e-04
3.848271403625180565e-05
-3.300860539174363899e-05
1.352867506504085434e-05
-3.736883151611505838e-06
5.981249130091977119e-07
5.143872713181052641e-08
-8.103448719974729898e-08
3.558782819741307761e-08
-1.035833331952936323e-08
1.964121008142507399e-09
-5.823360293481680528e-11
-1.449549809034471884e-10
8.424200015178107899e-11
-2.631057639824401582e-11
1.004966564822318498e+00
-4.966558678448188512e-03
-1.097570241179641899e-08
8.175096763575146229e-09
-5.355565599702447198e-09
3.045738680893820953e-09
-1.470747045088751601e-09
5.789521777601566600e-10
-1.696634610596359351e-10
2.675248015973642634e-11
4.416307122126356121e-12
-4.031654964696122247e-12
7.888178516587772670e-13
2.213760645824657246e-13
-1.434194140645475535e-13
2.898962834409316690e-15
1.798724762231876926e-14
-2.326016303437885953e-15
-2.075508474411348792e-15
9.478714636709683061e-01
