4.861295970525051358e-01
-1.911487188052385204e-03
4.793136489143031274e-06
-1.386157211255491713e-08
4.279040034290134450e-11
-1.367377369540667911e-13
4.463959689335903680e-16
-1.510544083373604231e-18
-2.855426151633035001e-20
2.766247685957815147e-20
2.634525989323232564e-01
-2.061353595034118302e-01
3.089155476083584040e-02
6.720894027582452641e-03
-6.526472408142944097e-03
2.598403894965134551e-03
-5.857009393339291953e-04
-1.985604863817481126e-05
9.183701985659051509e-05
-4.939747231841434128e-05
1.506152860333840006e-05
-1.468556659792935090e-06
-1.364839641778326034e-06
1.006316067043624051e-06
-3.802549660675903655e-07
7.076081453347913232e-08
1.605677562388349756e-08
-2.307238597386685680e-08
9.671728926764401606e-09
4.472232132693825662e-02
-3.609398855994680466e-02
8.117736126200971944e-03
-1.319725205424985724e-03
1.751071640270932342e-04
-2.025987638785884629e-05
2.094935858031002994e-06
-1.867159699279381819e-07
1.119057217227503341e-08
6.379022986803778294e-10
-4.375427374933446751e-10
1.189793933820746386e-10
-2.635201226641490630e-11
5.288907016676257017e-12
-9.940236966188672925e-13
1.771174735949631618e-13
-3.006863225593741214e-14
4.979288120927613691e-15
-7.483850058470984931e-16
2.472893796571347391e-03
-4.545173587448535571e-03
3.543668256241877361e-03
-2.370737674474902076e-03
1.381391615052014570e-03
-7.124298854697910148e-04
3.304835970178459270e-04
-1.400673756003847643e-04
5.506141518597018532e-05
-2.036708202141495223e-05
7.185112246028321172e-06
-2.447031559236330086e-06
8.128672877839260324e-07
-2.654815025176523418e-07
8.571417250022847340e-08
-2.745844552765747680e-08
8.804738673852999028e-09
-3.054400454548235907e-09
8.738632547967643529e-10
1.046650029584230392e-08
-1.970344549955197834e-08
1.640735703300204534e-08
-1.203099807963929636e-08
7.700824949453463792e-09
-4.239248128262535207e-09
1.956166071310314419e-09
-7.205132543545393360e-10
1.884211886989553857e-10
-2.052436003849651436e-11
-8.292442413603362339e-12
4.353899084938138173e-12
-3.470309281468446234e-13
-3.765253879879534850e-13
1.126762085949096891e-13
2.613317601872110570e-14
-1.801151313402554548e-14
-1.450814257248714693e-15
2.536127340457897606e-15
5.813720441189343946e-01
8.619648460477554027e-04
-1.600908515693493899e-06
3.777926960199166588e-09
-1.014324373506776956e-11
2.937097716256570341e-14
-8.916960019912362919e-17
2.816011990386332219e-19
-1.151285929034579956e-20
6.306171335109608508e-21
7.093342223637461030e-01
1.270629789772052820e-01
-1.004225154472890638e-02
-5.748087937762715385e-03
3.301724510984913475e-03
-9.437720172184640164e-04
1.105993286401413755e-04
4.802798942408958782e-05
-3.726665679886214267e-05
1.380218664691135050e-05
-2.757735800259180787e-06
-2.689607220492767434e-07
5.113054537496841524e-07
-2.489160437298550189e-07
7.004318623600902865e-08
-5.198864189846962309e-09
-6.828407113454813865e-09
5.079202358376620995e-09
-1.760129082198283388e-09
8.698580365457669883e-01
4.005845613411240097e-02
-5.822298926190936502e-03
7.775229621259418513e-04
-9.256313064037217865e-05
9.295668394731880632e-06
-6.538302049591583756e-07
-8.248945951180737548e-09
1.518070192777740460e-08
-3.963102420746528559e-09
7.807178247041819095e-10
-1.351115767373084385e-10
2.156629370303742892e-11
-3.238955037159073276e-12
4.609793966765733619e-13
-6.206214986708702909e-14
7.806874602482817964e-15
-8.940396847740478392e-16
8.416909910798300514e-17
9.565447127316564213e-01
3.245840923328397604e-02
-1.211538493667978569e-02
4.517177319927442002e-03
-1.680860850882385333e-03
6.233894662022001262e-04
-2.300268470819027869e-04
8.426293583265102405e-05
-3.056691352395247963e-05
1.095165989629160454e-05
-3.865264874772661260e-06
1.340423562752006053e-06
-4.555961771812806470e-07
1.513694214383341526e-07
-4.900096142402076990e-08
1.538572341531087567e-08
-4.668527538450284990e-09
1.438259083027708507e-09
-3.644813861148665681e-10
9.900649223092226059e-01
9.910339796465316223e-03
2.467629807369276502e-05
6.144286638319566053e-08
1.529901760110977956e-10
3.807772342852985513e-13
1.060359878470410892e-15
-6.991252769768632374e-17
4.322355805552932485e-17
-2.377153679755523819e-17
1.192914025986440974e-17
-5.397691915856493819e-18
2.163060714902786740e-18
-7.448430570398462287e-19
2.076603198005572361e-19
-3.991174147283965427e-20
1.270077089251229871e-21
2.844409443293460637e-21
-1.098461287315502484e-21
1.217181390600971191e+00
-3.499704937951184135e-04
3.800602345935671043e-07
-2.111552973449939922e-10
-1.212039607290536794e-12
8.261995508905467887e-15
-3.816402160959502420e-17
1.565161314059911265e-19
-8.203491296501011076e-22
1.537504394480771071e-21
1.154413957011758862e+00
-6.460527151261792611e-02
3.102379482533398382e-03
3.506415332955758156e-03
-1.559108643814566134e-03
3.053475998580707971e-04
2.369575183983355378e-05
-4.155057860201278512e-05
1.558361020729733275e-05
-2.129853950708940913e-06
-9.609072423183003644e-07
7.413000479005155198e-07
-2.325278155553090761e-07
1.108094749517462029e-08
2.898662210196743294e-08
-1.724965227754681320e-08
4.769176476510430950e-09
5.866896944808465103e-10
-8.725383286185613033e-10
1.069232697138415178e+00
-2.218470946527344168e-02
3.263340503617118919e-03
-4.264274393202312371e-04
4.754134003745240990e-05
-4.088809160230122666e-06
1.470846297560064729e-07
4.092833246897195501e-08
-1.389149011604936770e-08
2.959851536962775706e-09
-5.323018377047131176e-10
8.680542596617978173e-11
-1.314376030180443341e-11
1.854197398853639176e-12
-2.406223215630933000e-13
2.762212762186096259e-14
-2.481619616657262609e-15
5.994410545198951031e-17
3.890225696676709969e-17
1.022369142592939983e+00
-1.707340483882040585e-02
6.508711962983962894e-03
-2.476192313191410196e-03
9.387071144356063865e-04
-3.538334031734651115e-04
1.322472892316279831e-04
-4.885090165842201977e-05
1.777063093841469796e-05
-6.342794727025240419e-06
2.213207929599427543e-06
-7.522276091778262711e-07
2.480754310561200931e-07
-7.901112622434222053e-08
2.413819721368275928e-08
-6.989136662064363357e-09
1.870881562208849730e-09
-4.491067694764335986e-10
8.111981590446863690e-11
1.005004802017770427e+00
-5.004802017770318238e-03
-4.003156325548077012e-16
3.409324707828526932e-16
-2.718431492764229262e-16
2.025732657418489959e-16
-1.407315694038148303e-16
9.084600982572444513e-17
-5.424928522638784445e-17
2.978824137808549804e-17
-1.491576964803903712e-17
6.729721069190996406e-18
-2.686184671784955987e-18
9.196006560903758639e-19
-2.537983238269141534e-19
4.752850007441184977e-20
-8.843732217839415281e-22
-3.649818809399992575e-21
1.354698761131127237e-21
8.262244838719572382e-01
