5.272151232199979720e-01
-2.617399952009332766e-03
8.558195456089835571e-06
-3.223691381351807184e-08
1.293017046311585403e-10
-5.362021414586281190e-13
2.269518420084736022e-15
-9.631202223122494464e-18
4.060312174270609254e-20
-2.319244401885853040e-20
2.707111581780738963e-01
-2.273215268470313299e-01
4.243831939959764182e-02
4.039467883945923980e-03
-7.176428051905625084e-03
3.575253028071023395e-03
-1.117469895537682046e-03
1.494587109746461180e-04
7.987879717874576816e-05
-7.343491871198130243e-05
3.327162266171887093e-05
-9.046754865441850079e-06
2.676460468064514876e-07
1.325686850555082306e-06
-8.888837201373600481e-07
3.450302490781538935e-07
-6.693453525049987359e-08
-2.711338096592190743e-08
2.218354033706126754e-08
4.172820813214189739e-02
-3.419243002890884342e-02
7.872830096760456350e-03
-1.325014910878330888e-03
1.851558817303908743e-04
-2.318481174011019491e-05
2.718228140283084007e-06
-3.026618559009930661e-07
3.127253760721295176e-08
-2.696536195955385732e-09
9.953017535723093225e-11
3.504682645870210119e-11
-1.374727717976689197e-11
3.507832325969883543e-12
-7.671250472453166555e-13
1.537940075786372599e-13
-2.903208011487586385e-14
5.377104547433057380e-15
-9.001480870499757511e-16
2.248811437476184918e-03
-4.136799097103927361e-03
3.233244250411796902e-03
-2.171683029372067485e-03
1.272271853218720885e-03
-6.606605219383110189e-04
3.090437678803234565e-04
-1.323047822818063893e-04
5.263739893229060784e-05
-1.974941597695137777e-05
7.085196648926017988e-06
-2.461021663445211682e-06
8.365077545568156595e-07
-2.805700808781240884e-07
9.341472283314885014e-08
-3.101653352071717611e-08
1.038740224824199865e-08
-3.815759683394974936e-09
1.139932453403362011e-09
8.832888927900040795e-09
-1.663185114833433056e-08
1.385912048097560585e-08
-1.017472449153954208e-08
6.524630209022567761e-09
-3.601403753655985639e-09
1.668443791231160536e-09
-6.184452133568259319e-10
1.637689467506009222e-10
-1.885848812746185639e-11
-6.762700594055082215e-12
3.740430117137324472e-12
-3.409407384774518557e-13
-3.115544682970749181e-13
9.950383134830150526e-14
2.033099781933338771e-14
-1.550181938700673911e-14
-9.837552868836693799e-16
2.155563367865682833e-15
5.678837090522471653e-01
1.101393358196837849e-03
-2.646462577735790495e-06
8.185568702527109038e-09
-2.884490482813930306e-11
1.094452908022149879e-13
-4.344952450049401213e-16
1.739336217107767480e-18
9.202306282756522692e-21
-8.174662692082149156e-22
7.099094331918675005e-01
1.366367292212023188e-01
-1.464914499003857652e-02
-5.089987875033986919e-03
3.756275836037652194e-03
-1.330481553745704567e-03
2.697032371274638127e-04
1.432053378791125011e-05
-4.269939794080052276e-05
2.280101561696666089e-05
-7.514465379616576134e-06
1.229144580252085632e-06
3.628714159570404155e-07
-4.087364748720956598e-07
1.977239178534445310e-07
-5.962718664538285246e-08
5.480354240423838939e-09
8.321070368548230490e-09
-4.938846035807672776e-09
8.749653112205815209e-01
3.882833088936355620e-02
-5.742835653432147754e-03
7.915357576238710863e-04
-9.963533098828998916e-05
1.113077523427301816e-05
-1.028097961121083641e-06
5.770903996378397837e-08
4.775695830642895727e-09
-2.479182822818168637e-09
5.917581273134092652e-10
-1.147683043703491925e-10
2.008584011533930960e-11
-3.295999122180985427e-12
5.160391868281365080e-13
-7.771145134812049469e-14
1.128671542973186278e-14
-1.605767935799114358e-15
2.108122047613142477e-16
9.583952525005103862e-01
3.110819774976251659e-02
-1.162450454083076637e-02
4.339869096161158568e-03
-1.617564198175909214e-03
6.012480427248150872e-04
-2.225413874889901227e-04
8.187322965117389839e-05
-2.987826338218834394e-05
1.079258582327885483e-05
-3.850887501420645166e-06
1.354732591724436453e-06
-4.691340131831619461e-07
1.596835160886854417e-07
-5.334891711146363986e-08
1.747237046494151132e-08
-5.633371063347382932e-09
1.918824035861543434e-09
-5.352020872237724603e-10
9.904973745574499056e-01
9.479996700331174211e-03
2.257485606120430627e-05
5.375783773942349440e-08
1.280144834293173254e-10
3.047300375007629878e-13
8.041804758063742062e-16
-4.893304581264609797e-17
3.036567687151407572e-17
-1.674591451423980471e-17
8.432312729019371138e-18
-3.832005102275213132e-18
1.544372355906968445e-18
-5.361561991832262553e-19
1.514284130941531148e-19
-2.989785696948158656e-20
1.339972226614712949e-21
1.949501415362028540e-21
-7.796330062633533974e-22
1.221366100823797707e+00
-4.111671967081851568e-04
4.591798475644072097e-07
2.705840325592625625e-10
-6.493069884139259940e-12
4.344434502944452607e-14
-2.386295398146820567e-16
1.203175961872271721e-18
-7.269184703106248935e-21
3.067400102219554119e-21
1.153256223070159736e+00
-6.859055686662779427e-02
4.820513012182857382e-03
3.485169560532562841e-03
-1.845092160708675750e-03
4.536836181797096511e-04
-6.478532275105060221e-06
-4.995933186350558257e-05
2.510433630253516230e-05
-5.870837041176388450e-06
-5.647583859938073465e-07
1.202716707685508295e-06
-5.820242593158909958e-07
1.356689216108887643e-07
1.905989658711151366e-08
-3.489851443991049617e-08
1.743074502374503391e-08
-3.632176625222466424e-09
-3.644686897479750141e-10
1.066381141433967672e+00
-2.145204698069456267e-02
3.216484366925128659e-03
-4.357662306332026688e-04
5.196421874849145388e-05
-5.182207547219681035e-06
3.577231150174556286e-07
6.290072347078292506e-09
-8.895839544173131340e-09
2.336677003407716236e-09
-4.710118258066459289e-10
8.420034270631938665e-11
-1.396380469979885801e-11
2.184299803421685290e-12
-3.234715576542038382e-13
4.508912058966360683e-14
-5.809472350010168104e-15
6.638953584269043139e-16
-5.842151351078778564e-17
1.021390412957600580e+00
-1.632860986117787988e-02
6.226648120306278386e-03
-2.370320674881313140e-03
8.995913232815401419e-04
-3.397572524754223977e-04
1.273927422046026168e-04
-4.728869419076435954e-05
1.732578112015517168e-05
-6.246482108920132881e-06
2.209769871063281490e-06
-7.650767617785701021e-07
2.586323588491975509e-07
-8.516353626774157430e-08
2.723850392801647064e-08
-8.427371064028668808e-09
2.512855775784250190e-09
-7.570689131075197168e-10
1.882415731055052175e-10
1.004785393438386798e+00
-4.785393438386532569e-03
-2.828163719219879979e-16
2.410116665314072360e-16
-1.923408586773428821e-16
1.434974477855290978e-16
-9.983940420609439820e-17
6.456905735934485974e-17
-3.864647036417890418e-17
2.128093863093420189e-17
-1.069357476905381914e-17
4.846419000213674073e-18
-1.945950959910451958e-18
6.718035286779819190e-19
-1.879666665184283813e-19
3.632484720803244506e-20
-1.232986322519271771e-21
-2.561077586013509331e-21
9.958657754748278873e-22
8.250927859961935118e-01
