2.071125907240827513e-01
-1.098668314367018980e-04
2.587255931155497161e-08
-6.486274595738031681e-12
1.741383038903399479e-15
-4.892501341585642273e-19
-1.117127884091893951e-21
8.120275184230818969e-22
8.687453804620989504e-23
-2.271940923595186172e-22
1.693991729395303569e-01
-4.531845017555790472e-02
-5.797687677391300323e-03
1.900172385608591818e-03
-6.691494881747330999e-05
-4.294518960237762449e-05
7.456229739192897629e-06
2.227710252442719023e-07
-2.529759603529927110e-07
2.926832147128028848e-08
3.716787894470632713e-09
-1.481107020394211561e-09
9.631389096954620055e-11
3.469625510325370224e-11
-8.338721177205364999e-12
6.764256990376660000e-14
2.721999347726235130e-13
-4.033236386424853089e-14
-3.278266425474980421e-15
7.671686137211385093e-02
-3.917606370125688992e-02
4.172706668842677408e-03
-7.216504484626608913e-05
-4.725516822372211669e-05
8.816780407351139826e-06
-8.860002706489935665e-07
4.009226744831360968e-08
4.593146283618937491e-09
-1.417142138278432986e-09
2.083849962009630617e-10
-2.028058108668502820e-11
8.918692880983486571e-13
1.407404180137593266e-13
-4.407105924004351398e-14
6.895074889282788321e-15
-7.014725681167377356e-16
2.739813918407313648e-17
5.962904682157379421e-18
7.920846609351927040e-03
-1.404374136542383029e-02
9.883380201653932037e-03
-5.630654127877880721e-03
2.646149261713140726e-03
-1.038000231303264596e-03
3.390295619902958485e-04
-8.888399638773522744e-05
1.580440518270002719e-05
3.463113162325059297e-07
-2.002024179656579067e-06
1.217925356816768979e-06
-5.460806801417984591e-07
2.113841738813681170e-07
-7.415710719536749873e-08
2.395378677837471829e-08
-7.118558130876344110e-09
1.996140718441037099e-09
-4.454480401898547558e-10
4.890685930333457840e-07
-9.090762299405116792e-07
7.279240640643232530e-07
-4.979914576660646416e-07
2.862735803891142816e-07
-1.340082120572629140e-07
4.784697879920465402e-08
-1.083835376302975755e-08
1.468123387296654022e-10
9.229265392372924603e-10
-2.615990604213828714e-10
-4.034651649205196766e-11
3.770258720909598538e-11
-5.659138764588703091e-13
-4.877743583454028823e-12
4.627407268642488339e-13
7.052203524338776734e-13
-7.369681492150238562e-14
-1.093541860116377427e-13
7.590586736162963089e-01
7.560711977010477311e-05
-1.564553681221536772e-08
3.530921629294465865e-12
-8.495928279007311339e-16
2.144488005580744969e-19
3.537071423397471023e-22
-1.679306806918677207e-22
-2.742973300112684369e-22
2.195419864980364110e-22
7.859793182156190605e-01
3.264018617628913765e-02
4.562100314640017522e-03
-1.235501193604356032e-03
2.878550084714115141e-05
2.758959682836240984e-05
-4.044112334141595973e-06
-2.321248092025513239e-07
1.391500485935896125e-07
-1.156218814299168330e-08
-2.423618228204532232e-09
6.600963500166275712e-10
-1.847837010817763336e-11
-1.721983442048479613e-11
2.959793563744626002e-12
1.142176276806693478e-13
-1.083534540784574519e-13
1.105760539845945984e-14
1.846544680342657285e-15
8.576595002386548927e-01
3.320212599360984618e-02
-2.502270084394539115e-03
-2.071497613340403600e-06
3.461557453091691398e-05
-5.965295880753730326e-06
5.613260049943856785e-07
-1.639204764460028567e-08
-4.844108383779983329e-09
1.097743360649203865e-09
-1.316109806324025797e-10
8.656114248831751161e-12
2.753800767710071481e-13
-1.773888167708780073e-13
2.970136926448953226e-14
-3.071157652669165720e-15
1.489847599347324471e-16
1.852138990119183686e-17
-5.770643541494920512e-18
9.480680723626954132e-01
3.826654712892856025e-02
-1.394132437444970188e-02
4.976776978366710159e-03
-1.717250831366041140e-03
5.614872372789417743e-04
-1.686309537557623725e-04
4.379190644508813244e-05
-8.224525158327263653e-06
-4.318804317074664171e-08
1.086151913028703008e-06
-7.287406727425695933e-07
3.535146495970071086e-07
-1.461566156817452502e-07
5.408830431345757713e-08
-1.821254247099195426e-08
5.575018133870042034e-09
-1.585925387717888783e-09
3.530384191324412853e-10
9.880049329569807748e-01
1.195898844678996986e-02
3.597008020366999545e-05
1.081891034367224120e-07
3.263208502578671228e-10
3.471518380572923294e-13
4.048150755931567276e-13
-2.321482878882658733e-13
1.205656986319281123e-13
-5.545126476116180202e-14
2.204602702233929795e-14
-7.247986471880576860e-15
1.778498425247839877e-15
-2.137520085266775015e-16
-5.821796070249246642e-17
3.984533630582264318e-17
-8.440343641095486653e-18
-1.396002022082555309e-18
1.188288426685472558e-18
1.126661252640089206e+00
-3.807754024595681801e-05
7.280123879734992630e-09
-1.497733425008317728e-12
3.240315939893267125e-16
-7.245813965597638505e-20
8.784866532914557534e-23
8.559879296908439601e-23
4.690874585254923163e-23
-7.814719990711376973e-23
1.112856298192342441e+00
-1.680615866224902458e-02
-2.436360568416942249e-03
6.093611950234676397e-04
-8.424442917878732212e-06
-1.338342100007691440e-05
1.688097913665773331e-06
1.388849196051290857e-07
-5.891542949588582010e-08
3.360704073807749679e-09
1.154396993395541359e-09
-2.291447781445277126e-10
-3.802909722283644126e-12
6.788713265607021167e-12
-7.129030614262102830e-13
-1.059686898713885714e-13
3.301135874585502137e-14
-7.126284711941090909e-16
-8.740414209383583691e-16
1.075181675920428681e+00
-1.777770675249271473e-02
1.282149357072748328e-03
1.546727198356606686e-05
-1.964766555850387846e-05
3.061629581796640087e-06
-2.522411203320173017e-07
2.173725043224685791e-09
2.988940286285079414e-09
-5.520317603121492062e-10
5.717475961367555330e-11
-2.618277658881905832e-12
-3.341914677218860413e-13
1.000327938908783409e-13
-1.384446860952431625e-14
1.122822908844940830e-15
-3.792337332992627830e-18
-1.697880171406278322e-17
3.268684612482014055e-18
1.026833298044321552e+00
-2.023586569632084345e-02
7.520704495838256322e-03
-2.724814265783530483e-03
9.471507187646093645e-04
-3.086314292290907673e-04
9.079847150521046576e-05
-2.227466996549646523e-05
3.409239657760014368e-06
5.661397457404807956e-07
-8.168126343907114624e-07
4.744283135368026458e-07
-2.135326202207221565e-07
8.296643844406212190e-08
-2.880387754865476367e-08
8.999587684363251116e-09
-2.486805285536963885e-09
5.813175505544590190e-10
-9.520759807996676444e-11
1.006051923148932881e+00
-6.051923148280857929e-03
-1.207709859264439445e-12
9.922179414850106654e-13
-7.512353076622825117e-13
5.223964740650096023e-13
-3.320177953438527125e-13
1.915308622459172283e-13
-9.927912692646405901e-14
4.554273208505346940e-14
-1.803870189177817441e-14
5.894652130437716096e-15
-1.428677966089532425e-15
1.628367202260869174e-16
5.118161654085307643e-17
-3.301215500675213116e-17
6.715042286011730545e-18
1.253040062314284103e-18
-9.927301604989171986e-19
8.845636522264997970e-01
