3.687301700324822629e-01
-6.915384226188210203e-04
7.316682572046662053e-07
-8.863392994867325129e-10
1.154950142829160493e-12
-1.565628599913514632e-15
2.178358702203864165e-18
-8.393158240378695059e-21
-1.567187833068581582e-21
3.102800892730570521e-21
2.364288752256153148e-01
-1.383857774102170146e-01
4.546438796866161466e-03
8.107526605713472750e-03
-2.960088586218319589e-03
4.228017326143016278e-04
8.333887978300140876e-05
-6.753770633061435933e-05
1.867948587864671925e-05
-1.131727934434528332e-06
-1.293940550765250581e-06
6.179441878933284142e-07
-1.212185965899063671e-07
-1.142321846720561161e-08
1.633258153149656149e-08
-5.414356723083832488e-09
5.650491590860675891e-10
3.605969612487552574e-10
-1.864180737180346542e-10
5.674170657445728322e-02
-4.195920275818635498e-02
8.279446788404967381e-03
-1.103551350980226144e-03
1.039045778515250255e-04
-5.266444608632826912e-06
-4.885253012073731956e-07
2.084238228527507938e-07
-4.410603821686568358e-08
7.698089120383066148e-09
-1.219290178619067266e-09
1.794114938204106625e-10
-2.430503915160329122e-11
2.909461988394985533e-12
-2.726299736327132163e-13
9.271270984781566287e-15
4.057839981907912645e-15
-1.511765880007775469e-15
3.303067549129054958e-16
3.625313255743829993e-03
-6.623873362766723519e-03
5.076552234559779386e-03
-3.305455082512965322e-03
1.857936916761418434e-03
-9.165733121063551455e-04
4.032195953162878189e-04
-1.605202612786356235e-04
5.859545695041818174e-05
-1.983678018798781722e-05
6.282699821167558459e-06
-1.870283991512787990e-06
5.220697100070539539e-07
-1.344853523263671506e-07
3.042892429293493927e-08
-5.039911545093897384e-09
-1.674157919715736824e-10
8.605244780565823123e-10
-4.219786235792639456e-10
2.675937743155110325e-08
-5.026805961872445376e-08
4.158587948740464547e-08
-3.014533448671536557e-08
1.896073950905345361e-08
-1.017395261686795681e-08
4.519256427934556464e-09
-1.564843122202042873e-09
3.598653071487762710e-10
-1.607076349465780959e-11
-2.516222045556316206e-11
8.784436013947010915e-12
3.280020322438584926e-13
-1.021399974711710851e-12
1.477641914773814386e-13
1.024142054638610633e-13
-3.215173072959875674e-14
-9.448850616826835785e-15
5.049480432670840138e-15
6.358043309114478348e-01
3.802875239076582907e-04
-3.142604152026426068e-07
3.132154225683360877e-10
-3.497869156097537583e-13
4.204336035790723822e-16
-5.290133184833302652e-19
2.509409536085869621e-21
-5.858728714048150060e-22
-5.028832252308491097e-22
7.198450506919555902e-01
9.134400017304768193e-02
9.987652129682627992e-04
-5.203842730682921476e-03
1.462195022233633889e-03
-1.153261047788990039e-04
-6.296896090780693470e-05
2.950803629036672751e-05
-5.503564329110987372e-06
-3.470626136789201358e-07
5.706583240315848108e-07
-1.821926588218340339e-07
1.978232549771478212e-08
8.306465092589220493e-09
-4.924999593295625167e-09
1.156719624998605371e-09
-3.877899992388314564e-12
-1.133388725881429814e-10
4.256344395980391152e-11
8.566717579052500753e-01
4.215671657992924037e-02
-5.560339922345634844e-03
6.145484519727927681e-04
-4.868534259438347776e-05
5.448571958211323861e-07
7.748575151173132460e-07
-2.031925306627951823e-07
3.646489942588001999e-08
-5.396498801138372739e-09
6.842047610392498511e-10
-7.247795127865269922e-11
5.505401010328338000e-12
-7.870733450334873991e-15
-1.098393340683143277e-13
2.988517710812566484e-14
-5.863407502872608600e-15
1.000984677097464882e-15
-1.459601039134071282e-16
9.513743885518894938e-01
3.620044384040663199e-02
-1.345696622203436214e-02
4.989382586315128931e-03
-1.841354851488237465e-03
6.744508161684194649e-04
-2.442300329116318188e-04
8.701534850355521701e-05
-3.032965170332944853e-05
1.027306351339688835e-05
-3.353467261040005672e-06
1.043046118187208694e-06
-3.035100399178274632e-07
7.969863254196138502e-08
-1.717820003920866305e-08
1.871854971209134482e-09
9.489500828461354036e-10
-1.083815772594748600e-09
4.804284026152549335e-10
9.888491769075461457e-01
1.111965097362786412e-02
3.108497718886899604e-05
8.689803176464390033e-08
2.429250456535054197e-10
6.778773840899638200e-13
2.731044465268762036e-15
-5.232229637795916605e-16
3.091501600139188839e-16
-1.654567578547300391e-16
8.024775706569781230e-17
-3.476319747816402864e-17
1.314442790651575893e-17
-4.161457241212790013e-18
1.004394720219212658e-18
-1.294418638021479848e-19
-2.460290072488331297e-20
2.002936586710898216e-20
-5.055687789725426604e-21
1.192832678752679287e+00
-1.793387316461634098e-04
1.187705248073827186e-07
-8.460662097801571086e-11
5.458495900333653727e-14
-1.735400848660818168e-17
-3.561233820979993313e-20
-1.372932390461893314e-21
-4.109576267867942667e-22
7.146040370417145393e-22
1.149917368048194222e+00
-4.742949115954873951e-02
-1.343649286898895194e-03
2.736130761087822352e-03
-6.469374482262202353e-04
1.526356370033982697e-05
3.661006462908866473e-05
-1.179961018347614587e-05
9.896718728125380153e-07
5.562334197177867969e-07
-2.459952557527625729e-07
3.283558835897643230e-08
9.726726044731037710e-09
-5.879068636437161655e-09
1.049309740036912571e-09
1.892999203107399232e-10
-1.612603982799244635e-10
3.156150586609480266e-11
3.772236106849320691e-12
1.076507859119176347e+00
-2.334315919073170695e-02
3.079742658116685610e-03
-3.240545471327133738e-04
2.150433206136656900e-05
7.613277593133464177e-07
-5.756466170644518552e-07
1.264422396911599938e-07
-2.063563924592579992e-08
2.808076929796910884e-09
-3.202703889967599411e-10
2.764599300171217333e-11
-7.722656065424079307e-13
-3.738914128030627325e-13
1.186402428961055549e-13
-2.449016980441801803e-14
4.159102964532096162e-15
-6.182356255147290414e-16
7.663863872610185082e-17
1.025112517702177373e+00
-1.914776357975056520e-02
7.283306663660688712e-03
-2.758630438540598129e-03
1.037294521063191529e-03
-3.855996197762452779e-04
1.409534699947502349e-04
-5.034142633592687344e-05
1.743409880717964816e-05
-5.801219996281415415e-06
1.832304528472948817e-06
-5.390361226599229483e-07
1.424356424787899700e-07
-3.078446116098922364e-08
3.438559220012760919e-09
1.480744879205237652e-09
-1.504146111141352559e-09
9.934014539479688159e-10
-3.874875544674094116e-10
1.005622389555987262e+00
-5.622389555985906825e-03
-2.784497279716286848e-15
2.357358397486024938e-15
-1.863670151828926028e-15
1.373130591331079500e-15
-9.402588494491512768e-16
5.961215403815662318e-16
-3.481367262253359884e-16
1.859683366458907784e-16
-8.996791479008565760e-17
3.884154052851898303e-17
-1.461541311434493356e-17
4.591693953353682308e-18
-1.091479985754876758e-18
1.326506003617253925e-19
3.065979264294242170e-20
-2.263273774976408685e-20
5.511709787700725112e-21
8.384499416319112219e-01
